360.161	34.7
360.333	34.6
360.504	34.6
360.676	34.6
360.847	34.6
361.019	34.6
361.19	34.5
361.361	34.6
361.533	34.6
361.704	34.6
361.876	34.6
362.047	34.7
362.219	34.7
362.391	34.7
362.562	34.6
362.734	34.6
362.905	34.6
363.077	34.6
363.248	34.6
363.42	34.5
363.592	34.5
363.763	34.5
363.935	34.5
364.106	34.6
364.278	34.7
364.45	34.7
364.621	34.7
364.793	34.7
364.965	34.7
365.137	34.6
365.308	34.5
365.48	34.4
365.652	34.4
365.824	34.3
365.995	34.3
366.167	34.2
366.339	34.1
366.511	34.1
366.683	34.1
366.854	34
367.026	34
367.198	33.9
367.37	34
367.542	34
367.714	34
367.886	34
368.058	33.9
368.23	33.9
368.402	33.9
368.574	33.8
368.746	33.7
368.918	33.7
369.09	33.6
369.262	33.6
369.434	33.5
369.606	33.5
369.778	33.5
369.95	33.5
370.122	33.5
370.294	33.5
370.467	33.5
370.639	33.5
370.811	33.5
370.983	33.4
371.155	33.3
371.328	33.3
371.5	33.3
371.672	33.3
371.844	33.3
372.017	33.3
372.189	33.3
372.361	33.3
372.534	33.3
372.706	33.3
372.878	33.3
373.051	33.3
373.223	33.2
373.396	33.2
373.568	33.2
373.741	33.2
373.913	33.2
374.086	33.2
374.258	33.3
374.431	33.2
374.603	33.3
374.776	33.3
374.949	33.3
375.121	33.3
375.294	33.3
375.467	33.3
375.639	33.4
375.812	33.4
375.985	33.4
376.157	33.4
376.33	33.4
376.503	33.3
376.676	33.3
376.849	33.4
377.021	33.4
377.194	33.4
377.367	33.4
377.54	33.4
377.713	33.4
377.886	33.4
378.059	33.4
378.232	33.4
378.405	33.4
378.578	33.4
378.751	33.5
378.924	33.5
379.097	33.5
379.27	33.5
379.444	33.5
379.617	33.6
379.79	33.6
379.963	33.6
380.136	33.6
380.31	33.6
380.483	33.6
380.656	33.6
380.829	33.7
381.003	33.6
381.176	33.6
381.35	33.6
381.523	33.6
381.696	33.6
381.87	33.6
382.043	33.7
382.217	33.6
382.39	33.6
382.564	33.6
382.738	33.7
382.911	33.7
383.085	33.7
383.258	33.7
383.432	33.7
383.606	33.8
383.779	33.8
383.953	33.8
384.127	33.8
384.301	33.8
384.475	33.8
384.648	33.8
384.822	33.8
384.996	33.8
385.17	33.8
385.344	33.8
385.518	33.8
385.692	33.8
385.866	33.8
386.04	33.7
386.214	33.8
386.388	33.8
386.562	33.8
386.737	33.8
386.911	33.8
387.085	33.8
387.259	33.8
387.434	33.9
387.608	33.9
387.782	33.9
387.956	33.9
388.131	33.9
388.305	33.9
388.48	34
388.654	34
388.829	34
389.003	34
389.178	34
389.352	34.1
389.527	34.1
389.701	34.1
389.876	34.1
390.051	34.2
390.226	34.2
390.4	34.2
390.575	34.3
390.75	34.3
390.925	34.3
391.099	34.3
391.274	34.3
391.449	34.3
391.624	34.4
391.799	34.4
391.974	34.4
392.149	34.4
392.324	34.5
392.499	34.5
392.675	34.5
392.85	34.6
393.025	34.6
393.2	34.6
393.375	34.6
393.551	34.6
393.726	34.6
393.901	34.6
394.077	34.7
394.252	34.7
394.427	34.7
394.603	34.7
394.778	34.7
394.954	34.7
395.129	34.8
395.305	34.8
395.481	34.8
395.656	34.8
395.832	34.8
396.008	34.9
396.184	34.9
396.359	34.9
396.535	34.9
396.711	34.9
396.887	34.9
397.063	34.9
397.239	35
397.415	35
397.591	35
397.767	35
397.943	35
398.119	35.1
398.295	35.1
398.471	35.1
398.648	35.1
398.824	35.2
399	35.2
399.176	35.3
399.353	35.3
399.529	35.3
399.706	35.3
399.882	35.4
400.058	35.4
400.235	35.4
400.412	35.5
400.588	35.5
400.765	35.6
400.942	35.6
401.118	35.7
401.295	35.7
401.472	35.7
401.649	35.7
401.825	35.8
402.002	35.8
402.179	35.9
402.356	35.9
402.533	35.9
402.71	35.9
402.887	36
403.064	36
403.242	36.1
403.419	36.1
403.596	36.1
403.773	36.2
403.95	36.3
404.128	36.3
404.305	36.3
404.483	36.4
404.66	36.4
404.837	36.5
405.015	36.5
405.193	36.6
405.37	36.6
405.548	36.7
405.725	36.7
405.903	36.7
406.081	36.7
406.259	36.8
406.437	36.8
406.614	36.9
406.792	36.9
406.97	37
407.148	37
407.326	37
407.504	37.1
407.682	37.1
407.86	37.1
408.039	37.2
408.217	37.2
408.395	37.3
408.573	37.3
408.751	37.4
408.93	37.4
409.108	37.5
409.287	37.5
409.465	37.5
409.643	37.5
409.822	37.6
410	37.6
410.179	37.6
410.358	37.7
410.536	37.7
410.715	37.7
410.894	37.7
411.072	37.8
411.251	37.8
411.43	37.8
411.609	37.9
411.788	37.9
411.967	37.9
412.146	38
412.325	38
412.504	38
412.683	38
412.862	38
413.041	38.1
413.22	38.1
413.399	38.1
413.578	38.2
413.758	38.2
413.937	38.2
414.116	38.2
414.296	38.2
414.475	38.3
414.654	38.3
414.834	38.3
415.013	38.4
415.193	38.4
415.372	38.4
415.552	38.4
415.732	38.4
415.911	38.4
416.091	38.4
416.271	38.4
416.45	38.4
416.63	38.5
416.81	38.5
416.99	38.5
417.169	38.5
417.349	38.5
417.529	38.5
417.709	38.5
417.889	38.5
418.069	38.6
418.249	38.6
418.429	38.6
418.609	38.6
418.789	38.6
418.97	38.6
419.15	38.6
419.33	38.6
419.51	38.6
419.691	38.6
419.871	38.6
420.051	38.6
420.232	38.6
420.412	38.7
420.592	38.7
420.773	38.7
420.953	38.7
421.134	38.7
421.314	38.7
421.495	38.7
421.675	38.7
421.856	38.7
422.037	38.7
422.217	38.7
422.398	38.7
422.579	38.7
422.76	38.7
422.94	38.7
423.121	38.8
423.302	38.8
423.483	38.8
423.664	38.8
423.845	38.8
424.026	38.8
424.207	38.8
424.388	38.9
424.569	38.9
424.75	38.9
424.931	38.9
425.112	38.9
425.293	38.9
425.474	38.9
425.655	39
425.837	39
426.018	39
426.199	39
426.38	39
426.562	39
426.743	39
426.924	39.1
427.106	39.1
427.287	39.1
427.469	39.1
427.65	39.1
427.832	39.1
428.013	39.1
428.195	39.1
428.376	39.1
428.558	39.1
428.739	39.2
428.921	39.2
429.103	39.2
429.284	39.2
429.466	39.2
429.648	39.2
429.83	39.3
430.011	39.3
430.193	39.3
430.375	39.3
430.557	39.3
430.739	39.3
430.921	39.3
431.102	39.3
431.284	39.3
431.466	39.4
431.648	39.4
431.83	39.4
432.012	39.4
432.194	39.4
432.377	39.4
432.559	39.4
432.741	39.4
432.923	39.4
433.105	39.4
433.287	39.4
433.469	39.5
433.652	39.5
433.834	39.5
434.016	39.5
434.198	39.5
434.381	39.5
434.563	39.5
434.745	39.5
434.928	39.5
435.11	39.6
435.293	39.6
435.475	39.6
435.658	39.6
435.84	39.6
436.022	39.6
436.205	39.6
436.388	39.6
436.57	39.6
436.753	39.6
436.935	39.7
437.118	39.7
437.301	39.7
437.483	39.7
437.666	39.7
437.849	39.7
438.031	39.7
438.214	39.7
438.397	39.7
438.58	39.7
438.762	39.7
438.945	39.7
439.128	39.7
439.311	39.7
439.494	39.7
439.677	39.7
439.859	39.8
440.042	39.8
440.225	39.8
440.408	39.8
440.591	39.8
440.774	39.8
440.957	39.8
441.14	39.8
441.323	39.8
441.507	39.8
441.69	39.9
441.873	39.9
442.056	39.9
442.239	39.9
442.422	39.9
442.605	39.9
442.789	39.9
442.972	39.9
443.155	39.9
443.338	39.9
443.522	39.9
443.705	39.9
443.888	39.9
444.072	39.9
444.255	39.9
444.438	40
444.622	40
444.805	40
444.989	40
445.172	40
445.356	40
445.539	40
445.723	40
445.906	40
446.09	40
446.273	40
446.457	40
446.64	40
446.824	40
447.008	40
447.191	40
447.375	40
447.559	40
447.742	40
447.926	40
448.11	40
448.293	40.1
448.477	40.1
448.661	40.1
448.845	40.1
449.029	40.1
449.212	40.1
449.396	40.1
449.58	40.1
449.764	40.1
449.948	40.1
450.132	40.1
450.316	40.1
450.5	40.1
450.684	40.1
450.868	40.1
451.052	40.1
451.236	40.1
451.42	40.1
451.604	40.1
451.788	40.1
451.972	40.1
452.156	40.2
452.34	40.2
452.525	40.2
452.709	40.2
452.893	40.2
453.077	40.2
453.261	40.2
453.446	40.2
453.63	40.2
453.814	40.2
453.998	40.2
454.183	40.3
454.367	40.3
454.551	40.3
454.736	40.3
454.92	40.3
455.104	40.3
455.289	40.3
455.473	40.3
455.658	40.3
455.842	40.4
456.026	40.4
456.211	40.4
456.395	40.4
456.58	40.4
456.764	40.4
456.949	40.4
457.134	40.4
457.318	40.4
457.503	40.5
457.687	40.5
457.872	40.5
458.057	40.5
458.241	40.5
458.426	40.5
458.611	40.5
458.795	40.5
458.98	40.5
459.165	40.5
459.349	40.5
459.534	40.5
459.719	40.5
459.904	40.5
460.088	40.6
460.273	40.6
460.458	40.6
460.643	40.6
460.828	40.6
461.013	40.6
461.198	40.6
461.382	40.6
461.567	40.6
461.752	40.6
461.937	40.7
462.122	40.7
462.307	40.7
462.492	40.7
462.677	40.7
462.862	40.7
463.047	40.7
463.232	40.7
463.417	40.7
463.602	40.7
463.788	40.7
463.973	40.7
464.158	40.7
464.343	40.7
464.528	40.8
464.713	40.8
464.898	40.8
465.084	40.8
465.269	40.8
465.454	40.8
465.639	40.8
465.824	40.8
466.01	40.8
466.195	40.8
466.38	40.8
466.566	40.8
466.751	40.8
466.936	40.8
467.122	40.8
467.307	40.8
467.492	40.8
467.678	40.8
467.863	40.8
468.048	40.8
468.234	40.8
468.419	40.9
468.605	40.9
468.79	40.8
468.976	40.9
469.161	40.9
469.347	40.9
469.532	40.9
469.718	40.9
469.903	40.9
470.089	40.9
470.274	40.9
470.46	40.9
470.646	40.9
470.831	40.9
471.017	40.9
471.202	40.9
471.388	40.9
471.574	40.9
471.759	40.9
471.945	40.9
472.131	40.9
472.317	40.9
472.502	40.9
472.688	40.9
472.874	40.9
473.059	40.9
473.245	41
473.431	41
473.617	41
473.803	41
473.988	41
474.174	41
474.36	41
474.546	41
474.732	41
474.918	41
475.104	41
475.29	41
475.475	41
475.661	41
475.847	41
476.033	41
476.219	41
476.405	41
476.591	41
476.777	41
476.963	41
477.149	41
477.335	41
477.521	41
477.707	41
477.893	41
478.08	41
478.266	41
478.452	41
478.638	41
478.824	41
479.01	41
479.196	41
479.382	41
479.569	41
479.755	41
479.941	41
480.127	41
480.313	41
480.5	41
480.686	41
480.872	41
481.058	41
481.245	41
481.431	41
481.617	41
481.803	41
481.99	41
482.176	41
482.362	41
482.549	41
482.735	41
482.921	41
483.108	41
483.294	41
483.481	41
483.667	41
483.853	41
484.04	41.1
484.226	41.1
484.413	41.1
484.599	41.1
484.786	41.1
484.972	41.1
485.159	41.1
485.345	41.1
485.532	41.1
485.718	41.1
485.905	41.1
486.091	41.1
486.278	41.1
486.464	41.2
486.651	41.2
486.837	41.2
487.024	41.2
487.211	41.2
487.397	41.2
487.584	41.2
487.77	41.2
487.957	41.2
488.144	41.2
488.33	41.2
488.517	41.2
488.704	41.2
488.89	41.2
489.077	41.2
489.264	41.2
489.45	41.2
489.637	41.2
489.824	41.2
490.01	41.2
490.197	41.3
490.384	41.3
490.571	41.3
490.757	41.3
490.944	41.3
491.131	41.3
491.318	41.3
491.505	41.3
491.691	41.3
491.878	41.4
492.065	41.4
492.252	41.4
492.439	41.4
492.626	41.4
492.812	41.4
492.999	41.4
493.186	41.4
493.373	41.4
493.56	41.4
493.747	41.4
493.934	41.4
494.121	41.4
494.308	41.5
494.494	41.5
494.681	41.5
494.868	41.5
495.055	41.5
495.242	41.5
495.429	41.5
495.616	41.5
495.803	41.5
495.99	41.5
496.177	41.5
496.364	41.6
496.551	41.6
496.738	41.6
496.925	41.6
497.112	41.6
497.299	41.6
497.486	41.6
497.673	41.6
497.861	41.7
498.048	41.7
498.235	41.7
498.422	41.7
498.609	41.7
498.796	41.7
498.983	41.7
499.17	41.7
499.357	41.7
499.544	41.7
499.732	41.7
499.919	41.7
500.106	41.8
500.293	41.8
500.48	41.8
500.667	41.8
500.855	41.8
501.042	41.8
501.229	41.8
501.416	41.8
501.603	41.8
501.791	41.8
501.978	41.9
502.165	41.9
502.352	41.9
502.54	41.9
502.727	41.9
502.914	41.9
503.101	41.9
503.289	41.9
503.476	42
503.663	42
503.85	42
504.038	42
504.225	42
504.412	42
504.6	42
504.787	42
504.974	42
505.161	42.1
505.349	42.1
505.536	42.1
505.723	42.1
505.911	42.1
506.098	42.1
506.286	42.1
506.473	42.1
506.66	42.1
506.848	42.1
507.035	42.1
507.222	42.1
507.41	42.2
507.597	42.2
507.785	42.2
507.972	42.2
508.159	42.2
508.347	42.2
508.534	42.2
508.722	42.2
508.909	42.2
509.097	42.3
509.284	42.3
509.471	42.3
509.659	42.3
509.846	42.3
510.034	42.3
510.221	42.4
510.409	42.4
510.596	42.4
510.784	42.4
510.971	42.4
511.159	42.4
511.346	42.4
511.534	42.4
511.721	42.4
511.909	42.5
512.096	42.5
512.284	42.5
512.471	42.5
512.659	42.5
512.846	42.5
513.034	42.5
513.221	42.6
513.409	42.6
513.596	42.6
513.784	42.6
513.972	42.6
514.159	42.6
514.347	42.7
514.534	42.7
514.722	42.7
514.909	42.7
515.097	42.7
515.285	42.7
515.472	42.7
515.66	42.8
515.847	42.8
516.035	42.8
516.222	42.8
516.41	42.8
516.598	42.8
516.785	42.9
516.973	42.9
517.161	42.9
517.348	42.9
517.536	42.9
517.723	42.9
517.911	42.9
518.099	43
518.286	43
518.474	43
518.662	43
518.849	43
519.037	43
519.225	43
519.412	43.1
519.6	43.1
519.787	43.1
519.975	43.1
520.163	43.1
520.35	43.1
520.538	43.1
520.726	43.2
520.914	43.2
521.101	43.2
521.289	43.2
521.477	43.2
521.664	43.2
521.852	43.2
522.04	43.3
522.227	43.3
522.415	43.3
522.603	43.3
522.79	43.3
522.978	43.3
523.166	43.3
523.354	43.4
523.541	43.4
523.729	43.4
523.917	43.4
524.104	43.4
524.292	43.4
524.48	43.4
524.668	43.4
524.855	43.4
525.043	43.5
525.231	43.5
525.418	43.5
525.606	43.5
525.794	43.5
525.982	43.5
526.169	43.6
526.357	43.6
526.545	43.6
526.733	43.6
526.92	43.6
527.108	43.7
527.296	43.7
527.484	43.7
527.671	43.7
527.859	43.7
528.047	43.8
528.235	43.8
528.422	43.8
528.61	43.8
528.798	43.8
528.986	43.8
529.173	43.8
529.361	43.8
529.549	43.9
529.737	43.9
529.924	43.9
530.112	43.9
530.3	43.9
530.488	43.9
530.675	43.9
530.863	43.9
531.051	44
531.239	44
531.426	44
531.614	44
531.802	44
531.99	44
532.177	44
532.365	44
532.553	44
532.741	44
532.928	44
533.116	44
533.304	44
533.492	44
533.679	44
533.867	44
534.055	44
534.243	44
534.431	44
534.618	44
534.806	44
534.994	44
535.182	44
535.369	44
535.557	44
535.745	44
535.933	44
536.12	44
536.308	44
536.496	44
536.684	44
536.871	44
537.059	44
537.247	44
537.435	44
537.622	44
537.81	44.1
537.998	44.1
538.186	44.1
538.373	44.1
538.561	44.1
538.749	44.1
538.937	44.1
539.124	44.1
539.312	44.1
539.5	44.1
539.688	44.2
539.875	44.2
540.063	44.2
540.251	44.2
540.439	44.2
540.626	44.2
540.814	44.3
541.002	44.3
541.19	44.3
541.377	44.3
541.565	44.3
541.753	44.3
541.941	44.3
542.128	44.4
542.316	44.4
542.504	44.4
542.691	44.4
542.879	44.4
543.067	44.4
543.255	44.4
543.442	44.4
543.63	44.4
543.818	44.4
544.005	44.4
544.193	44.4
544.381	44.4
544.568	44.4
544.756	44.5
544.944	44.5
545.132	44.5
545.319	44.5
545.507	44.5
545.695	44.5
545.882	44.5
546.07	44.5
546.258	44.5
546.445	44.5
546.633	44.5
546.821	44.6
547.008	44.6
547.196	44.6
547.384	44.6
547.571	44.6
547.759	44.6
547.947	44.6
548.134	44.6
548.322	44.6
548.51	44.6
548.697	44.6
548.885	44.6
549.073	44.6
549.26	44.6
549.448	44.6
549.636	44.7
549.823	44.7
550.011	44.7
550.199	44.7
550.386	44.7
550.574	44.7
550.762	44.7
550.949	44.7
551.137	44.7
551.325	44.7
551.512	44.8
551.7	44.8
551.888	44.8
552.075	44.8
552.263	44.8
552.451	44.8
552.639	44.8
552.826	44.8
553.014	44.8
553.202	44.8
553.389	44.9
553.577	44.9
553.765	44.9
553.953	44.9
554.14	44.9
554.328	44.9
554.516	44.9
554.704	44.9
554.891	44.9
555.079	44.9
555.267	45
555.455	45
555.643	45
555.83	45
556.018	45
556.206	45
556.394	45
556.582	45.1
556.77	45.1
556.957	45.1
557.145	45.1
557.333	45.1
557.521	45.1
557.709	45.1
557.897	45.1
558.085	45.1
558.273	45.1
558.461	45.1
558.649	45.2
558.837	45.2
559.025	45.2
559.213	45.2
559.4	45.2
559.588	45.2
559.777	45.2
559.965	45.2
560.153	45.2
560.341	45.3
560.529	45.3
560.717	45.3
560.905	45.3
561.093	45.3
561.281	45.3
561.469	45.3
561.657	45.3
561.845	45.3
562.034	45.3
562.222	45.3
562.41	45.3
562.598	45.4
562.786	45.4
562.975	45.4
563.163	45.4
563.351	45.4
563.539	45.4
563.728	45.4
563.916	45.4
564.104	45.4
564.293	45.4
564.481	45.4
564.67	45.4
564.858	45.4
565.046	45.4
565.235	45.4
565.423	45.4
565.612	45.4
565.8	45.4
565.989	45.4
566.177	45.5
566.366	45.5
566.554	45.5
566.743	45.5
566.932	45.5
567.12	45.5
567.309	45.5
567.497	45.5
567.686	45.5
567.875	45.5
568.064	45.5
568.252	45.5
568.441	45.5
568.63	45.5
568.819	45.5
569.007	45.5
569.196	45.5
569.385	45.5
569.574	45.5
569.763	45.5
569.952	45.5
570.141	45.5
570.33	45.5
570.519	45.6
570.708	45.6
570.897	45.6
571.086	45.6
571.275	45.6
571.464	45.6
571.653	45.6
571.843	45.6
572.032	45.6
572.221	45.6
572.41	45.6
572.599	45.6
572.789	45.6
572.978	45.6
573.167	45.6
573.357	45.6
573.546	45.6
573.736	45.6
573.925	45.6
574.115	45.6
574.304	45.6
574.494	45.6
574.683	45.6
574.873	45.6
575.062	45.6
575.252	45.6
575.442	45.6
575.631	45.6
575.821	45.6
576.011	45.6
576.201	45.6
576.39	45.6
576.58	45.6
576.77	45.6
576.96	45.6
577.15	45.6
577.34	45.6
577.53	45.6
577.72	45.6
577.91	45.6
578.1	45.6
578.29	45.6
578.48	45.6
578.67	45.7
578.861	45.7
579.051	45.7
579.241	45.7
579.431	45.7
579.622	45.7
579.812	45.7
580.002	45.7
580.193	45.7
580.383	45.7
580.574	45.7
580.764	45.7
580.955	45.7
581.145	45.7
581.336	45.7
581.526	45.7
581.717	45.7
581.908	45.7
582.098	45.7
582.289	45.7
582.48	45.7
582.671	45.7
582.862	45.7
583.052	45.7
583.243	45.7
583.434	45.7
583.625	45.7
583.816	45.7
584.007	45.7
584.198	45.7
584.389	45.7
584.58	45.7
584.771	45.7
584.962	45.7
585.154	45.7
585.345	45.7
585.536	45.7
585.727	45.7
585.918	45.7
586.11	45.7
586.301	45.7
586.492	45.7
586.684	45.8
586.875	45.8
587.067	45.8
587.258	45.8
587.45	45.8
587.641	45.8
587.833	45.8
588.024	45.8
588.216	45.8
588.408	45.8
588.599	45.8
588.791	45.8
588.983	45.8
589.174	45.8
589.366	45.8
589.558	45.8
589.75	45.8
589.942	45.8
590.134	45.8
590.326	45.8
590.518	45.8
590.71	45.8
590.902	45.8
591.094	45.8
591.286	45.8
591.478	45.8
591.67	45.8
591.862	45.8
592.054	45.8
592.246	45.8
592.439	45.8
592.631	45.8
592.823	45.8
593.016	45.8
593.208	45.8
593.4	45.8
593.593	45.8
593.785	45.8
593.978	45.8
594.17	45.8
594.363	45.8
594.555	45.8
594.748	45.8
594.94	45.8
595.133	45.8
595.326	45.8
595.518	45.8
595.711	45.8
595.904	45.8
596.096	45.8
596.289	45.8
596.482	45.8
596.675	45.8
596.868	45.8
597.061	45.8
597.254	45.8
597.447	45.8
597.64	45.8
597.833	45.8
598.026	45.8
598.219	45.8
598.412	45.8
598.605	45.8
598.798	45.8
598.991	45.8
599.184	45.8
599.378	45.8
599.571	45.8
599.764	45.8
599.957	45.8
600.151	45.8
600.344	45.8
600.538	45.8
600.731	45.8
600.924	45.8
601.118	45.8
601.311	45.8
601.505	45.8
601.698	45.8
601.892	45.8
602.086	45.8
602.279	45.8
602.473	45.8
602.667	45.8
602.86	45.8
603.054	45.8
603.248	45.8
603.442	45.8
603.635	45.8
603.829	45.8
604.023	45.8
604.217	45.8
604.411	45.8
604.605	45.8
604.799	45.8
604.993	45.8
605.187	45.8
605.381	45.8
605.575	45.8
605.769	45.8
605.963	45.8
606.157	45.8
606.352	45.8
606.546	45.8
606.74	45.8
606.934	45.8
607.129	45.8
607.323	45.8
607.517	45.8
607.712	45.8
607.906	45.8
608.1	45.8
608.295	45.8
608.489	45.8
608.684	45.8
608.878	45.8
609.073	45.8
609.267	45.8
609.462	45.8
609.657	45.8
609.851	45.8
610.046	45.8
610.241	45.8
610.435	45.8
610.63	45.8
610.825	45.8
611.02	45.8
611.215	45.8
611.41	45.8
611.604	45.8
611.799	45.8
611.994	45.8
612.189	45.8
612.384	45.8
612.579	45.8
612.774	45.8
612.969	45.8
613.164	45.8
613.359	45.8
613.555	45.8
613.75	45.8
613.945	45.8
614.14	45.8
614.335	45.8
614.531	45.8
614.726	45.8
614.921	45.8
615.117	45.8
615.312	45.8
615.507	45.7
615.703	45.7
615.898	45.7
616.094	45.7
616.289	45.7
616.485	45.7
616.68	45.7
616.876	45.7
617.071	45.7
617.267	45.7
617.463	45.7
617.658	45.7
617.854	45.7
618.05	45.7
618.245	45.7
618.441	45.7
618.637	45.7
618.833	45.7
619.029	45.7
619.225	45.7
619.42	45.7
619.616	45.7
619.812	45.7
620.008	45.7
620.204	45.7
620.4	45.7
620.596	45.7
620.792	45.7
620.988	45.7
621.184	45.7
621.381	45.7
621.577	45.7
621.773	45.7
621.969	45.7
622.165	45.7
622.362	45.7
622.558	45.7
622.754	45.7
622.951	45.7
623.147	45.7
623.343	45.7
623.54	45.7
623.736	45.7
623.933	45.7
624.129	45.7
624.326	45.6
624.522	45.6
624.719	45.6
624.915	45.6
625.112	45.6
625.308	45.6
625.505	45.7
625.702	45.6
625.898	45.6
626.095	45.6
626.292	45.6
626.489	45.6
626.685	45.6
626.882	45.6
627.079	45.6
627.276	45.6
627.473	45.6
627.67	45.6
627.866	45.6
628.063	45.6
628.26	45.6
628.457	45.6
628.654	45.6
628.851	45.6
629.048	45.6
629.246	45.6
629.443	45.6
629.64	45.6
629.837	45.6
630.034	45.6
630.231	45.6
630.429	45.6
630.626	45.6
630.823	45.6
631.02	45.7
631.218	45.7
631.415	45.7
631.612	45.7
631.81	45.7
632.007	45.7
632.205	45.7
632.402	45.7
632.6	45.7
632.797	45.7
632.995	45.7
633.192	45.7
633.39	45.7
633.587	45.7
633.785	45.7
633.983	45.7
634.18	45.7
634.378	45.7
634.576	45.7
634.773	45.7
634.971	45.7
635.169	45.7
635.367	45.7
635.565	45.7
635.762	45.7
635.96	45.7
636.158	45.7
636.356	45.7
636.554	45.8
636.752	45.8
636.95	45.8
637.148	45.8
637.346	45.8
637.544	45.8
637.742	45.8
637.94	45.8
638.138	45.8
638.337	45.8
638.535	45.8
638.733	45.8
638.931	45.8
639.129	45.8
639.328	45.8
639.526	45.8
639.724	45.8
639.922	45.8
640.121	45.8
640.319	45.8
640.518	45.8
640.716	45.8
640.914	45.8
641.113	45.9
641.311	45.9
641.51	45.9
641.708	45.9
641.907	45.9
642.105	45.9
642.304	45.9
642.503	45.9
642.701	45.9
642.9	45.9
643.098	45.9
643.297	45.9
643.496	45.9
643.695	45.9
643.893	45.9
644.092	45.9
644.291	45.9
644.49	46
644.689	46
644.887	46
645.086	46
645.285	46
645.484	46
645.683	46
645.882	46
646.081	46
646.28	46
646.479	46
646.678	46
646.877	46
647.076	46
647.276	46
647.475	46.1
647.674	46.1
647.873	46.1
648.072	46.1
648.271	46.1
648.471	46.1
648.67	46.1
648.869	46.1
649.069	46.1
649.268	46.1
649.467	46.1
649.667	46.1
649.866	46.1
650.065	46.1
650.265	46.2
650.464	46.2
650.664	46.2
650.863	46.2
651.063	46.2
651.262	46.2
651.462	46.2
651.662	46.2
651.861	46.2
652.061	46.2
652.26	46.2
652.46	46.2
652.66	46.2
652.859	46.2
653.059	46.2
653.259	46.2
653.459	46.2
653.658	46.2
653.858	46.2
654.058	46.2
654.258	46.2
654.458	46.3
654.658	46.3
654.858	46.3
655.058	46.3
655.258	46.3
655.457	46.3
655.657	46.3
655.857	46.3
656.058	46.3
656.258	46.3
656.458	46.3
656.658	46.3
656.858	46.3
657.058	46.3
657.258	46.2
657.458	46.2
657.659	46.2
657.859	46.2
658.059	46.2
658.259	46.2
658.459	46.2
658.66	46.2
658.86	46.2
659.06	46.2
659.261	46.2
659.461	46.2
659.662	46.2
659.862	46.2
660.062	46.2
660.263	46.2
660.463	46.2
660.664	46.2
660.864	46.2
661.065	46.2
661.265	46.2
661.466	46.2
661.667	46.2
661.867	46.2
662.068	46.2
662.268	46.2
662.469	46.2
662.67	46.2
662.87	46.1
663.071	46.1
663.272	46.1
663.473	46.1
663.674	46.1
663.874	46.1
664.075	46.1
664.276	46.1
664.477	46.1
664.678	46.1
664.879	46.1
665.08	46.1
665.28	46.1
665.481	46.1
665.682	46.1
665.883	46.1
666.084	46.1
666.285	46.1
666.486	46.1
666.688	46.1
666.889	46.1
667.09	46.1
667.291	46.1
667.492	46.1
667.693	46.1
667.894	46.1
668.096	46.1
668.297	46.1
668.498	46.1
668.699	46.1
668.901	46.1
669.102	46.1
669.303	46.1
669.505	46.1
669.706	46.1
669.907	46.1
670.109	46.1
670.31	46.1
670.511	46.1
670.713	46.1
670.914	46.1
671.116	46.1
671.317	46.1
671.519	46.1
671.72	46.1
671.922	46.1
672.124	46.1
672.325	46.1
672.527	46.1
672.728	46.1
672.93	46.1
673.132	46.1
673.333	46.1
673.535	46
673.737	46
673.939	46
674.14	46
674.342	46
674.544	46
674.746	46
674.948	46
675.149	46
675.351	46
675.553	46
675.755	46
675.957	46
676.159	46
676.361	46
676.563	46
676.765	46
676.967	46
677.169	46
677.371	46
677.573	46
677.775	46
677.977	46
678.179	46
678.381	46
678.583	46
678.786	46
678.988	46
679.19	46.1
679.392	46.1
679.594	46.1
679.797	46.1
679.999	46.1
680.201	46.1
680.404	46.1
680.606	46.1
680.808	46.1
681.011	46.1
681.213	46.1
681.415	46.1
681.618	46.1
681.82	46.2
682.023	46.2
682.225	46.2
682.428	46.2
682.63	46.2
682.833	46.2
683.035	46.2
683.238	46.2
683.44	46.2
683.643	46.3
683.845	46.3
684.048	46.3
684.251	46.3
684.453	46.3
684.656	46.3
684.859	46.3
685.061	46.3
685.264	46.4
685.467	46.4
685.67	46.4
685.872	46.4
686.075	46.4
686.278	46.4
686.481	46.4
686.684	46.4
686.886	46.4
687.089	46.4
687.292	46.4
687.495	46.4
687.698	46.5
687.901	46.5
688.104	46.5
688.307	46.5
688.51	46.5
688.713	46.5
688.916	46.5
689.119	46.5
689.322	46.5
689.525	46.5
689.728	46.5
689.931	46.5
690.134	46.6
690.337	46.6
690.54	46.6
690.744	46.6
690.947	46.6
691.15	46.6
691.353	46.6
691.556	46.6
691.76	46.6
691.963	46.6
692.166	46.6
692.37	46.7
692.573	46.7
692.776	46.7
692.979	46.7
693.183	46.7
693.386	46.7
693.59	46.7
693.793	46.7
693.996	46.7
694.2	46.7
694.403	46.7
694.607	46.7
694.81	46.8
695.014	46.8
695.217	46.8
695.421	46.8
695.624	46.8
695.828	46.8
696.031	46.8
696.235	46.8
696.439	46.8
696.642	46.8
696.846	46.9
697.049	46.9
697.253	46.9
697.457	46.9
697.661	46.9
697.864	46.9
698.068	46.9
698.272	46.9
698.475	46.9
698.679	47
698.883	47
699.087	47
699.291	47
699.494	47
699.698	47
699.902	47
700.106	47
700.31	47
700.514	47
700.718	47
700.922	47
701.126	47
701.33	47
701.534	47
701.738	47
701.942	47
702.146	47
702.35	47.1
702.554	47.1
702.758	47.1
702.962	47.1
703.166	47.1
703.37	47.1
703.574	47.1
703.778	47.1
703.983	47.1
704.187	47.1
704.391	47.1
704.595	47.1
704.799	47.1
705.004	47.1
705.208	47.1
705.412	47.1
705.616	47.1
705.821	47.1
706.025	47.1
706.229	47.1
706.434	47.1
706.638	47.1
706.842	47.1
707.047	47.1
707.251	47.1
707.455	47.1
707.66	47.1
707.864	47.1
708.069	47.1
708.273	47.1
708.478	47.1
708.682	47.1
708.887	47.1
709.091	47.1
709.296	47.1
709.5	47.1
709.705	47.2
709.909	47.2
710.114	47.2
710.319	47.2
710.523	47.2
710.728	47.2
710.932	47.2
711.137	47.2
711.342	47.2
711.546	47.2
711.751	47.2
711.956	47.2
712.161	47.2
712.365	47.2
712.57	47.2
712.775	47.2
712.98	47.2
713.184	47.2
713.389	47.3
713.594	47.3
713.799	47.3
714.004	47.3
714.209	47.3
714.413	47.3
714.618	47.3
714.823	47.3
715.028	47.3
715.233	47.3
715.438	47.3
715.643	47.3
715.848	47.3
716.053	47.3
716.258	47.3
716.463	47.3
716.668	47.3
716.873	47.3
717.078	47.3
717.283	47.3
717.488	47.4
717.693	47.3
717.898	47.3
718.103	47.3
718.308	47.3
718.514	47.3
718.719	47.3
718.924	47.4
719.129	47.4
719.334	47.4
719.539	47.4
719.745	47.4
719.95	47.4
720.155	47.4
720.36	47.4
720.566	47.4
720.771	47.4
720.976	47.4
721.182	47.4
721.387	47.4
721.592	47.4
721.798	47.4
722.003	47.4
722.208	47.4
722.414	47.4
722.619	47.4
722.824	47.4
723.03	47.4
723.235	47.4
723.441	47.4
723.646	47.4
723.852	47.4
724.057	47.4
724.263	47.4
724.468	47.4
724.674	47.4
724.879	47.5
725.085	47.5
725.29	47.5
725.496	47.5
725.701	47.5
725.907	47.5
726.112	47.5
726.318	47.5
726.524	47.5
726.729	47.5
726.935	47.5
727.141	47.5
727.346	47.5
727.552	47.5
727.758	47.5
727.963	47.5
728.169	47.5
728.375	47.5
728.581	47.5
728.786	47.5
728.992	47.5
729.198	47.5
729.404	47.5
729.609	47.5
729.815	47.6
730.021	47.6
730.227	47.6
730.433	47.6
730.639	47.6
730.844	47.6
731.05	47.6
731.256	47.6
731.462	47.6
731.668	47.6
731.874	47.6
732.08	47.6
732.286	47.6
732.492	47.6
732.698	47.6
732.904	47.6
733.11	47.6
733.316	47.6
733.522	47.6
733.728	47.6
733.934	47.6
734.14	47.7
734.346	47.7
734.552	47.7
734.758	47.7
734.964	47.7
735.17	47.7
735.376	47.7
735.583	47.7
735.789	47.7
735.995	47.7
736.201	47.7
736.407	47.7
736.613	47.7
736.819	47.7
737.026	47.7
737.232	47.7
737.438	47.7
737.644	47.8
737.851	47.8
738.057	47.8
738.263	47.8
738.469	47.8
738.676	47.8
738.882	47.8
739.088	47.8
739.295	47.8
739.501	47.8
739.707	47.8
739.914	47.8
740.12	47.8
740.326	47.8
740.533	47.8
740.739	47.8
740.946	47.8
741.152	47.8
741.358	47.8
741.565	47.8
741.771	47.8
741.978	47.8
742.184	47.8
742.391	47.8
742.597	47.8
742.804	47.8
743.01	47.8
743.217	47.8
743.423	47.8
743.63	47.8
743.836	47.8
744.043	47.8
744.249	47.8
744.456	47.8
744.663	47.8
744.869	47.8
745.076	47.8
745.282	47.8
745.489	47.8
745.696	47.8
745.902	47.8
746.109	47.8
746.316	47.8
746.522	47.8
746.729	47.8
746.936	47.8
747.142	47.8
747.349	47.8
747.556	47.8
747.762	47.8
747.969	47.8
748.176	47.8
748.383	47.8
748.589	47.8
748.796	47.8
749.003	47.8
749.21	47.8
749.417	47.8
749.623	47.8
749.83	47.8
750.037	47.8
750.244	47.8
750.451	47.9
750.658	47.9
750.865	47.9
751.071	47.9
751.278	47.9
751.485	47.9
751.692	47.9
751.899	47.9
752.106	47.9
752.313	47.9
752.52	47.9
752.727	47.9
752.934	47.9
753.141	47.9
753.348	47.9
753.555	47.9
753.762	47.9
753.969	47.9
754.176	47.9
754.383	47.9
754.59	47.9
754.797	47.9
755.004	47.9
755.211	47.9
755.418	47.9
755.625	47.9
755.832	48
756.039	48
756.246	48
756.453	48
756.66	48
756.868	48
757.075	48
757.282	48
757.489	48
757.696	48
757.903	48
758.111	48
758.318	48
758.525	48
758.732	48
758.939	48
759.147	48
759.354	48
759.561	48
759.768	48
759.976	48
760.183	48.1
760.39	48.1
760.597	48.1
760.805	48.1
761.012	48.1
761.219	48.1
761.426	48.1
761.634	48.1
761.841	48.1
762.048	48.1
762.256	48.1
762.463	48.1
762.67	48.1
762.878	48.1
763.085	48.1
763.293	48.1
763.5	48.1
763.707	48.1
763.915	48.1
764.122	48.1
764.33	48.1
764.537	48.1
764.744	48.2
764.952	48.2
765.159	48.2
765.367	48.2
765.574	48.2
765.782	48.2
765.989	48.2
766.197	48.2
766.404	48.2
766.612	48.2
766.819	48.2
767.027	48.2
767.234	48.2
767.442	48.2
767.649	48.2
767.857	48.2
768.064	48.2
768.272	48.2
768.479	48.2
768.687	48.2
768.895	48.2
769.102	48.2
769.31	48.3
769.517	48.3
769.725	48.3
769.933	48.3
770.14	48.3
770.348	48.3
770.555	48.3
770.763	48.3
770.971	48.3
771.178	48.3
771.386	48.3
771.594	48.3
771.801	48.3
772.009	48.3
772.217	48.3
772.424	48.3
772.632	48.4
772.84	48.4
773.047	48.4
773.255	48.4
773.463	48.4
773.671	48.4
773.878	48.4
774.086	48.4
774.294	48.4
774.502	48.4
774.709	48.4
774.917	48.4
775.125	48.4
775.333	48.4
775.54	48.4
775.748	48.4
775.956	48.4
776.164	48.4
776.371	48.4
776.579	48.4
776.787	48.4
776.995	48.4
777.203	48.4
777.41	48.5
777.618	48.5
777.826	48.5
778.034	48.5
778.242	48.5
778.45	48.5
778.657	48.5
778.865	48.5
779.073	48.5
779.281	48.5
779.489	48.5
779.697	48.5
779.905	48.5
780.112	48.5
780.32	48.5
780.528	48.5
780.736	48.5
780.944	48.5
781.152	48.5
781.36	48.5
781.568	48.5
781.776	48.5
781.984	48.5
782.191	48.5
782.399	48.6
782.607	48.6
782.815	48.6
783.023	48.6
783.231	48.6
783.439	48.6
783.647	48.6
783.855	48.6
784.063	48.6
784.271	48.6
784.479	48.6
784.687	48.6
784.895	48.6
785.103	48.7
785.311	48.7
785.519	48.7
785.727	48.7
785.935	48.7
786.143	48.7
786.351	48.7
786.559	48.7
786.767	48.7
786.975	48.7
787.183	48.7
787.391	48.8
787.599	48.8
787.807	48.8
788.015	48.8
788.223	48.8
788.431	48.8
788.639	48.8
788.847	48.8
789.055	48.8
789.263	48.8
789.471	48.8
789.679	48.8
789.887	48.8
790.095	48.8
790.303	48.8
790.511	48.8
790.719	48.9
790.927	48.9
791.135	48.9
791.343	48.9
791.551	48.9
791.76	48.9
791.968	48.9
792.176	48.9
792.384	48.9
792.592	48.9
792.8	48.9
793.008	48.9
793.216	48.9
793.424	48.9
793.632	48.9
793.84	48.9
794.048	49
794.256	49
794.465	49
794.673	49
794.881	49
795.089	49
795.297	49
795.505	49
795.713	49
795.921	49
796.129	49
796.337	49
796.546	49
796.754	49
796.962	49
797.17	49
797.378	49
797.586	49
797.794	49
798.002	49
798.21	49
798.419	49
798.627	49.1
798.835	49.1
799.043	49.1
799.251	49.1
799.459	49.1
799.667	49.1
799.875	49.1
800.083	49.1
800.292	49.1
800.5	49.1
800.708	49.1
800.916	49.1
801.124	49.1
801.332	49.1
801.54	49.1
801.748	49.1
801.957	49.1
802.165	49.1
802.373	49.1
802.581	49.1
802.789	49.1
802.997	49.2
803.205	49.2
803.414	49.2
803.622	49.2
803.83	49.2
804.038	49.2
804.246	49.2
804.454	49.2
804.662	49.2
804.87	49.2
805.079	49.2
805.287	49.2
805.495	49.2
805.703	49.2
805.911	49.2
806.119	49.2
806.327	49.2
806.535	49.2
806.743	49.2
806.952	49.2
807.16	49.2
807.368	49.2
807.576	49.3
807.784	49.3
807.992	49.3
808.2	49.3
808.408	49.3
808.617	49.3
808.825	49.4
809.033	49.4
809.241	49.4
809.449	49.4
809.657	49.4
809.865	49.4
810.073	49.4
810.281	49.4
810.49	49.4
810.698	49.4
810.906	49.4
811.114	49.4
811.322	49.4
811.53	49.4
811.738	49.4
811.946	49.4
812.154	49.4
812.362	49.4
812.57	49.4
812.779	49.4
812.987	49.4
813.195	49.4
813.403	49.5
813.611	49.5
813.819	49.5
814.027	49.5
814.235	49.5
814.443	49.5
814.651	49.5
814.859	49.5
815.067	49.5
815.275	49.5
815.484	49.5
815.692	49.5
815.9	49.5
816.108	49.5
816.316	49.5
816.524	49.5
816.732	49.5
816.94	49.5
817.148	49.5
817.356	49.5
817.564	49.5
817.772	49.5
817.98	49.5
818.188	49.5
818.397	49.5
818.605	49.5
818.813	49.5
819.021	49.6
819.229	49.6
819.437	49.6
819.645	49.6
819.853	49.6
820.061	49.6
820.269	49.6
820.477	49.6
820.685	49.6
820.893	49.7
821.102	49.7
821.31	49.7
821.518	49.7
821.726	49.7
821.934	49.7
822.142	49.7
822.35	49.7
822.558	49.7
822.766	49.7
822.974	49.7
823.182	49.7
823.39	49.7
823.599	49.7
823.807	49.8
824.015	49.8
824.223	49.8
824.431	49.8
824.639	49.8
824.847	49.8
825.055	49.8
825.263	49.8
825.472	49.8
825.68	49.8
825.888	49.9
826.096	49.9
826.304	49.9
826.512	49.9
826.72	49.9
826.928	49.9
827.137	49.9
827.345	49.9
827.553	49.9
827.761	49.9
827.969	50
828.177	50
828.385	50
828.594	49.9
828.802	49.9
829.01	49.9
829.218	50
829.426	50
829.634	50
829.843	49.9
830.051	49.9
830.259	49.9
830.467	50
830.675	49.9
830.883	50
831.092	50
831.3	50
831.508	50
831.716	50
831.924	50
832.133	50
832.341	50
832.549	50
832.757	50
832.966	50
833.174	50
833.382	50
833.59	50
833.799	50
834.007	50
834.215	50.1
834.423	50
834.632	50
834.84	50
835.048	50
835.256	50
835.465	50
835.673	50
835.881	50
836.09	50
836.298	50
836.506	50.1
836.715	50.1
836.923	50.1
837.131	50.1
837.34	50.1
837.548	50.1
837.756	50.1
837.965	50.1
838.173	50.1
838.381	50.2
838.59	50.2
838.798	50.2
839.006	50.2
839.215	50.2
839.423	50.2
839.632	50.2
839.84	50.2
840.048	50.1
840.257	50.1
840.465	50.1
840.674	50.1
840.882	50.1
841.091	50.1
841.299	50.1
841.508	50.2
841.716	50.2
841.924	50.2
842.133	50.2
842.341	50.2
842.55	50.2
842.758	50.2
842.967	50.2
843.175	50.2
843.384	50.2
843.593	50.2
843.801	50.2
844.01	50.2
844.218	50.2
844.427	50.2
844.635	50.2
844.844	50.2
845.052	50.2
845.261	50.2
845.47	50.2
845.678	50.2
845.887	50.2
846.095	50.2
846.304	50.2
846.513	50.2
846.721	50.3
846.93	50.3
847.139	50.3
847.347	50.3
847.556	50.3
847.765	50.3
847.973	50.3
848.182	50.4
848.391	50.4
848.6	50.4
848.808	50.4
849.017	50.4
849.226	50.4
849.435	50.5
849.643	50.5
849.852	50.5
850.061	50.5
850.27	50.5
850.478	50.5
850.687	50.5
850.896	50.5
851.105	50.5
851.314	50.6
851.523	50.6
851.731	50.6
851.94	50.6
852.149	50.6
852.358	50.7
852.567	50.7
852.776	50.7
852.985	50.7
853.194	50.7
853.403	50.7
853.612	50.7
853.821	50.7
854.03	50.7
854.239	50.7
854.447	50.7
854.656	50.7
854.865	50.7
855.075	50.7
855.284	50.7
855.493	50.7
855.702	50.8
855.911	50.7
856.12	50.7
856.329	50.8
856.538	50.8
856.747	50.8
856.956	50.8
857.165	50.8
857.374	50.8
857.584	50.8
857.793	50.8
858.002	50.8
858.211	50.9
858.42	50.9
858.629	50.9
858.839	50.9
859.048	50.9
859.257	50.9
859.466	50.9
859.676	50.9
859.885	50.9
860.094	50.9
860.304	50.9
860.513	50.9
860.722	50.9
860.932	50.9
861.141	50.9
861.35	50.9
861.56	50.9
861.769	50.9
861.978	50.9
862.188	50.9
862.397	50.9
862.607	50.9
862.816	50.9
863.026	50.9
863.235	50.9
863.445	50.9
863.654	50.9
863.864	50.9
864.073	50.9
864.283	50.9
864.492	51
864.702	51
864.911	51
865.121	51
865.33	51
865.54	51
865.75	51
865.959	51
866.169	51
866.379	51
866.588	51
866.798	51
867.008	51
867.218	51
867.427	51
867.637	51
867.847	51
868.057	51
868.266	51.1
868.476	51.1
868.686	51.1
868.896	51.1
869.106	51.1
869.316	51.1
869.525	51.1
869.735	51.1
869.945	51.1
870.155	51.1
870.365	51.1
870.575	51.2
870.785	51.1
870.995	51.2
871.205	51.2
871.415	51.2
871.625	51.2
871.835	51.2
872.045	51.2
872.255	51.2
872.465	51.2
872.675	51.2
872.886	51.2
873.096	51.2
873.306	51.2
873.516	51.2
873.726	51.2
873.936	51.2
874.147	51.3
874.357	51.3
874.567	51.3
874.777	51.2
874.988	51.2
875.198	51.2
875.408	51.3
875.619	51.3
875.829	51.3
876.039	51.3
876.25	51.2
876.46	51.2
876.67	51.2
876.881	51.3
877.091	51.3
877.302	51.3
877.512	51.3
877.723	51.2
877.933	51.2
878.144	51.2
878.354	51.2
878.565	51.2
878.775	51.2
878.986	51.2
879.197	51.2
879.407	51.2
879.618	51.2
879.829	51.2
880.039	51.2
880.25	51.2
880.461	51.2
880.671	51.2
880.882	51.2
881.093	51.2
881.304	51.1
881.515	51.1
881.725	51.1
881.936	51.2
882.147	51.1
882.358	51.1
882.569	51.1
882.78	51.2
882.991	51.2
883.202	51.2
883.413	51.2
883.624	51.2
883.835	51.2
884.046	51.2
884.257	51.3
884.468	51.3
884.679	51.3
884.89	51.3
885.101	51.4
885.312	51.4
885.523	51.4
885.735	51.4
885.946	51.4
886.157	51.4
886.368	51.4
886.579	51.5
886.791	51.5
887.002	51.5
887.213	51.5
887.425	51.5
887.636	51.6
887.847	51.6
888.059	51.6
888.27	51.7
888.481	51.7
888.693	51.7
888.904	51.7
889.116	51.7
889.327	51.7
889.539	51.7
889.75	51.7
889.962	51.7
890.174	51.7
890.385	51.7
890.597	51.8
890.808	51.8
891.02	51.8
891.232	51.8
891.444	51.8
891.655	51.8
891.867	51.7
892.079	51.7
892.291	51.7
892.502	51.7
892.714	51.7
892.926	51.7
893.138	51.7
893.35	51.7
893.562	51.7
893.774	51.7
893.986	51.7
894.198	51.7
894.41	51.7
894.622	51.8
894.834	51.8
895.046	51.8
895.258	51.8
895.47	51.8
895.682	51.8
895.894	51.8
896.106	51.7
896.319	51.7
896.531	51.8
896.743	51.7
896.955	51.7
897.168	51.7
897.38	51.7
897.592	51.7
897.805	51.8
898.017	51.8
898.229	51.8
898.442	51.8
898.654	51.8
898.867	51.8
899.079	51.8
899.292	51.8
899.504	51.8
899.717	51.8
899.929	51.8
900.142	51.8
900.355	51.8
900.567	51.8
900.78	51.8
900.993	51.8
901.205	51.8
901.418	51.8
901.631	51.8
901.844	51.8
902.056	51.8
902.269	51.8
902.482	51.8
902.695	51.8
902.908	51.7
903.121	51.7
903.334	51.7
903.547	51.7
903.76	51.7
903.973	51.7
904.186	51.6
904.399	51.6
904.612	51.6
904.825	51.6
905.038	51.6
905.251	51.6
905.465	51.6
905.678	51.6
905.891	51.6
906.104	51.6
906.318	51.6
906.531	51.6
906.744	51.6
906.958	51.6
907.171	51.6
907.384	51.6
907.598	51.6
907.811	51.6
908.025	51.6
908.238	51.7
908.452	51.7
908.665	51.7
908.879	51.7
909.093	51.7
909.306	51.7
909.52	51.7
909.734	51.7
909.947	51.7
910.161	51.7
910.375	51.7
910.589	51.7
910.803	51.7
911.016	51.7
911.23	51.7
911.444	51.7
911.658	51.7
911.872	51.7
912.086	51.7
912.3	51.7
912.514	51.7
912.728	51.8
912.942	51.8
913.156	51.8
913.37	51.8
913.585	51.8
913.799	51.8
914.013	51.8
914.227	51.8
914.442	51.8
914.656	51.8
914.87	51.8
915.084	51.8
915.299	51.9
915.513	51.9
915.728	51.8
915.942	51.8
916.157	51.8
916.371	51.8
916.586	51.8
916.8	51.8
917.015	51.8
917.229	51.8
917.444	51.8
917.659	51.8
917.874	51.8
918.088	51.8
918.303	51.8
918.518	51.8
918.733	51.8
918.947	51.8
919.162	51.8
919.377	51.8
919.592	51.8
919.807	51.9
920.022	51.9
920.237	51.9
920.452	51.9
920.667	51.9
920.882	51.9
921.097	51.9
921.313	51.9
921.528	51.9
921.743	52
921.958	52
922.174	52
922.389	52
922.604	52.1
922.82	52.1
923.035	52.1
923.25	52.1
923.466	52.1
923.681	52.1
923.897	52.2
924.112	52.2
924.328	52.2
924.544	52.2
924.759	52.3
924.975	52.3
925.19	52.3
925.406	52.3
925.622	52.3
925.838	52.4
926.054	52.4
926.269	52.4
926.485	52.4
926.701	52.4
926.917	52.4
927.133	52.4
927.349	52.4
927.565	52.5
927.781	52.6
927.997	52.5
928.213	52.6
928.429	52.6
928.646	52.6
928.862	52.6
929.078	52.7
929.294	52.7
929.511	52.7
929.727	52.8
929.943	52.8
930.16	52.9
930.376	52.9
930.592	52.9
930.809	52.9
931.025	52.9
931.242	52.9
931.459	52.9
931.675	52.9
931.892	52.9
932.108	53
932.325	53
932.542	53
932.759	53
932.975	53
933.192	53
933.409	53
933.626	53
933.843	53.1
934.06	53.1
934.277	53
934.494	53
934.711	53
934.928	53
935.145	52.9
935.362	52.9
935.58	52.9
935.797	52.9
936.014	52.8
936.231	52.8
936.449	52.7
936.666	52.6
936.883	52.6
937.101	52.6
937.318	52.5
937.536	52.4
937.753	52.4
937.971	52.4
938.188	52.3
938.406	52.2
938.624	52.2
938.841	52.2
939.059	52.1
939.277	52.1
939.494	52
939.712	51.9
939.93	51.9
