360.161	10.7
360.333	10.6
360.504	10.5
360.676	10.4
360.847	10.4
361.019	10.4
361.19	10.4
361.361	10.3
361.533	10.3
361.704	10.3
361.876	10.2
362.047	10.2
362.219	10.1
362.391	10.1
362.562	10.2
362.734	10.2
362.905	10.1
363.077	10.1
363.248	10
363.42	9.9
363.592	9.9
363.763	9.9
363.935	9.9
364.106	9.9
364.278	10
364.45	9.9
364.621	9.8
364.793	9.8
364.965	9.8
365.137	9.7
365.308	9.7
365.48	9.6
365.652	9.6
365.824	9.6
365.995	9.6
366.167	9.5
366.339	9.5
366.511	9.4
366.683	9.4
366.854	9.3
367.026	9.2
367.198	9.2
367.37	9.2
367.542	9.3
367.714	9.2
367.886	9.2
368.058	9.1
368.23	9.1
368.402	9
368.574	8.9
368.746	8.9
368.918	8.9
369.09	8.9
369.262	8.9
369.434	8.8
369.606	8.7
369.778	8.7
369.95	8.6
370.122	8.6
370.294	8.6
370.467	8.6
370.639	8.6
370.811	8.6
370.983	8.6
371.155	8.6
371.328	8.6
371.5	8.6
371.672	8.5
371.844	8.5
372.017	8.5
372.189	8.4
372.361	8.4
372.534	8.4
372.706	8.4
372.878	8.4
373.051	8.3
373.223	8.2
373.396	8.2
373.568	8.1
373.741	8.1
373.913	8.1
374.086	8.1
374.258	8.2
374.431	8.2
374.603	8.2
374.776	8.1
374.949	8.1
375.121	8.1
375.294	8.1
375.467	8
375.639	8
375.812	8
375.985	8
376.157	7.9
376.33	7.9
376.503	7.9
376.676	7.9
376.849	7.8
377.021	7.8
377.194	7.8
377.367	7.8
377.54	7.7
377.713	7.7
377.886	7.6
378.059	7.6
378.232	7.5
378.405	7.5
378.578	7.5
378.751	7.5
378.924	7.5
379.097	7.4
379.27	7.4
379.444	7.4
379.617	7.4
379.79	7.3
379.963	7.3
380.136	7.3
380.31	7.3
380.483	7.3
380.656	7.2
380.829	7.2
381.003	7.2
381.176	7.1
381.35	7.1
381.523	7
381.696	7
381.87	7
382.043	7
382.217	6.9
382.39	6.9
382.564	6.9
382.738	6.9
382.911	6.9
383.085	6.8
383.258	6.8
383.432	6.8
383.606	6.8
383.779	6.8
383.953	6.8
384.127	6.8
384.301	6.8
384.475	6.8
384.648	6.8
384.822	6.7
384.996	6.7
385.17	6.7
385.344	6.7
385.518	6.6
385.692	6.6
385.866	6.6
386.04	6.6
386.214	6.6
386.388	6.6
386.562	6.6
386.737	6.6
386.911	6.6
387.085	6.5
387.259	6.5
387.434	6.5
387.608	6.5
387.782	6.5
387.956	6.5
388.131	6.5
388.305	6.5
388.48	6.5
388.654	6.5
388.829	6.4
389.003	6.4
389.178	6.4
389.352	6.4
389.527	6.4
389.701	6.4
389.876	6.4
390.051	6.4
390.226	6.4
390.4	6.4
390.575	6.4
390.75	6.4
390.925	6.4
391.099	6.3
391.274	6.3
391.449	6.3
391.624	6.3
391.799	6.3
391.974	6.2
392.149	6.2
392.324	6.2
392.499	6.2
392.675	6.3
392.85	6.3
393.025	6.3
393.2	6.2
393.375	6.2
393.551	6.2
393.726	6.2
393.901	6.1
394.077	6.1
394.252	6.1
394.427	6.2
394.603	6.2
394.778	6.1
394.954	6.1
395.129	6.1
395.305	6.1
395.481	6.1
395.656	6.1
395.832	6.1
396.008	6.1
396.184	6.1
396.359	6
396.535	6
396.711	6
396.887	6
397.063	6
397.239	6
397.415	6
397.591	6
397.767	6
397.943	5.9
398.119	5.9
398.295	5.9
398.471	5.9
398.648	5.9
398.824	5.9
399	5.9
399.176	5.9
399.353	5.9
399.529	5.9
399.706	5.9
399.882	5.9
400.058	5.9
400.235	5.9
400.412	5.9
400.588	5.9
400.765	5.9
400.942	5.9
401.118	5.9
401.295	5.9
401.472	5.9
401.649	5.9
401.825	5.8
402.002	5.8
402.179	5.8
402.356	5.8
402.533	5.8
402.71	5.8
402.887	5.8
403.064	5.8
403.242	5.8
403.419	5.8
403.596	5.7
403.773	5.7
403.95	5.7
404.128	5.7
404.305	5.7
404.483	5.7
404.66	5.7
404.837	5.7
405.015	5.6
405.193	5.6
405.37	5.6
405.548	5.6
405.725	5.6
405.903	5.6
406.081	5.6
406.259	5.6
406.437	5.6
406.614	5.6
406.792	5.6
406.97	5.6
407.148	5.5
407.326	5.5
407.504	5.5
407.682	5.5
407.86	5.5
408.039	5.5
408.217	5.5
408.395	5.5
408.573	5.5
408.751	5.5
408.93	5.4
409.108	5.4
409.287	5.4
409.465	5.4
409.643	5.4
409.822	5.4
410	5.4
410.179	5.4
410.358	5.4
410.536	5.4
410.715	5.4
410.894	5.4
411.072	5.4
411.251	5.4
411.43	5.4
411.609	5.4
411.788	5.4
411.967	5.4
412.146	5.4
412.325	5.4
412.504	5.4
412.683	5.4
412.862	5.4
413.041	5.4
413.22	5.4
413.399	5.4
413.578	5.4
413.758	5.4
413.937	5.4
414.116	5.4
414.296	5.4
414.475	5.4
414.654	5.4
414.834	5.4
415.013	5.4
415.193	5.4
415.372	5.4
415.552	5.4
415.732	5.3
415.911	5.3
416.091	5.3
416.271	5.3
416.45	5.3
416.63	5.3
416.81	5.3
416.99	5.3
417.169	5.3
417.349	5.3
417.529	5.3
417.709	5.3
417.889	5.3
418.069	5.3
418.249	5.3
418.429	5.3
418.609	5.3
418.789	5.3
418.97	5.3
419.15	5.3
419.33	5.3
419.51	5.3
419.691	5.3
419.871	5.3
420.051	5.3
420.232	5.2
420.412	5.2
420.592	5.2
420.773	5.2
420.953	5.2
421.134	5.2
421.314	5.2
421.495	5.2
421.675	5.2
421.856	5.2
422.037	5.2
422.217	5.2
422.398	5.2
422.579	5.1
422.76	5.1
422.94	5.1
423.121	5.1
423.302	5.1
423.483	5.1
423.664	5.1
423.845	5.1
424.026	5.1
424.207	5.1
424.388	5.1
424.569	5.1
424.75	5.1
424.931	5.1
425.112	5.1
425.293	5.1
425.474	5.1
425.655	5.1
425.837	5.1
426.018	5.1
426.199	5.1
426.38	5
426.562	5
426.743	5
426.924	5
427.106	5
427.287	5
427.469	5
427.65	5
427.832	5
428.013	5
428.195	5
428.376	5
428.558	5
428.739	5
428.921	5
429.103	5
429.284	5
429.466	5
429.648	5
429.83	4.9
430.011	4.9
430.193	4.9
430.375	4.9
430.557	4.9
430.739	4.9
430.921	4.9
431.102	4.9
431.284	4.9
431.466	4.9
431.648	4.9
431.83	4.9
432.012	4.9
432.194	4.9
432.377	4.9
432.559	4.9
432.741	4.8
432.923	4.8
433.105	4.8
433.287	4.8
433.469	4.8
433.652	4.8
433.834	4.8
434.016	4.8
434.198	4.8
434.381	4.8
434.563	4.8
434.745	4.8
434.928	4.7
435.11	4.7
435.293	4.7
435.475	4.7
435.658	4.7
435.84	4.7
436.022	4.7
436.205	4.7
436.388	4.7
436.57	4.7
436.753	4.7
436.935	4.7
437.118	4.7
437.301	4.7
437.483	4.7
437.666	4.7
437.849	4.7
438.031	4.7
438.214	4.7
438.397	4.7
438.58	4.7
438.762	4.7
438.945	4.7
439.128	4.7
439.311	4.7
439.494	4.7
439.677	4.7
439.859	4.7
440.042	4.7
440.225	4.7
440.408	4.7
440.591	4.7
440.774	4.7
440.957	4.7
441.14	4.6
441.323	4.6
441.507	4.6
441.69	4.6
441.873	4.6
442.056	4.6
442.239	4.6
442.422	4.6
442.605	4.6
442.789	4.6
442.972	4.6
443.155	4.6
443.338	4.6
443.522	4.6
443.705	4.6
443.888	4.6
444.072	4.6
444.255	4.6
444.438	4.5
444.622	4.5
444.805	4.5
444.989	4.5
445.172	4.5
445.356	4.5
445.539	4.5
445.723	4.5
445.906	4.5
446.09	4.5
446.273	4.5
446.457	4.5
446.64	4.5
446.824	4.5
447.008	4.5
447.191	4.5
447.375	4.5
447.559	4.5
447.742	4.5
447.926	4.5
448.11	4.5
448.293	4.4
448.477	4.4
448.661	4.4
448.845	4.4
449.029	4.4
449.212	4.4
449.396	4.4
449.58	4.4
449.764	4.4
449.948	4.4
450.132	4.4
450.316	4.4
450.5	4.4
450.684	4.4
450.868	4.4
451.052	4.4
451.236	4.4
451.42	4.4
451.604	4.4
451.788	4.4
451.972	4.4
452.156	4.4
452.34	4.4
452.525	4.3
452.709	4.3
452.893	4.3
453.077	4.3
453.261	4.3
453.446	4.3
453.63	4.3
453.814	4.3
453.998	4.3
454.183	4.3
454.367	4.3
454.551	4.3
454.736	4.3
454.92	4.3
455.104	4.3
455.289	4.3
455.473	4.3
455.658	4.3
455.842	4.3
456.026	4.3
456.211	4.3
456.395	4.3
456.58	4.3
456.764	4.3
456.949	4.3
457.134	4.3
457.318	4.3
457.503	4.3
457.687	4.3
457.872	4.2
458.057	4.2
458.241	4.2
458.426	4.2
458.611	4.2
458.795	4.2
458.98	4.2
459.165	4.2
459.349	4.2
459.534	4.2
459.719	4.2
459.904	4.2
460.088	4.2
460.273	4.3
460.458	4.3
460.643	4.2
460.828	4.2
461.013	4.2
461.198	4.2
461.382	4.2
461.567	4.2
461.752	4.2
461.937	4.2
462.122	4.2
462.307	4.2
462.492	4.2
462.677	4.2
462.862	4.2
463.047	4.2
463.232	4.2
463.417	4.2
463.602	4.2
463.788	4.2
463.973	4.2
464.158	4.2
464.343	4.2
464.528	4.2
464.713	4.2
464.898	4.2
465.084	4.2
465.269	4.2
465.454	4.2
465.639	4.2
465.824	4.2
466.01	4.2
466.195	4.2
466.38	4.2
466.566	4.2
466.751	4.2
466.936	4.2
467.122	4.2
467.307	4.2
467.492	4.2
467.678	4.2
467.863	4.2
468.048	4.2
468.234	4.2
468.419	4.2
468.605	4.1
468.79	4.1
468.976	4.1
469.161	4.1
469.347	4.1
469.532	4.1
469.718	4.1
469.903	4.1
470.089	4.1
470.274	4.1
470.46	4.1
470.646	4.1
470.831	4.1
471.017	4.1
471.202	4.1
471.388	4.1
471.574	4.1
471.759	4.1
471.945	4.1
472.131	4.1
472.317	4.1
472.502	4.1
472.688	4.1
472.874	4.1
473.059	4.1
473.245	4.1
473.431	4.1
473.617	4.1
473.803	4.1
473.988	4.1
474.174	4.1
474.36	4.1
474.546	4.1
474.732	4.1
474.918	4.1
475.104	4.1
475.29	4.1
475.475	4.1
475.661	4.1
475.847	4.1
476.033	4.1
476.219	4.1
476.405	4.1
476.591	4.1
476.777	4.1
476.963	4.1
477.149	4.1
477.335	4.1
477.521	4.1
477.707	4.1
477.893	4.1
478.08	4.1
478.266	4.1
478.452	4.1
478.638	4.1
478.824	4.1
479.01	4.1
479.196	4.1
479.382	4.1
479.569	4.1
479.755	4.1
479.941	4.1
480.127	4.1
480.313	4.1
480.5	4.1
480.686	4.1
480.872	4.1
481.058	4.1
481.245	4.1
481.431	4.1
481.617	4.1
481.803	4.1
481.99	4.1
482.176	4.1
482.362	4.1
482.549	4.1
482.735	4.1
482.921	4.1
483.108	4.1
483.294	4.1
483.481	4.1
483.667	4.1
483.853	4.1
484.04	4.1
484.226	4.1
484.413	4.1
484.599	4.1
484.786	4.1
484.972	4.1
485.159	4.1
485.345	4.1
485.532	4.1
485.718	4.1
485.905	4.1
486.091	4.1
486.278	4.1
486.464	4.1
486.651	4.1
486.837	4.1
487.024	4.1
487.211	4.1
487.397	4.1
487.584	4.1
487.77	4.1
487.957	4.1
488.144	4.1
488.33	4.1
488.517	4.1
488.704	4.1
488.89	4.1
489.077	4.1
489.264	4.1
489.45	4.1
489.637	4.1
489.824	4.1
490.01	4.1
490.197	4.1
490.384	4.1
490.571	4.1
490.757	4.1
490.944	4.1
491.131	4.1
491.318	4.1
491.505	4.1
491.691	4.1
491.878	4.1
492.065	4.1
492.252	4.1
492.439	4.1
492.626	4.1
492.812	4.1
492.999	4.1
493.186	4.1
493.373	4.1
493.56	4.1
493.747	4.1
493.934	4.1
494.121	4.1
494.308	4.1
494.494	4.1
494.681	4.1
494.868	4.1
495.055	4.1
495.242	4.1
495.429	4.1
495.616	4.1
495.803	4.1
495.99	4.1
496.177	4.1
496.364	4.1
496.551	4.1
496.738	4.1
496.925	4.1
497.112	4.1
497.299	4.1
497.486	4.1
497.673	4.1
497.861	4.1
498.048	4.1
498.235	4.1
498.422	4.1
498.609	4.1
498.796	4.1
498.983	4.1
499.17	4.1
499.357	4.1
499.544	4.1
499.732	4.1
499.919	4.1
500.106	4.1
500.293	4.1
500.48	4.1
500.667	4.1
500.855	4.1
501.042	4.1
501.229	4.1
501.416	4.1
501.603	4.1
501.791	4.1
501.978	4.1
502.165	4.1
502.352	4.1
502.54	4.1
502.727	4.1
502.914	4.1
503.101	4.1
503.289	4.1
503.476	4.1
503.663	4.1
503.85	4.1
504.038	4.1
504.225	4.1
504.412	4.1
504.6	4.1
504.787	4.1
504.974	4.1
505.161	4.1
505.349	4
505.536	4
505.723	4
505.911	4
506.098	4
506.286	4
506.473	4
506.66	4
506.848	4
507.035	4
507.222	4
507.41	4
507.597	4
507.785	4
507.972	4
508.159	4
508.347	4
508.534	4
508.722	4
508.909	4
509.097	4
509.284	4
509.471	4
509.659	4
509.846	4
510.034	4
510.221	4
510.409	4
510.596	4
510.784	4
510.971	4
511.159	4
511.346	4
511.534	4
511.721	4
511.909	4
512.096	4
512.284	4
512.471	4
512.659	4
512.846	4
513.034	4
513.221	3.9
513.409	3.9
513.596	3.9
513.784	3.9
513.972	3.9
514.159	3.9
514.347	3.9
514.534	3.9
514.722	3.9
514.909	3.9
515.097	3.9
515.285	3.9
515.472	3.9
515.66	3.9
515.847	3.9
516.035	3.9
516.222	3.9
516.41	3.9
516.598	3.9
516.785	3.9
516.973	3.9
517.161	3.9
517.348	3.9
517.536	3.9
517.723	3.9
517.911	3.9
518.099	3.9
518.286	3.9
518.474	3.9
518.662	3.9
518.849	3.9
519.037	3.9
519.225	3.9
519.412	3.9
519.6	3.9
519.787	3.9
519.975	3.9
520.163	3.9
520.35	3.9
520.538	3.9
520.726	3.9
520.914	3.9
521.101	3.9
521.289	3.9
521.477	3.9
521.664	3.9
521.852	3.9
522.04	3.9
522.227	3.9
522.415	3.9
522.603	3.9
522.79	3.9
522.978	3.9
523.166	3.9
523.354	3.9
523.541	3.9
523.729	3.9
523.917	3.9
524.104	3.9
524.292	3.9
524.48	3.9
524.668	3.9
524.855	3.9
525.043	3.9
525.231	3.9
525.418	3.9
525.606	3.9
525.794	3.9
525.982	3.9
526.169	3.9
526.357	3.9
526.545	3.9
526.733	3.9
526.92	3.9
527.108	3.9
527.296	3.9
527.484	3.9
527.671	3.9
527.859	3.9
528.047	3.9
528.235	3.9
528.422	3.9
528.61	3.9
528.798	3.9
528.986	3.9
529.173	3.9
529.361	3.9
529.549	3.9
529.737	3.9
529.924	3.9
530.112	3.9
530.3	3.9
530.488	3.9
530.675	3.9
530.863	3.9
531.051	3.9
531.239	3.9
531.426	3.9
531.614	3.9
531.802	3.9
531.99	3.9
532.177	3.9
532.365	3.9
532.553	3.9
532.741	3.9
532.928	3.9
533.116	3.9
533.304	3.9
533.492	3.9
533.679	3.9
533.867	3.9
534.055	3.9
534.243	3.9
534.431	3.9
534.618	3.9
534.806	3.9
534.994	3.9
535.182	3.9
535.369	3.9
535.557	3.9
535.745	3.9
535.933	3.9
536.12	3.9
536.308	3.9
536.496	3.9
536.684	3.9
536.871	3.9
537.059	3.9
537.247	3.9
537.435	3.9
537.622	4
537.81	4
537.998	4
538.186	4
538.373	4
538.561	4
538.749	4
538.937	4
539.124	4
539.312	4
539.5	4
539.688	4
539.875	4
540.063	4
540.251	4
540.439	4
540.626	4
540.814	4
541.002	4
541.19	4
541.377	4
541.565	4
541.753	4
541.941	4
542.128	4
542.316	4
542.504	4
542.691	4
542.879	4
543.067	4
543.255	4
543.442	4
543.63	4
543.818	4
544.005	4
544.193	4
544.381	4
544.568	4
544.756	4
544.944	4
545.132	4
545.319	4
545.507	4
545.695	4
545.882	4
546.07	4
546.258	4
546.445	4
546.633	4
546.821	4
547.008	4
547.196	4
547.384	4
547.571	4
547.759	4
547.947	4
548.134	4
548.322	4
548.51	4
548.697	4
548.885	4
549.073	4
549.26	4
549.448	4
549.636	4
549.823	4
550.011	4
550.199	4
550.386	4
550.574	4
550.762	4
550.949	4
551.137	4
551.325	4
551.512	4
551.7	4.1
551.888	4.1
552.075	4.1
552.263	4.1
552.451	4.1
552.639	4.1
552.826	4.1
553.014	4.1
553.202	4.1
553.389	4.1
553.577	4.1
553.765	4.1
553.953	4.1
554.14	4.1
554.328	4.1
554.516	4.1
554.704	4.1
554.891	4.1
555.079	4.1
555.267	4.1
555.455	4.1
555.643	4.1
555.83	4.1
556.018	4.1
556.206	4.1
556.394	4.1
556.582	4.1
556.77	4.1
556.957	4.1
557.145	4.1
557.333	4.1
557.521	4.1
557.709	4.1
557.897	4.1
558.085	4.1
558.273	4.1
558.461	4.1
558.649	4.1
558.837	4.1
559.025	4.1
559.213	4.1
559.4	4.1
559.588	4.1
559.777	4.1
559.965	4.1
560.153	4.1
560.341	4.1
560.529	4.1
560.717	4.1
560.905	4.2
561.093	4.2
561.281	4.2
561.469	4.2
561.657	4.2
561.845	4.2
562.034	4.2
562.222	4.2
562.41	4.2
562.598	4.2
562.786	4.2
562.975	4.2
563.163	4.2
563.351	4.2
563.539	4.2
563.728	4.2
563.916	4.2
564.104	4.2
564.293	4.2
564.481	4.2
564.67	4.2
564.858	4.2
565.046	4.2
565.235	4.2
565.423	4.2
565.612	4.2
565.8	4.2
565.989	4.2
566.177	4.2
566.366	4.2
566.554	4.2
566.743	4.2
566.932	4.2
567.12	4.2
567.309	4.3
567.497	4.3
567.686	4.3
567.875	4.3
568.064	4.3
568.252	4.3
568.441	4.3
568.63	4.3
568.819	4.3
569.007	4.3
569.196	4.3
569.385	4.3
569.574	4.3
569.763	4.3
569.952	4.3
570.141	4.3
570.33	4.3
570.519	4.3
570.708	4.3
570.897	4.3
571.086	4.3
571.275	4.3
571.464	4.3
571.653	4.3
571.843	4.4
572.032	4.4
572.221	4.4
572.41	4.4
572.599	4.4
572.789	4.4
572.978	4.4
573.167	4.4
573.357	4.4
573.546	4.4
573.736	4.4
573.925	4.4
574.115	4.4
574.304	4.4
574.494	4.4
574.683	4.4
574.873	4.4
575.062	4.5
575.252	4.5
575.442	4.5
575.631	4.5
575.821	4.5
576.011	4.5
576.201	4.5
576.39	4.5
576.58	4.5
576.77	4.5
576.96	4.5
577.15	4.5
577.34	4.5
577.53	4.6
577.72	4.6
577.91	4.6
578.1	4.6
578.29	4.6
578.48	4.6
578.67	4.6
578.861	4.6
579.051	4.6
579.241	4.6
579.431	4.7
579.622	4.7
579.812	4.7
580.002	4.7
580.193	4.7
580.383	4.7
580.574	4.7
580.764	4.7
580.955	4.8
581.145	4.8
581.336	4.8
581.526	4.8
581.717	4.8
581.908	4.8
582.098	4.8
582.289	4.9
582.48	4.9
582.671	4.9
582.862	4.9
583.052	4.9
583.243	4.9
583.434	5
583.625	5
583.816	5
584.007	5
584.198	5
584.389	5.1
584.58	5.1
584.771	5.1
584.962	5.1
585.154	5.1
585.345	5.2
585.536	5.2
585.727	5.2
585.918	5.2
586.11	5.3
586.301	5.3
586.492	5.3
586.684	5.4
586.875	5.4
587.067	5.4
587.258	5.4
587.45	5.5
587.641	5.5
587.833	5.5
588.024	5.6
588.216	5.6
588.408	5.6
588.599	5.7
588.791	5.7
588.983	5.7
589.174	5.8
589.366	5.8
589.558	5.9
589.75	5.9
589.942	5.9
590.134	6
590.326	6
590.518	6.1
590.71	6.1
590.902	6.2
591.094	6.2
591.286	6.3
591.478	6.3
591.67	6.4
591.862	6.4
592.054	6.5
592.246	6.5
592.439	6.6
592.631	6.6
592.823	6.7
593.016	6.7
593.208	6.8
593.4	6.9
593.593	6.9
593.785	7
593.978	7
594.17	7.1
594.363	7.2
594.555	7.2
594.748	7.3
594.94	7.4
595.133	7.4
595.326	7.5
595.518	7.6
595.711	7.7
595.904	7.7
596.096	7.8
596.289	7.9
596.482	8
596.675	8.1
596.868	8.2
597.061	8.2
597.254	8.3
597.447	8.4
597.64	8.5
597.833	8.6
598.026	8.7
598.219	8.8
598.412	8.9
598.605	8.9
598.798	9
598.991	9.1
599.184	9.2
599.378	9.3
599.571	9.4
599.764	9.5
599.957	9.6
600.151	9.7
600.344	9.8
600.538	10
600.731	10.1
600.924	10.2
601.118	10.3
601.311	10.4
601.505	10.5
601.698	10.6
601.892	10.7
602.086	10.9
602.279	11
602.473	11.1
602.667	11.2
602.86	11.3
603.054	11.5
603.248	11.6
603.442	11.7
603.635	11.9
603.829	12
604.023	12.1
604.217	12.2
604.411	12.4
604.605	12.5
604.799	12.6
604.993	12.8
605.187	12.9
605.381	13.1
605.575	13.2
605.769	13.3
605.963	13.5
606.157	13.6
606.352	13.8
606.546	13.9
606.74	14.1
606.934	14.2
607.129	14.4
607.323	14.5
607.517	14.7
607.712	14.8
607.906	15
608.1	15.1
608.295	15.3
608.489	15.4
608.684	15.6
608.878	15.8
609.073	15.9
609.267	16.1
609.462	16.2
609.657	16.4
609.851	16.6
610.046	16.7
610.241	16.9
610.435	17
610.63	17.2
610.825	17.4
611.02	17.5
611.215	17.7
611.41	17.8
611.604	18
611.799	18.2
611.994	18.3
612.189	18.5
612.384	18.7
612.579	18.8
612.774	19
612.969	19.2
613.164	19.3
613.359	19.5
613.555	19.7
613.75	19.8
613.945	20
614.14	20.2
614.335	20.3
614.531	20.5
614.726	20.7
614.921	20.8
615.117	21
615.312	21.2
615.507	21.3
615.703	21.5
615.898	21.7
616.094	21.8
616.289	22
616.485	22.2
616.68	22.3
616.876	22.5
617.071	22.6
617.267	22.8
617.463	23
617.658	23.1
617.854	23.3
618.05	23.5
618.245	23.6
618.441	23.8
618.637	23.9
618.833	24.1
619.029	24.3
619.225	24.4
619.42	24.6
619.616	24.7
619.812	24.9
620.008	25.1
620.204	25.2
620.4	25.4
620.596	25.5
620.792	25.7
620.988	25.8
621.184	26
621.381	26.2
621.577	26.3
621.773	26.5
621.969	26.6
622.165	26.7
622.362	26.9
622.558	27
622.754	27.2
622.951	27.3
623.147	27.5
623.343	27.6
623.54	27.8
623.736	27.9
623.933	28.1
624.129	28.2
624.326	28.4
624.522	28.5
624.719	28.7
624.915	28.8
625.112	28.9
625.308	29.1
625.505	29.2
625.702	29.3
625.898	29.5
626.095	29.6
626.292	29.8
626.489	29.9
626.685	30
626.882	30.1
627.079	30.3
627.276	30.4
627.473	30.5
627.67	30.7
627.866	30.8
628.063	30.9
628.26	31
628.457	31.2
628.654	31.3
628.851	31.4
629.048	31.5
629.246	31.6
629.443	31.8
629.64	31.9
629.837	32
630.034	32.1
630.231	32.2
630.429	32.4
630.626	32.5
630.823	32.6
631.02	32.7
631.218	32.8
631.415	32.9
631.612	33
631.81	33.1
632.007	33.2
632.205	33.4
632.402	33.5
632.6	33.6
632.797	33.7
632.995	33.8
633.192	33.9
633.39	34
633.587	34.1
633.785	34.2
633.983	34.3
634.18	34.4
634.378	34.5
634.576	34.6
634.773	34.7
634.971	34.8
635.169	34.9
635.367	34.9
635.565	35
635.762	35.1
635.96	35.2
636.158	35.3
636.356	35.4
636.554	35.5
636.752	35.6
636.95	35.7
637.148	35.8
637.346	35.9
637.544	35.9
637.742	36
637.94	36.1
638.138	36.2
638.337	36.3
638.535	36.3
638.733	36.4
638.931	36.5
639.129	36.6
639.328	36.6
639.526	36.7
639.724	36.8
639.922	36.9
640.121	36.9
640.319	37
640.518	37.1
640.716	37.2
640.914	37.2
641.113	37.3
641.311	37.4
641.51	37.4
641.708	37.5
641.907	37.6
642.105	37.7
642.304	37.7
642.503	37.8
642.701	37.9
642.9	37.9
643.098	38
643.297	38.1
643.496	38.1
643.695	38.2
643.893	38.3
644.092	38.3
644.291	38.4
644.49	38.4
644.689	38.5
644.887	38.6
645.086	38.6
645.285	38.7
645.484	38.7
645.683	38.8
645.882	38.8
646.081	38.9
646.28	39
646.479	39
646.678	39.1
646.877	39.1
647.076	39.2
647.276	39.2
647.475	39.3
647.674	39.3
647.873	39.4
648.072	39.4
648.271	39.5
648.471	39.5
648.67	39.6
648.869	39.6
649.069	39.7
649.268	39.7
649.467	39.8
649.667	39.8
649.866	39.9
650.065	39.9
650.265	40
650.464	40
650.664	40.1
650.863	40.1
651.063	40.1
651.262	40.2
651.462	40.2
651.662	40.3
651.861	40.3
652.061	40.4
652.26	40.4
652.46	40.4
652.66	40.5
652.859	40.5
653.059	40.6
653.259	40.6
653.459	40.6
653.658	40.7
653.858	40.7
654.058	40.7
654.258	40.8
654.458	40.8
654.658	40.9
654.858	40.9
655.058	40.9
655.258	41
655.457	41
655.657	41
655.857	41.1
656.058	41.1
656.258	41.1
656.458	41.2
656.658	41.2
656.858	41.2
657.058	41.3
657.258	41.3
657.458	41.3
657.659	41.4
657.859	41.4
658.059	41.4
658.259	41.5
658.459	41.5
658.66	41.5
658.86	41.6
659.06	41.6
659.261	41.6
659.461	41.6
659.662	41.7
659.862	41.7
660.062	41.7
660.263	41.8
660.463	41.8
660.664	41.8
660.864	41.8
661.065	41.9
661.265	41.9
661.466	41.9
661.667	42
661.867	42
662.068	42
662.268	42
662.469	42.1
662.67	42.1
662.87	42.1
663.071	42.1
663.272	42.2
663.473	42.2
663.674	42.2
663.874	42.3
664.075	42.3
664.276	42.3
664.477	42.3
664.678	42.3
664.879	42.4
665.08	42.4
665.28	42.4
665.481	42.4
665.682	42.5
665.883	42.5
666.084	42.5
666.285	42.5
666.486	42.6
666.688	42.6
666.889	42.6
667.09	42.6
667.291	42.6
667.492	42.7
667.693	42.7
667.894	42.7
668.096	42.7
668.297	42.8
668.498	42.8
668.699	42.8
668.901	42.8
669.102	42.8
669.303	42.9
669.505	42.9
669.706	42.9
669.907	42.9
670.109	43
670.31	43
670.511	43
670.713	43
670.914	43
671.116	43
671.317	43.1
671.519	43.1
671.72	43.1
671.922	43.1
672.124	43.2
672.325	43.2
672.527	43.2
672.728	43.2
672.93	43.2
673.132	43.3
673.333	43.3
673.535	43.3
673.737	43.3
673.939	43.3
674.14	43.3
674.342	43.4
674.544	43.4
674.746	43.4
674.948	43.4
675.149	43.5
675.351	43.5
675.553	43.5
675.755	43.5
675.957	43.5
676.159	43.6
676.361	43.6
676.563	43.6
676.765	43.6
676.967	43.6
677.169	43.7
677.371	43.7
677.573	43.7
677.775	43.7
677.977	43.7
678.179	43.8
678.381	43.8
678.583	43.8
678.786	43.8
678.988	43.9
679.19	43.9
679.392	43.9
679.594	43.9
679.797	44
679.999	44
680.201	44
680.404	44
680.606	44.1
680.808	44.1
681.011	44.1
681.213	44.2
681.415	44.2
681.618	44.2
681.82	44.2
682.023	44.2
682.225	44.3
682.428	44.3
682.63	44.3
682.833	44.4
683.035	44.4
683.238	44.4
683.44	44.4
683.643	44.5
683.845	44.5
684.048	44.5
684.251	44.5
684.453	44.6
684.656	44.6
684.859	44.6
685.061	44.7
685.264	44.7
685.467	44.7
685.67	44.8
685.872	44.8
686.075	44.8
686.278	44.8
686.481	44.9
686.684	44.9
686.886	44.9
687.089	44.9
687.292	45
687.495	45
687.698	45
687.901	45.1
688.104	45.1
688.307	45.1
688.51	45.1
688.713	45.2
688.916	45.2
689.119	45.2
689.322	45.3
689.525	45.3
689.728	45.3
689.931	45.4
690.134	45.4
690.337	45.4
690.54	45.5
690.744	45.5
690.947	45.5
691.15	45.6
691.353	45.6
691.556	45.6
691.76	45.6
691.963	45.7
692.166	45.7
692.37	45.7
692.573	45.8
692.776	45.8
692.979	45.8
693.183	45.9
693.386	45.9
693.59	45.9
693.793	45.9
693.996	46
694.2	46
694.403	46
694.607	46.1
694.81	46.1
695.014	46.1
695.217	46.2
695.421	46.2
695.624	46.2
695.828	46.3
696.031	46.3
696.235	46.3
696.439	46.4
696.642	46.4
696.846	46.4
697.049	46.5
697.253	46.5
697.457	46.5
697.661	46.6
697.864	46.6
698.068	46.6
698.272	46.7
698.475	46.7
698.679	46.7
698.883	46.8
699.087	46.8
699.291	46.8
699.494	46.9
699.698	46.9
699.902	46.9
700.106	46.9
700.31	47
700.514	47
700.718	47
700.922	47.1
701.126	47.1
701.33	47.1
701.534	47.2
701.738	47.2
701.942	47.2
702.146	47.2
702.35	47.3
702.554	47.3
702.758	47.3
702.962	47.4
703.166	47.4
703.37	47.4
703.574	47.4
703.778	47.5
703.983	47.5
704.187	47.5
704.391	47.5
704.595	47.6
704.799	47.6
705.004	47.6
705.208	47.7
705.412	47.7
705.616	47.7
705.821	47.7
706.025	47.8
706.229	47.8
706.434	47.8
706.638	47.9
706.842	47.9
707.047	47.9
707.251	47.9
707.455	48
707.66	48
707.864	48
708.069	48
708.273	48.1
708.478	48.1
708.682	48.1
708.887	48.2
709.091	48.2
709.296	48.2
709.5	48.3
709.705	48.3
709.909	48.3
710.114	48.3
710.319	48.4
710.523	48.4
710.728	48.4
710.932	48.5
711.137	48.5
711.342	48.5
711.546	48.6
711.751	48.6
711.956	48.6
712.161	48.6
712.365	48.7
712.57	48.7
712.775	48.7
712.98	48.8
713.184	48.8
713.389	48.8
713.594	48.9
713.799	48.9
714.004	48.9
714.209	49
714.413	49
714.618	49
714.823	49.1
715.028	49.1
715.233	49.1
715.438	49.1
715.643	49.2
715.848	49.2
716.053	49.2
716.258	49.3
716.463	49.3
716.668	49.3
716.873	49.4
717.078	49.4
717.283	49.4
717.488	49.5
717.693	49.5
717.898	49.5
718.103	49.5
718.308	49.6
718.514	49.6
718.719	49.6
718.924	49.7
719.129	49.7
719.334	49.7
719.539	49.8
719.745	49.8
719.95	49.8
720.155	49.9
720.36	49.9
720.566	49.9
720.771	50
720.976	50
721.182	50
721.387	50
721.592	50.1
721.798	50.1
722.003	50.1
722.208	50.1
722.414	50.2
722.619	50.2
722.824	50.2
723.03	50.3
723.235	50.3
723.441	50.3
723.646	50.3
723.852	50.4
724.057	50.4
724.263	50.4
724.468	50.4
724.674	50.5
724.879	50.5
725.085	50.5
725.29	50.6
725.496	50.6
725.701	50.6
725.907	50.6
726.112	50.7
726.318	50.7
726.524	50.7
726.729	50.7
726.935	50.8
727.141	50.8
727.346	50.8
727.552	50.9
727.758	50.9
727.963	50.9
728.169	50.9
728.375	51
728.581	51
728.786	51
728.992	51
729.198	51
729.404	51.1
729.609	51.1
729.815	51.1
730.021	51.2
730.227	51.2
730.433	51.2
730.639	51.2
730.844	51.3
731.05	51.3
731.256	51.3
731.462	51.4
731.668	51.4
731.874	51.4
732.08	51.4
732.286	51.5
732.492	51.5
732.698	51.5
732.904	51.6
733.11	51.6
733.316	51.6
733.522	51.6
733.728	51.7
733.934	51.7
734.14	51.7
734.346	51.7
734.552	51.8
734.758	51.8
734.964	51.8
735.17	51.9
735.376	51.9
735.583	51.9
735.789	51.9
735.995	51.9
736.201	52
736.407	52
736.613	52
736.819	52.1
737.026	52.1
737.232	52.1
737.438	52.2
737.644	52.2
737.851	52.2
738.057	52.2
738.263	52.2
738.469	52.2
738.676	52.3
738.882	52.3
739.088	52.3
739.295	52.3
739.501	52.4
739.707	52.4
739.914	52.4
740.12	52.4
740.326	52.4
740.533	52.5
740.739	52.5
740.946	52.5
741.152	52.5
741.358	52.6
741.565	52.6
741.771	52.6
741.978	52.6
742.184	52.7
742.391	52.7
742.597	52.7
742.804	52.7
743.01	52.7
743.217	52.8
743.423	52.8
743.63	52.8
743.836	52.8
744.043	52.9
744.249	52.9
744.456	52.9
744.663	52.9
744.869	52.9
745.076	53
745.282	53
745.489	53
745.696	53
745.902	53
746.109	53
746.316	53.1
746.522	53.1
746.729	53.1
746.936	53.2
747.142	53.2
747.349	53.2
747.556	53.2
747.762	53.2
747.969	53.3
748.176	53.3
748.383	53.3
748.589	53.3
748.796	53.3
749.003	53.3
749.21	53.4
749.417	53.4
749.623	53.4
749.83	53.4
750.037	53.4
750.244	53.5
750.451	53.5
750.658	53.5
750.865	53.5
751.071	53.5
751.278	53.6
751.485	53.6
751.692	53.6
751.899	53.6
752.106	53.6
752.313	53.6
752.52	53.7
752.727	53.7
752.934	53.7
753.141	53.7
753.348	53.7
753.555	53.8
753.762	53.8
753.969	53.8
754.176	53.8
754.383	53.9
754.59	53.9
754.797	53.9
755.004	53.9
755.211	53.9
755.418	54
755.625	54
755.832	54
756.039	54
756.246	54
756.453	54.1
756.66	54.1
756.868	54.1
757.075	54.1
757.282	54.1
757.489	54.2
757.696	54.2
757.903	54.2
758.111	54.2
758.318	54.2
758.525	54.2
758.732	54.3
758.939	54.3
759.147	54.3
759.354	54.3
759.561	54.3
759.768	54.3
759.976	54.4
760.183	54.4
760.39	54.4
760.597	54.4
760.805	54.4
761.012	54.4
761.219	54.5
761.426	54.5
761.634	54.5
761.841	54.5
762.048	54.5
762.256	54.5
762.463	54.5
762.67	54.6
762.878	54.6
763.085	54.6
763.293	54.6
763.5	54.6
763.707	54.7
763.915	54.7
764.122	54.7
764.33	54.7
764.537	54.7
764.744	54.7
764.952	54.8
765.159	54.8
765.367	54.8
765.574	54.8
765.782	54.8
765.989	54.8
766.197	54.9
766.404	54.9
766.612	54.9
766.819	54.9
767.027	54.9
767.234	55
767.442	55
767.649	55
767.857	55
768.064	55
768.272	55
768.479	55
768.687	55.1
768.895	55.1
769.102	55.1
769.31	55.1
769.517	55.1
769.725	55.1
769.933	55.2
770.14	55.2
770.348	55.2
770.555	55.2
770.763	55.2
770.971	55.2
771.178	55.2
771.386	55.2
771.594	55.3
771.801	55.3
772.009	55.3
772.217	55.3
772.424	55.3
772.632	55.3
772.84	55.3
773.047	55.3
773.255	55.4
773.463	55.4
773.671	55.4
773.878	55.4
774.086	55.4
774.294	55.4
774.502	55.4
774.709	55.4
774.917	55.5
775.125	55.5
775.333	55.5
775.54	55.5
775.748	55.5
775.956	55.5
776.164	55.5
776.371	55.5
776.579	55.5
776.787	55.6
776.995	55.6
777.203	55.6
777.41	55.6
777.618	55.6
777.826	55.6
778.034	55.7
778.242	55.7
778.45	55.7
778.657	55.7
778.865	55.7
779.073	55.7
779.281	55.7
779.489	55.8
779.697	55.8
779.905	55.8
780.112	55.8
780.32	55.8
780.528	55.8
780.736	55.8
780.944	55.8
781.152	55.8
781.36	55.8
781.568	55.9
781.776	55.9
781.984	55.9
782.191	55.9
782.399	55.9
782.607	55.9
782.815	55.9
783.023	55.9
783.231	55.9
783.439	56
783.647	56
783.855	56
784.063	56
784.271	56
784.479	56
784.687	56
784.895	56.1
785.103	56.1
785.311	56.1
785.519	56.1
785.727	56.1
785.935	56.1
786.143	56.1
786.351	56.1
786.559	56.1
786.767	56.2
786.975	56.2
787.183	56.2
787.391	56.2
787.599	56.2
787.807	56.2
788.015	56.2
788.223	56.3
788.431	56.3
788.639	56.3
788.847	56.3
789.055	56.3
789.263	56.3
789.471	56.3
789.679	56.3
789.887	56.3
790.095	56.4
790.303	56.4
790.511	56.4
790.719	56.4
790.927	56.4
791.135	56.4
791.343	56.4
791.551	56.4
791.76	56.4
791.968	56.5
792.176	56.5
792.384	56.5
792.592	56.5
792.8	56.5
793.008	56.5
793.216	56.5
793.424	56.5
793.632	56.6
793.84	56.6
794.048	56.6
794.256	56.6
794.465	56.6
794.673	56.6
794.881	56.6
795.089	56.6
795.297	56.6
795.505	56.6
795.713	56.6
795.921	56.7
796.129	56.7
796.337	56.7
796.546	56.7
796.754	56.7
796.962	56.7
797.17	56.8
797.378	56.8
797.586	56.8
797.794	56.8
798.002	56.8
798.21	56.8
798.419	56.8
798.627	56.8
798.835	56.8
799.043	56.8
799.251	56.8
799.459	56.9
799.667	56.9
799.875	56.9
800.083	56.9
800.292	56.9
800.5	56.9
800.708	56.9
800.916	56.9
801.124	56.9
801.332	56.9
801.54	56.9
801.748	56.9
801.957	56.9
802.165	56.9
802.373	56.9
802.581	56.9
802.789	57
802.997	57
803.205	57
803.414	57
803.622	57
803.83	57
804.038	57
804.246	57.1
804.454	57.1
804.662	57.1
804.87	57.1
805.079	57.1
805.287	57.1
805.495	57.1
805.703	57.1
805.911	57.1
806.119	57.1
806.327	57.1
806.535	57.1
806.743	57.1
806.952	57.1
807.16	57.1
807.368	57.1
807.576	57.1
807.784	57.1
807.992	57.1
808.2	57.2
808.408	57.2
808.617	57.2
808.825	57.2
809.033	57.2
809.241	57.3
809.449	57.3
809.657	57.3
809.865	57.3
810.073	57.3
810.281	57.3
810.49	57.3
810.698	57.4
810.906	57.4
811.114	57.4
811.322	57.4
811.53	57.4
811.738	57.4
811.946	57.4
812.154	57.4
812.362	57.4
812.57	57.4
812.779	57.4
812.987	57.4
813.195	57.4
813.403	57.4
813.611	57.4
813.819	57.4
814.027	57.4
814.235	57.5
814.443	57.5
814.651	57.5
814.859	57.5
815.067	57.5
815.275	57.5
815.484	57.5
815.692	57.5
815.9	57.5
816.108	57.5
816.316	57.5
816.524	57.5
816.732	57.5
816.94	57.6
817.148	57.6
817.356	57.6
817.564	57.6
817.772	57.6
817.98	57.6
818.188	57.6
818.397	57.6
818.605	57.6
818.813	57.6
819.021	57.6
819.229	57.6
819.437	57.6
819.645	57.6
819.853	57.7
820.061	57.7
820.269	57.7
820.477	57.7
820.685	57.7
820.893	57.7
821.102	57.7
821.31	57.8
821.518	57.8
821.726	57.8
821.934	57.8
822.142	57.8
822.35	57.8
822.558	57.8
822.766	57.8
822.974	57.8
823.182	57.8
823.39	57.8
823.599	57.9
823.807	57.9
824.015	57.9
824.223	57.9
824.431	57.9
824.639	57.9
824.847	57.9
825.055	58
825.263	58
825.472	58
825.68	58
825.888	58
826.096	58
826.304	58
826.512	58
826.72	58
826.928	58
827.137	58
827.345	58
827.553	58
827.761	58
827.969	58
828.177	58.1
828.385	58.1
828.594	58.1
828.802	58.1
829.01	58.1
829.218	58.1
829.426	58.1
829.634	58.1
829.843	58.1
830.051	58.1
830.259	58.1
830.467	58.1
830.675	58.1
830.883	58.1
831.092	58.1
831.3	58.1
831.508	58.1
831.716	58.1
831.924	58.2
832.133	58.2
832.341	58.2
832.549	58.2
832.757	58.2
832.966	58.2
833.174	58.2
833.382	58.2
833.59	58.2
833.799	58.2
834.007	58.2
834.215	58.2
834.423	58.2
834.632	58.2
834.84	58.2
835.048	58.2
835.256	58.2
835.465	58.2
835.673	58.2
835.881	58.2
836.09	58.2
836.298	58.2
836.506	58.3
836.715	58.3
836.923	58.3
837.131	58.3
837.34	58.3
837.548	58.3
837.756	58.3
837.965	58.3
838.173	58.3
838.381	58.3
838.59	58.3
838.798	58.3
839.006	58.3
839.215	58.3
839.423	58.3
839.632	58.3
839.84	58.3
840.048	58.3
840.257	58.4
840.465	58.3
840.674	58.3
840.882	58.3
841.091	58.4
841.299	58.4
841.508	58.4
841.716	58.4
841.924	58.4
842.133	58.4
842.341	58.4
842.55	58.4
842.758	58.4
842.967	58.4
843.175	58.4
843.384	58.4
843.593	58.4
843.801	58.5
844.01	58.5
844.218	58.5
844.427	58.5
844.635	58.5
844.844	58.5
845.052	58.5
845.261	58.5
845.47	58.5
845.678	58.5
845.887	58.5
846.095	58.5
846.304	58.5
846.513	58.5
846.721	58.5
846.93	58.5
847.139	58.5
847.347	58.5
847.556	58.6
847.765	58.6
847.973	58.6
848.182	58.6
848.391	58.6
848.6	58.6
848.808	58.6
849.017	58.6
849.226	58.6
849.435	58.6
849.643	58.6
849.852	58.6
850.061	58.6
850.27	58.7
850.478	58.7
850.687	58.7
850.896	58.7
851.105	58.7
851.314	58.7
851.523	58.7
851.731	58.7
851.94	58.7
852.149	58.7
852.358	58.8
852.567	58.8
852.776	58.8
852.985	58.8
853.194	58.8
853.403	58.8
853.612	58.8
853.821	58.8
854.03	58.9
854.239	58.9
854.447	58.9
854.656	58.9
854.865	58.9
855.075	58.9
855.284	59
855.493	59
855.702	59
855.911	59
856.12	59
856.329	59
856.538	59
856.747	59
856.956	59
857.165	59
857.374	59
857.584	59
857.793	59
858.002	59
858.211	59
858.42	59
858.629	59.1
858.839	59.1
859.048	59.1
859.257	59.1
859.466	59.1
859.676	59.1
859.885	59.1
860.094	59.1
860.304	59.1
860.513	59.1
860.722	59.1
860.932	59.1
861.141	59.1
861.35	59.1
861.56	59.1
861.769	59.1
861.978	59.1
862.188	59.1
862.397	59.1
862.607	59.1
862.816	59.1
863.026	59.1
863.235	59.1
863.445	59.2
863.654	59.2
863.864	59.2
864.073	59.2
864.283	59.2
864.492	59.2
864.702	59.2
864.911	59.2
865.121	59.2
865.33	59.2
865.54	59.2
865.75	59.2
865.959	59.2
866.169	59.2
866.379	59.2
866.588	59.2
866.798	59.2
867.008	59.2
867.218	59.2
867.427	59.2
867.637	59.3
867.847	59.3
868.057	59.3
868.266	59.3
868.476	59.3
868.686	59.3
868.896	59.3
869.106	59.3
869.316	59.4
869.525	59.4
869.735	59.3
869.945	59.3
870.155	59.3
870.365	59.4
870.575	59.3
870.785	59.4
870.995	59.4
871.205	59.4
871.415	59.4
871.625	59.4
871.835	59.4
872.045	59.4
872.255	59.4
872.465	59.4
872.675	59.4
872.886	59.4
873.096	59.4
873.306	59.4
873.516	59.4
873.726	59.5
873.936	59.5
874.147	59.5
874.357	59.5
874.567	59.5
874.777	59.5
874.988	59.5
875.198	59.5
875.408	59.5
875.619	59.5
875.829	59.6
876.039	59.6
876.25	59.6
876.46	59.6
876.67	59.6
876.881	59.6
877.091	59.6
877.302	59.6
877.512	59.6
877.723	59.6
877.933	59.5
878.144	59.6
878.354	59.6
878.565	59.6
878.775	59.5
878.986	59.5
879.197	59.5
879.407	59.5
879.618	59.5
879.829	59.5
880.039	59.4
880.25	59.4
880.461	59.4
880.671	59.4
880.882	59.4
881.093	59.4
881.304	59.4
881.515	59.4
881.725	59.4
881.936	59.4
882.147	59.4
882.358	59.4
882.569	59.4
882.78	59.4
882.991	59.4
883.202	59.4
883.413	59.5
883.624	59.5
883.835	59.5
884.046	59.5
884.257	59.5
884.468	59.5
884.679	59.5
884.89	59.5
885.101	59.6
885.312	59.6
885.523	59.6
885.735	59.6
885.946	59.6
886.157	59.6
886.368	59.6
886.579	59.6
886.791	59.6
887.002	59.7
887.213	59.7
887.425	59.7
887.636	59.8
887.847	59.8
888.059	59.8
888.27	59.8
888.481	59.9
888.693	59.9
888.904	59.9
889.116	59.9
889.327	59.9
889.539	59.9
889.75	59.9
889.962	59.9
890.174	59.9
890.385	59.9
890.597	59.9
890.808	60
891.02	60
891.232	60
891.444	60
891.655	60
891.867	60
892.079	60
892.291	60
892.502	60
892.714	60
892.926	60
893.138	60
893.35	60
893.562	60
893.774	60
893.986	60
894.198	60
894.41	60
894.622	60.1
894.834	60.1
895.046	60.1
895.258	60.1
895.47	60.1
895.682	60
895.894	60
896.106	60
896.319	60
896.531	60.1
896.743	60.1
896.955	60.1
897.168	60.1
897.38	60.1
897.592	60.1
897.805	60.1
898.017	60.2
898.229	60.2
898.442	60.2
898.654	60.3
898.867	60.3
899.079	60.3
899.292	60.3
899.504	60.2
899.717	60.2
899.929	60.2
900.142	60.2
900.355	60.2
900.567	60.2
900.78	60.2
900.993	60.3
901.205	60.3
901.418	60.3
901.631	60.3
901.844	60.3
902.056	60.3
902.269	60.3
902.482	60.3
902.695	60.3
902.908	60.3
903.121	60.3
903.334	60.3
903.547	60.3
903.76	60.3
903.973	60.3
904.186	60.4
904.399	60.4
904.612	60.4
904.825	60.4
905.038	60.4
905.251	60.4
905.465	60.4
905.678	60.4
905.891	60.4
906.104	60.4
906.318	60.3
906.531	60.3
906.744	60.3
906.958	60.3
907.171	60.3
907.384	60.3
907.598	60.3
907.811	60.3
908.025	60.3
908.238	60.3
908.452	60.2
908.665	60.2
908.879	60.2
909.093	60.2
909.306	60.2
909.52	60.2
909.734	60.2
909.947	60.2
910.161	60.1
910.375	60.2
910.589	60.1
910.803	60.1
911.016	60.1
911.23	60.1
911.444	60.1
911.658	60.1
911.872	60.1
912.086	60
912.3	60
912.514	60
912.728	60
912.942	59.9
913.156	60
913.37	60
913.585	60
913.799	60
914.013	60
914.227	60
914.442	60
914.656	60
914.87	60
915.084	60
915.299	60
915.513	60
915.728	60
915.942	60
916.157	60
916.371	60
916.586	60
916.8	59.9
917.015	60
917.229	60
917.444	60
917.659	60
917.874	60
918.088	60.1
918.303	60.1
918.518	60.1
918.733	60.1
918.947	60.1
919.162	60.1
919.377	60.2
919.592	60.2
919.807	60.2
920.022	60.2
920.237	60.2
920.452	60.2
920.667	60.2
920.882	60.2
921.097	60.2
921.313	60.3
921.528	60.3
921.743	60.3
921.958	60.3
922.174	60.3
922.389	60.3
922.604	60.2
922.82	60.2
923.035	60.2
923.25	60.2
923.466	60.2
923.681	60.2
923.897	60.2
924.112	60.2
924.328	60.2
924.544	60.2
924.759	60.2
924.975	60.2
925.19	60.2
925.406	60.3
925.622	60.3
925.838	60.3
926.054	60.3
926.269	60.3
926.485	60.3
926.701	60.3
926.917	60.3
927.133	60.4
927.349	60.4
927.565	60.4
927.781	60.5
927.997	60.5
928.213	60.5
928.429	60.5
928.646	60.5
928.862	60.5
929.078	60.5
929.294	60.6
929.511	60.6
929.727	60.6
929.943	60.6
930.16	60.6
930.376	60.6
930.592	60.6
930.809	60.6
931.025	60.6
931.242	60.6
931.459	60.7
931.675	60.7
931.892	60.8
932.108	60.9
932.325	60.9
932.542	60.9
932.759	60.9
932.975	60.9
933.192	60.8
933.409	60.8
933.626	60.8
933.843	60.8
934.06	60.8
934.277	60.8
934.494	60.8
934.711	60.7
934.928	60.6
935.145	60.5
935.362	60.5
935.58	60.4
935.797	60.3
936.014	60.2
936.231	60.1
936.449	60.1
936.666	59.9
936.883	59.9
937.101	59.8
937.318	59.7
937.536	59.7
937.753	59.6
937.971	59.6
938.188	59.5
938.406	59.5
938.624	59.5
938.841	59.4
939.059	59.2
939.277	59.1
939.494	59.1
939.712	59
939.93	59
