360.161	7.7
360.333	7.6
360.504	7.6
360.676	7.6
360.847	7.6
361.019	7.6
361.19	7.6
361.361	7.6
361.533	7.7
361.704	7.6
361.876	7.6
362.047	7.6
362.219	7.6
362.391	7.6
362.562	7.6
362.734	7.5
362.905	7.5
363.077	7.5
363.248	7.4
363.42	7.4
363.592	7.3
363.763	7.3
363.935	7.3
364.106	7.3
364.278	7.3
364.45	7.2
364.621	7.2
364.793	7.3
364.965	7.3
365.137	7.2
365.308	7.1
365.48	7.1
365.652	7.1
365.824	7
365.995	7
366.167	7
366.339	7
366.511	7
366.683	7
366.854	6.9
367.026	6.8
367.198	6.8
367.37	6.8
367.542	6.7
367.714	6.7
367.886	6.7
368.058	6.6
368.23	6.6
368.402	6.6
368.574	6.6
368.746	6.5
368.918	6.5
369.09	6.5
369.262	6.4
369.434	6.4
369.606	6.4
369.778	6.4
369.95	6.4
370.122	6.3
370.294	6.3
370.467	6.3
370.639	6.3
370.811	6.3
370.983	6.3
371.155	6.3
371.328	6.3
371.5	6.4
371.672	6.4
371.844	6.3
372.017	6.3
372.189	6.3
372.361	6.3
372.534	6.3
372.706	6.3
372.878	6.3
373.051	6.2
373.223	6.2
373.396	6.2
373.568	6.2
373.741	6.1
373.913	6.1
374.086	6.1
374.258	6.1
374.431	6.1
374.603	6.1
374.776	6.1
374.949	6
375.121	6
375.294	6
375.467	6
375.639	6
375.812	5.9
375.985	6
376.157	6
376.33	6
376.503	6
376.676	6
376.849	6
377.021	6
377.194	6
377.367	6
377.54	6
377.713	5.9
377.886	5.9
378.059	5.9
378.232	5.9
378.405	5.9
378.578	5.9
378.751	5.9
378.924	5.9
379.097	5.9
379.27	5.9
379.444	5.9
379.617	5.9
379.79	5.9
379.963	5.9
380.136	5.9
380.31	5.9
380.483	5.9
380.656	5.9
380.829	5.9
381.003	5.9
381.176	5.9
381.35	5.9
381.523	5.9
381.696	5.9
381.87	5.9
382.043	5.9
382.217	5.9
382.39	5.9
382.564	5.9
382.738	5.9
382.911	5.9
383.085	5.9
383.258	5.9
383.432	5.9
383.606	5.9
383.779	5.9
383.953	5.9
384.127	5.9
384.301	5.9
384.475	5.9
384.648	5.9
384.822	5.9
384.996	5.9
385.17	5.9
385.344	5.9
385.518	5.9
385.692	5.9
385.866	5.8
386.04	5.8
386.214	5.8
386.388	5.9
386.562	5.9
386.737	5.8
386.911	5.8
387.085	5.8
387.259	5.9
387.434	5.9
387.608	5.9
387.782	5.9
387.956	6
388.131	6
388.305	6
388.48	6
388.654	6
388.829	6
389.003	6
389.178	6
389.352	6.1
389.527	6.1
389.701	6.1
389.876	6.1
390.051	6.1
390.226	6.2
390.4	6.2
390.575	6.2
390.75	6.2
390.925	6.3
391.099	6.3
391.274	6.3
391.449	6.4
391.624	6.4
391.799	6.4
391.974	6.4
392.149	6.4
392.324	6.4
392.499	6.4
392.675	6.4
392.85	6.5
393.025	6.5
393.2	6.5
393.375	6.5
393.551	6.5
393.726	6.5
393.901	6.6
394.077	6.6
394.252	6.6
394.427	6.6
394.603	6.6
394.778	6.6
394.954	6.6
395.129	6.6
395.305	6.6
395.481	6.6
395.656	6.6
395.832	6.6
396.008	6.7
396.184	6.7
396.359	6.7
396.535	6.7
396.711	6.7
396.887	6.7
397.063	6.7
397.239	6.7
397.415	6.7
397.591	6.8
397.767	6.8
397.943	6.8
398.119	6.8
398.295	6.8
398.471	6.8
398.648	6.8
398.824	6.8
399	6.8
399.176	6.9
399.353	6.9
399.529	6.9
399.706	6.9
399.882	6.9
400.058	6.9
400.235	7
400.412	7
400.588	7
400.765	7
400.942	7
401.118	7
401.295	7
401.472	7
401.649	7.1
401.825	7.1
402.002	7.1
402.179	7.1
402.356	7.1
402.533	7.1
402.71	7.1
402.887	7.1
403.064	7.2
403.242	7.2
403.419	7.2
403.596	7.2
403.773	7.3
403.95	7.3
404.128	7.3
404.305	7.3
404.483	7.3
404.66	7.3
404.837	7.3
405.015	7.4
405.193	7.4
405.37	7.4
405.548	7.4
405.725	7.4
405.903	7.4
406.081	7.4
406.259	7.4
406.437	7.5
406.614	7.5
406.792	7.5
406.97	7.5
407.148	7.5
407.326	7.5
407.504	7.5
407.682	7.6
407.86	7.6
408.039	7.6
408.217	7.6
408.395	7.6
408.573	7.6
408.751	7.7
408.93	7.7
409.108	7.7
409.287	7.7
409.465	7.7
409.643	7.7
409.822	7.8
410	7.8
410.179	7.8
410.358	7.8
410.536	7.8
410.715	7.8
410.894	7.8
411.072	7.9
411.251	7.9
411.43	7.9
411.609	7.9
411.788	7.9
411.967	8
412.146	8
412.325	8
412.504	8
412.683	8
412.862	8
413.041	8
413.22	8.1
413.399	8.1
413.578	8.1
413.758	8.1
413.937	8.1
414.116	8.1
414.296	8.2
414.475	8.2
414.654	8.2
414.834	8.2
415.013	8.2
415.193	8.3
415.372	8.3
415.552	8.3
415.732	8.3
415.911	8.3
416.091	8.3
416.271	8.4
416.45	8.4
416.63	8.4
416.81	8.4
416.99	8.4
417.169	8.4
417.349	8.5
417.529	8.5
417.709	8.5
417.889	8.5
418.069	8.5
418.249	8.5
418.429	8.5
418.609	8.5
418.789	8.6
418.97	8.6
419.15	8.6
419.33	8.6
419.51	8.6
419.691	8.6
419.871	8.7
420.051	8.7
420.232	8.7
420.412	8.7
420.592	8.7
420.773	8.7
420.953	8.7
421.134	8.7
421.314	8.7
421.495	8.7
421.675	8.8
421.856	8.8
422.037	8.8
422.217	8.8
422.398	8.8
422.579	8.8
422.76	8.8
422.94	8.8
423.121	8.8
423.302	8.9
423.483	8.9
423.664	8.9
423.845	8.9
424.026	8.9
424.207	8.9
424.388	9
424.569	9
424.75	9
424.931	9
425.112	9
425.293	9
425.474	9
425.655	9
425.837	9
426.018	9.1
426.199	9.1
426.38	9.1
426.562	9.1
426.743	9.1
426.924	9.1
427.106	9.1
427.287	9.1
427.469	9.1
427.65	9.2
427.832	9.2
428.013	9.2
428.195	9.2
428.376	9.2
428.558	9.2
428.739	9.2
428.921	9.2
429.103	9.3
429.284	9.3
429.466	9.3
429.648	9.3
429.83	9.3
430.011	9.3
430.193	9.3
430.375	9.3
430.557	9.3
430.739	9.4
430.921	9.4
431.102	9.4
431.284	9.4
431.466	9.4
431.648	9.4
431.83	9.4
432.012	9.4
432.194	9.4
432.377	9.4
432.559	9.4
432.741	9.4
432.923	9.5
433.105	9.5
433.287	9.5
433.469	9.5
433.652	9.5
433.834	9.5
434.016	9.5
434.198	9.5
434.381	9.6
434.563	9.6
434.745	9.6
434.928	9.6
435.11	9.6
435.293	9.6
435.475	9.6
435.658	9.7
435.84	9.7
436.022	9.7
436.205	9.7
436.388	9.7
436.57	9.7
436.753	9.7
436.935	9.7
437.118	9.8
437.301	9.8
437.483	9.8
437.666	9.8
437.849	9.8
438.031	9.8
438.214	9.8
438.397	9.9
438.58	9.9
438.762	9.9
438.945	9.9
439.128	9.9
439.311	10
439.494	10
439.677	10
439.859	10
440.042	10
440.225	10
440.408	10
440.591	10
440.774	10.1
440.957	10.1
441.14	10.1
441.323	10.1
441.507	10.1
441.69	10.1
441.873	10.1
442.056	10.1
442.239	10.1
442.422	10.1
442.605	10.2
442.789	10.2
442.972	10.2
443.155	10.2
443.338	10.2
443.522	10.2
443.705	10.2
443.888	10.2
444.072	10.2
444.255	10.2
444.438	10.3
444.622	10.3
444.805	10.3
444.989	10.3
445.172	10.3
445.356	10.3
445.539	10.3
445.723	10.3
445.906	10.3
446.09	10.3
446.273	10.4
446.457	10.4
446.64	10.4
446.824	10.4
447.008	10.4
447.191	10.4
447.375	10.4
447.559	10.4
447.742	10.4
447.926	10.4
448.11	10.4
448.293	10.4
448.477	10.4
448.661	10.5
448.845	10.5
449.029	10.5
449.212	10.5
449.396	10.5
449.58	10.5
449.764	10.5
449.948	10.5
450.132	10.5
450.316	10.5
450.5	10.5
450.684	10.5
450.868	10.5
451.052	10.6
451.236	10.6
451.42	10.6
451.604	10.6
451.788	10.6
451.972	10.6
452.156	10.6
452.34	10.6
452.525	10.6
452.709	10.6
452.893	10.6
453.077	10.6
453.261	10.6
453.446	10.6
453.63	10.6
453.814	10.6
453.998	10.6
454.183	10.7
454.367	10.7
454.551	10.7
454.736	10.7
454.92	10.7
455.104	10.7
455.289	10.7
455.473	10.7
455.658	10.7
455.842	10.7
456.026	10.7
456.211	10.7
456.395	10.7
456.58	10.7
456.764	10.7
456.949	10.7
457.134	10.7
457.318	10.7
457.503	10.7
457.687	10.7
457.872	10.7
458.057	10.7
458.241	10.7
458.426	10.7
458.611	10.7
458.795	10.7
458.98	10.8
459.165	10.8
459.349	10.8
459.534	10.8
459.719	10.8
459.904	10.8
460.088	10.8
460.273	10.8
460.458	10.8
460.643	10.8
460.828	10.8
461.013	10.8
461.198	10.8
461.382	10.8
461.567	10.8
461.752	10.8
461.937	10.8
462.122	10.8
462.307	10.8
462.492	10.8
462.677	10.8
462.862	10.8
463.047	10.8
463.232	10.8
463.417	10.8
463.602	10.8
463.788	10.8
463.973	10.8
464.158	10.8
464.343	10.8
464.528	10.8
464.713	10.8
464.898	10.8
465.084	10.7
465.269	10.7
465.454	10.7
465.639	10.7
465.824	10.7
466.01	10.7
466.195	10.7
466.38	10.7
466.566	10.7
466.751	10.7
466.936	10.7
467.122	10.7
467.307	10.7
467.492	10.7
467.678	10.7
467.863	10.7
468.048	10.7
468.234	10.7
468.419	10.7
468.605	10.7
468.79	10.7
468.976	10.7
469.161	10.7
469.347	10.7
469.532	10.6
469.718	10.6
469.903	10.6
470.089	10.6
470.274	10.6
470.46	10.6
470.646	10.6
470.831	10.6
471.017	10.6
471.202	10.6
471.388	10.6
471.574	10.6
471.759	10.6
471.945	10.6
472.131	10.6
472.317	10.6
472.502	10.5
472.688	10.5
472.874	10.5
473.059	10.5
473.245	10.5
473.431	10.5
473.617	10.5
473.803	10.5
473.988	10.5
474.174	10.5
474.36	10.5
474.546	10.5
474.732	10.5
474.918	10.5
475.104	10.5
475.29	10.5
475.475	10.5
475.661	10.4
475.847	10.4
476.033	10.4
476.219	10.4
476.405	10.4
476.591	10.4
476.777	10.4
476.963	10.4
477.149	10.4
477.335	10.4
477.521	10.4
477.707	10.4
477.893	10.4
478.08	10.3
478.266	10.3
478.452	10.3
478.638	10.3
478.824	10.3
479.01	10.3
479.196	10.3
479.382	10.3
479.569	10.3
479.755	10.3
479.941	10.3
480.127	10.3
480.313	10.3
480.5	10.2
480.686	10.2
480.872	10.2
481.058	10.2
481.245	10.2
481.431	10.2
481.617	10.2
481.803	10.2
481.99	10.2
482.176	10.2
482.362	10.1
482.549	10.1
482.735	10.1
482.921	10.1
483.108	10.1
483.294	10.1
483.481	10.1
483.667	10.1
483.853	10.1
484.04	10.1
484.226	10
484.413	10
484.599	10
484.786	10
484.972	10
485.159	10
485.345	10
485.532	10
485.718	10
485.905	10
486.091	9.9
486.278	9.9
486.464	9.9
486.651	9.9
486.837	9.9
487.024	9.9
487.211	9.9
487.397	9.9
487.584	9.8
487.77	9.8
487.957	9.8
488.144	9.8
488.33	9.8
488.517	9.8
488.704	9.8
488.89	9.8
489.077	9.8
489.264	9.7
489.45	9.7
489.637	9.7
489.824	9.7
490.01	9.7
490.197	9.7
490.384	9.7
490.571	9.6
490.757	9.6
490.944	9.6
491.131	9.6
491.318	9.6
491.505	9.6
491.691	9.6
491.878	9.6
492.065	9.6
492.252	9.5
492.439	9.5
492.626	9.5
492.812	9.5
492.999	9.5
493.186	9.5
493.373	9.5
493.56	9.5
493.747	9.4
493.934	9.4
494.121	9.4
494.308	9.4
494.494	9.4
494.681	9.4
494.868	9.4
495.055	9.4
495.242	9.3
495.429	9.3
495.616	9.3
495.803	9.3
495.99	9.3
496.177	9.3
496.364	9.3
496.551	9.2
496.738	9.2
496.925	9.2
497.112	9.2
497.299	9.2
497.486	9.2
497.673	9.2
497.861	9.2
498.048	9.2
498.235	9.1
498.422	9.1
498.609	9.1
498.796	9.1
498.983	9.1
499.17	9.1
499.357	9.1
499.544	9
499.732	9
499.919	9
500.106	9
500.293	9
500.48	9
500.667	9
500.855	8.9
501.042	8.9
501.229	8.9
501.416	8.9
501.603	8.9
501.791	8.9
501.978	8.9
502.165	8.8
502.352	8.8
502.54	8.8
502.727	8.8
502.914	8.8
503.101	8.8
503.289	8.8
503.476	8.7
503.663	8.7
503.85	8.7
504.038	8.7
504.225	8.7
504.412	8.7
504.6	8.7
504.787	8.6
504.974	8.6
505.161	8.6
505.349	8.6
505.536	8.6
505.723	8.6
505.911	8.5
506.098	8.5
506.286	8.5
506.473	8.5
506.66	8.5
506.848	8.5
507.035	8.5
507.222	8.4
507.41	8.4
507.597	8.4
507.785	8.4
507.972	8.4
508.159	8.4
508.347	8.3
508.534	8.3
508.722	8.3
508.909	8.3
509.097	8.3
509.284	8.3
509.471	8.3
509.659	8.2
509.846	8.2
510.034	8.2
510.221	8.2
510.409	8.2
510.596	8.2
510.784	8.2
510.971	8.1
511.159	8.1
511.346	8.1
511.534	8.1
511.721	8.1
511.909	8.1
512.096	8
512.284	8
512.471	8
512.659	8
512.846	8
513.034	8
513.221	8
513.409	7.9
513.596	7.9
513.784	7.9
513.972	7.9
514.159	7.9
514.347	7.9
514.534	7.9
514.722	7.8
514.909	7.8
515.097	7.8
515.285	7.8
515.472	7.8
515.66	7.8
515.847	7.8
516.035	7.7
516.222	7.7
516.41	7.7
516.598	7.7
516.785	7.7
516.973	7.7
517.161	7.6
517.348	7.6
517.536	7.6
517.723	7.6
517.911	7.6
518.099	7.6
518.286	7.6
518.474	7.6
518.662	7.5
518.849	7.5
519.037	7.5
519.225	7.5
519.412	7.5
519.6	7.5
519.787	7.5
519.975	7.4
520.163	7.4
520.35	7.4
520.538	7.4
520.726	7.4
520.914	7.4
521.101	7.4
521.289	7.3
521.477	7.3
521.664	7.3
521.852	7.3
522.04	7.3
522.227	7.3
522.415	7.3
522.603	7.2
522.79	7.2
522.978	7.2
523.166	7.2
523.354	7.2
523.541	7.2
523.729	7.1
523.917	7.1
524.104	7.1
524.292	7.1
524.48	7.1
524.668	7.1
524.855	7.1
525.043	7
525.231	7
525.418	7
525.606	7
525.794	7
525.982	7
526.169	7
526.357	6.9
526.545	6.9
526.733	6.9
526.92	6.9
527.108	6.9
527.296	6.9
527.484	6.9
527.671	6.8
527.859	6.8
528.047	6.8
528.235	6.8
528.422	6.8
528.61	6.8
528.798	6.8
528.986	6.7
529.173	6.7
529.361	6.7
529.549	6.7
529.737	6.7
529.924	6.7
530.112	6.7
530.3	6.6
530.488	6.6
530.675	6.6
530.863	6.6
531.051	6.6
531.239	6.6
531.426	6.6
531.614	6.5
531.802	6.5
531.99	6.5
532.177	6.5
532.365	6.5
532.553	6.5
532.741	6.5
532.928	6.5
533.116	6.5
533.304	6.4
533.492	6.4
533.679	6.4
533.867	6.4
534.055	6.4
534.243	6.4
534.431	6.4
534.618	6.4
534.806	6.4
534.994	6.3
535.182	6.3
535.369	6.3
535.557	6.3
535.745	6.3
535.933	6.3
536.12	6.3
536.308	6.3
536.496	6.3
536.684	6.2
536.871	6.2
537.059	6.2
537.247	6.2
537.435	6.2
537.622	6.2
537.81	6.2
537.998	6.2
538.186	6.2
538.373	6.2
538.561	6.1
538.749	6.1
538.937	6.1
539.124	6.1
539.312	6.1
539.5	6.1
539.688	6.1
539.875	6.1
540.063	6.1
540.251	6.1
540.439	6
540.626	6
540.814	6
541.002	6
541.19	6
541.377	6
541.565	6
541.753	6
541.941	6
542.128	5.9
542.316	5.9
542.504	5.9
542.691	5.9
542.879	5.9
543.067	5.9
543.255	5.9
543.442	5.9
543.63	5.9
543.818	5.8
544.005	5.8
544.193	5.8
544.381	5.8
544.568	5.8
544.756	5.8
544.944	5.8
545.132	5.8
545.319	5.8
545.507	5.8
545.695	5.7
545.882	5.7
546.07	5.7
546.258	5.7
546.445	5.7
546.633	5.7
546.821	5.7
547.008	5.7
547.196	5.7
547.384	5.7
547.571	5.7
547.759	5.6
547.947	5.6
548.134	5.6
548.322	5.6
548.51	5.6
548.697	5.6
548.885	5.6
549.073	5.6
549.26	5.6
549.448	5.6
549.636	5.6
549.823	5.6
550.011	5.5
550.199	5.5
550.386	5.5
550.574	5.5
550.762	5.5
550.949	5.5
551.137	5.5
551.325	5.5
551.512	5.5
551.7	5.5
551.888	5.5
552.075	5.5
552.263	5.4
552.451	5.4
552.639	5.4
552.826	5.4
553.014	5.4
553.202	5.4
553.389	5.4
553.577	5.4
553.765	5.4
553.953	5.4
554.14	5.4
554.328	5.3
554.516	5.3
554.704	5.3
554.891	5.3
555.079	5.3
555.267	5.3
555.455	5.3
555.643	5.3
555.83	5.3
556.018	5.3
556.206	5.3
556.394	5.3
556.582	5.3
556.77	5.3
556.957	5.3
557.145	5.2
557.333	5.2
557.521	5.2
557.709	5.2
557.897	5.2
558.085	5.2
558.273	5.2
558.461	5.2
558.649	5.2
558.837	5.2
559.025	5.2
559.213	5.2
559.4	5.2
559.588	5.2
559.777	5.2
559.965	5.2
560.153	5.1
560.341	5.1
560.529	5.1
560.717	5.1
560.905	5.1
561.093	5.1
561.281	5.1
561.469	5.1
561.657	5.1
561.845	5.1
562.034	5.1
562.222	5.1
562.41	5.1
562.598	5.1
562.786	5.1
562.975	5.1
563.163	5
563.351	5
563.539	5
563.728	5
563.916	5
564.104	5
564.293	5
564.481	5
564.67	5
564.858	5
565.046	5
565.235	5
565.423	5
565.612	5
565.8	4.9
565.989	4.9
566.177	4.9
566.366	4.9
566.554	4.9
566.743	4.9
566.932	4.9
567.12	4.9
567.309	4.9
567.497	4.9
567.686	4.9
567.875	4.9
568.064	4.9
568.252	4.9
568.441	4.8
568.63	4.8
568.819	4.8
569.007	4.8
569.196	4.8
569.385	4.8
569.574	4.8
569.763	4.8
569.952	4.8
570.141	4.8
570.33	4.8
570.519	4.8
570.708	4.8
570.897	4.8
571.086	4.8
571.275	4.8
571.464	4.8
571.653	4.7
571.843	4.7
572.032	4.7
572.221	4.7
572.41	4.7
572.599	4.7
572.789	4.7
572.978	4.7
573.167	4.7
573.357	4.7
573.546	4.7
573.736	4.7
573.925	4.7
574.115	4.7
574.304	4.7
574.494	4.7
574.683	4.7
574.873	4.6
575.062	4.6
575.252	4.6
575.442	4.6
575.631	4.6
575.821	4.6
576.011	4.6
576.201	4.6
576.39	4.6
576.58	4.6
576.77	4.6
576.96	4.6
577.15	4.6
577.34	4.6
577.53	4.6
577.72	4.6
577.91	4.6
578.1	4.5
578.29	4.5
578.48	4.5
578.67	4.5
578.861	4.5
579.051	4.5
579.241	4.5
579.431	4.5
579.622	4.5
579.812	4.5
580.002	4.5
580.193	4.5
580.383	4.5
580.574	4.5
580.764	4.5
580.955	4.5
581.145	4.5
581.336	4.5
581.526	4.4
581.717	4.4
581.908	4.4
582.098	4.4
582.289	4.4
582.48	4.4
582.671	4.4
582.862	4.4
583.052	4.4
583.243	4.4
583.434	4.4
583.625	4.4
583.816	4.4
584.007	4.4
584.198	4.4
584.389	4.4
584.58	4.4
584.771	4.4
584.962	4.4
585.154	4.4
585.345	4.3
585.536	4.3
585.727	4.3
585.918	4.3
586.11	4.3
586.301	4.3
586.492	4.3
586.684	4.3
586.875	4.3
587.067	4.3
587.258	4.3
587.45	4.3
587.641	4.3
587.833	4.3
588.024	4.3
588.216	4.3
588.408	4.3
588.599	4.3
588.791	4.3
588.983	4.3
589.174	4.3
589.366	4.3
589.558	4.3
589.75	4.3
589.942	4.2
590.134	4.2
590.326	4.2
590.518	4.2
590.71	4.2
590.902	4.2
591.094	4.2
591.286	4.2
591.478	4.2
591.67	4.2
591.862	4.2
592.054	4.2
592.246	4.2
592.439	4.2
592.631	4.2
592.823	4.2
593.016	4.2
593.208	4.2
593.4	4.2
593.593	4.2
593.785	4.1
593.978	4.1
594.17	4.1
594.363	4.1
594.555	4.1
594.748	4.1
594.94	4.1
595.133	4.1
595.326	4.1
595.518	4.1
595.711	4.1
595.904	4.1
596.096	4.1
596.289	4.1
596.482	4.1
596.675	4.1
596.868	4.1
597.061	4.1
597.254	4.1
597.447	4.1
597.64	4.1
597.833	4.1
598.026	4.1
598.219	4.1
598.412	4
598.605	4
598.798	4
598.991	4
599.184	4
599.378	4
599.571	4
599.764	4
599.957	4
600.151	4
600.344	4
600.538	4
600.731	4
600.924	4
601.118	4
601.311	4
601.505	4
601.698	4
601.892	4
602.086	4
602.279	4
602.473	4
602.667	4
602.86	4
603.054	4
603.248	4
603.442	4
603.635	4
603.829	3.9
604.023	3.9
604.217	3.9
604.411	3.9
604.605	3.9
604.799	3.9
604.993	3.9
605.187	3.9
605.381	3.9
605.575	3.9
605.769	3.9
605.963	3.9
606.157	3.9
606.352	3.9
606.546	3.9
606.74	3.9
606.934	3.9
607.129	3.9
607.323	3.9
607.517	3.9
607.712	3.9
607.906	3.9
608.1	3.9
608.295	3.9
608.489	3.9
608.684	3.9
608.878	3.8
609.073	3.8
609.267	3.8
609.462	3.8
609.657	3.8
609.851	3.8
610.046	3.8
610.241	3.8
610.435	3.8
610.63	3.8
610.825	3.8
611.02	3.8
611.215	3.8
611.41	3.8
611.604	3.8
611.799	3.8
611.994	3.8
612.189	3.8
612.384	3.8
612.579	3.8
612.774	3.8
612.969	3.8
613.164	3.8
613.359	3.8
613.555	3.8
613.75	3.8
613.945	3.8
614.14	3.8
614.335	3.8
614.531	3.8
614.726	3.8
614.921	3.8
615.117	3.8
615.312	3.8
615.507	3.7
615.703	3.7
615.898	3.7
616.094	3.7
616.289	3.7
616.485	3.7
616.68	3.7
616.876	3.7
617.071	3.7
617.267	3.7
617.463	3.7
617.658	3.7
617.854	3.7
618.05	3.7
618.245	3.7
618.441	3.7
618.637	3.7
618.833	3.7
619.029	3.7
619.225	3.7
619.42	3.7
619.616	3.7
619.812	3.7
620.008	3.7
620.204	3.7
620.4	3.7
620.596	3.7
620.792	3.7
620.988	3.7
621.184	3.7
621.381	3.7
621.577	3.7
621.773	3.7
621.969	3.7
622.165	3.7
622.362	3.7
622.558	3.7
622.754	3.7
622.951	3.7
623.147	3.7
623.343	3.7
623.54	3.7
623.736	3.7
623.933	3.7
624.129	3.7
624.326	3.7
624.522	3.7
624.719	3.7
624.915	3.6
625.112	3.6
625.308	3.6
625.505	3.6
625.702	3.6
625.898	3.6
626.095	3.6
626.292	3.6
626.489	3.6
626.685	3.6
626.882	3.6
627.079	3.6
627.276	3.6
627.473	3.6
627.67	3.6
627.866	3.6
628.063	3.6
628.26	3.6
628.457	3.6
628.654	3.6
628.851	3.6
629.048	3.6
629.246	3.6
629.443	3.6
629.64	3.6
629.837	3.6
630.034	3.6
630.231	3.6
630.429	3.6
630.626	3.6
630.823	3.6
631.02	3.6
631.218	3.6
631.415	3.6
631.612	3.6
631.81	3.6
632.007	3.6
632.205	3.6
632.402	3.6
632.6	3.6
632.797	3.6
632.995	3.6
633.192	3.6
633.39	3.6
633.587	3.6
633.785	3.6
633.983	3.6
634.18	3.6
634.378	3.6
634.576	3.6
634.773	3.6
634.971	3.6
635.169	3.6
635.367	3.6
635.565	3.6
635.762	3.6
635.96	3.6
636.158	3.6
636.356	3.6
636.554	3.6
636.752	3.6
636.95	3.6
637.148	3.6
637.346	3.6
637.544	3.6
637.742	3.6
637.94	3.6
638.138	3.6
638.337	3.6
638.535	3.6
638.733	3.6
638.931	3.6
639.129	3.6
639.328	3.6
639.526	3.6
639.724	3.6
639.922	3.6
640.121	3.6
640.319	3.6
640.518	3.6
640.716	3.6
640.914	3.6
641.113	3.6
641.311	3.6
641.51	3.6
641.708	3.6
641.907	3.6
642.105	3.6
642.304	3.6
642.503	3.6
642.701	3.6
642.9	3.6
643.098	3.6
643.297	3.6
643.496	3.6
643.695	3.6
643.893	3.6
644.092	3.6
644.291	3.6
644.49	3.6
644.689	3.6
644.887	3.6
645.086	3.6
645.285	3.6
645.484	3.6
645.683	3.6
645.882	3.6
646.081	3.6
646.28	3.6
646.479	3.6
646.678	3.6
646.877	3.6
647.076	3.6
647.276	3.6
647.475	3.6
647.674	3.6
647.873	3.6
648.072	3.6
648.271	3.6
648.471	3.6
648.67	3.6
648.869	3.6
649.069	3.6
649.268	3.6
649.467	3.6
649.667	3.5
649.866	3.5
650.065	3.6
650.265	3.6
650.464	3.6
650.664	3.6
650.863	3.6
651.063	3.6
651.262	3.6
651.462	3.6
651.662	3.6
651.861	3.6
652.061	3.6
652.26	3.6
652.46	3.6
652.66	3.6
652.859	3.6
653.059	3.6
653.259	3.6
653.459	3.6
653.658	3.6
653.858	3.6
654.058	3.6
654.258	3.6
654.458	3.6
654.658	3.6
654.858	3.6
655.058	3.6
655.258	3.6
655.457	3.6
655.657	3.6
655.857	3.6
656.058	3.6
656.258	3.6
656.458	3.6
656.658	3.6
656.858	3.6
657.058	3.6
657.258	3.6
657.458	3.6
657.659	3.6
657.859	3.6
658.059	3.6
658.259	3.6
658.459	3.6
658.66	3.6
658.86	3.6
659.06	3.6
659.261	3.6
659.461	3.6
659.662	3.6
659.862	3.6
660.062	3.6
660.263	3.6
660.463	3.6
660.664	3.6
660.864	3.6
661.065	3.6
661.265	3.6
661.466	3.6
661.667	3.6
661.867	3.6
662.068	3.6
662.268	3.6
662.469	3.6
662.67	3.6
662.87	3.6
663.071	3.6
663.272	3.6
663.473	3.6
663.674	3.6
663.874	3.6
664.075	3.6
664.276	3.6
664.477	3.6
664.678	3.6
664.879	3.6
665.08	3.6
665.28	3.6
665.481	3.6
665.682	3.6
665.883	3.6
666.084	3.6
666.285	3.6
666.486	3.6
666.688	3.6
666.889	3.6
667.09	3.6
667.291	3.6
667.492	3.6
667.693	3.6
667.894	3.6
668.096	3.6
668.297	3.6
668.498	3.6
668.699	3.6
668.901	3.6
669.102	3.6
669.303	3.6
669.505	3.6
669.706	3.6
669.907	3.6
670.109	3.6
670.31	3.6
670.511	3.7
670.713	3.7
670.914	3.7
671.116	3.7
671.317	3.7
671.519	3.7
671.72	3.7
671.922	3.7
672.124	3.7
672.325	3.7
672.527	3.7
672.728	3.7
672.93	3.7
673.132	3.7
673.333	3.7
673.535	3.7
673.737	3.7
673.939	3.7
674.14	3.7
674.342	3.7
674.544	3.7
674.746	3.7
674.948	3.7
675.149	3.7
675.351	3.7
675.553	3.7
675.755	3.7
675.957	3.7
676.159	3.7
676.361	3.7
676.563	3.7
676.765	3.7
676.967	3.7
677.169	3.7
677.371	3.7
677.573	3.7
677.775	3.7
677.977	3.7
678.179	3.7
678.381	3.7
678.583	3.7
678.786	3.7
678.988	3.7
679.19	3.7
679.392	3.7
679.594	3.7
679.797	3.7
679.999	3.7
680.201	3.7
680.404	3.7
680.606	3.7
680.808	3.7
681.011	3.7
681.213	3.7
681.415	3.7
681.618	3.7
681.82	3.7
682.023	3.7
682.225	3.7
682.428	3.7
682.63	3.7
682.833	3.7
683.035	3.7
683.238	3.7
683.44	3.7
683.643	3.7
683.845	3.7
684.048	3.7
684.251	3.7
684.453	3.7
684.656	3.7
684.859	3.7
685.061	3.7
685.264	3.7
685.467	3.7
685.67	3.7
685.872	3.7
686.075	3.7
686.278	3.7
686.481	3.7
686.684	3.7
686.886	3.7
687.089	3.8
687.292	3.8
687.495	3.8
687.698	3.8
687.901	3.8
688.104	3.8
688.307	3.8
688.51	3.8
688.713	3.8
688.916	3.8
689.119	3.8
689.322	3.8
689.525	3.8
689.728	3.8
689.931	3.8
690.134	3.8
690.337	3.8
690.54	3.8
690.744	3.8
690.947	3.8
691.15	3.8
691.353	3.8
691.556	3.8
691.76	3.8
691.963	3.8
692.166	3.8
692.37	3.8
692.573	3.8
692.776	3.8
692.979	3.8
693.183	3.8
693.386	3.8
693.59	3.8
693.793	3.8
693.996	3.8
694.2	3.8
694.403	3.8
694.607	3.8
694.81	3.8
695.014	3.8
695.217	3.8
695.421	3.8
695.624	3.8
695.828	3.8
696.031	3.8
696.235	3.8
696.439	3.9
696.642	3.9
696.846	3.9
697.049	3.9
697.253	3.9
697.457	3.9
697.661	3.9
697.864	3.9
698.068	3.9
698.272	3.9
698.475	3.9
698.679	3.9
698.883	3.9
699.087	3.9
699.291	3.9
699.494	3.9
699.698	3.9
699.902	3.9
700.106	3.9
700.31	3.9
700.514	3.9
700.718	3.9
700.922	3.9
701.126	3.9
701.33	3.9
701.534	3.9
701.738	3.9
701.942	3.9
702.146	3.9
702.35	3.9
702.554	3.9
702.758	3.9
702.962	3.9
703.166	3.9
703.37	3.9
703.574	3.9
703.778	3.9
703.983	3.9
704.187	3.9
704.391	3.9
704.595	3.9
704.799	3.9
705.004	3.9
705.208	3.9
705.412	3.9
705.616	3.9
705.821	4
706.025	4
706.229	4
706.434	4
706.638	4
706.842	4
707.047	4
707.251	4
707.455	4
707.66	4
707.864	4
708.069	4
708.273	4
708.478	4
708.682	4
708.887	4
709.091	4
709.296	4
709.5	4
709.705	4
709.909	4
710.114	4
710.319	4
710.523	4
710.728	4
710.932	4
711.137	4
711.342	4
711.546	4
711.751	4
711.956	4
712.161	4
712.365	4
712.57	4
712.775	4
712.98	4
713.184	4
713.389	4
713.594	4
713.799	4
714.004	4
714.209	4
714.413	4
714.618	4
714.823	4
715.028	4
715.233	4
715.438	4
715.643	4
715.848	4
716.053	4
716.258	4
716.463	4
716.668	4
716.873	4
717.078	4
717.283	4
717.488	4.1
717.693	4.1
717.898	4.1
718.103	4.1
718.308	4.1
718.514	4.1
718.719	4.1
718.924	4.1
719.129	4.1
719.334	4.1
719.539	4.1
719.745	4.1
719.95	4.1
720.155	4.1
720.36	4.1
720.566	4.1
720.771	4.1
720.976	4.1
721.182	4.1
721.387	4.1
721.592	4.1
721.798	4.1
722.003	4.1
722.208	4.1
722.414	4.1
722.619	4.1
722.824	4.1
723.03	4.1
723.235	4.1
723.441	4.1
723.646	4.1
723.852	4.1
724.057	4.1
724.263	4.1
724.468	4.1
724.674	4.2
724.879	4.2
725.085	4.2
725.29	4.2
725.496	4.2
725.701	4.2
725.907	4.2
726.112	4.2
726.318	4.2
726.524	4.2
726.729	4.2
726.935	4.2
727.141	4.2
727.346	4.2
727.552	4.2
727.758	4.2
727.963	4.2
728.169	4.2
728.375	4.2
728.581	4.2
728.786	4.2
728.992	4.2
729.198	4.2
729.404	4.2
729.609	4.2
729.815	4.2
730.021	4.2
730.227	4.2
730.433	4.2
730.639	4.2
730.844	4.2
731.05	4.2
731.256	4.2
731.462	4.2
731.668	4.2
731.874	4.2
732.08	4.2
732.286	4.2
732.492	4.2
732.698	4.2
732.904	4.2
733.11	4.2
733.316	4.2
733.522	4.2
733.728	4.2
733.934	4.2
734.14	4.2
734.346	4.2
734.552	4.2
734.758	4.2
734.964	4.2
735.17	4.2
735.376	4.2
735.583	4.2
735.789	4.2
735.995	4.2
736.201	4.2
736.407	4.3
736.613	4.3
736.819	4.3
737.026	4.3
737.232	4.3
737.438	4.3
737.644	4.3
737.851	4.3
738.057	4.3
738.263	4.3
738.469	4.3
738.676	4.3
738.882	4.3
739.088	4.3
739.295	4.3
739.501	4.3
739.707	4.3
739.914	4.3
740.12	4.3
740.326	4.3
740.533	4.3
740.739	4.3
740.946	4.3
741.152	4.3
741.358	4.3
741.565	4.3
741.771	4.3
741.978	4.3
742.184	4.3
742.391	4.3
742.597	4.3
742.804	4.3
743.01	4.3
743.217	4.3
743.423	4.3
743.63	4.3
743.836	4.3
744.043	4.3
744.249	4.3
744.456	4.3
744.663	4.3
744.869	4.3
745.076	4.3
745.282	4.3
745.489	4.3
745.696	4.3
745.902	4.3
746.109	4.4
746.316	4.4
746.522	4.4
746.729	4.4
746.936	4.4
747.142	4.4
747.349	4.4
747.556	4.4
747.762	4.4
747.969	4.4
748.176	4.4
748.383	4.4
748.589	4.4
748.796	4.4
749.003	4.4
749.21	4.4
749.417	4.4
749.623	4.4
749.83	4.4
750.037	4.4
750.244	4.4
750.451	4.4
750.658	4.4
750.865	4.4
751.071	4.4
751.278	4.4
751.485	4.4
751.692	4.4
751.899	4.4
752.106	4.4
752.313	4.4
752.52	4.4
752.727	4.4
752.934	4.4
753.141	4.4
753.348	4.4
753.555	4.4
753.762	4.4
753.969	4.4
754.176	4.4
754.383	4.4
754.59	4.4
754.797	4.4
755.004	4.4
755.211	4.4
755.418	4.4
755.625	4.4
755.832	4.4
756.039	4.4
756.246	4.4
756.453	4.4
756.66	4.4
756.868	4.4
757.075	4.4
757.282	4.4
757.489	4.4
757.696	4.4
757.903	4.4
758.111	4.4
758.318	4.4
758.525	4.4
758.732	4.4
758.939	4.4
759.147	4.4
759.354	4.4
759.561	4.4
759.768	4.4
759.976	4.5
760.183	4.5
760.39	4.5
760.597	4.5
760.805	4.5
761.012	4.5
761.219	4.5
761.426	4.5
761.634	4.5
761.841	4.5
762.048	4.5
762.256	4.5
762.463	4.5
762.67	4.5
762.878	4.5
763.085	4.5
763.293	4.5
763.5	4.5
763.707	4.5
763.915	4.5
764.122	4.5
764.33	4.5
764.537	4.5
764.744	4.5
764.952	4.5
765.159	4.5
765.367	4.5
765.574	4.5
765.782	4.5
765.989	4.5
766.197	4.5
766.404	4.5
766.612	4.5
766.819	4.5
767.027	4.5
767.234	4.5
767.442	4.5
767.649	4.5
767.857	4.5
768.064	4.5
768.272	4.5
768.479	4.5
768.687	4.5
768.895	4.5
769.102	4.5
769.31	4.5
769.517	4.5
769.725	4.6
769.933	4.5
770.14	4.5
770.348	4.5
770.555	4.5
770.763	4.6
770.971	4.6
771.178	4.6
771.386	4.6
771.594	4.6
771.801	4.6
772.009	4.6
772.217	4.6
772.424	4.6
772.632	4.6
772.84	4.6
773.047	4.6
773.255	4.6
773.463	4.6
773.671	4.6
773.878	4.6
774.086	4.6
774.294	4.6
774.502	4.6
774.709	4.6
774.917	4.6
775.125	4.6
775.333	4.6
775.54	4.6
775.748	4.6
775.956	4.6
776.164	4.6
776.371	4.6
776.579	4.6
776.787	4.6
776.995	4.6
777.203	4.6
777.41	4.6
777.618	4.6
777.826	4.6
778.034	4.6
778.242	4.6
778.45	4.6
778.657	4.6
778.865	4.6
779.073	4.6
779.281	4.6
779.489	4.6
779.697	4.6
779.905	4.6
780.112	4.6
780.32	4.6
780.528	4.6
780.736	4.6
780.944	4.6
781.152	4.6
781.36	4.6
781.568	4.6
781.776	4.6
781.984	4.6
782.191	4.6
782.399	4.6
782.607	4.6
782.815	4.6
783.023	4.6
783.231	4.6
783.439	4.6
783.647	4.6
783.855	4.6
784.063	4.6
784.271	4.6
784.479	4.6
784.687	4.6
784.895	4.6
785.103	4.7
785.311	4.7
785.519	4.7
785.727	4.7
785.935	4.7
786.143	4.7
786.351	4.7
786.559	4.7
786.767	4.7
786.975	4.7
787.183	4.7
787.391	4.7
787.599	4.7
787.807	4.7
788.015	4.7
788.223	4.7
788.431	4.7
788.639	4.7
788.847	4.7
789.055	4.7
789.263	4.7
789.471	4.7
789.679	4.7
789.887	4.7
790.095	4.7
790.303	4.7
790.511	4.7
790.719	4.7
790.927	4.7
791.135	4.7
791.343	4.7
791.551	4.7
791.76	4.7
791.968	4.7
792.176	4.7
792.384	4.7
792.592	4.7
792.8	4.7
793.008	4.7
793.216	4.8
793.424	4.8
793.632	4.8
793.84	4.8
794.048	4.8
794.256	4.8
794.465	4.8
794.673	4.8
794.881	4.8
795.089	4.8
795.297	4.8
795.505	4.8
795.713	4.8
795.921	4.8
796.129	4.8
796.337	4.8
796.546	4.8
796.754	4.8
796.962	4.8
797.17	4.8
797.378	4.8
797.586	4.8
797.794	4.8
798.002	4.8
798.21	4.8
798.419	4.8
798.627	4.8
798.835	4.8
799.043	4.8
799.251	4.8
799.459	4.8
799.667	4.8
799.875	4.8
800.083	4.8
800.292	4.8
800.5	4.8
800.708	4.8
800.916	4.8
801.124	4.8
801.332	4.8
801.54	4.8
801.748	4.8
801.957	4.8
802.165	4.8
802.373	4.8
802.581	4.8
802.789	4.8
802.997	4.8
803.205	4.9
803.414	4.9
803.622	4.9
803.83	4.9
804.038	4.9
804.246	4.9
804.454	4.9
804.662	4.9
804.87	4.9
805.079	4.9
805.287	4.9
805.495	4.9
805.703	4.9
805.911	4.9
806.119	4.9
806.327	4.9
806.535	4.9
806.743	4.9
806.952	4.9
807.16	4.9
807.368	4.9
807.576	4.9
807.784	4.9
807.992	4.9
808.2	4.9
808.408	4.9
808.617	4.9
808.825	4.9
809.033	4.9
809.241	5
809.449	5
809.657	5
809.865	5
810.073	5
810.281	5
810.49	5
810.698	5
810.906	5
811.114	5
811.322	5
811.53	5
811.738	5
811.946	5
812.154	5
812.362	5
812.57	5
812.779	5
812.987	5
813.195	5
813.403	5
813.611	5
813.819	5
814.027	5
814.235	5
814.443	5
814.651	5
814.859	5
815.067	5
815.275	5
815.484	5
815.692	5
815.9	5
816.108	5
816.316	5
816.524	5
816.732	5
816.94	5
817.148	5
817.356	5
817.564	5
817.772	5
817.98	5
818.188	5
818.397	5
818.605	5
818.813	5
819.021	5
819.229	5
819.437	5.1
819.645	5.1
819.853	5.1
820.061	5.1
820.269	5.1
820.477	5.1
820.685	5.1
820.893	5.1
821.102	5.1
821.31	5.1
821.518	5.1
821.726	5.1
821.934	5.1
822.142	5.1
822.35	5.1
822.558	5.1
822.766	5.1
822.974	5.1
823.182	5.1
823.39	5.1
823.599	5.1
823.807	5.1
824.015	5.1
824.223	5.1
824.431	5.1
824.639	5.2
824.847	5.2
825.055	5.2
825.263	5.2
825.472	5.2
825.68	5.2
825.888	5.2
826.096	5.2
826.304	5.2
826.512	5.2
826.72	5.2
826.928	5.2
827.137	5.2
827.345	5.2
827.553	5.2
827.761	5.2
827.969	5.2
828.177	5.2
828.385	5.2
828.594	5.2
828.802	5.2
829.01	5.2
829.218	5.2
829.426	5.2
829.634	5.2
829.843	5.2
830.051	5.2
830.259	5.2
830.467	5.3
830.675	5.3
830.883	5.3
831.092	5.3
831.3	5.3
831.508	5.3
831.716	5.3
831.924	5.3
832.133	5.3
832.341	5.3
832.549	5.3
832.757	5.3
832.966	5.3
833.174	5.3
833.382	5.3
833.59	5.3
833.799	5.3
834.007	5.3
834.215	5.3
834.423	5.3
834.632	5.3
834.84	5.3
835.048	5.3
835.256	5.3
835.465	5.3
835.673	5.3
835.881	5.3
836.09	5.3
836.298	5.3
836.506	5.4
836.715	5.4
836.923	5.4
837.131	5.4
837.34	5.4
837.548	5.4
837.756	5.4
837.965	5.4
838.173	5.4
838.381	5.4
838.59	5.4
838.798	5.4
839.006	5.4
839.215	5.4
839.423	5.4
839.632	5.4
839.84	5.4
840.048	5.4
840.257	5.4
840.465	5.4
840.674	5.4
840.882	5.4
841.091	5.4
841.299	5.4
841.508	5.4
841.716	5.4
841.924	5.4
842.133	5.4
842.341	5.4
842.55	5.4
842.758	5.4
842.967	5.4
843.175	5.5
843.384	5.5
843.593	5.5
843.801	5.5
844.01	5.5
844.218	5.5
844.427	5.5
844.635	5.5
844.844	5.5
845.052	5.5
845.261	5.5
845.47	5.5
845.678	5.5
845.887	5.5
846.095	5.5
846.304	5.5
846.513	5.5
846.721	5.5
846.93	5.5
847.139	5.5
847.347	5.5
847.556	5.5
847.765	5.5
847.973	5.6
848.182	5.5
848.391	5.5
848.6	5.5
848.808	5.6
849.017	5.6
849.226	5.6
849.435	5.6
849.643	5.6
849.852	5.6
850.061	5.6
850.27	5.6
850.478	5.6
850.687	5.6
850.896	5.6
851.105	5.6
851.314	5.6
851.523	5.6
851.731	5.6
851.94	5.6
852.149	5.7
852.358	5.7
852.567	5.7
852.776	5.7
852.985	5.7
853.194	5.7
853.403	5.7
853.612	5.7
853.821	5.7
854.03	5.7
854.239	5.7
854.447	5.7
854.656	5.7
854.865	5.7
855.075	5.7
855.284	5.7
855.493	5.7
855.702	5.7
855.911	5.7
856.12	5.7
856.329	5.7
856.538	5.7
856.747	5.8
856.956	5.8
857.165	5.8
857.374	5.8
857.584	5.8
857.793	5.8
858.002	5.8
858.211	5.8
858.42	5.8
858.629	5.9
858.839	5.9
859.048	5.9
859.257	5.9
859.466	5.9
859.676	5.9
859.885	5.9
860.094	5.9
860.304	5.9
860.513	5.9
860.722	5.9
860.932	5.9
861.141	5.9
861.35	5.9
861.56	5.9
861.769	6
861.978	6
862.188	6
862.397	6
862.607	6
862.816	6
863.026	6
863.235	6
863.445	6
863.654	6
863.864	6
864.073	6.1
864.283	6.1
864.492	6.1
864.702	6.1
864.911	6.1
865.121	6.1
865.33	6.1
865.54	6.1
865.75	6.1
865.959	6.1
866.169	6.1
866.379	6.1
866.588	6.1
866.798	6.1
867.008	6.1
867.218	6.1
867.427	6.1
867.637	6.1
867.847	6.1
868.057	6.1
868.266	6.2
868.476	6.2
868.686	6.2
868.896	6.2
869.106	6.2
869.316	6.3
869.525	6.3
869.735	6.3
869.945	6.3
870.155	6.3
870.365	6.3
870.575	6.3
870.785	6.3
870.995	6.3
871.205	6.3
871.415	6.3
871.625	6.3
871.835	6.3
872.045	6.3
872.255	6.3
872.465	6.3
872.675	6.3
872.886	6.3
873.096	6.3
873.306	6.3
873.516	6.4
873.726	6.4
873.936	6.4
874.147	6.4
874.357	6.4
874.567	6.4
874.777	6.4
874.988	6.4
875.198	6.4
875.408	6.4
875.619	6.4
875.829	6.4
876.039	6.4
876.25	6.4
876.46	6.4
876.67	6.4
876.881	6.4
877.091	6.4
877.302	6.4
877.512	6.5
877.723	6.4
877.933	6.4
878.144	6.4
878.354	6.4
878.565	6.4
878.775	6.4
878.986	6.4
879.197	6.4
879.407	6.5
879.618	6.5
879.829	6.5
880.039	6.5
880.25	6.5
880.461	6.5
880.671	6.5
880.882	6.5
881.093	6.5
881.304	6.5
881.515	6.6
881.725	6.6
881.936	6.6
882.147	6.6
882.358	6.6
882.569	6.6
882.78	6.6
882.991	6.6
883.202	6.7
883.413	6.7
883.624	6.7
883.835	6.7
884.046	6.7
884.257	6.7
884.468	6.7
884.679	6.7
884.89	6.8
885.101	6.8
885.312	6.8
885.523	6.8
885.735	6.8
885.946	6.8
886.157	6.8
886.368	6.8
886.579	6.8
886.791	6.8
887.002	6.8
887.213	6.8
887.425	6.9
887.636	6.9
887.847	6.9
888.059	6.9
888.27	6.9
888.481	6.9
888.693	6.9
888.904	6.9
889.116	6.9
889.327	6.9
889.539	6.9
889.75	6.9
889.962	6.9
890.174	7
890.385	7
890.597	7
890.808	7
891.02	7
891.232	7
891.444	7
891.655	7
891.867	7
892.079	7
892.291	7
892.502	7
892.714	7
892.926	7
893.138	7
893.35	7
893.562	7.1
893.774	7.1
893.986	7.1
894.198	7.1
894.41	7.1
894.622	7.1
894.834	7.1
895.046	7.1
895.258	7.1
895.47	7.1
895.682	7.1
895.894	7.1
896.106	7.2
896.319	7.2
896.531	7.2
896.743	7.2
896.955	7.2
897.168	7.2
897.38	7.2
897.592	7.2
897.805	7.2
898.017	7.3
898.229	7.3
898.442	7.3
898.654	7.3
898.867	7.3
899.079	7.3
899.292	7.3
899.504	7.3
899.717	7.3
899.929	7.4
900.142	7.4
900.355	7.4
900.567	7.4
900.78	7.4
900.993	7.4
901.205	7.4
901.418	7.4
901.631	7.4
901.844	7.5
902.056	7.5
902.269	7.5
902.482	7.5
902.695	7.5
902.908	7.5
903.121	7.5
903.334	7.5
903.547	7.6
903.76	7.6
903.973	7.6
904.186	7.6
904.399	7.6
904.612	7.6
904.825	7.6
905.038	7.6
905.251	7.6
905.465	7.6
905.678	7.7
905.891	7.7
906.104	7.7
906.318	7.7
906.531	7.7
906.744	7.7
906.958	7.7
907.171	7.7
907.384	7.7
907.598	7.7
907.811	7.8
908.025	7.8
908.238	7.8
908.452	7.8
908.665	7.8
908.879	7.8
909.093	7.8
909.306	7.8
909.52	7.8
909.734	7.9
909.947	7.9
910.161	7.9
910.375	7.9
910.589	7.9
910.803	7.9
911.016	7.9
911.23	8
911.444	8
911.658	8
911.872	8
912.086	8
912.3	8.1
912.514	8.1
912.728	8.1
912.942	8.1
913.156	8.1
913.37	8.1
913.585	8.1
913.799	8.2
914.013	8.2
914.227	8.2
914.442	8.2
914.656	8.3
914.87	8.3
915.084	8.3
915.299	8.3
915.513	8.4
915.728	8.4
915.942	8.4
916.157	8.4
916.371	8.5
916.586	8.5
916.8	8.5
917.015	8.5
917.229	8.5
917.444	8.5
917.659	8.5
917.874	8.5
918.088	8.5
918.303	8.5
918.518	8.5
918.733	8.5
918.947	8.5
919.162	8.6
919.377	8.6
919.592	8.6
919.807	8.6
920.022	8.6
920.237	8.6
920.452	8.7
920.667	8.7
920.882	8.7
921.097	8.7
921.313	8.7
921.528	8.7
921.743	8.7
921.958	8.7
922.174	8.8
922.389	8.8
922.604	8.8
922.82	8.8
923.035	8.8
923.25	8.8
923.466	8.8
923.681	8.8
923.897	8.8
924.112	8.8
924.328	8.9
924.544	8.9
924.759	8.9
924.975	8.9
925.19	9
925.406	9.1
925.622	9.1
925.838	9.1
926.054	9.1
926.269	9.2
926.485	9.2
926.701	9.2
926.917	9.3
927.133	9.3
927.349	9.3
927.565	9.4
927.781	9.4
927.997	9.4
928.213	9.4
928.429	9.5
928.646	9.5
928.862	9.5
929.078	9.6
929.294	9.6
929.511	9.6
929.727	9.6
929.943	9.7
930.16	9.7
930.376	9.7
930.592	9.8
930.809	9.8
931.025	9.8
931.242	9.9
931.459	9.9
931.675	9.9
931.892	10
932.108	10
932.325	10
932.542	10.1
932.759	10.1
932.975	10.1
933.192	10.1
933.409	10.2
933.626	10.2
933.843	10.2
934.06	10.2
934.277	10.2
934.494	10.2
934.711	10.2
934.928	10.3
935.145	10.3
935.362	10.3
935.58	10.3
935.797	10.3
936.014	10.3
936.231	10.3
936.449	10.3
936.666	10.3
936.883	10.4
937.101	10.4
937.318	10.5
937.536	10.4
937.753	10.4
937.971	10.4
938.188	10.4
938.406	10.4
938.624	10.5
938.841	10.6
939.059	10.6
939.277	10.7
939.494	10.7
939.712	10.7
939.93	10.8
