290.797 78.990
290.982 78.295
291.167 78.663
291.352 77.400
291.537 76.562
291.722 76.156
291.907 75.982
292.091 74.840
292.276 73.466
292.461 73.109
292.646 73.579
292.831 76.030
293.016 75.738
293.201 75.591
293.386 75.582
293.571 75.137
293.756 74.727
293.940 73.571
294.125 72.137
294.310 70.697
294.495 69.396
294.680 68.386
294.865 69.066
295.050 68.442
295.235 68.292
295.420 68.246
295.605 68.123
295.789 67.944
295.974 68.435
296.159 69.680
296.344 69.656
296.529 69.064
296.714 68.873
296.899 69.106
297.084 68.737
297.269 68.392
297.454 68.055
297.638 68.085
297.823 69.165
298.008 69.506
298.193 69.458
298.378 69.600
298.563 69.457
298.748 68.135
298.933 67.376
299.118 67.841
299.303 67.556
299.487 67.052
299.672 66.814
299.857 66.541
300.042 66.217
300.227 66.144
300.412 65.825
300.597 65.460
300.782 65.443
300.967 65.642
301.152 65.759
301.336 65.726
301.521 66.181
301.706 65.265
301.891 65.986
302.076 66.459
302.261 65.447
302.446 64.775
302.631 64.685
302.816 64.865
303.001 64.358
303.185 64.297
303.370 64.855
303.555 65.030
303.740 64.979
303.925 64.893
304.110 64.605
304.295 64.328
304.480 63.830
304.665 63.304
304.850 62.980
305.034 62.680
305.219 61.967
305.404 60.550
305.589 59.848
305.774 58.474
305.959 58.029
306.144 58.655
306.329 58.988
306.514 59.397
306.699 59.529
306.883 59.165
307.068 58.841
307.253 58.046
307.438 57.352
307.623 57.754
307.808 58.142
307.993 58.426
308.178 58.346
308.363 58.265
308.548 58.272
308.732 58.602
308.917 57.890
309.102 57.197
309.287 57.183
309.472 57.015
309.657 56.864
309.842 56.773
310.027 56.802
310.212 56.575
310.397 56.025
310.581 55.567
310.766 55.876
310.951 55.853
311.136 55.557
311.321 56.258
311.506 56.291
311.691 55.738
311.876 55.270
312.061 54.777
312.245 54.421
312.430 53.965
312.615 52.769
312.800 52.820
312.985 53.132
313.170 53.396
313.347 53.780
313.523 53.608
313.700 53.484
313.877 53.296
314.054 53.165
314.230 53.184
314.407 53.309
314.584 52.848
314.761 52.319
314.937 52.151
315.114 51.041
315.291 49.965
315.467 49.318
315.644 49.130
315.821 49.091
315.998 48.989
316.174 49.025
316.351 49.643
316.528 49.812
316.704 50.094
316.881 49.819
317.058 49.491
317.235 49.752
317.411 49.276
317.588 48.712
317.765 48.580
317.942 48.084
318.118 47.452
318.295 47.359
318.472 47.890
318.648 48.346
318.825 48.310
319.002 48.722
319.179 49.022
319.355 48.772
319.532 49.060
319.709 49.379
319.885 49.006
320.062 48.349
320.239 47.928
320.416 47.399
320.592 47.095
320.769 46.765
320.946 46.174
321.123 45.954
321.299 46.129
321.476 45.919
321.653 45.950
321.829 46.400
322.006 46.491
322.183 46.140
322.360 46.000
322.536 46.814
322.713 46.395
322.890 45.513
323.066 45.642
323.243 45.648
323.420 45.400
323.597 45.088
323.773 45.167
323.950 45.043
324.127 44.891
324.304 44.957
324.480 45.147
324.657 44.930
324.834 44.845
325.010 44.570
325.187 44.324
325.364 44.176
325.541 43.900
325.717 43.818
325.894 43.664
326.071 43.183
326.248 42.131
326.424 41.803
326.601 41.985
326.778 41.686
326.954 41.181
327.131 40.884
327.308 40.770
327.485 40.351
327.661 39.845
327.838 39.593
328.015 39.855
328.191 39.760
328.368 39.746
328.545 39.614
328.722 39.819
328.898 40.166
329.075 40.056
329.252 39.695
329.429 39.627
329.605 39.717
329.782 39.567
329.959 39.449
330.135 39.438
330.312 39.342
330.489 39.116
330.666 38.819
330.842 38.690
331.019 38.682
331.196 38.676
331.372 38.635
331.549 38.312
331.726 37.420
331.903 37.166
332.079 37.263
332.256 37.296
332.433 37.433
332.610 37.217
332.786 37.123
332.963 37.574
333.140 37.293
333.316 36.814
333.493 36.550
333.670 36.365
333.847 36.161
334.023 35.899
334.200 36.025
334.377 36.220
334.553 36.148
334.730 36.244
334.907 36.194
335.084 36.304
335.260 36.599
335.437 36.704
335.614 36.320
335.791 36.051
335.967 35.968
336.144 35.328
336.321 35.124
336.497 35.328
336.674 35.212
336.851 35.041
337.028 35.022
337.204 35.257
337.381 35.573
337.558 35.468
337.734 35.163
337.911 34.729
338.088 34.588
338.265 34.619
338.441 34.396
338.618 34.130
338.795 34.035
338.972 33.930
339.148 33.829
339.325 33.934
339.502 33.911
339.678 33.633
339.855 33.448
340.032 33.320
340.209 33.115
340.385 32.779
340.562 32.700
340.739 32.755
340.916 32.681
341.092 32.432
341.269 32.645
341.446 32.936
341.622 33.062
341.799 32.793
341.976 32.436
342.153 32.303
342.329 32.296
342.506 32.068
342.683 31.996
342.859 32.008
343.036 31.763
343.213 31.534
343.390 31.581
343.566 31.500
343.743 31.420
343.920 31.480
344.097 31.385
344.273 31.273
344.450 31.161
344.627 31.035
344.803 30.789
344.980 30.672
345.157 30.750
345.334 30.737
345.510 30.692
345.687 30.627
345.864 30.232
346.040 30.160
346.217 30.491
346.394 30.512
346.571 30.757
346.747 30.782
346.924 30.638
347.101 30.779
347.278 31.135
347.454 31.166
347.631 30.678
347.808 30.323
347.984 30.277
348.161 30.170
348.338 30.085
348.515 30.107
348.691 29.966
348.868 29.836
349.045 29.650
349.221 29.613
349.398 29.545
349.575 29.876
349.752 29.960
349.928 29.640
350.105 29.723
350.282 29.756
350.459 29.819
350.635 29.908
350.812 29.758
350.989 29.532
351.165 29.439
351.342 29.582
351.519 29.706
351.696 29.782
351.872 29.949
352.049 29.933
352.226 29.736
352.402 29.463
352.579 29.231
352.756 29.179
352.933 29.029
353.109 29.078
353.286 28.881
353.463 28.825
353.640 28.999
353.816 28.753
353.993 28.450
354.170 28.244
354.346 28.224
354.523 28.187
354.700 28.203
354.877 28.259
355.053 28.230
355.230 28.211
355.407 28.089
355.584 28.011
355.760 27.885
355.937 27.917
356.114 28.127
356.290 28.217
356.467 28.249
356.644 28.502
356.821 28.579
356.997 28.760
357.174 28.894
357.351 28.798
357.527 28.802
357.704 28.668
357.881 28.707
358.058 28.696
358.234 28.590
358.411 28.414
358.588 28.256
358.765 28.235
358.941 28.262
359.118 28.274
359.295 28.315
359.471 28.502
359.648 28.537
359.825 28.391
360.002 28.304
360.178 28.086
360.355 27.805
360.532 27.754
360.708 27.599
360.885 27.336
361.062 27.299
361.239 27.304
361.415 27.195
361.592 27.208
361.769 27.251
361.946 27.400
362.122 27.350
362.299 27.473
362.476 27.432
362.652 27.147
362.829 27.093
363.006 27.021
363.183 26.776
363.359 26.637
363.536 26.559
363.713 26.494
363.889 26.592
364.066 26.760
364.243 26.840
364.420 26.851
364.596 26.964
364.773 26.943
364.950 26.891
365.127 26.966
365.303 26.900
365.480 26.719
365.661 26.546
365.841 26.591
366.022 26.490
366.202 26.469
366.383 26.487
366.563 26.334
366.744 26.328
366.924 26.435
367.105 26.623
367.286 26.691
367.466 26.654
367.647 26.679
367.827 26.446
368.008 26.251
368.188 26.228
368.369 26.045
368.549 25.954
368.730 25.850
368.911 25.842
369.091 25.996
369.272 26.082
369.452 25.956
369.633 25.882
369.813 25.898
369.994 25.817
370.174 25.844
370.355 26.064
370.535 26.211
370.716 26.263
370.897 26.137
371.077 26.021
371.258 26.003
371.438 25.965
371.619 26.128
371.799 26.226
371.980 26.137
372.160 26.121
372.341 26.139
372.522 26.180
372.702 26.240
372.883 26.066
373.063 25.985
373.244 26.066
373.424 26.141
373.605 26.184
373.785 26.195
373.966 26.312
374.147 26.364
374.327 26.350
374.508 26.316
374.688 26.321
374.869 26.424
375.049 26.565
375.230 26.569
375.410 26.523
375.591 26.401
375.772 26.392
375.952 26.460
376.133 26.380
376.313 26.418
376.494 26.472
376.674 26.546
376.855 26.612
377.035 26.672
377.216 26.639
377.397 26.535
377.577 26.561
377.758 26.563
377.938 26.464
378.119 26.151
378.299 26.027
378.480 26.055
378.660 26.035
378.841 25.907
379.021 25.881
379.202 25.924
379.383 25.944
379.563 25.876
379.744 25.779
379.924 25.770
380.105 25.674
380.285 25.612
380.466 25.683
380.646 25.658
380.827 25.547
381.008 25.552
381.188 25.552
381.369 25.512
381.549 25.426
381.730 25.352
381.910 25.503
382.091 25.628
382.271 25.611
382.452 25.608
382.633 25.661
382.813 25.690
382.994 25.609
383.174 25.625
383.355 25.736
383.535 25.799
383.716 25.810
383.896 25.791
384.077 25.741
384.258 25.584
384.438 25.568
384.619 25.591
384.799 25.512
384.980 25.526
385.160 25.521
385.341 25.509
385.521 25.518
385.702 25.399
385.882 25.275
386.063 25.246
386.244 25.182
386.424 25.106
386.605 25.057
386.785 25.085
386.966 25.108
387.146 25.131
387.327 25.101
387.507 25.108
387.688 25.076
387.869 25.029
388.049 25.032
388.230 24.996
388.410 24.990
388.591 24.956
388.771 24.819
388.952 24.749
389.132 24.769
389.313 24.752
389.494 24.814
389.674 24.804
389.855 24.719
390.035 24.714
390.216 24.703
390.396 24.701
390.577 24.691
390.757 24.668
390.938 24.605
391.119 24.589
391.299 24.527
391.480 24.529
391.660 24.501
391.841 24.463
392.021 24.466
392.202 24.422
392.382 24.451
392.563 24.526
392.743 24.555
392.924 24.519
393.105 24.395
393.285 24.307
393.466 24.332
393.646 24.368
393.827 24.336
394.007 24.342
394.188 24.312
394.368 24.347
394.549 24.368
394.730 24.252
394.910 24.171
395.091 24.159
395.271 24.132
395.452 24.101
395.632 24.099
395.813 24.146
395.993 24.225
396.174 24.189
396.355 24.143
396.535 24.054
396.716 23.951
396.896 23.999
397.077 24.007
397.257 23.945
397.438 23.925
397.618 23.920
397.799 23.865
397.980 23.816
398.160 23.704
398.341 23.654
398.521 23.667
398.702 23.688
398.882 23.650
399.063 23.595
399.243 23.568
399.424 23.560
399.605 23.520
399.785 23.375
399.966 23.320
400.146 23.274
400.327 23.254
400.507 23.278
400.688 23.286
400.868 23.279
401.049 23.262
401.229 23.207
401.410 23.195
401.591 23.208
401.771 23.220
401.952 23.203
402.132 23.158
402.313 23.083
402.493 23.045
402.674 23.064
402.854 23.034
403.035 22.975
403.216 22.881
403.396 22.776
403.577 22.752
403.757 22.718
403.938 22.715
404.118 22.728
404.299 22.666
404.479 22.613
404.660 22.551
404.841 22.474
405.023 22.464
405.204 22.501
405.385 22.506
405.566 22.503
405.748 22.471
405.929 22.385
406.110 22.370
406.292 22.318
406.473 22.246
406.654 22.224
406.835 22.195
407.017 22.179
407.198 22.143
407.379 22.142
407.560 22.149
407.742 22.162
407.923 22.197
408.104 22.227
408.286 22.169
408.467 22.106
408.648 22.115
408.829 22.125
409.011 22.076
409.192 22.034
409.373 21.989
409.555 21.976
409.736 21.976
409.917 21.957
410.098 21.945
410.280 21.982
410.461 22.037
410.642 22.095
410.823 22.137
411.005 22.177
411.186 22.186
411.367 22.222
411.549 22.202
411.730 22.148
411.911 22.148
412.092 22.166
412.274 22.211
412.455 22.238
412.636 22.234
412.818 22.219
412.999 22.201
413.180 22.201
413.361 22.205
413.543 22.224
413.724 22.289
413.905 22.360
414.087 22.373
414.268 22.339
414.449 22.350
414.630 22.367
414.812 22.429
414.993 22.465
415.174 22.437
415.355 22.430
415.537 22.445
415.718 22.460
415.899 22.505
416.081 22.493
416.262 22.472
416.443 22.487
416.624 22.508
416.806 22.550
416.987 22.589
417.168 22.659
417.350 22.676
417.531 22.664
417.712 22.633
417.893 22.642
418.075 22.722
418.256 22.751
418.437 22.794
418.618 22.820
418.800 22.854
418.981 22.891
419.162 22.945
419.344 22.992
419.525 23.023
419.706 23.068
419.887 23.130
420.069 23.181
420.250 23.234
420.431 23.284
420.613 23.310
420.794 23.327
420.975 23.315
421.156 23.353
421.338 23.429
421.519 23.495
421.700 23.509
421.882 23.512
422.063 23.547
422.244 23.611
422.425 23.702
422.607 23.763
422.788 23.785
422.969 23.815
423.150 23.848
423.332 23.889
423.513 23.918
423.694 23.970
423.876 24.051
424.057 24.107
424.238 24.140
424.419 24.190
424.601 24.229
424.782 24.286
424.963 24.313
425.145 24.320
425.326 24.345
425.507 24.404
425.688 24.427
425.870 24.428
426.051 24.395
426.232 24.330
426.413 24.320
426.595 24.351
426.776 24.342
426.957 24.347
427.139 24.353
427.320 24.355
427.501 24.361
427.682 24.338
427.864 24.313
428.045 24.292
428.226 24.282
428.408 24.302
428.589 24.285
428.770 24.303
428.951 24.325
429.133 24.308
429.314 24.295
429.495 24.304
429.677 24.336
429.858 24.348
430.039 24.361
430.220 24.346
430.402 24.359
430.583 24.401
430.764 24.398
430.945 24.379
431.127 24.365
431.308 24.340
431.489 24.327
431.671 24.301
431.852 24.296
432.033 24.292
432.214 24.261
432.396 24.240
432.577 24.258
432.758 24.283
432.940 24.312
433.121 24.291
433.302 24.265
433.483 24.237
433.665 24.218
433.846 24.193
434.027 24.195
434.208 24.189
434.390 24.162
434.571 24.152
434.752 24.166
434.934 24.170
435.115 24.164
435.296 24.129
435.477 24.118
435.659 24.097
435.840 24.066
436.030 24.066
436.220 24.053
436.410 23.999
436.600 23.938
436.790 23.903
436.980 23.881
437.170 23.871
437.360 23.837
437.550 23.805
437.741 23.788
437.931 23.750
438.121 23.709
438.311 23.662
438.501 23.605
438.691 23.548
438.881 23.477
439.071 23.403
439.261 23.378
439.451 23.360
439.641 23.332
439.831 23.308
440.021 23.263
440.211 23.211
440.401 23.157
440.591 23.117
440.781 23.072
440.971 23.032
441.161 22.980
441.351 22.949
441.542 22.912
441.732 22.838
441.922 22.773
442.112 22.712
442.302 22.674
442.492 22.663
442.682 22.634
442.872 22.608
443.062 22.560
443.252 22.509
443.442 22.453
443.632 22.393
443.822 22.314
444.012 22.249
444.202 22.216
444.392 22.181
444.582 22.118
444.772 22.047
444.962 21.983
445.153 21.928
445.343 21.879
445.533 21.833
445.723 21.808
445.913 21.787
446.103 21.756
446.293 21.726
446.483 21.668
446.673 21.620
446.863 21.572
447.053 21.565
447.243 21.529
447.433 21.482
447.623 21.446
447.813 21.388
448.003 21.344
448.193 21.294
448.383 21.253
448.573 21.224
448.764 21.195
448.954 21.167
449.144 21.145
449.334 21.096
449.524 21.048
449.714 20.993
449.904 20.934
450.094 20.887
450.284 20.825
450.474 20.754
450.664 20.695
450.854 20.662
451.044 20.598
451.234 20.561
451.424 20.534
451.614 20.491
451.804 20.474
451.994 20.437
452.184 20.401
452.375 20.364
452.565 20.332
452.755 20.292
452.945 20.253
453.135 20.193
453.325 20.162
453.515 20.130
453.705 20.077
453.895 20.022
454.085 19.973
454.275 19.928
454.465 19.892
454.655 19.866
454.845 19.827
455.035 19.783
455.225 19.726
455.415 19.677
455.605 19.638
455.795 19.588
455.985 19.537
456.176 19.497
456.366 19.448
456.556 19.390
456.746 19.342
456.936 19.286
457.126 19.228
457.316 19.160
457.506 19.108
457.696 19.071
457.886 19.045
458.076 19.023
458.266 19.002
458.456 18.973
458.646 18.919
458.836 18.858
459.026 18.825
459.216 18.804
459.406 18.741
459.596 18.698
459.787 18.669
459.977 18.638
460.167 18.578
460.357 18.550
460.547 18.531
460.737 18.493
460.927 18.479
461.117 18.473
461.307 18.466
461.497 18.423
461.687 18.382
461.877 18.345
462.067 18.306
462.257 18.284
462.447 18.262
462.637 18.236
462.827 18.221
463.017 18.184
463.207 18.138
463.397 18.114
463.588 18.084
463.778 18.042
463.968 17.997
464.158 17.982
464.348 17.940
464.538 17.887
464.728 17.854
464.918 17.816
465.108 17.772
465.298 17.708
465.488 17.683
465.678 17.672
465.868 17.641
466.058 17.605
466.248 17.555
466.438 17.503
466.628 17.462
466.818 17.424
467.008 17.388
467.199 17.339
467.389 17.312
467.579 17.297
467.769 17.297
467.959 17.265
468.149 17.216
468.339 17.182
468.529 17.156
468.719 17.114
468.909 17.068
469.099 17.025
469.289 16.998
469.479 16.976
469.669 16.932
469.859 16.898
470.049 16.866
470.239 16.841
470.429 16.825
470.619 16.807
470.810 16.777
471.000 16.757
471.190 16.751
471.380 16.731
471.570 16.686
471.760 16.624
471.950 16.599
472.140 16.583
472.330 16.552
472.520 16.520
472.710 16.506
472.900 16.483
473.090 16.470
473.280 16.448
473.470 16.407
473.660 16.380
473.850 16.358
474.040 16.340
474.230 16.303
474.421 16.273
474.611 16.245
474.801 16.197
474.991 16.155
475.181 16.125
475.371 16.093
475.561 16.063
475.751 16.049
475.941 16.019
476.131 15.985
476.321 15.948
476.511 15.908
476.701 15.875
476.891 15.841
477.081 15.803
477.271 15.779
477.461 15.756
477.651 15.736
477.841 15.722
478.031 15.682
478.222 15.637
478.412 15.601
478.602 15.573
478.792 15.555
478.982 15.537
479.172 15.510
479.362 15.481
479.552 15.461
479.742 15.433
479.932 15.406
480.122 15.388
480.312 15.380
480.502 15.367
480.692 15.347
480.882 15.334
481.072 15.310
481.262 15.285
481.452 15.266
481.642 15.245
481.833 15.224
482.023 15.206
482.213 15.187
482.403 15.162
482.593 15.136
482.783 15.113
482.973 15.087
483.163 15.068
483.353 15.041
483.543 15.002
483.733 14.987
483.923 14.984
484.113 14.961
484.303 14.937
484.493 14.920
484.683 14.891
484.873 14.860
485.063 14.845
485.253 14.824
485.443 14.806
485.634 14.788
485.824 14.755
486.014 14.736
486.204 14.724
486.394 14.714
486.584 14.689
486.774 14.665
486.964 14.654
487.154 14.630
487.344 14.618
487.534 14.610
487.724 14.580
487.914 14.554
488.104 14.537
488.294 14.514
488.484 14.494
488.674 14.488
488.864 14.477
489.054 14.469
489.245 14.453
489.435 14.429
489.625 14.413
489.815 14.412
490.005 14.403
490.195 14.391
490.385 14.377
490.575 14.359
490.765 14.341
490.955 14.325
491.145 14.313
491.335 14.280
491.525 14.258
491.715 14.242
491.905 14.228
492.095 14.209
492.285 14.201
492.475 14.190
492.665 14.159
492.856 14.137
493.046 14.106
493.236 14.088
493.426 14.079
493.616 14.050
493.806 14.014
493.996 13.989
494.186 13.974
494.376 13.959
494.566 13.960
494.756 13.955
494.946 13.933
495.136 13.914
495.326 13.911
495.516 13.898
495.706 13.886
495.896 13.866
496.086 13.858
496.276 13.851
496.467 13.832
496.657 13.822
496.847 13.810
497.037 13.804
497.227 13.781
497.417 13.760
497.607 13.757
497.797 13.753
497.987 13.741
498.177 13.723
498.367 13.702
498.557 13.672
498.747 13.654
498.937 13.659
499.127 13.651
499.317 13.634
499.507 13.622
499.697 13.602
499.887 13.582
500.077 13.564
500.268 13.546
500.458 13.532
500.648 13.527
500.838 13.508
501.028 13.488
501.218 13.480
501.408 13.458
501.598 13.435
501.788 13.414
501.978 13.394
502.168 13.382
502.358 13.382
502.548 13.385
502.738 13.378
502.928 13.354
503.118 13.345
503.308 13.345
503.498 13.333
503.688 13.326
503.879 13.325
504.069 13.308
504.259 13.289
504.449 13.280
504.639 13.269
504.829 13.266
505.019 13.251
505.209 13.244
505.399 13.242
505.589 13.234
505.779 13.227
505.969 13.218
506.159 13.205
506.349 13.179
506.539 13.155
506.729 13.137
506.919 13.123
507.109 13.104
507.299 13.083
507.490 13.072
507.680 13.059
507.870 13.044
508.060 13.029
508.250 13.018
508.440 13.005
508.630 12.990
508.820 12.979
509.010 12.974
509.200 12.957
509.390 12.947
509.580 12.944
509.770 12.938
509.960 12.932
510.150 12.931
510.340 12.919
510.530 12.909
510.720 12.909
510.910 12.929
511.100 12.972
511.291 12.970
511.481 12.970
511.671 12.968
511.861 12.955
512.051 12.954
512.241 12.943
512.431 12.926
512.621 12.917
512.811 12.908
513.001 12.900
513.191 12.894
513.381 12.884
513.571 12.865
513.761 12.853
513.951 12.848
514.141 12.842
514.331 12.850
514.521 12.839
514.711 12.815
514.902 12.776
515.092 12.710
515.282 12.694
515.472 12.679
515.662 12.664
515.852 12.655
516.042 12.642
516.232 12.638
516.422 12.631
516.612 12.623
516.802 12.614
516.992 12.602
517.182 12.598
517.372 12.590
517.562 12.587
517.752 12.580
517.942 12.565
518.132 12.557
518.322 12.553
518.513 12.543
518.703 12.542
518.893 12.536
519.083 12.530
519.273 12.524
519.463 12.516
519.653 12.509
519.843 12.501
520.033 12.493
520.223 12.481
520.413 12.471
520.603 12.454
520.793 12.438
520.983 12.430
521.173 12.422
521.363 12.417
521.553 12.402
521.743 12.376
521.933 12.354
522.123 12.326
522.314 12.301
522.504 12.295
522.694 12.285
522.884 12.273
523.074 12.267
523.264 12.251
523.454 12.230
523.644 12.214
523.834 12.205
524.024 12.193
524.214 12.179
524.404 12.165
524.594 12.155
524.784 12.142
524.974 12.121
525.164 12.102
525.354 12.095
525.544 12.099
525.734 12.101
525.925 12.096
526.115 12.085
526.305 12.067
526.495 12.050
526.685 12.031
526.875 12.018
527.065 12.007
527.255 11.988
527.445 11.972
527.635 11.964
527.825 11.947
528.015 11.936
528.205 11.928
528.395 11.922
528.585 11.907
528.775 11.894
528.965 11.883
529.155 11.873
529.345 11.850
529.535 11.827
529.726 11.811
529.916 11.800
530.106 11.791
530.296 11.780
530.486 11.766
530.676 11.755
530.866 11.733
531.056 11.708
531.246 11.700
531.436 11.689
531.626 11.666
531.816 11.649
532.006 11.629
532.196 11.613
532.386 11.593
532.576 11.575
532.766 11.554
532.956 11.543
533.146 11.525
533.337 11.499
533.527 11.473
533.717 11.452
533.907 11.430
534.097 11.409
534.287 11.392
534.477 11.374
534.667 11.356
534.857 11.346
535.047 11.329
535.237 11.308
535.427 11.294
535.617 11.284
535.807 11.270
535.997 11.258
536.187 11.236
536.377 11.225
536.567 11.215
536.757 11.205
536.948 11.188
537.138 11.169
537.328 11.154
537.518 11.140
537.708 11.120
537.898 11.102
538.088 11.085
538.278 11.067
538.468 11.056
538.658 11.046
538.848 11.023
539.038 11.004
539.228 10.985
539.418 10.966
539.608 10.948
539.798 10.925
539.988 10.902
540.178 10.894
540.368 10.883
540.558 10.868
540.749 10.860
540.939 10.846
541.129 10.832
541.319 10.817
541.509 10.808
541.699 10.794
541.889 10.773
542.079 10.759
542.269 10.753
542.459 10.732
542.649 10.705
542.839 10.699
543.029 10.689
543.219 10.685
543.409 10.676
543.599 10.666
543.789 10.649
543.979 10.635
544.169 10.615
544.360 10.589
544.550 10.572
544.740 10.548
544.930 10.530
545.120 10.512
545.310 10.490
545.500 10.466
545.690 10.454
545.880 10.443
546.070 10.424
546.267 10.393
546.463 10.369
546.660 10.350
546.857 10.325
547.054 10.304
547.251 10.279
547.447 10.256
547.644 10.235
547.841 10.221
548.038 10.201
548.234 10.175
548.431 10.147
548.628 10.118
548.825 10.100
549.021 10.080
549.218 10.056
549.415 10.038
549.612 10.021
549.808 10.000
550.005 9.976
550.202 9.952
550.399 9.940
550.595 9.927
550.792 9.916
550.989 9.896
551.186 9.876
551.382 9.856
551.579 9.832
551.776 9.813
551.973 9.801
552.169 9.791
552.366 9.782
552.563 9.779
552.760 9.767
552.956 9.743
553.153 9.721
553.350 9.701
553.547 9.683
553.743 9.666
553.940 9.651
554.137 9.635
554.334 9.610
554.530 9.589
554.727 9.571
554.924 9.546
555.121 9.527
555.317 9.509
555.514 9.491
555.711 9.473
555.908 9.445
556.104 9.414
556.301 9.386
556.498 9.361
556.695 9.336
556.891 9.318
557.088 9.311
557.285 9.299
557.482 9.284
557.678 9.262
557.875 9.236
558.072 9.206
558.269 9.187
558.465 9.183
558.662 9.170
558.859 9.148
559.056 9.129
559.252 9.106
559.449 9.080
559.646 9.055
559.843 9.036
560.039 9.019
560.236 9.007
560.433 8.992
560.630 8.974
560.826 8.950
561.023 8.927
561.220 8.893
561.417 8.866
561.613 8.851
561.810 8.840
562.007 8.830
562.204 8.814
562.400 8.791
562.597 8.769
562.794 8.745
562.991 8.727
563.187 8.709
563.384 8.690
563.581 8.672
563.778 8.662
563.974 8.654
564.171 8.644
564.368 8.619
564.565 8.601
564.761 8.592
564.958 8.579
565.155 8.561
565.352 8.552
565.548 8.539
565.745 8.524
565.942 8.507
566.139 8.488
566.335 8.473
566.532 8.463
566.729 8.450
566.926 8.437
567.122 8.423
567.319 8.409
567.516 8.398
567.713 8.390
567.909 8.374
568.106 8.354
568.303 8.335
568.500 8.331
568.696 8.321
568.893 8.301
569.090 8.290
569.287 8.275
569.483 8.262
569.680 8.248
569.877 8.228
570.074 8.210
570.270 8.190
570.467 8.177
570.664 8.166
570.861 8.151
571.057 8.143
571.254 8.134
571.451 8.121
571.648 8.112
571.844 8.104
572.041 8.086
572.238 8.076
572.435 8.072
572.631 8.048
572.828 8.030
573.025 8.017
573.222 8.000
573.418 7.991
573.615 7.975
573.812 7.960
574.009 7.950
574.205 7.941
574.402 7.928
574.599 7.914
574.796 7.897
574.992 7.878
575.189 7.860
575.386 7.850
575.583 7.838
575.779 7.823
575.976 7.807
576.173 7.795
576.370 7.777
576.567 7.752
576.763 7.741
576.960 7.730
577.158 7.714
577.356 7.697
577.554 7.685
577.752 7.673
577.950 7.656
578.148 7.638
578.346 7.620
578.544 7.612
578.742 7.600
578.940 7.588
579.138 7.583
579.336 7.568
579.534 7.543
579.732 7.526
579.930 7.508
580.128 7.495
580.326 7.487
580.524 7.463
580.722 7.445
580.920 7.435
581.118 7.428
581.316 7.419
581.514 7.408
581.712 7.390
581.909 7.370
582.107 7.354
582.305 7.347
582.503 7.342
582.701 7.328
582.899 7.313
583.097 7.298
583.295 7.277
583.493 7.259
583.691 7.249
583.889 7.236
584.087 7.219
584.285 7.199
584.483 7.185
584.681 7.188
584.879 7.181
585.077 7.164
585.275 7.142
585.473 7.127
585.671 7.115
585.869 7.104
586.067 7.097
586.265 7.088
586.463 7.066
586.661 7.043
586.859 7.028
587.057 7.019
587.255 7.003
587.453 6.995
587.651 6.990
587.849 6.983
588.047 6.974
588.245 6.970
588.443 6.966
588.641 6.953
588.839 6.933
589.037 6.916
589.235 6.902
589.433 6.886
589.631 6.871
589.829 6.856
590.027 6.841
590.225 6.823
590.423 6.812
590.621 6.804
590.819 6.795
591.017 6.787
591.215 6.773
591.413 6.762
591.611 6.748
591.809 6.732
592.006 6.708
592.204 6.696
592.402 6.688
592.600 6.672
592.798 6.661
592.996 6.658
593.194 6.652
593.392 6.646
593.590 6.645
593.788 6.638
593.986 6.629
594.184 6.617
594.382 6.608
594.580 6.592
594.778 6.573
594.976 6.555
595.174 6.538
595.372 6.527
595.570 6.519
595.768 6.505
595.966 6.491
596.164 6.484
596.362 6.466
596.560 6.448
596.758 6.446
596.956 6.437
597.154 6.423
597.352 6.408
597.550 6.387
597.748 6.364
597.946 6.350
598.144 6.333
598.342 6.321
598.540 6.314
598.738 6.309
598.936 6.305
599.134 6.297
599.332 6.296
599.530 6.293
599.728 6.273
599.926 6.259
600.124 6.259
600.322 6.252
600.520 6.238
600.718 6.229
600.916 6.215
601.114 6.204
601.312 6.196
601.510 6.189
601.708 6.187
601.905 6.179
602.103 6.174
602.301 6.173
602.499 6.170
602.697 6.156
602.895 6.145
603.093 6.138
603.291 6.126
603.489 6.108
603.687 6.091
603.885 6.092
604.083 6.088
604.281 6.067
604.479 6.052
604.677 6.049
604.875 6.040
605.073 6.037
605.271 6.049
605.469 6.032
605.667 6.019
605.865 6.011
606.063 6.006
606.261 5.993
606.459 5.980
606.657 5.966
606.855 5.959
607.053 5.947
607.251 5.935
607.449 5.931
607.647 5.927
607.845 5.921
608.043 5.911
608.241 5.904
608.439 5.901
608.637 5.899
608.835 5.902
609.033 5.898
609.231 5.876
609.429 5.844
609.627 5.836
609.825 5.826
610.023 5.815
610.221 5.808
610.419 5.806
610.617 5.802
610.815 5.800
611.013 5.800
611.211 5.802
611.409 5.802
611.607 5.795
611.804 5.783
612.002 5.776
612.200 5.772
612.398 5.770
612.596 5.770
612.794 5.766
612.992 5.756
613.190 5.755
613.388 5.760
613.586 5.756
613.784 5.753
613.982 5.747
614.180 5.743
614.378 5.739
614.576 5.730
614.774 5.722
614.972 5.713
615.170 5.699
615.368 5.685
615.566 5.679
615.764 5.678
615.962 5.679
616.160 5.674
616.358 5.666
616.556 5.659
616.754 5.647
616.952 5.642
617.150 5.636
617.348 5.628
617.546 5.621
617.744 5.618
617.942 5.622
618.140 5.629
618.338 5.628
618.536 5.621
618.734 5.620
618.932 5.626
619.130 5.629
619.328 5.637
619.526 5.649
619.724 5.650
619.922 5.655
620.120 5.660
620.318 5.659
620.516 5.659
620.714 5.668
620.912 5.684
621.110 5.682
621.308 5.685
621.506 5.689
621.704 5.694
621.901 5.694
622.099 5.692
622.297 5.695
622.495 5.698
622.693 5.702
622.891 5.701
623.089 5.702
623.287 5.708
623.485 5.710
623.683 5.710
623.881 5.718
624.079 5.722
624.277 5.726
624.475 5.734
624.673 5.738
624.871 5.737
625.069 5.733
625.267 5.747
625.465 5.756
625.663 5.763
625.861 5.759
626.059 5.766
626.257 5.773
626.455 5.778
626.653 5.786
626.851 5.801
627.049 5.815
627.247 5.815
627.445 5.814
627.643 5.811
627.841 5.810
628.039 5.807
628.237 5.806
628.435 5.813
628.633 5.815
628.831 5.823
629.029 5.827
629.227 5.828
629.425 5.831
629.623 5.838
629.821 5.847
630.019 5.856
630.217 5.858
630.415 5.863
630.613 5.868
630.811 5.883
631.009 5.888
631.207 5.895
631.405 5.912
631.603 5.925
631.801 5.944
631.998 5.963
632.196 5.977
632.394 5.982
632.592 5.987
632.790 5.998
632.988 5.998
633.186 6.008
633.384 6.014
633.582 6.011
633.780 6.006
633.978 6.008
634.176 6.022
634.374 6.029
634.572 6.030
634.770 6.031
634.968 6.030
635.166 6.032
635.364 6.032
635.562 6.028
635.760 6.030
635.958 6.031
636.156 6.035
636.354 6.042
636.552 6.044
636.750 6.048
636.948 6.052
637.146 6.166
637.344 6.357
637.542 6.362
637.740 6.375
637.938 6.385
638.136 6.381
638.334 6.377
638.532 6.391
638.730 6.405
638.928 6.409
639.126 6.408
639.324 6.409
639.522 6.409
639.720 6.435
639.918 6.479
640.116 6.486
640.314 6.483
640.512 6.480
640.710 6.491
640.908 6.497
641.106 6.497
641.304 6.394
641.502 6.206
641.699 6.207
641.897 6.204
642.095 6.203
642.293 6.208
642.491 6.206
642.689 6.202
642.887 6.203
643.085 6.212
643.283 6.217
643.481 6.221
643.679 6.225
643.877 6.200
644.075 6.157
644.273 6.147
644.471 6.148
644.669 6.150
644.867 6.153
645.065 6.158
645.263 6.159
645.461 6.156
645.659 6.152
645.857 6.150
646.055 6.153
646.253 6.159
646.451 6.171
646.649 6.184
646.847 6.191
647.045 6.189
647.243 6.189
647.441 6.192
647.639 6.189
647.837 6.189
648.035 6.201
648.233 6.203
648.431 6.204
648.629 6.204
648.827 6.200
649.025 6.199
649.223 6.186
649.421 6.177
649.619 6.168
649.817 6.165
650.015 6.163
650.213 6.159
650.411 6.148
650.609 6.126
650.807 6.111
651.005 6.096
651.203 6.083
651.401 6.070
651.599 6.053
651.796 6.044
651.994 6.036
652.192 6.021
652.390 6.015
652.588 6.002
652.786 5.987
652.984 5.982
653.182 5.963
653.380 5.951
653.578 5.940
653.776 5.935
653.974 5.930
654.172 5.919
654.370 5.906
654.568 5.898
654.766 5.901
654.964 5.897
655.162 5.897
655.360 5.895
655.558 5.880
655.756 5.868
655.954 5.854
656.152 5.844
656.350 5.837
656.548 5.831
656.746 5.830
656.944 5.828
657.142 5.820
657.340 5.811
657.538 5.803
657.736 5.800
657.934 5.791
658.132 5.786
658.330 5.785
658.528 5.772
658.726 5.761
658.924 5.750
659.122 5.739
659.320 5.722
659.518 5.713
659.716 5.717
659.914 5.717
660.112 5.715
660.310 5.714
660.508 5.705
660.706 5.694
660.904 5.687
661.102 5.676
661.300 5.667
661.498 5.666
661.696 5.663
661.893 5.646
662.091 5.643
662.289 5.643
662.487 5.640
662.685 5.641
662.883 5.642
663.081 5.644
663.279 5.640
663.477 5.637
663.675 5.640
663.873 5.639
664.071 5.638
664.269 5.636
664.467 5.639
664.665 5.637
664.863 5.627
665.061 5.623
665.259 5.627
665.457 5.624
665.655 5.623
665.853 5.625
666.051 5.636
666.249 5.635
666.447 5.628
666.645 5.625
666.843 5.624
667.041 5.614
667.239 5.608
667.437 5.614
667.635 5.619
667.833 5.607
668.031 5.597
668.229 5.595
668.427 5.593
668.625 5.582
668.823 5.577
669.021 5.585
669.219 5.586
669.417 5.581
669.615 5.571
669.813 5.568
670.011 5.578
670.209 5.588
670.407 5.587
670.605 5.596
670.803 5.604
671.001 5.597
671.199 5.596
671.397 5.595
671.595 5.589
671.792 5.582
671.990 5.590
672.188 5.599
672.386 5.602
672.584 5.601
672.782 5.597
672.980 5.599
673.178 5.606
673.376 5.613
673.574 5.616
673.772 5.622
673.970 5.622
674.168 5.614
674.366 5.606
674.564 5.615
674.762 5.602
674.960 5.594
675.158 5.614
675.356 5.623
675.554 5.619
675.752 5.617
675.950 5.628
676.148 5.633
676.346 5.639
676.544 5.639
676.742 5.648
676.940 5.671
677.138 5.682
677.336 5.691
677.534 5.692
677.732 5.702
677.930 5.721
678.128 5.740
678.326 5.755
678.524 5.769
678.722 5.769
678.920 5.778
679.118 5.784
679.316 5.782
679.514 5.797
679.712 5.816
679.910 5.831
680.108 5.836
680.306 5.842
680.504 5.855
680.702 5.875
680.900 5.891
681.098 5.893
681.296 5.895
681.494 5.898
681.691 5.917
681.889 5.933
682.087 5.943
682.285 5.946
682.483 5.954
682.681 5.963
682.879 5.989
683.077 6.018
683.275 6.046
683.473 6.080
683.671 6.100
683.869 6.114
684.067 6.127
684.265 6.147
684.463 6.171
684.661 6.193
684.859 6.215
685.057 6.238
685.255 6.268
685.453 6.300
685.651 6.336
685.849 6.365
686.047 6.382
686.245 6.401
686.443 6.431
686.641 6.462
686.839 6.495
687.037 6.521
687.235 6.553
687.433 6.573
687.631 6.585
687.829 6.613
688.027 6.650
688.225 6.683
688.423 6.711
688.621 6.741
688.819 6.764
689.017 6.790
689.215 6.816
689.413 6.848
689.611 6.882
689.809 6.912
690.007 6.943
690.205 6.986
690.403 7.027
690.601 7.066
690.799 7.106
690.997 7.148
691.195 7.189
691.393 7.231
691.591 7.285
691.788 7.329
691.986 7.369
692.184 7.407
692.382 7.458
692.580 7.512
692.778 7.567
692.976 7.622
693.174 7.668
693.372 7.720
693.570 7.773
693.768 7.830
693.966 7.879
694.164 7.931
694.362 7.989
694.560 8.044
694.758 8.092
694.956 8.138
695.154 8.188
695.352 8.244
695.550 8.295
695.748 8.347
695.946 8.424
696.144 8.488
696.342 8.560
696.540 8.627
696.744 8.700
696.948 8.772
697.152 8.843
697.357 8.921
697.561 9.007
697.765 9.085
697.969 9.156
698.173 9.226
698.377 9.294
698.581 9.359
698.786 9.435
698.990 9.520
699.194 9.607
699.398 9.691
699.602 9.773
699.806 9.849
700.010 9.926
700.215 10.004
700.419 10.091
700.623 10.168
700.827 10.258
701.031 10.331
701.235 10.394
701.440 10.468
701.644 10.545
701.848 10.621
702.052 10.708
702.256 10.811
702.460 10.916
702.664 11.020
702.869 11.104
703.073 11.191
703.277 11.280
703.481 11.371
703.685 11.467
703.889 11.560
704.093 11.651
704.298 11.750
704.502 11.833
704.706 11.928
704.910 12.022
705.114 12.096
705.318 12.194
705.522 12.311
705.727 12.422
705.931 12.526
706.135 12.619
706.339 12.714
706.543 12.799
706.747 12.874
706.951 12.958
707.156 13.067
707.360 13.169
707.564 13.268
707.768 13.355
707.972 13.439
708.176 13.529
708.380 13.626
708.585 13.725
708.789 13.830
708.993 13.926
709.197 14.025
709.401 14.131
709.605 14.236
709.810 14.321
710.014 14.395
710.218 14.479
710.422 14.570
710.626 14.652
710.830 14.729
711.034 14.822
711.239 14.915
711.443 14.999
711.647 15.085
711.851 15.173
712.055 15.275
712.259 15.385
712.463 15.480
712.668 15.571
712.872 15.649
713.076 15.724
713.280 15.810
713.484 15.891
713.688 15.974
713.892 16.051
714.097 16.131
714.301 16.221
714.505 16.305
714.709 16.391
714.913 16.476
715.117 16.566
715.321 16.660
715.526 16.737
715.730 16.824
715.934 16.901
716.138 16.979
716.342 17.050
716.546 17.111
716.750 17.183
716.955 17.257
717.159 17.338
717.363 17.411
717.567 17.478
717.771 17.558
717.975 17.647
718.180 17.716
718.384 17.784
718.588 17.857
718.792 17.924
718.996 17.989
719.200 18.056
719.404 18.124
719.609 18.183
719.813 18.251
720.017 18.302
720.221 18.362
720.425 18.424
720.629 18.485
720.833 18.545
721.038 18.612
721.242 18.675
721.446 18.733
721.650 18.799
721.854 18.861
722.058 18.922
722.262 18.977
722.467 19.040
722.671 19.110
722.875 19.173
723.079 19.229
723.283 19.283
723.487 19.334
723.691 19.378
723.896 19.437
724.100 19.502
724.304 19.579
724.508 19.647
724.712 19.707
724.916 19.773
725.120 19.829
725.325 19.868
725.529 19.911
725.733 19.958
725.937 20.016
726.141 20.064
726.345 20.100
726.550 20.143
726.754 20.201
726.958 20.247
727.162 20.286
727.366 20.344
727.570 20.398
727.774 20.458
727.979 20.523
728.183 20.571
728.387 20.612
728.591 20.661
728.795 20.703
728.999 20.740
729.203 20.783
729.408 20.831
729.612 20.878
729.816 20.937
730.020 20.991
730.224 21.028
730.428 21.071
730.632 21.123
730.837 21.159
731.041 21.191
731.245 21.232
731.449 21.273
731.653 21.318
731.857 21.370
732.061 21.409
732.266 21.451
732.470 21.500
732.674 21.541
732.878 21.570
733.082 21.628
733.286 21.690
733.490 21.727
733.695 21.770
733.899 21.824
734.103 21.857
734.307 21.898
734.511 21.949
734.715 22.005
734.920 22.051
735.124 22.109
735.328 22.162
735.532 22.208
735.736 22.257
735.940 22.301
736.144 22.341
736.349 22.384
736.553 22.415
736.757 22.452
736.961 22.484
737.165 22.521
737.369 22.551
737.573 22.574
737.778 22.617
737.982 22.659
738.186 22.692
738.390 22.737
738.594 22.776
738.798 22.813
739.002 22.836
739.207 22.869
739.411 22.905
739.615 22.929
739.819 22.963
740.023 23.004
740.227 23.038
740.431 23.064
740.636 23.096
740.840 23.126
741.044 23.156
741.248 23.209
741.452 23.255
741.656 23.286
741.860 23.328
742.065 23.365
742.269 23.402
742.473 23.453
742.677 23.501
742.881 23.539
743.085 23.577
743.290 23.608
743.494 23.636
743.698 23.663
743.902 23.704
744.106 23.748
744.310 23.803
744.514 23.840
744.719 23.869
744.923 23.899
745.127 23.938
745.331 23.979
745.535 24.020
745.739 24.037
745.943 24.071
746.148 24.117
746.352 24.166
746.556 24.193
746.760 24.216
746.964 24.249
747.168 24.276
747.372 24.307
747.577 24.370
747.781 24.422
747.985 24.459
748.189 24.481
748.393 24.496
748.597 24.498
748.801 24.523
749.006 24.569
749.210 24.619
749.414 24.663
749.618 24.713
749.822 24.743
750.026 24.786
750.230 24.810
750.435 24.820
750.639 24.827
750.843 24.858
751.047 24.891
751.251 24.918
751.455 24.965
751.660 25.005
751.864 25.022
752.068 25.037
752.272 25.068
752.476 25.115
752.680 25.159
752.884 25.212
753.089 25.244
753.293 25.269
753.497 25.293
753.701 25.314
753.905 25.330
754.109 25.358
754.313 25.396
754.518 25.439
754.722 25.483
754.926 25.533
755.130 25.575
755.334 25.630
755.538 25.663
755.742 25.674
755.947 25.696
756.151 25.716
756.355 25.736
756.559 25.760
756.763 25.784
756.967 25.805
757.171 25.819
757.376 25.875
757.580 25.927
757.784 25.961
757.988 26.023
758.192 26.089
758.396 26.142
758.600 26.172
758.805 26.196
759.009 26.243
759.213 26.287
759.417 26.311
759.621 26.326
759.825 26.358
760.030 26.395
760.234 26.425
760.438 26.474
760.642 26.517
760.846 26.547
761.050 26.571
761.254 26.606
761.459 26.649
761.663 26.678
761.867 26.698
762.071 26.717
762.275 26.730
762.479 26.733
762.683 26.736
762.888 26.767
763.092 26.806
763.296 26.831
763.500 26.867
763.709 26.928
763.918 26.964
764.126 26.992
764.335 27.039
764.544 27.086
764.753 27.114
764.962 27.148
765.171 27.189
765.379 27.234
765.588 27.280
765.797 27.314
766.006 27.328
766.215 27.361
766.424 27.420
766.632 27.455
766.841 27.483
767.050 27.520
767.259 27.564
767.468 27.607
767.677 27.628
767.885 27.630
768.094 27.643
768.303 27.659
768.512 27.685
768.721 27.709
768.929 27.735
769.138 27.763
769.347 27.798
769.556 27.829
769.765 27.848
769.974 27.859
770.182 27.871
770.391 27.913
770.600 27.954
770.809 27.966
771.018 27.983
771.227 27.998
771.435 28.021
771.644 28.057
771.853 28.089
772.062 28.129
772.271 28.168
772.480 28.202
772.688 28.251
772.897 28.292
773.106 28.322
773.315 28.348
773.524 28.379
773.732 28.411
773.941 28.448
774.150 28.488
774.359 28.526
774.568 28.567
774.777 28.579
774.985 28.585
775.194 28.616
775.403 28.645
775.612 28.698
775.821 28.741
776.030 28.767
776.238 28.808
776.447 28.849
776.656 28.897
776.865 28.922
777.074 28.956
777.283 28.989
777.491 29.025
777.700 29.067
777.909 29.099
778.118 29.112
778.327 29.129
778.535 29.173
778.744 29.223
778.953 29.265
779.162 29.309
779.371 29.343
779.580 29.369
779.788 29.412
779.997 29.440
780.206 29.460
780.415 29.480
780.624 29.492
780.833 29.492
781.041 29.487
781.250 29.512
781.459 29.535
781.668 29.559
781.877 29.580
782.086 29.609
782.294 29.657
782.503 29.709
782.712 29.761
782.921 29.801
783.130 29.833
783.338 29.868
783.547 29.899
783.756 29.949
783.965 30.002
784.174 30.034
784.383 30.059
784.591 30.080
784.800 30.089
785.009 30.100
785.218 30.151
785.427 30.207
785.636 30.241
785.844 30.267
786.053 30.297
786.262 30.343
786.471 30.390
786.680 30.413
786.889 30.444
787.097 30.457
787.306 30.479
787.515 30.498
787.724 30.519
787.933 30.558
788.141 30.561
788.350 30.542
788.559 30.540
788.768 30.553
788.977 30.584
789.186 30.630
789.394 30.680
789.603 30.693
789.812 30.681
790.021 30.699
790.230 30.733
790.439 30.769
790.647 30.789
790.856 30.777
791.065 30.793
791.274 30.824
791.483 30.865
791.692 30.880
791.900 30.895
792.109 30.912
792.318 30.931
792.527 30.968
792.736 31.030
792.944 31.087
793.153 31.127
793.362 31.155
793.571 31.169
793.780 31.188
793.989 31.219
794.197 31.286
794.406 31.307
794.615 31.313
794.824 31.308
795.033 31.323
795.242 31.359
795.450 31.378
795.659 31.410
795.868 31.435
796.077 31.449
796.286 31.477
796.495 31.480
796.703 31.474
796.912 31.501
797.121 31.532
797.330 31.559
797.539 31.566
797.747 31.588
797.956 31.625
798.165 31.667
798.374 31.694
798.583 31.686
798.792 31.712
799.000 31.767
799.209 31.803
799.418 31.828
799.627 31.843
799.836 31.861
800.045 31.867
800.253 31.881
800.462 31.891
800.671 31.909
800.880 31.957
801.089 32.000
801.298 32.033
801.506 32.054
801.715 32.099
801.924 32.156
802.133 32.186
802.342 32.228
802.550 32.220
802.759 32.217
802.968 32.233
803.177 32.245
803.386 32.227
803.595 32.250
803.803 32.277
804.012 32.309
804.221 32.341
804.430 32.360
804.639 32.384
804.848 32.435
805.056 32.480
805.265 32.482
805.474 32.501
805.683 32.511
805.892 32.532
806.101 32.530
806.309 32.516
806.518 32.516
806.727 32.540
806.936 32.608
807.145 32.642
807.353 32.660
807.562 32.683
807.771 32.718
807.980 32.710
808.189 32.708
808.398 32.738
808.606 32.742
808.815 32.749
809.024 32.769
809.233 32.768
809.442 32.768
809.651 32.814
809.859 32.857
810.068 32.894
810.277 32.886
810.486 32.903
810.695 32.931
810.904 32.964
811.112 32.946
811.321 32.922
811.530 32.952
811.740 33.044
811.949 33.181
812.159 33.224
812.368 33.290
812.578 33.331
812.787 33.309
812.997 33.352
813.206 33.416
813.416 33.430
813.625 33.454
813.835 33.485
814.044 33.502
814.254 33.492
814.463 33.487
814.673 33.514
814.882 33.527
815.092 33.557
815.301 33.559
815.511 33.585
815.720 33.623
815.930 33.639
816.139 33.610
816.349 33.498
816.558 33.503
816.768 33.550
816.977 33.557
817.187 33.583
817.396 33.591
817.606 33.581
817.815 33.593
818.025 33.623
818.234 33.667
818.444 33.700
818.653 33.724
818.863 33.766
819.072 33.817
819.282 33.879
819.491 33.901
819.701 33.958
819.910 34.021
820.120 34.060
820.329 34.101
820.539 34.122
820.748 34.154
820.958 34.197
821.167 34.220
821.377 34.254
821.586 34.310
821.796 34.369
822.005 34.412
822.215 34.494
822.424 34.550
822.634 34.539
822.843 34.547
823.053 34.613
823.262 34.636
823.472 34.612
823.681 34.571
823.891 34.579
824.100 34.582
824.310 34.581
824.519 34.611
824.729 34.657
824.938 34.693
825.148 34.724
825.357 34.723
825.567 34.724
825.776 34.769
825.986 34.813
826.195 34.819
826.405 34.836
826.614 34.828
826.824 34.825
827.033 34.876
827.243 34.952
827.452 34.940
827.662 34.975
827.871 35.063
828.081 35.115
828.290 35.157
828.500 35.228
828.709 35.260
828.919 35.244
829.128 35.227
829.338 35.265
829.547 35.344
829.757 35.379
829.966 35.391
830.176 35.434
830.385 35.458
830.595 35.477
830.804 35.490
831.014 35.481
831.223 35.511
831.433 35.572
831.642 35.554
831.852 35.602
832.061 35.677
832.271 35.730
832.480 35.796
832.690 35.824
832.899 35.844
833.109 35.904
833.318 35.997
833.528 36.046
833.737 36.074
833.947 36.090
834.156 36.125
834.366 36.196
834.575 36.240
834.785 36.270
834.994 36.326
835.204 36.435
835.413 36.518
835.623 36.551
835.832 36.542
836.042 36.621
836.251 36.687
836.461 36.709
836.670 36.758
836.880 36.824
837.089 36.914
837.299 36.964
837.508 37.005
837.718 37.038
837.927 37.099
838.137 37.162
838.346 37.200
838.556 37.270
838.765 37.315
838.975 37.340
839.184 37.403
839.394 37.470
839.603 37.526
839.813 37.605
840.022 37.698
840.232 37.790
840.441 37.835
840.651 37.870
840.860 37.863
841.070 37.831
841.279 37.809
841.489 37.858
841.698 37.922
841.908 37.993
842.117 38.078
842.327 38.170
842.536 38.246
842.746 38.326
842.955 38.414
843.165 38.489
843.374 38.532
843.584 38.522
843.793 38.533
844.003 38.538
844.212 38.573
844.422 38.628
844.631 38.649
844.841 38.711
845.050 38.827
845.260 38.944
845.469 39.042
845.679 39.141
845.888 39.259
846.098 39.363
846.307 39.438
846.517 39.476
846.726 39.638
846.936 39.877
847.145 39.976
847.355 40.050
847.564 40.108
847.774 40.184
847.983 40.318
848.193 40.408
848.402 40.471
848.612 40.515
848.821 40.531
849.031 40.591
849.240 40.686
849.450 40.720
849.659 40.749
849.869 40.805
850.078 40.884
850.288 40.886
850.497 40.901
850.707 40.972
850.916 41.069
851.126 41.015
851.335 40.884
851.545 40.928
851.754 40.993
851.964 41.071
852.173 41.138
852.383 41.192
852.592 41.293
852.802 41.431
853.011 41.542
853.221 41.666
853.430 41.805
853.640 41.852
853.849 41.948
854.059 42.091
854.268 42.201
854.478 42.267
854.687 42.318
854.897 42.389
855.106 42.473
855.316 42.546
855.525 42.647
855.735 42.695
855.944 42.715
856.154 42.761
856.363 42.811
856.573 42.903
856.782 43.000
856.992 43.037
857.201 43.046
857.411 43.123
857.620 43.233
857.830 43.287
858.039 43.397
858.249 43.475
858.458 43.502
858.668 43.560
858.877 43.620
859.087 43.731
859.296 43.828
859.506 43.875
859.715 43.939
859.925 44.003
860.134 44.144
860.344 44.294
860.553 44.325
860.763 44.401
860.972 44.487
861.182 44.537
861.391 44.653
861.601 44.810
861.810 44.900
862.020 44.911
862.229 44.976
862.439 45.068
862.648 45.140
862.858 45.196
863.067 45.310
863.277 45.441
863.486 45.528
863.696 45.599
863.905 45.703
864.115 45.776
864.324 45.826
864.534 45.870
864.743 45.995
864.953 46.145
865.162 46.269
865.372 46.411
865.581 46.528
865.791 46.593
866.000 46.644
866.210 46.781
866.419 46.948
866.629 47.093
866.838 47.131
867.048 47.201
867.257 47.295
867.467 47.336
867.676 47.385
867.886 47.474
868.095 47.535
868.305 47.551
868.514 47.646
868.724 47.796
868.933 47.913
869.143 47.933
869.352 48.017
869.562 48.134
869.771 48.211
869.981 48.368
870.190 48.532
870.400 48.599
870.609 48.606
870.819 48.592
871.028 48.665
871.238 48.742
871.447 48.814
871.657 48.919
871.866 49.056
872.076 49.197
872.285 49.313
872.495 49.451
872.704 49.571
872.914 49.641
873.123 49.627
873.333 49.617
873.542 49.696
873.752 49.818
873.961 49.888
874.171 50.019
874.380 49.966
874.590 49.961
874.799 50.147
875.009 50.268
875.218 50.388
875.428 50.421
875.637 50.545
875.847 50.672
876.056 50.728
876.266 50.797
876.475 50.896
876.685 50.930
876.894 50.973
877.104 51.027
877.313 51.065
877.523 51.173
877.732 51.328
877.942 51.448
878.151 51.571
878.361 51.630
878.570 51.546
878.780 51.682
878.989 51.861
879.199 51.910
879.408 51.992
879.618 52.062
879.827 52.160
880.037 52.282
880.246 52.332
880.456 52.380
880.665 52.434
880.875 52.479
881.084 52.518
881.294 52.558
881.503 52.689
881.713 52.859
881.922 52.958
882.132 53.102
882.341 53.168
882.551 53.132
882.760 53.214
882.970 53.421
883.179 53.463
883.389 53.417
883.598 53.398
883.808 53.412
884.017 53.484
884.227 53.556
884.436 53.641
884.646 53.779
884.855 53.849
885.065 53.924
885.274 54.037
885.484 54.202
885.693 54.364
885.903 54.454
886.112 54.497
886.322 54.502
886.531 54.453
886.741 54.443
886.950 54.547
887.160 54.603
887.369 54.608
887.579 54.716
887.788 54.768
887.998 54.783
888.207 54.860
888.417 55.029
888.626 55.118
888.836 55.045
889.045 55.019
889.255 55.122
889.464 55.191
889.674 55.274
889.883 55.295
890.093 55.307
890.302 55.281
890.512 55.313
890.721 55.506
890.931 55.635
891.140 55.773
891.350 55.812
891.559 55.845
891.769 55.936
891.978 55.910
892.188 55.956
892.397 56.129
892.607 56.256
892.816 56.284
893.026 56.307
893.235 56.389
893.445 56.416
893.654 56.440
893.864 56.488
894.073 56.457
894.283 56.463
894.492 56.561
894.702 56.756
894.911 56.863
895.121 56.930
895.330 57.032
895.540 57.182
895.749 57.224
895.959 57.258
896.168 57.318
896.378 57.336
896.587 57.351
896.797 57.359
897.006 57.365
897.216 57.311
897.425 57.292
897.635 57.293
897.844 57.447
898.054 57.613
898.263 57.633
898.473 57.659
898.682 57.769
898.892 57.808
899.101 57.764
899.311 57.744
899.520 57.752
899.730 57.805
899.939 57.712
900.149 57.683
900.358 57.681
900.568 57.636
900.777 57.790
900.987 57.867
901.196 57.893
901.406 57.938
901.615 58.006
901.825 58.080
902.034 58.244
902.244 58.296
902.453 58.298
902.663 58.346
902.872 58.469
903.082 58.464
903.291 58.449
903.501 58.396
903.710 58.352
903.920 58.331
904.129 58.317
904.339 58.460
904.548 58.610
904.758 58.741
904.967 58.861
905.177 58.886
905.386 58.967
905.596 58.990
905.805 58.944
906.015 58.999
906.224 59.030
906.434 58.960
906.643 58.976
906.853 58.987
907.062 59.036
907.272 58.999
907.481 58.995
907.691 59.003
907.900 59.084
908.110 59.104
908.319 59.081
908.529 59.144
908.738 59.059
908.948 59.023
909.157 58.978
909.367 58.879
909.576 58.942
909.786 59.045
909.995 59.098
910.205 59.237
910.414 59.337
910.624 59.382
910.833 59.421
911.043 59.319
911.252 59.378
911.462 59.400
911.672 59.435
911.881 59.558
912.091 59.729
912.300 59.891
912.512 59.971
912.724 60.020
912.937 59.989
913.149 59.919
913.361 59.960
913.573 59.992
913.786 60.040
913.998 59.964
914.210 59.915
914.422 59.889
914.634 59.888
914.847 59.916
915.059 59.973
915.271 60.068
915.483 60.254
915.696 60.314
915.908 60.328
916.120 60.344
916.332 60.303
916.544 60.176
916.757 60.033
916.969 60.050
917.181 60.111
917.393 60.051
917.606 60.178
917.818 60.210
918.030 60.240
918.242 60.242
918.454 60.250
918.667 60.282
918.879 60.408
919.091 60.399
919.303 60.295
919.516 60.220
919.728 60.075
919.940 59.942
920.152 59.988
920.364 60.129
920.577 60.197
920.789 60.072
921.001 60.018
921.213 60.071
921.426 60.195
921.638 60.215
921.850 60.359
922.062 60.430
922.274 60.496
922.487 60.516
922.699 60.605
922.911 60.689
923.123 60.617
923.336 60.447
923.548 60.415
923.760 60.542
923.972 60.590
924.184 60.685
924.397 60.786
924.609 60.711
924.821 60.626
925.033 60.512
925.246 60.589
925.458 60.645
925.670 60.618
925.882 60.542
926.094 60.481
926.307 60.398
926.519 60.377
926.731 60.399
926.943 60.535
927.156 60.574
927.368 60.701
927.580 60.911
927.792 61.089
928.004 61.179
928.217 61.124
928.429 61.132
928.641 61.168
928.853 61.133
929.066 61.104
929.278 61.055
929.490 61.099
929.702 61.159
929.914 61.234
930.127 61.286
930.339 61.237
930.551 61.288
930.763 61.389
930.976 61.430
931.188 61.526
931.400 61.517
931.612 61.543
931.824 61.536
932.037 61.476
932.249 61.492
932.461 61.587
932.673 61.727
932.886 61.797
933.098 61.791
933.310 61.781
933.522 61.704
933.734 61.657
933.947 61.626
934.159 61.697
934.371 61.557
934.583 61.446
934.796 61.505
935.008 61.459
935.220 61.371
935.432 61.128
935.644 61.097
935.857 61.252
936.069 61.114
936.281 60.966
936.493 60.918
936.706 60.951
936.918 60.831
937.130 60.595
937.342 60.492
937.554 60.374
937.767 60.420
937.979 60.650
938.191 60.782
938.403 60.739
938.616 60.696
938.828 60.765
939.040 60.923
939.252 61.182
939.464 61.241
939.677 61.172
939.889 61.279
940.101 60.994
940.313 60.786
940.526 61.189
940.738 61.335
940.950 61.377
941.162 61.262
941.374 61.142
941.587 61.060
941.799 61.017
942.011 60.787
942.223 60.596
942.436 60.385
942.648 60.328
942.860 60.439
943.072 60.620
943.284 60.847
943.497 60.903
943.709 60.785
943.921 60.869
944.133 61.005
944.346 61.052
944.558 61.026
944.770 60.964
944.982 60.808
945.194 60.892
945.407 60.916
945.619 60.783
945.831 60.846
946.043 60.978
946.256 60.968
946.468 61.191
946.680 61.539
946.892 61.738
947.104 61.506
947.317 61.551
947.529 61.693
947.741 61.525
947.953 61.486
948.166 61.273
948.378 61.092
948.590 61.247
948.802 61.624
949.014 61.954
949.227 62.108
949.439 62.086
949.651 61.942
949.863 61.961
950.076 62.271
950.288 62.396
950.500 62.622
950.712 63.231
950.924 63.905
951.137 63.670
951.349 63.363
951.561 63.366
951.773 63.206
951.986 63.051
952.198 62.877
952.410 62.539
952.622 62.483
952.834 62.948
953.047 63.188
953.259 62.713
953.471 62.371
953.683 62.418
953.896 62.441
954.108 62.415
954.320 62.592
954.532 62.405
954.744 62.082
954.957 61.891
955.169 61.552
955.381 60.987
955.593 61.077
955.806 61.113
956.018 61.388
956.230 61.729
956.442 61.850
956.654 62.123
956.867 62.607
957.079 62.733
957.291 62.466
957.503 62.126
957.716 62.057
957.928 61.945
958.140 61.822
958.352 61.760
958.564 61.556
958.777 61.091
958.989 61.037
959.201 61.334
959.413 61.674
959.626 62.202
959.838 62.663
960.050 62.719
960.262 63.025
960.474 63.133
960.687 63.142
960.899 63.036
961.111 62.700
961.323 62.153
961.536 62.173
961.748 62.360
961.960 62.271
962.172 62.261
962.384 62.338
962.597 62.105
962.809 62.168
963.021 62.709
963.233 63.088
963.446 62.828
963.658 62.623
963.870 62.432
964.082 61.934
964.294 61.761
964.507 61.798
964.719 61.774
964.931 61.584
965.143 61.246
965.356 61.251
965.568 61.896
965.780 62.517
966.000 62.470
966.221 61.948
966.441 61.996
966.662 62.304
966.882 62.390
967.103 62.450
967.323 62.421
967.543 61.780
967.764 61.376
967.984 61.807
968.205 61.991
968.425 61.963
968.645 61.757
968.866 61.552
969.086 61.379
969.307 61.002
969.527 61.088
969.748 61.713
969.968 61.538
970.188 61.257
970.409 60.987
970.629 61.232
970.850 61.711
971.070 61.364
971.290 61.270
971.511 61.609
971.731 61.846
971.952 62.037
972.172 62.447
972.393 62.498
972.613 62.544
972.833 62.670
973.054 62.627
973.274 62.691
973.495 62.720
973.715 62.689
973.936 62.952
974.156 62.877
974.376 62.529
974.597 62.693
974.817 62.748
975.038 63.235
975.258 63.316
975.478 63.125
975.699 63.597
975.919 63.659
976.140 63.056
976.360 62.904
976.581 63.227
976.801 63.202
977.021 63.682
977.242 63.673
977.462 63.620
977.683 63.591
977.903 63.778
978.123 63.984
978.344 64.291
978.564 64.350
978.785 64.439
979.005 64.442
979.226 64.334
979.446 64.517
979.666 63.857
979.887 63.072
980.107 63.068
980.328 63.369
980.548 63.411
980.769 63.732
980.989 63.498
981.209 62.963
981.430 62.669
981.650 62.264
981.871 62.287
982.091 62.359
982.311 62.433
982.532 62.471
982.752 62.038
982.973 61.876
983.193 62.106
983.414 62.034
983.634 62.061
983.854 62.061
984.075 61.798
984.295 61.761
984.516 62.437
984.736 62.830
984.956 62.506
985.177 62.464
985.397 62.663
985.618 63.079
985.838 63.390
986.059 63.408
986.279 63.147
986.499 62.999
986.720 63.003
986.940 62.537
987.161 61.996
987.381 61.838
987.602 61.311
987.822 60.646
988.042 60.784
988.263 60.867
988.483 61.585
988.704 61.530
988.924 61.623
989.144 61.445
989.365 60.934
989.585 61.095
989.806 61.164
990.026 61.120
990.247 61.507
990.467 61.380
990.687 61.872
990.908 62.587
991.128 62.653
991.349 62.052
991.569 62.373
991.789 63.626
992.010 64.618
992.230 64.916
992.451 65.100
992.671 65.599
992.892 65.322
993.112 64.624
993.332 64.769
993.553 65.270
993.773 65.242
993.994 66.011
994.214 66.348
994.435 65.704
994.655 64.738
994.875 63.867
995.096 62.635
995.316 61.432
995.537 60.944
995.757 61.099
995.977 61.575
996.198 61.957
996.418 60.962
996.639 59.603
996.859 59.530
997.080 59.467
997.300 58.569
997.520 59.067
997.741 59.602
997.961 59.631
998.182 59.285
998.402 58.928
998.622 58.116
998.843 57.934
999.063 59.483
999.284 60.702
999.504 61.300
999.725 62.455
999.945 63.314
1000.165 62.920
1000.386 62.450
1000.606 62.926
1000.827 62.962
1001.047 63.130
1001.268 62.945
1001.488 63.137
1001.708 64.286
1001.929 64.193
1002.149 63.227
1002.370 63.058
1002.590 63.028
1002.810 63.136
1003.031 63.254
1003.251 63.947
1003.472 64.189
1003.692 63.636
1003.913 64.236
1004.133 63.507
1004.353 62.887
1004.574 62.966
1004.794 63.208
1005.015 62.876
1005.235 62.126
1005.455 63.000
1005.676 62.716
1005.896 62.615
1006.117 62.277
1006.337 60.779
1006.558 61.174
1006.778 62.060
1006.998 61.614
1007.219 60.473
1007.439 59.939
1007.660 61.191
1007.880 61.914
1008.101 62.283
1008.321 62.057
1008.541 60.822
1008.762 61.654
1008.982 61.061
1009.203 60.830
1009.423 61.622
1009.643 61.499
1009.864 60.262
1010.084 58.056
1010.305 57.811
1010.525 58.289
1010.746 58.217
1010.966 58.685
1011.186 58.539
1011.407 57.890
1011.627 57.698
1011.848 58.752
1012.068 59.136
1012.288 57.528
1012.509 55.154
1012.729 52.776
1012.950 51.512
