290.982 75.929
291.167 76.378
291.352 75.114
291.537 74.089
291.722 73.517
291.907 73.206
292.091 71.963
292.276 70.521
292.461 70.059
292.646 70.387
292.831 72.663
293.016 72.222
293.201 71.885
293.386 71.657
293.571 70.953
293.756 70.370
293.940 69.356
294.125 68.027
294.310 66.554
294.495 65.110
294.680 63.898
294.865 64.396
295.050 63.651
295.235 63.446
295.420 63.410
295.605 63.325
295.789 63.031
295.974 63.476
296.159 64.592
296.344 64.476
296.529 63.947
296.714 63.815
296.899 64.121
297.084 63.786
297.269 63.412
297.454 63.089
297.638 63.281
297.823 64.271
298.008 64.501
298.193 64.408
298.378 64.593
298.563 64.495
298.748 63.245
298.933 62.354
299.118 62.792
299.303 62.699
299.487 62.250
299.672 62.200
299.857 61.992
300.042 61.653
300.227 61.685
300.412 61.400
300.597 61.031
300.782 60.938
300.967 61.155
301.152 61.525
301.336 61.631
301.521 62.067
301.706 61.143
301.891 61.781
302.076 62.078
302.261 61.070
302.446 60.505
302.631 60.453
302.816 60.717
303.001 60.184
303.185 59.975
303.370 60.396
303.555 60.386
303.740 60.298
303.925 60.371
304.110 60.063
304.295 59.545
304.480 58.873
304.665 58.259
304.850 57.785
305.034 57.189
305.219 56.486
305.404 55.030
305.589 54.260
305.774 52.831
305.959 52.385
306.144 53.027
306.329 53.290
306.514 53.669
306.699 53.809
306.883 53.300
307.068 52.812
307.253 51.915
307.438 51.174
307.623 51.538
307.808 51.785
307.993 51.991
308.178 52.040
308.363 51.971
308.548 51.987
308.732 52.276
308.917 51.499
309.102 50.703
309.287 50.621
309.472 50.484
309.657 50.461
309.842 50.385
310.027 50.325
310.212 50.075
310.397 49.469
310.581 48.993
310.766 49.343
310.951 49.309
311.136 49.122
311.321 49.939
311.506 49.929
311.691 49.386
311.876 49.044
312.061 48.672
312.245 48.411
312.430 47.976
312.615 46.973
312.800 47.194
312.985 47.520
313.170 47.878
313.347 48.256
313.523 48.018
313.700 47.783
313.877 47.567
314.054 47.438
314.230 47.473
314.407 47.510
314.584 47.121
314.761 46.751
314.937 46.632
315.114 45.572
315.291 44.594
315.467 44.038
315.644 43.756
315.821 43.638
315.998 43.500
316.174 43.522
316.351 44.114
316.528 44.256
316.704 44.449
316.881 43.963
317.058 43.532
317.235 43.759
317.411 43.435
317.588 42.944
317.765 42.797
317.942 42.262
318.118 41.611
318.295 41.490
318.472 41.981
318.648 42.414
318.825 42.350
319.002 42.721
319.179 42.883
319.355 42.693
319.532 42.917
319.709 43.126
319.885 42.867
320.062 42.244
320.239 41.725
320.416 41.176
320.592 40.976
320.769 40.752
320.946 40.258
321.123 40.079
321.299 40.242
321.476 40.068
321.653 40.217
321.829 40.718
322.006 40.748
322.183 40.348
322.360 40.155
322.536 40.841
322.713 40.418
322.890 39.589
323.066 39.654
323.243 39.720
323.420 39.518
323.597 39.196
323.773 39.167
323.950 39.087
324.127 39.039
324.304 39.076
324.480 39.187
324.657 39.000
324.834 38.946
325.010 38.703
325.187 38.437
325.364 38.188
325.541 37.920
325.717 37.918
325.894 37.752
326.071 37.251
326.248 36.278
326.424 35.961
326.601 36.212
326.778 35.948
326.954 35.443
327.131 35.184
327.308 34.985
327.485 34.609
327.661 34.097
327.838 33.786
328.015 34.031
328.191 33.972
328.368 33.955
328.545 33.765
328.722 33.887
328.898 34.198
329.075 34.090
329.252 33.757
329.429 33.681
329.605 33.860
329.782 33.806
329.959 33.739
330.135 33.697
330.312 33.565
330.489 33.381
330.666 33.106
330.842 33.019
331.019 33.071
331.196 33.124
331.372 33.191
331.549 32.960
331.726 32.206
331.903 31.980
332.079 32.041
332.256 32.092
332.433 32.233
332.610 32.019
332.786 31.987
332.963 32.416
333.140 32.130
333.316 31.603
333.493 31.332
333.670 31.140
333.847 30.965
334.023 30.704
334.200 30.726
334.377 30.899
334.553 30.784
334.730 30.813
334.907 30.685
335.084 30.670
335.260 30.835
335.437 30.890
335.614 30.574
335.791 30.338
335.967 30.225
336.144 29.596
336.321 29.350
336.497 29.466
336.674 29.310
336.851 29.186
337.028 29.180
337.204 29.360
337.381 29.628
337.558 29.474
337.734 29.171
337.911 28.801
338.088 28.644
338.265 28.643
338.441 28.432
338.618 28.146
338.795 28.062
338.972 28.026
339.148 27.913
339.325 27.891
339.502 27.776
339.678 27.504
339.855 27.360
340.032 27.300
340.209 27.102
340.385 26.740
340.562 26.567
340.739 26.547
340.916 26.442
341.092 26.183
341.269 26.392
341.446 26.680
341.622 26.763
341.799 26.463
341.976 26.110
342.153 25.970
342.329 25.966
342.506 25.721
342.683 25.605
342.859 25.600
343.036 25.413
343.213 25.259
343.390 25.309
343.566 25.176
343.743 25.026
343.920 25.056
344.097 24.973
344.273 24.872
344.450 24.791
344.627 24.671
344.803 24.427
344.980 24.221
345.157 24.183
345.334 24.129
345.510 24.068
345.687 23.947
345.864 23.549
346.040 23.437
346.217 23.728
346.394 23.732
346.571 23.910
346.747 23.898
346.924 23.702
347.101 23.729
347.278 24.004
347.454 24.032
347.631 23.553
347.808 23.213
347.984 23.133
348.161 22.964
348.338 22.853
348.515 22.818
348.691 22.706
348.868 22.618
349.045 22.463
349.221 22.429
349.398 22.377
349.575 22.681
349.752 22.745
349.928 22.428
350.105 22.459
350.282 22.409
350.459 22.386
350.635 22.427
350.812 22.310
350.989 22.081
351.165 21.966
351.342 22.065
351.519 22.167
351.696 22.240
351.872 22.408
352.049 22.367
352.226 22.180
352.402 21.920
352.579 21.675
352.756 21.552
352.933 21.359
353.109 21.371
353.286 21.155
353.463 21.059
353.640 21.141
353.816 20.874
353.993 20.629
354.170 20.443
354.346 20.396
354.523 20.318
354.700 20.325
354.877 20.356
355.053 20.292
355.230 20.188
355.407 20.011
355.584 19.888
355.760 19.766
355.937 19.794
356.114 19.991
356.290 20.067
356.467 20.100
356.644 20.299
356.821 20.343
356.997 20.487
357.174 20.574
357.351 20.478
357.527 20.455
357.704 20.277
357.881 20.271
358.058 20.278
358.234 20.193
358.411 20.030
358.588 19.864
358.765 19.816
358.941 19.805
359.118 19.808
359.295 19.820
359.471 19.931
359.648 19.945
359.825 19.772
360.002 19.666
360.178 19.468
360.355 19.209
360.532 19.134
360.708 18.925
360.885 18.656
361.062 18.610
361.239 18.631
361.415 18.571
361.592 18.563
361.769 18.529
361.946 18.595
362.122 18.507
362.299 18.573
362.476 18.515
362.652 18.288
362.829 18.213
363.006 18.148
363.183 17.944
363.359 17.801
363.536 17.720
363.713 17.617
363.889 17.629
364.066 17.751
364.243 17.789
364.420 17.805
364.596 17.905
364.773 17.871
364.950 17.791
365.127 17.792
365.303 17.713
365.480 17.548
365.661 17.379
365.841 17.392
366.022 17.274
366.202 17.238
366.383 17.216
366.563 17.048
366.744 16.977
366.924 17.010
367.105 17.096
367.286 17.085
367.466 17.034
367.647 17.039
367.827 16.787
368.008 16.596
368.188 16.553
368.369 16.378
368.549 16.269
368.730 16.138
368.911 16.102
369.091 16.191
369.272 16.207
369.452 16.072
369.633 15.984
369.813 15.975
369.994 15.875
370.174 15.869
370.355 16.049
370.535 16.162
370.716 16.187
370.897 16.064
371.077 15.952
371.258 15.909
371.438 15.860
371.619 15.983
371.799 16.024
371.980 15.901
372.160 15.836
372.341 15.800
372.522 15.812
372.702 15.847
372.883 15.684
373.063 15.612
373.244 15.665
373.424 15.688
373.605 15.685
373.785 15.683
373.966 15.743
374.147 15.718
374.327 15.667
374.508 15.612
374.688 15.597
374.869 15.668
375.049 15.749
375.230 15.723
375.410 15.642
375.591 15.519
375.772 15.494
375.952 15.540
376.133 15.457
376.313 15.473
376.494 15.482
376.674 15.503
376.855 15.510
377.035 15.509
377.216 15.440
377.397 15.305
377.577 15.270
377.758 15.246
377.938 15.141
378.119 14.834
378.299 14.664
378.480 14.613
378.660 14.540
378.841 14.391
379.021 14.304
379.202 14.315
379.383 14.298
379.563 14.199
379.744 14.079
379.924 14.028
380.105 13.892
380.285 13.793
380.466 13.827
380.646 13.797
380.827 13.683
381.008 13.659
381.188 13.636
381.369 13.595
381.549 13.506
381.730 13.425
381.910 13.544
382.091 13.658
382.271 13.660
382.452 13.653
382.633 13.683
382.813 13.710
382.994 13.634
383.174 13.637
383.355 13.711
383.535 13.738
383.716 13.742
383.896 13.717
384.077 13.674
384.258 13.529
384.438 13.482
384.619 13.487
384.799 13.417
384.980 13.432
385.160 13.407
385.341 13.365
385.521 13.353
385.702 13.219
385.882 13.084
386.063 13.038
386.244 12.969
386.424 12.895
386.605 12.839
386.785 12.843
386.966 12.853
387.146 12.865
387.327 12.825
387.507 12.817
387.688 12.785
387.869 12.722
388.049 12.712
388.230 12.692
388.410 12.682
388.591 12.647
388.771 12.527
388.952 12.471
389.132 12.484
389.313 12.465
389.494 12.529
389.674 12.521
389.855 12.455
390.035 12.431
390.216 12.408
390.396 12.395
390.577 12.379
390.757 12.331
390.938 12.259
391.119 12.245
391.299 12.191
391.480 12.190
391.660 12.189
391.841 12.172
392.021 12.176
392.202 12.140
392.382 12.163
392.563 12.204
392.743 12.220
392.924 12.203
393.105 12.120
393.285 12.061
393.466 12.084
393.646 12.104
393.827 12.090
394.007 12.116
394.188 12.109
394.368 12.161
394.549 12.201
394.730 12.129
394.910 12.098
395.091 12.119
395.271 12.116
395.452 12.097
395.632 12.095
395.813 12.140
395.993 12.228
396.174 12.226
396.355 12.219
396.535 12.178
396.716 12.117
396.896 12.173
397.077 12.189
397.257 12.168
397.438 12.185
397.618 12.209
397.799 12.182
397.980 12.153
398.160 12.062
398.341 12.041
398.521 12.078
398.702 12.103
398.882 12.084
399.063 12.062
399.243 12.060
399.424 12.084
399.605 12.082
399.785 11.985
399.966 11.967
400.146 11.965
400.327 11.965
400.507 12.010
400.688 12.033
400.868 12.053
401.049 12.064
401.229 12.047
401.410 12.051
401.591 12.082
401.771 12.126
401.952 12.153
402.132 12.160
402.313 12.134
402.493 12.136
402.674 12.168
402.854 12.160
403.035 12.140
403.216 12.082
403.396 12.018
403.577 12.029
403.757 12.031
403.938 12.055
404.118 12.095
404.299 12.056
404.479 12.034
404.660 12.010
404.841 11.969
405.023 11.985
405.204 12.054
405.385 12.083
405.566 12.104
405.748 12.105
405.929 12.054
406.110 12.056
406.292 12.029
406.473 11.998
406.654 12.007
406.835 12.008
407.017 12.023
407.198 12.011
407.379 12.020
407.560 12.039
407.742 12.056
407.923 12.090
408.104 12.147
408.286 12.134
408.467 12.103
408.648 12.134
408.829 12.165
409.011 12.128
409.192 12.100
409.373 12.072
409.555 12.067
409.736 12.068
409.917 12.065
410.098 12.074
410.280 12.121
410.461 12.180
410.642 12.231
410.823 12.274
411.005 12.314
411.186 12.322
411.367 12.349
411.549 12.335
411.730 12.297
411.911 12.300
412.092 12.308
412.274 12.336
412.455 12.353
412.636 12.351
412.818 12.342
412.999 12.329
413.180 12.326
413.361 12.329
413.543 12.346
413.724 12.399
413.905 12.443
414.087 12.432
414.268 12.391
414.449 12.387
414.630 12.379
414.812 12.414
414.993 12.436
415.174 12.401
415.355 12.379
415.537 12.376
415.718 12.363
415.899 12.379
416.081 12.360
416.262 12.321
416.443 12.298
416.624 12.300
416.806 12.319
416.987 12.328
417.168 12.358
417.350 12.349
417.531 12.311
417.712 12.257
417.893 12.240
418.075 12.269
418.256 12.264
418.437 12.279
418.618 12.282
418.800 12.278
418.981 12.281
419.162 12.293
419.344 12.306
419.525 12.301
419.706 12.300
419.887 12.309
420.069 12.316
420.250 12.328
420.431 12.319
420.613 12.295
420.794 12.269
420.975 12.220
421.156 12.208
421.338 12.229
421.519 12.254
421.700 12.230
421.882 12.204
422.063 12.201
422.244 12.207
422.425 12.236
422.607 12.249
422.788 12.232
422.969 12.220
423.150 12.205
423.332 12.200
423.513 12.193
423.694 12.210
423.876 12.255
424.057 12.274
424.238 12.277
424.419 12.296
424.601 12.304
424.782 12.331
424.963 12.332
425.145 12.311
425.326 12.298
425.507 12.318
425.688 12.308
425.870 12.279
426.051 12.234
426.232 12.160
426.413 12.124
426.595 12.121
426.776 12.094
426.957 12.081
427.139 12.072
427.320 12.055
427.501 12.033
427.682 11.986
427.864 11.949
428.045 11.923
428.226 11.905
428.408 11.900
428.589 11.870
428.770 11.873
428.951 11.880
429.133 11.857
429.314 11.838
429.495 11.841
429.677 11.871
429.858 11.877
430.039 11.879
430.220 11.864
430.402 11.873
430.583 11.904
430.764 11.900
430.945 11.885
431.127 11.873
431.308 11.856
431.489 11.853
431.671 11.833
431.852 11.820
432.033 11.816
432.214 11.801
432.396 11.790
432.577 11.804
432.758 11.829
432.940 11.868
433.121 11.864
433.302 11.847
433.483 11.827
433.665 11.810
433.846 11.801
434.027 11.815
434.208 11.819
434.390 11.813
434.571 11.820
434.752 11.844
434.934 11.866
435.115 11.877
435.296 11.858
435.477 11.866
435.659 11.870
435.840 11.869
436.030 11.897
436.220 11.902
436.410 11.880
436.600 11.856
436.790 11.840
436.980 11.840
437.170 11.854
437.360 11.847
437.550 11.849
437.741 11.859
437.931 11.846
438.121 11.832
438.311 11.814
438.501 11.787
438.691 11.756
438.881 11.715
439.071 11.682
439.261 11.687
439.451 11.696
439.641 11.700
439.831 11.701
440.021 11.674
440.211 11.652
440.401 11.631
440.591 11.614
440.781 11.598
440.971 11.588
441.161 11.577
441.351 11.580
441.542 11.575
441.732 11.541
441.922 11.518
442.112 11.506
442.302 11.506
442.492 11.526
442.682 11.531
442.872 11.537
443.062 11.525
443.252 11.513
443.442 11.492
443.632 11.469
443.822 11.432
444.012 11.412
444.202 11.421
444.392 11.427
444.582 11.410
444.772 11.389
444.962 11.376
445.153 11.360
445.343 11.345
445.533 11.333
445.723 11.338
445.913 11.351
446.103 11.352
446.293 11.354
446.483 11.339
446.673 11.331
446.863 11.326
447.053 11.352
447.243 11.355
447.433 11.348
447.623 11.343
447.813 11.322
448.003 11.316
448.193 11.309
448.383 11.304
448.573 11.307
448.764 11.307
448.954 11.308
449.144 11.317
449.334 11.311
449.524 11.305
449.714 11.295
449.904 11.275
450.094 11.268
450.284 11.251
450.474 11.223
450.664 11.206
450.854 11.213
451.044 11.189
451.234 11.182
451.424 11.185
451.614 11.185
451.804 11.205
451.994 11.206
452.184 11.203
452.375 11.205
452.565 11.212
452.755 11.212
452.945 11.208
453.135 11.186
453.325 11.191
453.515 11.196
453.705 11.183
453.895 11.174
454.085 11.165
454.275 11.153
454.465 11.149
454.655 11.161
454.845 11.161
455.035 11.153
455.225 11.136
455.415 11.130
455.605 11.125
455.795 11.107
455.985 11.090
456.176 11.087
456.366 11.073
456.556 11.051
456.746 11.038
456.936 11.023
457.126 11.006
457.316 10.977
457.506 10.960
457.696 10.957
457.886 10.962
458.076 10.970
458.266 10.983
458.456 10.986
458.646 10.964
458.836 10.936
459.026 10.940
459.216 10.951
459.406 10.924
459.596 10.914
459.787 10.915
459.977 10.917
460.167 10.885
460.357 10.888
460.547 10.900
460.737 10.896
460.927 10.906
461.117 10.928
461.307 10.952
461.497 10.942
461.687 10.934
461.877 10.926
462.067 10.913
462.257 10.917
462.447 10.926
462.637 10.929
462.827 10.939
463.017 10.929
463.207 10.915
463.397 10.921
463.588 10.921
463.778 10.911
463.968 10.898
464.158 10.916
464.348 10.907
464.538 10.889
464.728 10.887
464.918 10.883
465.108 10.866
465.298 10.837
465.488 10.842
465.678 10.859
465.868 10.860
466.058 10.856
466.248 10.840
466.438 10.820
466.628 10.810
466.818 10.805
467.008 10.800
467.199 10.783
467.389 10.783
467.579 10.796
467.769 10.818
467.959 10.815
468.149 10.796
468.339 10.792
468.529 10.788
468.719 10.771
468.909 10.755
469.099 10.739
469.289 10.737
469.479 10.739
469.669 10.724
469.859 10.714
470.049 10.708
470.239 10.709
470.429 10.717
470.619 10.721
470.810 10.714
471.000 10.717
471.190 10.733
471.380 10.739
471.570 10.723
471.760 10.695
471.950 10.695
472.140 10.702
472.330 10.693
472.520 10.691
472.710 10.701
472.900 10.702
473.090 10.711
473.280 10.710
473.470 10.697
473.660 10.689
473.850 10.688
474.040 10.695
474.230 10.686
474.421 10.679
474.611 10.676
474.801 10.656
474.991 10.637
475.181 10.632
475.371 10.623
475.561 10.615
475.751 10.620
475.941 10.610
476.131 10.597
476.321 10.584
476.511 10.568
476.701 10.557
476.891 10.547
477.081 10.535
477.271 10.533
477.461 10.532
477.651 10.533
477.841 10.535
478.031 10.515
478.222 10.494
478.412 10.482
478.602 10.474
478.792 10.476
478.982 10.477
479.172 10.468
479.362 10.461
479.552 10.466
479.742 10.462
479.932 10.454
480.122 10.450
480.312 10.460
480.502 10.465
480.692 10.463
480.882 10.468
481.072 10.467
481.262 10.465
481.452 10.463
481.642 10.464
481.833 10.468
482.023 10.473
482.213 10.473
482.403 10.468
482.593 10.465
482.783 10.466
482.973 10.465
483.163 10.469
483.353 10.463
483.543 10.442
483.733 10.445
483.923 10.459
484.113 10.463
484.303 10.458
484.493 10.458
484.683 10.449
484.873 10.435
485.063 10.431
485.253 10.424
485.443 10.421
485.634 10.419
485.824 10.405
486.014 10.401
486.204 10.404
486.394 10.408
486.584 10.401
486.774 10.393
486.964 10.392
487.154 10.384
487.344 10.383
487.534 10.389
487.724 10.375
487.914 10.366
488.104 10.367
488.294 10.359
488.484 10.358
488.674 10.367
488.864 10.374
489.054 10.381
489.245 10.380
489.435 10.370
489.625 10.369
489.815 10.379
490.005 10.383
490.195 10.386
490.385 10.386
490.575 10.382
490.765 10.381
490.955 10.382
491.145 10.382
491.335 10.369
491.525 10.363
491.715 10.362
491.905 10.365
492.095 10.357
492.285 10.360
492.475 10.360
492.665 10.345
492.856 10.337
493.046 10.321
493.236 10.316
493.426 10.320
493.616 10.305
493.806 10.283
493.996 10.269
494.186 10.263
494.376 10.259
494.566 10.270
494.756 10.276
494.946 10.268
495.136 10.264
495.326 10.268
495.516 10.261
495.706 10.259
495.896 10.250
496.086 10.250
496.276 10.254
496.467 10.249
496.657 10.252
496.847 10.253
497.037 10.256
497.227 10.244
497.417 10.233
497.607 10.238
497.797 10.245
497.987 10.244
498.177 10.240
498.367 10.234
498.557 10.219
498.747 10.207
498.937 10.214
499.127 10.212
499.317 10.206
499.507 10.208
499.697 10.200
499.887 10.191
500.077 10.183
500.268 10.176
500.458 10.170
500.648 10.170
500.838 10.157
501.028 10.149
501.218 10.151
501.408 10.142
501.598 10.132
501.788 10.123
501.978 10.117
502.168 10.115
502.358 10.121
502.548 10.125
502.738 10.124
502.928 10.112
503.118 10.109
503.308 10.116
503.498 10.111
503.688 10.108
503.879 10.110
504.069 10.107
504.259 10.100
504.449 10.098
504.639 10.095
504.829 10.100
505.019 10.094
505.209 10.097
505.399 10.104
505.589 10.099
505.779 10.095
505.969 10.095
506.159 10.093
506.349 10.076
506.539 10.062
506.729 10.054
506.919 10.050
507.109 10.039
507.299 10.029
507.490 10.030
507.680 10.026
507.870 10.021
508.060 10.014
508.250 10.006
508.440 10.002
508.630 9.993
508.820 9.989
509.010 9.993
509.200 9.982
509.390 9.978
509.580 9.984
509.770 9.983
509.960 9.979
510.150 9.979
510.340 9.978
510.530 9.981
510.720 9.988
510.910 10.010
511.100 10.054
511.291 10.058
511.481 10.063
511.671 10.071
511.861 10.069
512.051 10.072
512.241 10.072
512.431 10.064
512.621 10.061
512.811 10.058
513.001 10.056
513.191 10.059
513.381 10.057
513.571 10.050
513.761 10.048
513.951 10.050
514.141 10.054
514.331 10.061
514.521 10.054
514.711 10.041
514.902 10.018
515.092 9.969
515.282 9.962
515.472 9.953
515.662 9.945
515.852 9.941
516.042 9.936
516.232 9.940
516.422 9.943
516.612 9.947
516.802 9.950
516.992 9.945
517.182 9.948
517.372 9.951
517.562 9.954
517.752 9.956
517.942 9.953
518.132 9.957
518.322 9.966
518.513 9.968
518.703 9.976
518.893 9.981
519.083 9.987
519.273 9.990
519.463 9.994
519.653 9.995
519.843 9.998
520.033 10.000
520.223 9.997
520.413 9.997
520.603 9.991
520.793 9.987
520.983 9.988
521.173 9.991
521.363 9.993
521.553 9.990
521.743 9.977
521.933 9.968
522.123 9.952
522.314 9.937
522.504 9.939
522.694 9.939
522.884 9.934
523.074 9.931
523.264 9.927
523.454 9.920
523.644 9.915
523.834 9.918
524.024 9.914
524.214 9.908
524.404 9.903
524.594 9.902
524.784 9.898
524.974 9.891
525.164 9.887
525.354 9.889
525.544 9.902
525.734 9.913
525.925 9.913
526.115 9.908
526.305 9.900
526.495 9.897
526.685 9.893
526.875 9.895
527.065 9.899
527.255 9.896
527.445 9.894
527.635 9.899
527.825 9.895
528.015 9.898
528.205 9.905
528.395 9.912
528.585 9.906
528.775 9.905
528.965 9.907
529.155 9.907
529.345 9.898
529.535 9.885
529.726 9.878
529.916 9.881
530.106 9.889
530.296 9.892
530.486 9.890
530.676 9.889
530.866 9.878
531.056 9.865
531.246 9.861
531.436 9.857
531.626 9.847
531.816 9.845
532.006 9.838
532.196 9.834
532.386 9.827
532.576 9.825
532.766 9.819
532.956 9.818
533.146 9.815
533.337 9.807
533.527 9.799
533.717 9.797
533.907 9.794
534.097 9.788
534.287 9.787
534.477 9.784
534.667 9.780
534.857 9.784
535.047 9.782
535.237 9.778
535.427 9.780
535.617 9.784
535.807 9.783
535.997 9.786
536.187 9.783
536.377 9.787
536.567 9.795
536.757 9.804
536.948 9.800
537.138 9.795
537.328 9.795
537.518 9.795
537.708 9.789
537.898 9.785
538.088 9.782
538.278 9.777
538.468 9.782
538.658 9.787
538.848 9.784
539.038 9.783
539.228 9.782
539.418 9.782
539.608 9.781
539.798 9.775
539.988 9.769
540.178 9.775
540.368 9.777
540.558 9.775
540.749 9.779
540.939 9.783
541.129 9.789
541.319 9.791
541.509 9.796
541.699 9.799
541.889 9.796
542.079 9.799
542.269 9.808
542.459 9.804
542.649 9.795
542.839 9.802
543.029 9.805
543.219 9.815
543.409 9.820
543.599 9.826
543.789 9.826
543.979 9.826
544.169 9.824
544.360 9.816
544.550 9.816
544.740 9.812
544.930 9.809
545.120 9.802
545.310 9.796
545.500 9.792
545.690 9.798
545.880 9.799
546.070 9.796
546.267 9.783
546.463 9.776
546.660 9.770
546.857 9.759
547.054 9.753
547.251 9.745
547.447 9.740
547.644 9.736
547.841 9.741
548.038 9.741
548.234 9.734
548.431 9.727
548.628 9.715
548.825 9.712
549.021 9.712
549.218 9.711
549.415 9.710
549.612 9.709
549.808 9.705
550.005 9.702
550.202 9.700
550.399 9.706
550.595 9.713
550.792 9.723
550.989 9.724
551.186 9.726
551.382 9.726
551.579 9.723
551.776 9.722
551.973 9.724
552.169 9.729
552.366 9.737
552.563 9.750
552.760 9.758
552.956 9.755
553.153 9.750
553.350 9.748
553.547 9.749
553.743 9.750
553.940 9.750
554.137 9.749
554.334 9.741
554.530 9.736
554.727 9.733
554.924 9.727
555.121 9.725
555.317 9.722
555.514 9.723
555.711 9.724
555.908 9.715
556.104 9.702
556.301 9.691
556.498 9.684
556.695 9.677
556.891 9.676
557.088 9.683
557.285 9.689
557.482 9.691
557.678 9.684
557.875 9.673
558.072 9.664
558.269 9.665
558.465 9.675
558.662 9.680
558.859 9.676
559.056 9.670
559.252 9.666
559.449 9.658
559.646 9.650
559.843 9.645
560.039 9.644
560.236 9.648
560.433 9.651
560.630 9.649
560.826 9.643
561.023 9.636
561.220 9.622
561.417 9.612
561.613 9.614
561.810 9.620
562.007 9.627
562.204 9.627
562.400 9.621
562.597 9.616
562.794 9.610
562.991 9.610
563.187 9.610
563.384 9.605
563.581 9.605
563.778 9.610
563.974 9.614
564.171 9.618
564.368 9.611
564.565 9.611
564.761 9.614
564.958 9.616
565.155 9.615
565.352 9.617
565.548 9.615
565.745 9.613
565.942 9.613
566.139 9.611
566.335 9.610
566.532 9.614
566.729 9.615
566.926 9.614
567.122 9.613
567.319 9.616
567.516 9.622
567.713 9.629
567.909 9.627
568.106 9.623
568.303 9.618
568.500 9.624
568.696 9.623
568.893 9.615
569.090 9.616
569.287 9.610
569.483 9.609
569.680 9.609
569.877 9.601
570.074 9.595
570.270 9.588
570.467 9.588
570.664 9.590
570.861 9.587
571.057 9.590
571.254 9.593
571.451 9.592
571.648 9.593
571.844 9.594
572.041 9.587
572.238 9.587
572.435 9.595
572.631 9.588
572.828 9.590
573.025 9.591
573.222 9.588
573.418 9.591
573.615 9.590
573.812 9.590
574.009 9.593
574.205 9.594
574.402 9.594
574.599 9.592
574.796 9.586
574.992 9.580
575.189 9.573
575.386 9.574
575.583 9.577
575.779 9.575
575.976 9.571
576.173 9.573
576.370 9.571
576.567 9.562
576.763 9.564
576.960 9.562
577.158 9.559
577.356 9.557
577.554 9.558
577.752 9.560
577.950 9.554
578.148 9.550
578.346 9.549
578.544 9.554
578.742 9.553
578.940 9.553
579.138 9.562
579.336 9.560
579.534 9.548
579.732 9.542
579.930 9.536
580.128 9.536
580.326 9.540
580.524 9.532
580.722 9.526
580.920 9.526
581.118 9.529
581.316 9.531
581.514 9.531
581.712 9.526
581.909 9.520
582.107 9.514
582.305 9.515
582.503 9.517
582.701 9.512
582.899 9.509
583.097 9.507
583.295 9.498
583.493 9.494
583.691 9.497
583.889 9.495
584.087 9.488
584.285 9.482
584.483 9.480
584.681 9.488
584.879 9.491
585.077 9.484
585.275 9.475
585.473 9.470
585.671 9.469
585.869 9.471
586.067 9.475
586.265 9.480
586.463 9.473
586.661 9.464
586.859 9.461
587.057 9.464
587.255 9.464
587.453 9.468
587.651 9.474
587.849 9.478
588.047 9.479
588.245 9.485
588.443 9.486
588.641 9.484
588.839 9.477
589.037 9.472
589.235 9.470
589.433 9.470
589.631 9.469
589.829 9.465
590.027 9.461
590.225 9.453
590.423 9.451
590.621 9.452
590.819 9.450
591.017 9.451
591.215 9.448
591.413 9.445
591.611 9.438
591.809 9.432
592.006 9.422
592.204 9.420
592.402 9.421
592.600 9.419
592.798 9.418
592.996 9.424
593.194 9.427
593.392 9.430
593.590 9.433
593.788 9.429
593.986 9.429
594.184 9.426
594.382 9.425
594.580 9.420
594.778 9.414
594.976 9.408
595.174 9.401
595.372 9.398
595.570 9.397
595.768 9.393
595.966 9.387
596.164 9.387
596.362 9.382
596.560 9.375
596.758 9.379
596.956 9.374
597.154 9.371
597.352 9.369
597.550 9.361
597.748 9.350
597.946 9.347
598.144 9.338
598.342 9.336
598.540 9.340
598.738 9.344
598.936 9.347
599.134 9.347
599.332 9.357
599.530 9.365
599.728 9.357
599.926 9.352
600.124 9.361
600.322 9.363
600.520 9.357
600.718 9.356
600.916 9.353
601.114 9.353
601.312 9.353
601.510 9.353
601.708 9.357
601.905 9.357
602.103 9.361
602.301 9.369
602.499 9.372
602.697 9.364
602.895 9.361
603.093 9.363
603.291 9.360
603.489 9.347
603.687 9.337
603.885 9.345
604.083 9.347
604.281 9.334
604.479 9.326
604.677 9.330
604.875 9.328
605.073 9.330
605.271 9.346
605.469 9.335
605.667 9.325
605.865 9.323
606.063 9.322
606.261 9.317
606.459 9.313
606.657 9.308
606.855 9.308
607.053 9.303
607.251 9.297
607.449 9.299
607.647 9.300
607.845 9.301
608.043 9.299
608.241 9.296
608.439 9.297
608.637 9.297
608.835 9.302
609.033 9.304
609.231 9.290
609.429 9.265
609.627 9.259
609.825 9.258
610.023 9.254
610.221 9.251
610.419 9.252
610.617 9.250
610.815 9.250
611.013 9.253
611.211 9.259
611.409 9.259
611.607 9.254
611.804 9.245
612.002 9.237
612.200 9.235
612.398 9.236
612.596 9.238
612.794 9.238
612.992 9.231
613.190 9.231
613.388 9.236
613.586 9.236
613.784 9.237
613.982 9.233
614.180 9.229
614.378 9.229
614.576 9.221
614.774 9.215
614.972 9.208
615.170 9.197
615.368 9.186
615.566 9.183
615.764 9.181
615.962 9.180
616.160 9.175
616.358 9.168
616.556 9.161
616.754 9.152
616.952 9.146
617.150 9.140
617.348 9.131
617.546 9.124
617.744 9.121
617.942 9.123
618.140 9.125
618.338 9.122
618.536 9.113
618.734 9.111
618.932 9.113
619.130 9.117
619.328 9.120
619.526 9.127
619.724 9.124
619.922 9.126
620.120 9.130
620.318 9.129
620.516 9.124
620.714 9.129
620.912 9.140
621.110 9.136
621.308 9.136
621.506 9.135
621.704 9.136
621.901 9.132
622.099 9.127
622.297 9.128
622.495 9.128
622.693 9.129
622.891 9.125
623.089 9.121
623.287 9.122
623.485 9.121
623.683 9.116
623.881 9.120
624.079 9.121
624.277 9.118
624.475 9.118
624.673 9.120
624.871 9.115
625.069 9.107
625.267 9.114
625.465 9.116
625.663 9.117
625.861 9.108
626.059 9.107
626.257 9.106
626.455 9.106
626.653 9.107
626.851 9.113
627.049 9.119
627.247 9.115
627.445 9.107
627.643 9.098
627.841 9.092
628.039 9.083
628.237 9.075
628.435 9.075
628.633 9.072
628.831 9.071
629.029 9.067
629.227 9.063
629.425 9.060
629.623 9.061
629.821 9.063
630.019 9.064
630.217 9.061
630.415 9.060
630.613 9.059
630.811 9.064
631.009 9.062
631.207 9.061
631.405 9.069
631.603 9.073
631.801 9.080
631.998 9.088
632.196 9.092
632.394 9.091
632.592 9.089
632.790 9.091
632.988 9.086
633.186 9.086
633.384 9.082
633.582 9.070
633.780 9.055
633.978 9.051
634.176 9.061
634.374 9.060
634.572 9.054
634.770 9.048
634.968 9.039
635.166 9.035
635.364 9.029
635.562 9.019
635.760 9.015
635.958 9.012
636.156 9.009
636.354 9.010
636.552 9.007
636.750 9.004
636.948 9.001
637.146 9.093
637.344 9.257
637.542 9.259
637.740 9.268
637.938 9.272
638.136 9.261
638.334 9.249
638.532 9.254
638.730 9.262
638.928 9.261
639.126 9.257
639.324 9.253
639.522 9.248
639.720 9.268
639.918 9.301
640.116 9.302
640.314 9.295
640.512 9.289
640.710 9.292
640.908 9.294
641.106 9.293
641.304 9.201
641.502 9.032
641.699 9.029
641.897 9.023
642.095 9.021
642.293 9.024
642.491 9.021
642.689 9.017
642.887 9.015
643.085 9.019
643.283 9.023
643.481 9.023
643.679 9.023
643.877 8.996
644.075 8.957
644.273 8.948
644.471 8.947
644.669 8.948
644.867 8.953
645.065 8.957
645.263 8.957
645.461 8.953
645.659 8.947
645.857 8.943
646.055 8.945
646.253 8.954
646.451 8.962
646.649 8.971
646.847 8.978
647.045 8.978
647.243 8.981
647.441 8.984
647.639 8.983
647.837 8.982
648.035 8.992
648.233 8.993
648.431 8.993
648.629 8.995
648.827 8.995
649.025 8.996
649.223 8.985
649.421 8.979
649.619 8.973
649.817 8.974
650.015 8.976
650.213 8.977
650.411 8.970
650.609 8.958
650.807 8.951
651.005 8.940
651.203 8.932
651.401 8.924
651.599 8.912
651.796 8.910
651.994 8.911
652.192 8.907
652.390 8.908
652.588 8.902
652.786 8.892
652.984 8.890
653.182 8.879
653.380 8.876
653.578 8.873
653.776 8.874
653.974 8.875
654.172 8.869
654.370 8.859
654.568 8.854
654.766 8.857
654.964 8.855
655.162 8.857
655.360 8.857
655.558 8.847
655.756 8.842
655.954 8.834
656.152 8.828
656.350 8.826
656.548 8.828
656.746 8.833
656.944 8.838
657.142 8.837
657.340 8.832
657.538 8.828
657.736 8.828
657.934 8.826
658.132 8.827
658.330 8.831
658.528 8.826
658.726 8.822
658.924 8.816
659.122 8.813
659.320 8.804
659.518 8.802
659.716 8.810
659.914 8.812
660.112 8.812
660.310 8.814
660.508 8.808
660.706 8.800
660.904 8.798
661.102 8.791
661.300 8.785
661.498 8.788
661.696 8.787
661.893 8.775
662.091 8.776
662.289 8.779
662.487 8.782
662.685 8.791
662.883 8.797
663.081 8.803
663.279 8.803
663.477 8.804
663.675 8.809
663.873 8.812
664.071 8.813
664.269 8.812
664.467 8.817
664.665 8.817
664.863 8.810
665.061 8.808
665.259 8.813
665.457 8.812
665.655 8.812
665.853 8.817
666.051 8.829
666.249 8.827
666.447 8.821
666.645 8.814
666.843 8.808
667.041 8.799
667.239 8.798
667.437 8.805
667.635 8.807
667.833 8.795
668.031 8.786
668.229 8.782
668.427 8.780
668.625 8.767
668.823 8.762
669.021 8.768
669.219 8.766
669.417 8.760
669.615 8.750
669.813 8.747
670.011 8.754
670.209 8.757
670.407 8.752
670.605 8.756
670.803 8.761
671.001 8.754
671.199 8.753
671.397 8.747
671.595 8.737
671.792 8.732
671.990 8.738
672.188 8.741
672.386 8.742
672.584 8.740
672.782 8.736
672.980 8.732
673.178 8.734
673.376 8.737
673.574 8.737
673.772 8.739
673.970 8.731
674.168 8.717
674.366 8.707
674.564 8.710
674.762 8.694
674.960 8.682
675.158 8.692
675.356 8.691
675.554 8.683
675.752 8.675
675.950 8.674
676.148 8.670
676.346 8.666
676.544 8.659
676.742 8.661
676.940 8.673
677.138 8.675
677.336 8.673
677.534 8.663
677.732 8.661
677.930 8.665
678.128 8.672
678.326 8.675
678.524 8.677
678.722 8.668
678.920 8.663
679.118 8.655
679.316 8.642
679.514 8.640
679.712 8.641
679.910 8.642
680.108 8.634
680.306 8.627
680.504 8.625
680.702 8.627
680.900 8.627
681.098 8.614
681.296 8.601
681.494 8.591
681.691 8.596
681.889 8.595
682.087 8.593
682.285 8.581
682.483 8.570
682.681 8.561
682.879 8.568
683.077 8.578
683.275 8.588
683.473 8.602
683.671 8.602
683.869 8.596
684.067 8.587
684.265 8.585
684.463 8.587
684.661 8.586
684.859 8.586
685.057 8.583
685.255 8.586
685.453 8.592
685.651 8.597
685.849 8.598
686.047 8.587
686.245 8.575
686.443 8.576
686.641 8.580
686.839 8.586
687.037 8.580
687.235 8.582
687.433 8.575
687.631 8.558
687.829 8.556
688.027 8.561
688.225 8.563
688.423 8.557
688.621 8.551
688.819 8.538
689.017 8.529
689.215 8.522
689.413 8.522
689.611 8.519
689.809 8.517
690.007 8.510
690.205 8.514
690.403 8.518
690.601 8.518
690.799 8.518
690.997 8.515
691.195 8.516
691.393 8.518
691.591 8.524
691.788 8.522
691.986 8.516
692.184 8.507
692.382 8.505
692.580 8.508
692.778 8.512
692.976 8.519
693.174 8.520
693.372 8.520
693.570 8.518
693.768 8.519
693.966 8.515
694.164 8.513
694.362 8.513
694.560 8.509
694.758 8.498
694.956 8.490
695.154 8.483
695.352 8.476
695.550 8.462
695.748 8.447
695.946 8.453
696.144 8.451
696.342 8.457
696.540 8.459
696.744 8.464
696.948 8.467
697.152 8.466
697.357 8.467
697.561 8.474
697.765 8.475
697.969 8.474
698.173 8.466
698.377 8.456
698.581 8.445
698.786 8.442
698.990 8.444
699.194 8.442
699.398 8.438
699.602 8.436
699.806 8.433
700.010 8.433
700.215 8.432
700.419 8.431
700.623 8.421
700.827 8.421
701.031 8.410
701.235 8.391
701.440 8.379
701.644 8.370
701.848 8.359
702.052 8.355
702.256 8.362
702.460 8.375
702.664 8.386
702.869 8.380
703.073 8.375
703.277 8.372
703.481 8.370
703.685 8.374
703.889 8.375
704.093 8.372
704.298 8.370
704.502 8.357
704.706 8.359
704.910 8.357
705.114 8.336
705.318 8.334
705.522 8.346
705.727 8.358
705.931 8.360
706.135 8.355
706.339 8.349
706.543 8.339
706.747 8.319
706.951 8.303
707.156 8.307
707.360 8.310
707.564 8.309
707.768 8.299
707.972 8.284
708.176 8.275
708.380 8.272
708.585 8.274
708.789 8.278
708.993 8.274
709.197 8.277
709.401 8.287
709.605 8.296
709.810 8.287
710.014 8.268
710.218 8.261
710.422 8.260
710.626 8.253
710.830 8.241
711.034 8.242
711.239 8.246
711.443 8.243
711.647 8.240
711.851 8.239
712.055 8.252
712.259 8.273
712.463 8.278
712.668 8.279
712.872 8.268
713.076 8.260
713.280 8.261
713.484 8.252
713.688 8.247
713.892 8.238
714.097 8.233
714.301 8.237
714.505 8.238
714.709 8.239
714.913 8.240
715.117 8.246
715.321 8.253
715.526 8.247
715.730 8.251
715.934 8.248
716.138 8.249
716.342 8.240
716.546 8.224
716.750 8.221
716.955 8.220
717.159 8.225
717.363 8.219
717.567 8.210
717.771 8.220
717.975 8.234
718.180 8.233
718.384 8.232
718.588 8.234
718.792 8.228
718.996 8.223
719.200 8.220
719.404 8.218
719.609 8.212
719.813 8.212
720.017 8.199
720.221 8.193
720.425 8.188
720.629 8.185
720.833 8.179
721.038 8.178
721.242 8.176
721.446 8.171
721.650 8.175
721.854 8.174
722.058 8.169
722.262 8.158
722.467 8.158
722.671 8.165
722.875 8.162
723.079 8.154
723.283 8.149
723.487 8.142
723.691 8.129
723.896 8.127
724.100 8.134
724.304 8.150
724.508 8.156
724.712 8.157
724.916 8.163
725.120 8.162
725.325 8.150
725.529 8.141
725.733 8.136
725.937 8.136
726.141 8.129
726.345 8.115
726.550 8.110
726.754 8.115
726.958 8.108
727.162 8.100
727.366 8.107
727.570 8.109
727.774 8.115
727.979 8.126
728.183 8.122
728.387 8.114
728.591 8.118
728.795 8.115
728.999 8.106
729.203 8.105
729.408 8.107
729.612 8.109
729.816 8.118
730.020 8.119
730.224 8.112
730.428 8.113
730.632 8.123
730.837 8.114
731.041 8.103
731.245 8.099
731.449 8.091
731.653 8.087
731.857 8.095
732.061 8.097
732.266 8.100
732.470 8.107
732.674 8.102
732.878 8.085
733.082 8.095
733.286 8.107
733.490 8.097
733.695 8.095
733.899 8.105
734.103 8.100
734.307 8.100
734.511 8.110
734.715 8.122
734.920 8.123
735.124 8.136
735.328 8.145
735.532 8.152
735.736 8.164
735.940 8.169
736.144 8.167
736.349 8.160
736.553 8.147
736.757 8.141
736.961 8.136
737.165 8.132
737.369 8.122
737.573 8.110
737.778 8.114
737.982 8.113
738.186 8.103
738.390 8.101
738.594 8.098
738.798 8.093
739.002 8.078
739.207 8.069
739.411 8.063
739.615 8.048
739.819 8.040
740.023 8.035
740.227 8.027
740.431 8.014
740.636 8.008
740.840 8.004
741.044 7.998
741.248 8.009
741.452 8.020
741.656 8.016
741.860 8.018
742.065 8.017
742.269 8.016
742.473 8.026
742.677 8.039
742.881 8.044
743.085 8.047
743.290 8.041
743.494 8.037
743.698 8.034
743.902 8.040
744.106 8.045
744.310 8.065
744.514 8.071
744.719 8.065
744.923 8.059
745.127 8.058
745.331 8.064
745.535 8.069
745.739 8.053
745.943 8.052
746.148 8.062
746.352 8.076
746.556 8.072
746.760 8.060
746.964 8.053
747.168 8.045
747.372 8.040
747.577 8.067
747.781 8.086
747.985 8.084
748.189 8.075
748.393 8.060
748.597 8.033
748.801 8.026
749.006 8.038
749.210 8.053
749.414 8.063
749.618 8.074
749.822 8.068
750.026 8.072
750.230 8.063
750.435 8.038
750.639 8.011
750.843 8.006
751.047 8.006
751.251 8.004
751.455 8.012
751.660 8.016
751.864 7.999
752.068 7.981
752.272 7.979
752.476 7.988
752.680 7.997
752.884 8.015
753.089 8.015
753.293 8.009
753.497 8.005
753.701 8.001
753.905 7.986
754.109 7.981
754.313 7.987
754.518 7.997
754.722 8.008
754.926 8.031
755.130 8.047
755.334 8.065
755.538 8.066
755.742 8.054
755.947 8.045
756.151 8.035
756.355 8.025
756.559 8.021
756.763 8.013
756.967 7.999
757.171 7.979
757.376 7.992
757.580 8.007
757.784 8.009
757.988 8.029
758.192 8.058
758.396 8.078
758.600 8.072
758.805 8.065
759.009 8.081
759.213 8.086
759.417 8.073
759.621 8.056
759.825 8.055
760.030 8.056
760.234 8.055
760.438 8.066
760.642 8.072
760.846 8.066
761.050 8.055
761.254 8.057
761.459 8.070
761.663 8.068
761.867 8.059
762.071 8.045
762.275 8.028
762.479 8.004
762.683 7.980
762.888 7.984
763.092 7.994
763.296 7.991
763.500 7.992
763.709 8.016
763.918 8.025
764.126 8.021
764.335 8.031
764.544 8.042
764.753 8.039
764.962 8.039
765.171 8.045
765.379 8.060
765.588 8.074
765.797 8.074
766.006 8.061
766.215 8.062
766.424 8.080
766.632 8.076
766.841 8.069
767.050 8.077
767.259 8.087
767.468 8.088
767.677 8.073
767.885 8.053
768.094 8.040
768.303 8.022
768.512 8.021
768.721 8.018
768.929 8.013
769.138 8.015
769.347 8.023
769.556 8.023
769.765 8.016
769.974 7.998
770.182 7.982
770.391 7.991
770.600 8.000
770.809 7.987
771.018 7.979
771.227 7.965
771.435 7.953
771.644 7.949
771.853 7.950
772.062 7.954
772.271 7.954
772.480 7.952
772.688 7.966
772.897 7.972
773.106 7.969
773.315 7.968
773.524 7.968
773.732 7.968
773.941 7.973
774.150 7.979
774.359 7.987
774.568 7.995
774.777 7.977
774.985 7.956
775.194 7.957
775.403 7.960
775.612 7.985
775.821 8.002
776.030 8.002
776.238 8.015
776.447 8.031
776.656 8.044
776.865 8.041
777.074 8.046
777.283 8.045
777.491 8.050
777.700 8.056
777.909 8.057
778.118 8.041
778.327 8.032
778.535 8.045
778.744 8.064
778.953 8.080
779.162 8.095
779.371 8.100
779.580 8.097
779.788 8.108
779.997 8.105
780.206 8.097
780.415 8.089
780.624 8.074
780.833 8.053
781.041 8.034
781.250 8.035
781.459 8.035
781.668 8.035
781.877 8.032
782.086 8.037
782.294 8.054
782.503 8.078
782.712 8.098
782.921 8.105
783.130 8.106
783.338 8.106
783.547 8.106
783.756 8.122
783.965 8.137
784.174 8.138
784.383 8.131
784.591 8.125
784.800 8.114
785.009 8.104
785.218 8.122
785.427 8.139
785.636 8.141
785.844 8.142
786.053 8.148
786.262 8.158
786.471 8.169
786.680 8.161
786.889 8.158
787.097 8.147
787.306 8.141
787.515 8.135
787.724 8.134
787.933 8.141
788.141 8.123
788.350 8.091
788.559 8.073
788.768 8.070
788.977 8.072
789.186 8.082
789.394 8.096
789.603 8.084
789.812 8.059
790.021 8.057
790.230 8.064
790.439 8.077
790.647 8.081
790.856 8.053
791.065 8.049
791.274 8.059
791.483 8.074
791.692 8.070
791.900 8.063
792.109 8.061
792.318 8.062
792.527 8.075
792.736 8.109
792.944 8.137
793.153 8.149
793.362 8.155
793.571 8.151
793.780 8.156
793.989 8.170
794.197 8.206
794.406 8.202
794.615 8.188
794.824 8.164
795.033 8.156
795.242 8.174
795.450 8.171
795.659 8.173
795.868 8.171
796.077 8.170
796.286 8.178
796.495 8.162
796.703 8.141
796.912 8.145
797.121 8.157
797.330 8.157
797.539 8.139
797.747 8.145
797.956 8.168
798.165 8.175
798.374 8.175
798.583 8.152
798.792 8.161
799.000 8.189
799.209 8.192
799.418 8.186
799.627 8.179
799.836 8.182
800.045 8.183
800.253 8.187
800.462 8.183
800.671 8.189
800.880 8.208
801.089 8.223
801.298 8.235
801.506 8.237
801.715 8.265
801.924 8.299
802.133 8.304
802.342 8.314
802.550 8.297
802.759 8.280
802.968 8.280
803.177 8.272
803.386 8.245
803.595 8.252
803.803 8.269
804.012 8.285
804.221 8.299
804.430 8.298
804.639 8.305
804.848 8.329
805.056 8.341
805.265 8.330
805.474 8.337
805.683 8.336
805.892 8.337
806.101 8.321
806.309 8.298
806.518 8.285
806.727 8.294
806.936 8.339
807.145 8.347
807.353 8.352
807.562 8.361
807.771 8.373
807.980 8.358
808.189 8.347
808.398 8.360
808.606 8.353
808.815 8.346
809.024 8.348
809.233 8.335
809.442 8.319
809.651 8.338
809.859 8.359
810.068 8.375
810.277 8.353
810.486 8.353
810.695 8.366
810.904 8.385
811.112 8.356
811.321 8.325
811.530 8.339
811.740 8.403
811.949 8.500
812.159 8.522
812.368 8.567
812.578 8.581
812.787 8.549
812.997 8.569
813.206 8.603
813.416 8.599
813.625 8.600
813.835 8.620
814.044 8.617
814.254 8.591
814.463 8.572
814.673 8.585
814.882 8.586
815.092 8.599
815.301 8.582
815.511 8.582
815.720 8.592
815.930 8.588
816.139 8.536
816.349 8.422
816.558 8.407
816.768 8.413
816.977 8.399
817.187 8.398
817.396 8.389
817.606 8.367
817.815 8.359
818.025 8.376
818.234 8.401
818.444 8.423
818.653 8.436
818.863 8.458
819.072 8.482
819.282 8.511
819.491 8.510
819.701 8.537
819.910 8.575
820.120 8.597
820.329 8.617
820.539 8.619
820.748 8.633
820.958 8.661
821.167 8.676
821.377 8.694
821.586 8.724
821.796 8.743
822.005 8.757
822.215 8.798
822.424 8.822
822.634 8.792
822.843 8.779
823.053 8.812
823.262 8.815
823.472 8.769
823.681 8.719
823.891 8.701
824.100 8.689
824.310 8.682
824.519 8.691
824.729 8.716
824.938 8.744
825.148 8.758
825.357 8.735
825.567 8.717
825.776 8.737
825.986 8.749
826.195 8.739
826.405 8.735
826.614 8.723
826.824 8.705
827.033 8.728
827.243 8.766
827.452 8.725
827.662 8.721
827.871 8.775
828.081 8.804
828.290 8.823
828.500 8.847
828.709 8.834
828.919 8.786
829.128 8.731
829.338 8.728
829.547 8.765
829.757 8.767
829.966 8.748
830.176 8.759
830.385 8.758
830.595 8.747
830.804 8.735
831.014 8.698
831.223 8.698
831.433 8.721
831.642 8.682
831.852 8.702
832.061 8.743
832.271 8.754
832.480 8.779
832.690 8.788
832.899 8.796
833.109 8.822
833.318 8.878
833.528 8.901
833.737 8.901
833.947 8.887
834.156 8.885
834.366 8.910
834.575 8.907
834.785 8.906
834.994 8.929
835.204 8.985
835.413 9.020
835.623 9.016
835.832 8.979
836.042 9.016
836.251 9.041
836.461 9.036
836.670 9.059
836.880 9.083
837.089 9.113
837.299 9.111
837.508 9.115
837.718 9.112
837.927 9.126
838.137 9.140
838.346 9.137
838.556 9.167
838.765 9.187
838.975 9.189
839.184 9.192
839.394 9.208
839.603 9.226
839.813 9.259
840.022 9.301
840.232 9.346
840.441 9.342
840.651 9.331
840.860 9.282
841.070 9.219
841.279 9.162
841.489 9.164
841.698 9.177
841.908 9.189
842.117 9.218
842.327 9.262
842.536 9.286
842.746 9.309
842.955 9.331
843.165 9.336
843.374 9.317
843.584 9.279
843.793 9.249
844.003 9.210
844.212 9.205
844.422 9.196
844.631 9.162
844.841 9.169
845.050 9.205
845.260 9.256
845.469 9.293
845.679 9.330
845.888 9.381
846.098 9.427
846.307 9.451
846.517 9.448
846.726 9.555
846.936 9.723
847.145 9.769
847.355 9.797
847.564 9.799
847.774 9.827
847.983 9.886
848.193 9.907
848.402 9.900
848.612 9.871
848.821 9.844
849.031 9.844
849.240 9.869
849.450 9.861
849.659 9.837
849.869 9.823
850.078 9.817
850.288 9.753
850.497 9.701
850.707 9.689
850.916 9.684
851.126 9.551
851.335 9.370
851.545 9.341
851.754 9.323
851.964 9.317
852.173 9.302
852.383 9.292
852.592 9.318
852.802 9.375
853.011 9.416
853.221 9.472
853.430 9.540
853.640 9.532
853.849 9.558
854.059 9.620
854.268 9.650
854.478 9.656
854.687 9.656
854.897 9.670
855.106 9.697
855.316 9.723
855.525 9.757
855.735 9.736
855.944 9.690
856.154 9.684
856.363 9.690
856.573 9.715
856.782 9.735
856.992 9.710
857.201 9.656
857.411 9.664
857.620 9.675
857.830 9.653
858.039 9.689
858.249 9.689
858.458 9.657
858.668 9.649
858.877 9.642
859.087 9.662
859.296 9.671
859.506 9.651
859.715 9.636
859.925 9.626
860.134 9.671
860.344 9.735
860.553 9.703
860.763 9.710
860.972 9.733
861.182 9.728
861.391 9.773
861.601 9.847
861.810 9.848
862.020 9.805
862.229 9.794
862.439 9.796
862.648 9.792
862.858 9.771
863.067 9.816
863.277 9.869
863.486 9.893
863.696 9.899
863.905 9.911
864.115 9.918
864.324 9.906
864.534 9.892
864.743 9.943
864.953 9.999
865.162 10.044
865.372 10.086
865.581 10.115
865.791 10.111
866.000 10.101
866.210 10.163
866.419 10.247
866.629 10.316
866.838 10.300
867.048 10.298
867.257 10.322
867.467 10.286
867.676 10.254
867.886 10.262
868.095 10.254
868.305 10.228
868.514 10.264
868.724 10.329
868.933 10.366
869.143 10.327
869.352 10.343
869.562 10.363
869.771 10.365
869.981 10.441
870.190 10.511
870.400 10.508
870.609 10.467
870.819 10.399
871.028 10.394
871.238 10.395
871.447 10.414
871.657 10.438
871.866 10.491
872.076 10.555
872.285 10.585
872.495 10.635
872.704 10.655
872.914 10.645
873.123 10.591
873.333 10.545
873.542 10.551
873.752 10.599
873.961 10.628
874.171 10.703
874.380 10.605
874.590 10.549
874.799 10.652
875.009 10.698
875.218 10.744
875.428 10.722
875.637 10.774
875.847 10.828
876.056 10.834
876.266 10.828
876.475 10.851
876.685 10.852
876.894 10.849
877.104 10.844
877.313 10.799
877.523 10.808
877.732 10.858
877.942 10.894
878.151 10.921
878.361 10.881
878.570 10.734
878.780 10.775
878.989 10.847
879.199 10.818
879.408 10.812
879.618 10.802
879.827 10.819
880.037 10.854
880.246 10.811
880.456 10.763
880.665 10.751
880.875 10.724
881.084 10.673
881.294 10.635
881.503 10.691
881.713 10.780
881.922 10.793
882.132 10.857
882.341 10.861
882.551 10.771
882.760 10.782
882.970 10.883
883.179 10.866
883.389 10.786
883.598 10.733
883.808 10.695
884.017 10.681
884.227 10.671
884.436 10.682
884.646 10.729
884.855 10.731
885.065 10.734
885.274 10.763
885.484 10.836
885.693 10.910
885.903 10.921
886.112 10.896
886.322 10.847
886.531 10.746
886.741 10.673
886.950 10.702
887.160 10.697
887.369 10.664
887.579 10.685
887.788 10.653
887.998 10.589
888.207 10.590
888.417 10.683
888.626 10.692
888.836 10.565
889.045 10.502
889.255 10.528
889.464 10.541
889.674 10.577
889.883 10.545
890.093 10.501
890.302 10.432
890.512 10.426
890.721 10.566
890.931 10.644
891.140 10.728
891.350 10.732
891.559 10.721
891.769 10.751
891.978 10.701
892.188 10.713
892.397 10.816
892.607 10.892
892.816 10.879
893.026 10.885
893.235 10.938
893.445 10.913
893.654 10.898
893.864 10.888
894.073 10.827
894.283 10.809
894.492 10.863
894.702 10.998
894.911 11.048
895.121 11.058
895.330 11.104
895.540 11.187
895.749 11.191
895.959 11.179
896.168 11.184
896.378 11.179
896.587 11.174
896.797 11.183
897.006 11.145
897.216 11.068
897.425 11.004
897.635 10.968
897.844 11.066
898.054 11.170
898.263 11.165
898.473 11.150
898.682 11.198
898.892 11.170
899.101 11.073
899.311 11.022
899.520 10.983
899.730 10.971
899.939 10.845
900.149 10.785
900.358 10.759
900.568 10.693
900.777 10.768
900.987 10.771
901.196 10.709
901.406 10.703
901.615 10.732
901.825 10.781
902.034 10.886
902.244 10.910
902.453 10.885
902.663 10.903
902.872 10.992
903.082 10.967
903.291 10.955
903.501 10.909
903.710 10.858
903.920 10.846
904.129 10.834
904.339 10.943
904.548 11.049
904.758 11.146
904.967 11.224
905.177 11.226
905.386 11.290
905.596 11.292
905.805 11.226
906.015 11.249
906.224 11.242
906.434 11.177
906.643 11.203
906.853 11.217
907.062 11.249
907.272 11.192
907.481 11.166
907.691 11.152
907.900 11.191
908.110 11.173
908.319 11.108
908.529 11.119
908.738 11.039
908.948 10.990
909.157 10.928
909.367 10.847
909.576 10.884
909.786 10.961
909.995 11.014
910.205 11.127
910.414 11.196
910.624 11.242
910.833 11.263
911.043 11.139
911.252 11.169
911.462 11.171
911.672 11.201
911.881 11.310
912.091 11.475
912.300 11.624
912.512 11.686
912.724 11.734
912.937 11.737
913.149 11.685
913.361 11.721
913.573 11.755
913.786 11.797
913.998 11.748
914.210 11.745
914.422 11.748
914.634 11.761
914.847 11.818
915.059 11.875
915.271 11.932
915.483 12.069
915.696 12.101
915.908 12.119
916.120 12.129
916.332 12.073
916.544 11.944
916.757 11.814
916.969 11.842
917.181 11.897
917.393 11.830
917.606 11.920
917.818 11.953
918.030 11.971
918.242 11.942
918.454 11.940
918.667 11.927
918.879 12.015
919.091 12.019
919.303 11.904
919.516 11.815
919.728 11.704
919.940 11.603
920.152 11.646
920.364 11.759
920.577 11.800
920.789 11.710
921.001 11.660
921.213 11.720
921.426 11.825
921.638 11.857
921.850 12.005
922.062 12.071
922.274 12.122
922.487 12.157
922.699 12.259
922.911 12.316
923.123 12.246
923.336 12.114
923.548 12.108
923.760 12.223
923.972 12.279
924.184 12.382
924.397 12.468
924.609 12.422
924.821 12.357
925.033 12.302
925.246 12.392
925.458 12.477
925.670 12.501
925.882 12.473
926.094 12.463
926.307 12.399
926.519 12.377
926.731 12.402
926.943 12.529
927.156 12.581
927.368 12.733
927.580 12.950
927.792 13.117
928.004 13.215
928.217 13.222
928.429 13.275
928.641 13.337
928.853 13.375
929.066 13.418
929.278 13.462
929.490 13.547
929.702 13.627
929.914 13.681
930.127 13.697
930.339 13.651
930.551 13.682
930.763 13.800
930.976 13.866
931.188 13.957
931.400 13.967
931.612 14.016
931.824 14.014
932.037 13.972
932.249 14.040
932.461 14.128
932.673 14.223
932.886 14.280
933.098 14.270
933.310 14.282
933.522 14.216
933.734 14.142
933.947 14.117
934.159 14.243
934.371 14.241
934.583 14.244
934.796 14.363
935.008 14.395
935.220 14.377
935.432 14.284
935.644 14.392
935.857 14.642
936.069 14.657
936.281 14.662
936.493 14.748
936.706 14.893
936.918 14.960
937.130 14.967
937.342 15.036
937.554 15.097
937.767 15.316
937.979 15.749
938.191 16.084
938.403 16.215
938.616 16.302
938.828 16.479
939.040 16.718
939.252 17.087
939.464 17.298
939.677 17.420
939.889 17.686
940.101 17.573
940.313 17.526
940.526 17.994
940.738 18.245
940.950 18.404
941.162 18.367
941.374 18.296
941.587 18.288
941.799 18.377
942.011 18.326
942.223 18.253
942.436 18.062
942.648 17.998
942.860 18.102
943.072 18.291
943.284 18.557
943.497 18.721
943.709 18.637
943.921 18.699
944.133 18.793
944.346 18.808
944.558 18.828
944.770 18.809
944.982 18.635
945.194 18.649
945.407 18.662
945.619 18.639
945.831 18.739
946.043 18.822
946.256 18.741
946.468 18.870
946.680 19.070
946.892 19.186
947.104 19.028
947.317 19.143
947.529 19.346
947.741 19.224
947.953 19.153
948.166 19.018
948.378 18.947
948.590 19.113
948.802 19.416
949.014 19.623
949.227 19.694
949.439 19.671
949.651 19.556
949.863 19.546
950.076 19.753
950.288 19.885
950.500 20.084
950.712 20.639
950.924 21.213
951.137 21.038
951.349 20.805
951.561 20.759
951.773 20.571
951.986 20.366
952.198 20.111
952.410 19.777
952.622 19.684
952.834 20.025
953.047 20.189
953.259 19.757
953.471 19.451
953.683 19.461
953.896 19.503
954.108 19.502
954.320 19.630
954.532 19.312
954.744 18.872
954.957 18.658
955.169 18.348
955.381 17.871
955.593 17.958
955.806 17.929
956.018 18.124
956.230 18.417
956.442 18.454
956.654 18.690
956.867 19.068
957.079 19.138
957.291 18.896
957.503 18.641
957.716 18.620
957.928 18.611
958.140 18.575
958.352 18.558
958.564 18.399
958.777 17.992
958.989 18.052
959.201 18.413
959.413 18.726
959.626 19.158
959.838 19.495
960.050 19.530
960.262 19.882
960.474 20.035
960.687 20.066
960.899 19.981
961.111 19.682
961.323 19.277
961.536 19.321
961.748 19.483
961.960 19.376
962.172 19.343
962.384 19.367
962.597 19.102
962.809 19.108
963.021 19.547
963.233 19.937
963.446 19.763
963.658 19.579
963.870 19.432
964.082 19.034
964.294 18.927
964.507 18.986
964.719 18.976
964.931 18.853
965.143 18.510
965.356 18.588
965.568 19.237
965.780 19.764
966.000 19.762
966.221 19.307
966.441 19.351
966.662 19.573
966.882 19.589
967.103 19.628
967.323 19.641
967.543 19.191
967.764 18.793
967.984 19.177
968.205 19.379
968.425 19.308
968.645 19.139
968.866 18.974
969.086 18.786
969.307 18.439
969.527 18.549
969.748 19.148
969.968 19.043
970.188 18.860
970.409 18.694
970.629 18.966
970.850 19.488
971.070 19.282
971.290 19.368
971.511 19.897
971.731 20.298
971.952 20.560
972.172 20.896
972.393 21.047
972.613 21.093
972.833 21.245
973.054 21.388
973.274 21.528
973.495 21.658
973.715 21.796
973.936 22.109
974.156 22.124
974.376 21.970
974.597 22.219
974.817 22.284
975.038 22.728
975.258 22.814
975.478 22.633
975.699 23.018
975.919 23.026
976.140 22.413
976.360 22.281
976.581 22.693
976.801 22.780
977.021 23.366
977.242 23.483
977.462 23.483
977.683 23.622
977.903 23.991
978.123 24.243
978.344 24.609
978.564 24.851
978.785 24.962
979.005 24.906
979.226 24.767
979.446 24.949
979.666 24.448
979.887 23.808
980.107 23.905
980.328 24.396
980.548 24.619
980.769 25.106
980.989 24.984
981.209 24.430
981.430 24.209
981.650 23.900
981.871 24.011
982.091 24.166
982.311 24.238
982.532 24.246
982.752 23.825
982.973 23.549
983.193 23.595
983.414 23.559
983.634 23.682
983.854 23.788
984.075 23.574
984.295 23.517
984.516 24.128
984.736 24.489
984.956 24.075
985.177 23.898
985.397 23.830
985.618 24.181
985.838 24.558
986.059 24.609
986.279 24.410
986.499 24.322
986.720 24.468
986.940 24.113
987.161 23.540
987.381 23.427
987.602 22.965
987.822 22.357
988.042 22.412
988.263 22.609
988.483 23.395
988.704 23.450
988.924 23.622
989.144 23.653
989.365 23.303
989.585 23.501
989.806 23.795
990.026 24.054
990.247 24.560
990.467 24.603
990.687 25.271
990.908 25.984
991.128 26.058
991.349 25.576
991.569 25.903
991.789 27.154
992.010 28.251
992.230 28.817
992.451 29.324
992.671 29.914
992.892 29.558
993.112 28.726
993.332 28.868
993.553 29.449
993.773 29.233
993.994 29.730
994.214 30.213
994.435 29.611
994.655 28.638
994.875 27.713
995.096 26.534
995.316 25.290
995.537 24.686
995.757 24.752
995.977 24.991
996.198 25.242
996.418 24.395
996.639 23.019
996.859 22.818
997.080 22.697
997.300 22.026
997.520 22.604
997.741 23.303
997.961 23.482
998.182 23.304
998.402 23.144
998.622 22.690
998.843 22.670
999.063 24.142
999.284 25.394
999.504 26.186
999.725 27.476
999.945 28.490
1000.165 28.386
1000.386 28.276
1000.606 29.081
1000.827 29.381
1001.047 29.606
1001.268 29.658
1001.488 30.096
1001.708 31.401
1001.929 31.511
1002.149 30.805
1002.370 30.772
1002.590 31.061
1002.810 31.266
1003.031 31.479
1003.251 32.187
1003.472 32.386
1003.692 32.068
1003.913 32.652
1004.133 31.992
1004.353 31.258
1004.574 31.197
1004.794 31.448
1005.015 31.149
1005.235 30.513
1005.455 31.165
1005.676 31.104
1005.896 31.168
1006.117 30.715
1006.337 29.310
1006.558 29.559
1006.778 30.172
1006.998 29.753
1007.219 28.499
1007.439 27.938
1007.660 29.104
1007.880 29.797
1008.101 29.996
1008.321 29.571
1008.541 28.499
1008.762 29.258
1008.982 28.675
1009.203 28.543
1009.423 29.159
1009.643 28.870
1009.864 27.828
1010.084 25.831
1010.305 25.152
1010.525 25.249
1010.746 25.084
1010.966 25.332
1011.186 25.112
1011.407 24.632
1011.627 24.396
1011.848 25.231
1012.068 25.420
1012.288 23.904
1012.509 21.603
1012.729 19.496
1012.950 18.454
