360.161	9.5
360.333	9.4
360.504	9.3
360.676	9.3
360.847	9.3
361.019	9.3
361.19	9.2
361.361	9.2
361.533	9.1
361.704	9.1
361.876	9
362.047	9
362.219	8.9
362.391	8.9
362.562	8.9
362.734	8.9
362.905	8.8
363.077	8.7
363.248	8.6
363.42	8.5
363.592	8.5
363.763	8.5
363.935	8.5
364.106	8.5
364.278	8.5
364.45	8.4
364.621	8.3
364.793	8.3
364.965	8.2
365.137	8.1
365.308	8
365.48	8
365.652	8
365.824	7.9
365.995	7.8
366.167	7.8
366.339	7.8
366.511	7.8
366.683	7.7
366.854	7.7
367.026	7.6
367.198	7.6
367.37	7.6
367.542	7.6
367.714	7.5
367.886	7.5
368.058	7.5
368.23	7.5
368.402	7.5
368.574	7.5
368.746	7.5
368.918	7.4
369.09	7.3
369.262	7.3
369.434	7.2
369.606	7.3
369.778	7.3
369.95	7.3
370.122	7.3
370.294	7.3
370.467	7.3
370.639	7.3
370.811	7.3
370.983	7.3
371.155	7.2
371.328	7.2
371.5	7.2
371.672	7.2
371.844	7.2
372.017	7.3
372.189	7.3
372.361	7.3
372.534	7.3
372.706	7.2
372.878	7.2
373.051	7.2
373.223	7.2
373.396	7.1
373.568	7.1
373.741	7.1
373.913	7.1
374.086	7.1
374.258	7.1
374.431	7.1
374.603	7.1
374.776	7.1
374.949	7
375.121	7
375.294	7
375.467	7
375.639	7
375.812	6.9
375.985	6.9
376.157	6.9
376.33	6.9
376.503	6.9
376.676	6.9
376.849	6.9
377.021	6.8
377.194	6.8
377.367	6.8
377.54	6.8
377.713	6.8
377.886	6.7
378.059	6.7
378.232	6.7
378.405	6.7
378.578	6.7
378.751	6.7
378.924	6.7
379.097	6.7
379.27	6.7
379.444	6.7
379.617	6.7
379.79	6.7
379.963	6.7
380.136	6.7
380.31	6.8
380.483	6.7
380.656	6.8
380.829	6.8
381.003	6.8
381.176	6.8
381.35	6.8
381.523	6.8
381.696	6.8
381.87	6.8
382.043	6.9
382.217	6.8
382.39	6.8
382.564	6.8
382.738	6.8
382.911	6.8
383.085	6.9
383.258	6.9
383.432	6.9
383.606	6.9
383.779	6.9
383.953	7
384.127	7
384.301	7
384.475	7
384.648	7
384.822	7
384.996	7
385.17	7.1
385.344	7.1
385.518	7.1
385.692	7.1
385.866	7.1
386.04	7.1
386.214	7.1
386.388	7.1
386.562	7.1
386.737	7.1
386.911	7.2
387.085	7.2
387.259	7.2
387.434	7.2
387.608	7.3
387.782	7.3
387.956	7.4
388.131	7.4
388.305	7.4
388.48	7.4
388.654	7.5
388.829	7.5
389.003	7.5
389.178	7.6
389.352	7.6
389.527	7.6
389.701	7.7
389.876	7.7
390.051	7.7
390.226	7.8
390.4	7.8
390.575	7.9
390.75	7.9
390.925	7.9
391.099	8
391.274	8
391.449	8.1
391.624	8.1
391.799	8.1
391.974	8.2
392.149	8.2
392.324	8.3
392.499	8.3
392.675	8.4
392.85	8.5
393.025	8.5
393.2	8.6
393.375	8.6
393.551	8.7
393.726	8.7
393.901	8.8
394.077	8.8
394.252	8.9
394.427	8.9
394.603	9
394.778	9
394.954	9.1
395.129	9.1
395.305	9.2
395.481	9.3
395.656	9.3
395.832	9.4
396.008	9.4
396.184	9.5
396.359	9.5
396.535	9.5
396.711	9.6
396.887	9.7
397.063	9.7
397.239	9.8
397.415	9.8
397.591	9.9
397.767	9.9
397.943	10
398.119	10
398.295	10
398.471	10.1
398.648	10.1
398.824	10.2
399	10.3
399.176	10.3
399.353	10.4
399.529	10.5
399.706	10.5
399.882	10.5
400.058	10.6
400.235	10.7
400.412	10.7
400.588	10.8
400.765	10.9
400.942	10.9
401.118	11
401.295	11.1
401.472	11.1
401.649	11.2
401.825	11.2
402.002	11.3
402.179	11.3
402.356	11.4
402.533	11.4
402.71	11.5
402.887	11.5
403.064	11.6
403.242	11.7
403.419	11.8
403.596	11.8
403.773	11.9
403.95	12
404.128	12
404.305	12.1
404.483	12.2
404.66	12.3
404.837	12.3
405.015	12.4
405.193	12.5
405.37	12.5
405.548	12.6
405.725	12.7
405.903	12.7
406.081	12.8
406.259	12.9
406.437	12.9
406.614	13
406.792	13.1
406.97	13.1
407.148	13.2
407.326	13.3
407.504	13.3
407.682	13.4
407.86	13.5
408.039	13.5
408.217	13.6
408.395	13.7
408.573	13.7
408.751	13.8
408.93	13.9
409.108	13.9
409.287	14
409.465	14.1
409.643	14.2
409.822	14.2
410	14.3
410.179	14.4
410.358	14.5
410.536	14.5
410.715	14.6
410.894	14.7
411.072	14.7
411.251	14.8
411.43	14.9
411.609	14.9
411.788	15
411.967	15.1
412.146	15.1
412.325	15.2
412.504	15.3
412.683	15.3
412.862	15.4
413.041	15.5
413.22	15.6
413.399	15.6
413.578	15.7
413.758	15.8
413.937	15.9
414.116	15.9
414.296	16
414.475	16.1
414.654	16.1
414.834	16.2
415.013	16.3
415.193	16.3
415.372	16.4
415.552	16.5
415.732	16.6
415.911	16.6
416.091	16.7
416.271	16.8
416.45	16.8
416.63	16.9
416.81	17
416.99	17.1
417.169	17.1
417.349	17.2
417.529	17.3
417.709	17.3
417.889	17.4
418.069	17.5
418.249	17.6
418.429	17.6
418.609	17.7
418.789	17.8
418.97	17.8
419.15	17.9
419.33	18
419.51	18.1
419.691	18.1
419.871	18.2
420.051	18.2
420.232	18.3
420.412	18.4
420.592	18.5
420.773	18.5
420.953	18.6
421.134	18.7
421.314	18.7
421.495	18.8
421.675	18.8
421.856	18.9
422.037	19
422.217	19.1
422.398	19.1
422.579	19.2
422.76	19.2
422.94	19.3
423.121	19.4
423.302	19.4
423.483	19.5
423.664	19.6
423.845	19.6
424.026	19.7
424.207	19.7
424.388	19.8
424.569	19.9
424.75	19.9
424.931	20
425.112	20.1
425.293	20.1
425.474	20.2
425.655	20.2
425.837	20.3
426.018	20.4
426.199	20.4
426.38	20.5
426.562	20.6
426.743	20.6
426.924	20.7
427.106	20.7
427.287	20.8
427.469	20.9
427.65	20.9
427.832	21
428.013	21.1
428.195	21.1
428.376	21.2
428.558	21.2
428.739	21.3
428.921	21.4
429.103	21.4
429.284	21.5
429.466	21.5
429.648	21.6
429.83	21.6
430.011	21.7
430.193	21.7
430.375	21.8
430.557	21.9
430.739	21.9
430.921	22
431.102	22
431.284	22.1
431.466	22.2
431.648	22.2
431.83	22.3
432.012	22.3
432.194	22.4
432.377	22.4
432.559	22.5
432.741	22.5
432.923	22.6
433.105	22.6
433.287	22.7
433.469	22.7
433.652	22.8
433.834	22.9
434.016	22.9
434.198	23
434.381	23
434.563	23.1
434.745	23.1
434.928	23.2
435.11	23.2
435.293	23.3
435.475	23.3
435.658	23.4
435.84	23.4
436.022	23.5
436.205	23.5
436.388	23.6
436.57	23.6
436.753	23.7
436.935	23.7
437.118	23.8
437.301	23.8
437.483	23.9
437.666	24
437.849	24
438.031	24
438.214	24.1
438.397	24.1
438.58	24.2
438.762	24.2
438.945	24.3
439.128	24.3
439.311	24.4
439.494	24.4
439.677	24.5
439.859	24.5
440.042	24.6
440.225	24.6
440.408	24.6
440.591	24.7
440.774	24.7
440.957	24.8
441.14	24.8
441.323	24.9
441.507	24.9
441.69	25
441.873	25
442.056	25
442.239	25.1
442.422	25.1
442.605	25.1
442.789	25.2
442.972	25.2
443.155	25.3
443.338	25.3
443.522	25.3
443.705	25.4
443.888	25.4
444.072	25.4
444.255	25.5
444.438	25.5
444.622	25.5
444.805	25.6
444.989	25.6
445.172	25.6
445.356	25.6
445.539	25.7
445.723	25.7
445.906	25.7
446.09	25.8
446.273	25.8
446.457	25.8
446.64	25.8
446.824	25.9
447.008	25.9
447.191	25.9
447.375	25.9
447.559	26
447.742	26
447.926	26
448.11	26
448.293	26.1
448.477	26.1
448.661	26.1
448.845	26.1
449.029	26.1
449.212	26.1
449.396	26.2
449.58	26.2
449.764	26.2
449.948	26.2
450.132	26.2
450.316	26.3
450.5	26.3
450.684	26.3
450.868	26.3
451.052	26.3
451.236	26.3
451.42	26.4
451.604	26.4
451.788	26.4
451.972	26.4
452.156	26.4
452.34	26.4
452.525	26.4
452.709	26.4
452.893	26.4
453.077	26.5
453.261	26.5
453.446	26.5
453.63	26.5
453.814	26.5
453.998	26.5
454.183	26.5
454.367	26.5
454.551	26.5
454.736	26.5
454.92	26.5
455.104	26.5
455.289	26.5
455.473	26.5
455.658	26.6
455.842	26.6
456.026	26.6
456.211	26.6
456.395	26.6
456.58	26.6
456.764	26.6
456.949	26.6
457.134	26.6
457.318	26.6
457.503	26.6
457.687	26.6
457.872	26.6
458.057	26.6
458.241	26.6
458.426	26.6
458.611	26.6
458.795	26.6
458.98	26.6
459.165	26.6
459.349	26.6
459.534	26.6
459.719	26.6
459.904	26.6
460.088	26.6
460.273	26.6
460.458	26.5
460.643	26.5
460.828	26.5
461.013	26.5
461.198	26.5
461.382	26.5
461.567	26.5
461.752	26.5
461.937	26.5
462.122	26.5
462.307	26.4
462.492	26.4
462.677	26.4
462.862	26.4
463.047	26.4
463.232	26.4
463.417	26.4
463.602	26.3
463.788	26.3
463.973	26.3
464.158	26.3
464.343	26.3
464.528	26.3
464.713	26.2
464.898	26.2
465.084	26.2
465.269	26.2
465.454	26.2
465.639	26.2
465.824	26.1
466.01	26.1
466.195	26.1
466.38	26.1
466.566	26.1
466.751	26
466.936	26
467.122	26
467.307	25.9
467.492	25.9
467.678	25.9
467.863	25.9
468.048	25.8
468.234	25.8
468.419	25.8
468.605	25.8
468.79	25.7
468.976	25.7
469.161	25.7
469.347	25.6
469.532	25.6
469.718	25.6
469.903	25.6
470.089	25.5
470.274	25.5
470.46	25.5
470.646	25.4
470.831	25.4
471.017	25.3
471.202	25.3
471.388	25.3
471.574	25.2
471.759	25.2
471.945	25.2
472.131	25.1
472.317	25.1
472.502	25
472.688	25
472.874	25
473.059	24.9
473.245	24.9
473.431	24.8
473.617	24.8
473.803	24.8
473.988	24.7
474.174	24.7
474.36	24.6
474.546	24.6
474.732	24.6
474.918	24.5
475.104	24.5
475.29	24.4
475.475	24.4
475.661	24.3
475.847	24.3
476.033	24.2
476.219	24.2
476.405	24.1
476.591	24.1
476.777	24
476.963	24
477.149	23.9
477.335	23.9
477.521	23.8
477.707	23.7
477.893	23.7
478.08	23.6
478.266	23.6
478.452	23.5
478.638	23.5
478.824	23.4
479.01	23.4
479.196	23.3
479.382	23.2
479.569	23.2
479.755	23.1
479.941	23.1
480.127	23
480.313	23
480.5	22.9
480.686	22.8
480.872	22.8
481.058	22.7
481.245	22.6
481.431	22.6
481.617	22.5
481.803	22.5
481.99	22.4
482.176	22.4
482.362	22.3
482.549	22.2
482.735	22.2
482.921	22.1
483.108	22
483.294	22
483.481	21.9
483.667	21.9
483.853	21.8
484.04	21.7
484.226	21.7
484.413	21.6
484.599	21.6
484.786	21.5
484.972	21.4
485.159	21.4
485.345	21.3
485.532	21.3
485.718	21.2
485.905	21.2
486.091	21.1
486.278	21.1
486.464	21
486.651	20.9
486.837	20.9
487.024	20.8
487.211	20.8
487.397	20.7
487.584	20.6
487.77	20.6
487.957	20.5
488.144	20.5
488.33	20.4
488.517	20.3
488.704	20.3
488.89	20.2
489.077	20.2
489.264	20.1
489.45	20
489.637	20
489.824	19.9
490.01	19.9
490.197	19.8
490.384	19.7
490.571	19.7
490.757	19.6
490.944	19.5
491.131	19.5
491.318	19.4
491.505	19.4
491.691	19.3
491.878	19.2
492.065	19.2
492.252	19.1
492.439	19
492.626	19
492.812	18.9
492.999	18.9
493.186	18.8
493.373	18.7
493.56	18.7
493.747	18.6
493.934	18.5
494.121	18.5
494.308	18.4
494.494	18.4
494.681	18.3
494.868	18.2
495.055	18.2
495.242	18.1
495.429	18
495.616	18
495.803	17.9
495.99	17.9
496.177	17.8
496.364	17.8
496.551	17.7
496.738	17.6
496.925	17.6
497.112	17.5
497.299	17.4
497.486	17.4
497.673	17.3
497.861	17.3
498.048	17.2
498.235	17.1
498.422	17.1
498.609	17
498.796	17
498.983	16.9
499.17	16.8
499.357	16.8
499.544	16.7
499.732	16.7
499.919	16.6
500.106	16.5
500.293	16.5
500.48	16.4
500.667	16.4
500.855	16.3
501.042	16.2
501.229	16.2
501.416	16.1
501.603	16.1
501.791	16
501.978	16
502.165	15.9
502.352	15.8
502.54	15.8
502.727	15.7
502.914	15.7
503.101	15.6
503.289	15.5
503.476	15.5
503.663	15.4
503.85	15.4
504.038	15.3
504.225	15.2
504.412	15.2
504.6	15.1
504.787	15.1
504.974	15
505.161	15
505.349	14.9
505.536	14.8
505.723	14.8
505.911	14.7
506.098	14.7
506.286	14.6
506.473	14.6
506.66	14.5
506.848	14.4
507.035	14.4
507.222	14.3
507.41	14.3
507.597	14.2
507.785	14.2
507.972	14.1
508.159	14.1
508.347	14
508.534	14
508.722	13.9
508.909	13.9
509.097	13.8
509.284	13.7
509.471	13.7
509.659	13.6
509.846	13.6
510.034	13.5
510.221	13.5
510.409	13.4
510.596	13.4
510.784	13.3
510.971	13.3
511.159	13.2
511.346	13.2
511.534	13.1
511.721	13.1
511.909	13
512.096	13
512.284	12.9
512.471	12.9
512.659	12.8
512.846	12.8
513.034	12.7
513.221	12.7
513.409	12.6
513.596	12.6
513.784	12.5
513.972	12.5
514.159	12.4
514.347	12.4
514.534	12.3
514.722	12.3
514.909	12.2
515.097	12.2
515.285	12.1
515.472	12.1
515.66	12.1
515.847	12
516.035	12
516.222	11.9
516.41	11.9
516.598	11.8
516.785	11.8
516.973	11.7
517.161	11.7
517.348	11.6
517.536	11.6
517.723	11.5
517.911	11.5
518.099	11.4
518.286	11.4
518.474	11.4
518.662	11.3
518.849	11.3
519.037	11.2
519.225	11.2
519.412	11.1
519.6	11.1
519.787	11.1
519.975	11
520.163	11
520.35	10.9
520.538	10.9
520.726	10.8
520.914	10.8
521.101	10.8
521.289	10.7
521.477	10.7
521.664	10.6
521.852	10.6
522.04	10.5
522.227	10.5
522.415	10.5
522.603	10.4
522.79	10.4
522.978	10.3
523.166	10.3
523.354	10.2
523.541	10.2
523.729	10.2
523.917	10.1
524.104	10.1
524.292	10.1
524.48	10
524.668	10
524.855	9.9
525.043	9.9
525.231	9.9
525.418	9.8
525.606	9.8
525.794	9.7
525.982	9.7
526.169	9.7
526.357	9.6
526.545	9.6
526.733	9.5
526.92	9.5
527.108	9.5
527.296	9.4
527.484	9.4
527.671	9.4
527.859	9.3
528.047	9.3
528.235	9.3
528.422	9.2
528.61	9.2
528.798	9.2
528.986	9.1
529.173	9.1
529.361	9
529.549	9
529.737	9
529.924	8.9
530.112	8.9
530.3	8.9
530.488	8.8
530.675	8.8
530.863	8.8
531.051	8.7
531.239	8.7
531.426	8.7
531.614	8.6
531.802	8.6
531.99	8.6
532.177	8.5
532.365	8.5
532.553	8.5
532.741	8.4
532.928	8.4
533.116	8.4
533.304	8.3
533.492	8.3
533.679	8.2
533.867	8.2
534.055	8.2
534.243	8.1
534.431	8.1
534.618	8.1
534.806	8
534.994	8
535.182	8
535.369	8
535.557	7.9
535.745	7.9
535.933	7.9
536.12	7.8
536.308	7.8
536.496	7.8
536.684	7.7
536.871	7.7
537.059	7.7
537.247	7.6
537.435	7.6
537.622	7.6
537.81	7.6
537.998	7.5
538.186	7.5
538.373	7.5
538.561	7.4
538.749	7.4
538.937	7.4
539.124	7.4
539.312	7.3
539.5	7.3
539.688	7.3
539.875	7.3
540.063	7.2
540.251	7.2
540.439	7.2
540.626	7.2
540.814	7.1
541.002	7.1
541.19	7.1
541.377	7.1
541.565	7
541.753	7
541.941	7
542.128	7
542.316	6.9
542.504	6.9
542.691	6.9
542.879	6.9
543.067	6.8
543.255	6.8
543.442	6.8
543.63	6.8
543.818	6.7
544.005	6.7
544.193	6.7
544.381	6.7
544.568	6.7
544.756	6.6
544.944	6.6
545.132	6.6
545.319	6.6
545.507	6.6
545.695	6.5
545.882	6.5
546.07	6.5
546.258	6.5
546.445	6.5
546.633	6.4
546.821	6.4
547.008	6.4
547.196	6.4
547.384	6.4
547.571	6.3
547.759	6.3
547.947	6.3
548.134	6.3
548.322	6.2
548.51	6.2
548.697	6.2
548.885	6.2
549.073	6.2
549.26	6.1
549.448	6.1
549.636	6.1
549.823	6.1
550.011	6.1
550.199	6.1
550.386	6
550.574	6
550.762	6
550.949	6
551.137	5.9
551.325	5.9
551.512	5.9
551.7	5.9
551.888	5.9
552.075	5.9
552.263	5.8
552.451	5.8
552.639	5.8
552.826	5.8
553.014	5.8
553.202	5.7
553.389	5.7
553.577	5.7
553.765	5.7
553.953	5.7
554.14	5.7
554.328	5.6
554.516	5.6
554.704	5.6
554.891	5.6
555.079	5.6
555.267	5.6
555.455	5.5
555.643	5.5
555.83	5.5
556.018	5.5
556.206	5.5
556.394	5.5
556.582	5.4
556.77	5.4
556.957	5.4
557.145	5.4
557.333	5.4
557.521	5.4
557.709	5.4
557.897	5.3
558.085	5.3
558.273	5.3
558.461	5.3
558.649	5.3
558.837	5.3
559.025	5.3
559.213	5.2
559.4	5.2
559.588	5.2
559.777	5.2
559.965	5.2
560.153	5.2
560.341	5.2
560.529	5.2
560.717	5.1
560.905	5.1
561.093	5.1
561.281	5.1
561.469	5.1
561.657	5.1
561.845	5.1
562.034	5
562.222	5
562.41	5
562.598	5
562.786	5
562.975	5
563.163	5
563.351	4.9
563.539	4.9
563.728	4.9
563.916	4.9
564.104	4.9
564.293	4.9
564.481	4.9
564.67	4.9
564.858	4.8
565.046	4.8
565.235	4.8
565.423	4.8
565.612	4.8
565.8	4.8
565.989	4.8
566.177	4.8
566.366	4.7
566.554	4.7
566.743	4.7
566.932	4.7
567.12	4.7
567.309	4.7
567.497	4.7
567.686	4.7
567.875	4.6
568.064	4.6
568.252	4.6
568.441	4.6
568.63	4.6
568.819	4.6
569.007	4.6
569.196	4.6
569.385	4.6
569.574	4.5
569.763	4.5
569.952	4.5
570.141	4.5
570.33	4.5
570.519	4.5
570.708	4.5
570.897	4.5
571.086	4.5
571.275	4.5
571.464	4.4
571.653	4.4
571.843	4.4
572.032	4.4
572.221	4.4
572.41	4.4
572.599	4.4
572.789	4.4
572.978	4.3
573.167	4.3
573.357	4.3
573.546	4.3
573.736	4.3
573.925	4.3
574.115	4.3
574.304	4.3
574.494	4.3
574.683	4.3
574.873	4.3
575.062	4.2
575.252	4.2
575.442	4.2
575.631	4.2
575.821	4.2
576.011	4.2
576.201	4.2
576.39	4.2
576.58	4.2
576.77	4.2
576.96	4.1
577.15	4.1
577.34	4.1
577.53	4.1
577.72	4.1
577.91	4.1
578.1	4.1
578.29	4.1
578.48	4.1
578.67	4.1
578.861	4.1
579.051	4
579.241	4
579.431	4
579.622	4
579.812	4
580.002	4
580.193	4
580.383	4
580.574	4
580.764	4
580.955	4
581.145	4
581.336	3.9
581.526	3.9
581.717	3.9
581.908	3.9
582.098	3.9
582.289	3.9
582.48	3.9
582.671	3.9
582.862	3.9
583.052	3.9
583.243	3.9
583.434	3.9
583.625	3.8
583.816	3.8
584.007	3.8
584.198	3.8
584.389	3.8
584.58	3.8
584.771	3.8
584.962	3.8
585.154	3.8
585.345	3.8
585.536	3.8
585.727	3.8
585.918	3.7
586.11	3.7
586.301	3.7
586.492	3.7
586.684	3.7
586.875	3.7
587.067	3.7
587.258	3.7
587.45	3.7
587.641	3.7
587.833	3.7
588.024	3.7
588.216	3.7
588.408	3.7
588.599	3.6
588.791	3.6
588.983	3.6
589.174	3.6
589.366	3.6
589.558	3.6
589.75	3.6
589.942	3.6
590.134	3.6
590.326	3.6
590.518	3.6
590.71	3.6
590.902	3.6
591.094	3.6
591.286	3.6
591.478	3.6
591.67	3.6
591.862	3.5
592.054	3.5
592.246	3.5
592.439	3.5
592.631	3.5
592.823	3.5
593.016	3.5
593.208	3.5
593.4	3.5
593.593	3.5
593.785	3.5
593.978	3.5
594.17	3.5
594.363	3.5
594.555	3.5
594.748	3.5
594.94	3.5
595.133	3.5
595.326	3.4
595.518	3.4
595.711	3.4
595.904	3.4
596.096	3.4
596.289	3.4
596.482	3.4
596.675	3.4
596.868	3.4
597.061	3.4
597.254	3.4
597.447	3.4
597.64	3.4
597.833	3.4
598.026	3.4
598.219	3.4
598.412	3.4
598.605	3.4
598.798	3.4
598.991	3.4
599.184	3.3
599.378	3.3
599.571	3.3
599.764	3.3
599.957	3.3
600.151	3.3
600.344	3.3
600.538	3.3
600.731	3.3
600.924	3.3
601.118	3.3
601.311	3.3
601.505	3.3
601.698	3.3
601.892	3.3
602.086	3.3
602.279	3.3
602.473	3.3
602.667	3.3
602.86	3.3
603.054	3.3
603.248	3.2
603.442	3.2
603.635	3.2
603.829	3.2
604.023	3.2
604.217	3.2
604.411	3.2
604.605	3.2
604.799	3.2
604.993	3.2
605.187	3.2
605.381	3.2
605.575	3.2
605.769	3.2
605.963	3.2
606.157	3.2
606.352	3.2
606.546	3.2
606.74	3.2
606.934	3.2
607.129	3.2
607.323	3.2
607.517	3.1
607.712	3.1
607.906	3.1
608.1	3.1
608.295	3.1
608.489	3.1
608.684	3.1
608.878	3.1
609.073	3.1
609.267	3.1
609.462	3.1
609.657	3.1
609.851	3.1
610.046	3.1
610.241	3.1
610.435	3.1
610.63	3.1
610.825	3.1
611.02	3.1
611.215	3.1
611.41	3.1
611.604	3.1
611.799	3.1
611.994	3.1
612.189	3.1
612.384	3.1
612.579	3
612.774	3
612.969	3
613.164	3
613.359	3
613.555	3
613.75	3
613.945	3
614.14	3
614.335	3
614.531	3
614.726	3
614.921	3
615.117	3
615.312	3
615.507	3
615.703	3
615.898	3
616.094	3
616.289	3
616.485	3
616.68	3
616.876	3
617.071	3
617.267	3
617.463	3
617.658	3
617.854	3
618.05	3
618.245	3
618.441	3
618.637	3
618.833	3
619.029	3
619.225	3
619.42	3
619.616	3
619.812	3
620.008	2.9
620.204	2.9
620.4	2.9
620.596	2.9
620.792	2.9
620.988	2.9
621.184	2.9
621.381	2.9
621.577	2.9
621.773	2.9
621.969	2.9
622.165	2.9
622.362	2.9
622.558	2.9
622.754	2.9
622.951	2.9
623.147	2.9
623.343	2.9
623.54	2.9
623.736	2.9
623.933	2.9
624.129	2.9
624.326	2.9
624.522	2.9
624.719	2.9
624.915	2.9
625.112	2.9
625.308	2.9
625.505	2.9
625.702	2.9
625.898	2.9
626.095	2.9
626.292	2.9
626.489	2.9
626.685	2.9
626.882	2.9
627.079	2.9
627.276	2.9
627.473	2.9
627.67	2.9
627.866	2.9
628.063	2.9
628.26	2.9
628.457	2.9
628.654	2.9
628.851	2.9
629.048	2.9
629.246	2.9
629.443	2.9
629.64	2.9
629.837	2.9
630.034	2.9
630.231	2.9
630.429	2.9
630.626	2.9
630.823	2.8
631.02	2.8
631.218	2.8
631.415	2.8
631.612	2.8
631.81	2.8
632.007	2.8
632.205	2.8
632.402	2.8
632.6	2.8
632.797	2.8
632.995	2.8
633.192	2.8
633.39	2.8
633.587	2.8
633.785	2.8
633.983	2.8
634.18	2.8
634.378	2.8
634.576	2.8
634.773	2.8
634.971	2.8
635.169	2.8
635.367	2.8
635.565	2.8
635.762	2.8
635.96	2.8
636.158	2.8
636.356	2.8
636.554	2.8
636.752	2.8
636.95	2.8
637.148	2.8
637.346	2.8
637.544	2.8
637.742	2.8
637.94	2.8
638.138	2.8
638.337	2.8
638.535	2.8
638.733	2.8
638.931	2.8
639.129	2.8
639.328	2.8
639.526	2.8
639.724	2.8
639.922	2.8
640.121	2.8
640.319	2.8
640.518	2.8
640.716	2.8
640.914	2.8
641.113	2.8
641.311	2.8
641.51	2.8
641.708	2.8
641.907	2.8
642.105	2.8
642.304	2.8
642.503	2.8
642.701	2.8
642.9	2.8
643.098	2.8
643.297	2.8
643.496	2.8
643.695	2.8
643.893	2.8
644.092	2.8
644.291	2.8
644.49	2.8
644.689	2.8
644.887	2.8
645.086	2.8
645.285	2.8
645.484	2.8
645.683	2.8
645.882	2.8
646.081	2.8
646.28	2.8
646.479	2.8
646.678	2.8
646.877	2.8
647.076	2.8
647.276	2.8
647.475	2.8
647.674	2.8
647.873	2.8
648.072	2.8
648.271	2.8
648.471	2.8
648.67	2.8
648.869	2.8
649.069	2.8
649.268	2.8
649.467	2.8
649.667	2.8
649.866	2.8
650.065	2.8
650.265	2.8
650.464	2.8
650.664	2.8
650.863	2.8
651.063	2.8
651.262	2.8
651.462	2.8
651.662	2.8
651.861	2.8
652.061	2.8
652.26	2.8
652.46	2.8
652.66	2.8
652.859	2.8
653.059	2.8
653.259	2.8
653.459	2.8
653.658	2.8
653.858	2.8
654.058	2.8
654.258	2.8
654.458	2.8
654.658	2.8
654.858	2.8
655.058	2.8
655.258	2.8
655.457	2.8
655.657	2.8
655.857	2.8
656.058	2.8
656.258	2.8
656.458	2.8
656.658	2.8
656.858	2.8
657.058	2.8
657.258	2.8
657.458	2.8
657.659	2.8
657.859	2.8
658.059	2.8
658.259	2.8
658.459	2.8
658.66	2.8
658.86	2.8
659.06	2.8
659.261	2.8
659.461	2.8
659.662	2.8
659.862	2.8
660.062	2.8
660.263	2.8
660.463	2.8
660.664	2.8
660.864	2.8
661.065	2.8
661.265	2.8
661.466	2.9
661.667	2.9
661.867	2.9
662.068	2.9
662.268	2.9
662.469	2.9
662.67	2.9
662.87	2.9
663.071	2.9
663.272	2.9
663.473	2.9
663.674	2.9
663.874	2.9
664.075	2.9
664.276	2.9
664.477	2.9
664.678	2.9
664.879	2.9
665.08	2.9
665.28	2.9
665.481	2.9
665.682	2.9
665.883	2.9
666.084	2.9
666.285	2.9
666.486	2.9
666.688	2.9
666.889	2.9
667.09	2.9
667.291	2.9
667.492	2.9
667.693	2.9
667.894	2.9
668.096	2.9
668.297	2.9
668.498	2.9
668.699	2.9
668.901	2.9
669.102	2.9
669.303	2.9
669.505	2.9
669.706	2.9
669.907	2.9
670.109	2.9
670.31	2.9
670.511	2.9
670.713	2.9
670.914	2.9
671.116	2.9
671.317	2.9
671.519	2.9
671.72	2.9
671.922	2.9
672.124	2.9
672.325	2.9
672.527	2.9
672.728	2.9
672.93	2.9
673.132	2.9
673.333	2.9
673.535	2.9
673.737	2.9
673.939	2.9
674.14	2.9
674.342	2.9
674.544	2.9
674.746	3
674.948	3
675.149	3
675.351	3
675.553	3
675.755	3
675.957	3
676.159	3
676.361	3
676.563	3
676.765	3
676.967	3
677.169	3
677.371	3
677.573	3
677.775	3
677.977	3
678.179	3
678.381	3
678.583	3
678.786	3
678.988	3
679.19	3
679.392	3
679.594	3
679.797	3
679.999	3
680.201	3
680.404	3
680.606	3
680.808	3
681.011	3
681.213	3
681.415	3
681.618	3
681.82	3
682.023	3
682.225	3
682.428	3
682.63	3
682.833	3
683.035	3
683.238	3
683.44	3
683.643	3
683.845	3
684.048	3
684.251	3
684.453	3
684.656	3
684.859	3
685.061	3
685.264	3
685.467	3.1
685.67	3.1
685.872	3.1
686.075	3.1
686.278	3.1
686.481	3.1
686.684	3.1
686.886	3.1
687.089	3.1
687.292	3.1
687.495	3.1
687.698	3.1
687.901	3.1
688.104	3.1
688.307	3.1
688.51	3.1
688.713	3.1
688.916	3.1
689.119	3.1
689.322	3.1
689.525	3.1
689.728	3.1
689.931	3.1
690.134	3.1
690.337	3.1
690.54	3.1
690.744	3.1
690.947	3.1
691.15	3.1
691.353	3.1
691.556	3.1
691.76	3.1
691.963	3.1
692.166	3.1
692.37	3.1
692.573	3.1
692.776	3.1
692.979	3.1
693.183	3.1
693.386	3.1
693.59	3.1
693.793	3.1
693.996	3.1
694.2	3.1
694.403	3.1
694.607	3.1
694.81	3.1
695.014	3.2
695.217	3.2
695.421	3.2
695.624	3.2
695.828	3.2
696.031	3.2
696.235	3.2
696.439	3.2
696.642	3.2
696.846	3.2
697.049	3.2
697.253	3.2
697.457	3.2
697.661	3.2
697.864	3.2
698.068	3.2
698.272	3.2
698.475	3.2
698.679	3.2
698.883	3.2
699.087	3.2
699.291	3.2
699.494	3.2
699.698	3.2
699.902	3.2
700.106	3.2
700.31	3.2
700.514	3.2
700.718	3.2
700.922	3.2
701.126	3.2
701.33	3.2
701.534	3.2
701.738	3.2
701.942	3.2
702.146	3.3
702.35	3.3
702.554	3.3
702.758	3.3
702.962	3.3
703.166	3.3
703.37	3.3
703.574	3.3
703.778	3.3
703.983	3.3
704.187	3.3
704.391	3.3
704.595	3.3
704.799	3.3
705.004	3.3
705.208	3.3
705.412	3.3
705.616	3.3
705.821	3.3
706.025	3.3
706.229	3.3
706.434	3.3
706.638	3.3
706.842	3.3
707.047	3.3
707.251	3.3
707.455	3.3
707.66	3.3
707.864	3.3
708.069	3.3
708.273	3.3
708.478	3.3
708.682	3.3
708.887	3.3
709.091	3.4
709.296	3.4
709.5	3.4
709.705	3.4
709.909	3.4
710.114	3.4
710.319	3.4
710.523	3.4
710.728	3.4
710.932	3.4
711.137	3.4
711.342	3.4
711.546	3.4
711.751	3.4
711.956	3.4
712.161	3.4
712.365	3.4
712.57	3.4
712.775	3.4
712.98	3.4
713.184	3.4
713.389	3.4
713.594	3.4
713.799	3.4
714.004	3.4
714.209	3.4
714.413	3.4
714.618	3.4
714.823	3.4
715.028	3.4
715.233	3.4
715.438	3.4
715.643	3.4
715.848	3.4
716.053	3.5
716.258	3.5
716.463	3.5
716.668	3.5
716.873	3.5
717.078	3.5
717.283	3.5
717.488	3.5
717.693	3.5
717.898	3.5
718.103	3.5
718.308	3.5
718.514	3.5
718.719	3.5
718.924	3.5
719.129	3.5
719.334	3.5
719.539	3.5
719.745	3.5
719.95	3.5
720.155	3.5
720.36	3.5
720.566	3.5
720.771	3.5
720.976	3.5
721.182	3.5
721.387	3.5
721.592	3.5
721.798	3.5
722.003	3.5
722.208	3.6
722.414	3.6
722.619	3.6
722.824	3.6
723.03	3.6
723.235	3.6
723.441	3.6
723.646	3.6
723.852	3.6
724.057	3.6
724.263	3.6
724.468	3.6
724.674	3.6
724.879	3.6
725.085	3.6
725.29	3.6
725.496	3.6
725.701	3.6
725.907	3.6
726.112	3.6
726.318	3.6
726.524	3.6
726.729	3.6
726.935	3.6
727.141	3.6
727.346	3.6
727.552	3.6
727.758	3.6
727.963	3.6
728.169	3.6
728.375	3.6
728.581	3.6
728.786	3.6
728.992	3.6
729.198	3.6
729.404	3.6
729.609	3.7
729.815	3.7
730.021	3.7
730.227	3.7
730.433	3.7
730.639	3.7
730.844	3.7
731.05	3.7
731.256	3.7
731.462	3.7
731.668	3.7
731.874	3.7
732.08	3.7
732.286	3.7
732.492	3.7
732.698	3.7
732.904	3.7
733.11	3.7
733.316	3.7
733.522	3.7
733.728	3.7
733.934	3.7
734.14	3.7
734.346	3.7
734.552	3.7
734.758	3.7
734.964	3.7
735.17	3.7
735.376	3.7
735.583	3.7
735.789	3.7
735.995	3.7
736.201	3.7
736.407	3.7
736.613	3.8
736.819	3.8
737.026	3.8
737.232	3.8
737.438	3.8
737.644	3.8
737.851	3.8
738.057	3.8
738.263	3.8
738.469	3.8
738.676	3.8
738.882	3.8
739.088	3.8
739.295	3.8
739.501	3.8
739.707	3.8
739.914	3.8
740.12	3.8
740.326	3.8
740.533	3.8
740.739	3.8
740.946	3.8
741.152	3.8
741.358	3.8
741.565	3.8
741.771	3.8
741.978	3.8
742.184	3.8
742.391	3.8
742.597	3.8
742.804	3.8
743.01	3.8
743.217	3.9
743.423	3.9
743.63	3.9
743.836	3.9
744.043	3.9
744.249	3.9
744.456	3.9
744.663	3.9
744.869	3.9
745.076	3.9
745.282	3.9
745.489	3.9
745.696	3.9
745.902	3.9
746.109	3.9
746.316	3.9
746.522	3.9
746.729	3.9
746.936	3.9
747.142	3.9
747.349	3.9
747.556	3.9
747.762	3.9
747.969	3.9
748.176	3.9
748.383	3.9
748.589	3.9
748.796	3.9
749.003	3.9
749.21	3.9
749.417	3.9
749.623	3.9
749.83	3.9
750.037	3.9
750.244	3.9
750.451	3.9
750.658	3.9
750.865	3.9
751.071	3.9
751.278	3.9
751.485	3.9
751.692	3.9
751.899	3.9
752.106	3.9
752.313	3.9
752.52	4
752.727	4
752.934	4
753.141	4
753.348	4
753.555	4
753.762	4
753.969	4
754.176	4
754.383	4
754.59	4
754.797	4
755.004	4
755.211	4
755.418	4
755.625	4
755.832	4
756.039	4
756.246	4
756.453	4
756.66	4
756.868	4
757.075	4
757.282	4
757.489	4
757.696	4
757.903	4
758.111	4
758.318	4
758.525	4
758.732	4
758.939	4
759.147	4
759.354	4
759.561	4
759.768	4
759.976	4.1
760.183	4.1
760.39	4.1
760.597	4.1
760.805	4.1
761.012	4.1
761.219	4.1
761.426	4.1
761.634	4.1
761.841	4.1
762.048	4.1
762.256	4.1
762.463	4.1
762.67	4.1
762.878	4.1
763.085	4.1
763.293	4.1
763.5	4.1
763.707	4.1
763.915	4.1
764.122	4.1
764.33	4.1
764.537	4.1
764.744	4.1
764.952	4.1
765.159	4.1
765.367	4.1
765.574	4.1
765.782	4.1
765.989	4.1
766.197	4.1
766.404	4.1
766.612	4.1
766.819	4.1
767.027	4.1
767.234	4.1
767.442	4.1
767.649	4.1
767.857	4.1
768.064	4.1
768.272	4.1
768.479	4.1
768.687	4.1
768.895	4.1
769.102	4.1
769.31	4.1
769.517	4.1
769.725	4.1
769.933	4.1
770.14	4.2
770.348	4.2
770.555	4.2
770.763	4.2
770.971	4.2
771.178	4.2
771.386	4.2
771.594	4.2
771.801	4.2
772.009	4.2
772.217	4.2
772.424	4.2
772.632	4.2
772.84	4.2
773.047	4.2
773.255	4.2
773.463	4.2
773.671	4.2
773.878	4.2
774.086	4.2
774.294	4.2
774.502	4.2
774.709	4.2
774.917	4.2
775.125	4.2
775.333	4.2
775.54	4.2
775.748	4.2
775.956	4.3
776.164	4.3
776.371	4.3
776.579	4.3
776.787	4.2
776.995	4.2
777.203	4.3
777.41	4.3
777.618	4.3
777.826	4.3
778.034	4.3
778.242	4.3
778.45	4.3
778.657	4.3
778.865	4.3
779.073	4.3
779.281	4.3
779.489	4.3
779.697	4.3
779.905	4.3
780.112	4.3
780.32	4.3
780.528	4.3
780.736	4.3
780.944	4.3
781.152	4.3
781.36	4.3
781.568	4.3
781.776	4.3
781.984	4.3
782.191	4.3
782.399	4.3
782.607	4.3
782.815	4.3
783.023	4.3
783.231	4.3
783.439	4.3
783.647	4.3
783.855	4.3
784.063	4.3
784.271	4.3
784.479	4.3
784.687	4.3
784.895	4.3
785.103	4.3
785.311	4.3
785.519	4.3
785.727	4.3
785.935	4.3
786.143	4.4
786.351	4.4
786.559	4.3
786.767	4.4
786.975	4.4
787.183	4.4
787.391	4.4
787.599	4.4
787.807	4.4
788.015	4.4
788.223	4.4
788.431	4.4
788.639	4.4
788.847	4.4
789.055	4.4
789.263	4.4
789.471	4.4
789.679	4.4
789.887	4.4
790.095	4.4
790.303	4.4
790.511	4.4
790.719	4.4
790.927	4.4
791.135	4.4
791.343	4.4
791.551	4.4
791.76	4.5
791.968	4.5
792.176	4.5
792.384	4.5
792.592	4.5
792.8	4.5
793.008	4.5
793.216	4.5
793.424	4.5
793.632	4.5
793.84	4.5
794.048	4.5
794.256	4.5
794.465	4.5
794.673	4.5
794.881	4.5
795.089	4.5
795.297	4.5
795.505	4.5
795.713	4.5
795.921	4.5
796.129	4.6
796.337	4.6
796.546	4.6
796.754	4.6
796.962	4.6
797.17	4.6
797.378	4.6
797.586	4.6
797.794	4.6
798.002	4.6
798.21	4.6
798.419	4.6
798.627	4.6
798.835	4.6
799.043	4.6
799.251	4.6
799.459	4.6
799.667	4.6
799.875	4.6
800.083	4.6
800.292	4.6
800.5	4.6
800.708	4.6
800.916	4.6
801.124	4.6
801.332	4.6
801.54	4.6
801.748	4.6
801.957	4.6
802.165	4.6
802.373	4.6
802.581	4.6
802.789	4.6
802.997	4.6
803.205	4.6
803.414	4.6
803.622	4.6
803.83	4.6
804.038	4.6
804.246	4.6
804.454	4.6
804.662	4.6
804.87	4.6
805.079	4.6
805.287	4.6
805.495	4.6
805.703	4.6
805.911	4.6
806.119	4.6
806.327	4.6
806.535	4.6
806.743	4.6
806.952	4.6
807.16	4.7
807.368	4.7
807.576	4.6
807.784	4.6
807.992	4.7
808.2	4.7
808.408	4.7
808.617	4.7
808.825	4.7
809.033	4.7
809.241	4.7
809.449	4.7
809.657	4.7
809.865	4.7
810.073	4.7
810.281	4.7
810.49	4.7
810.698	4.7
810.906	4.7
811.114	4.7
811.322	4.7
811.53	4.7
811.738	4.7
811.946	4.7
812.154	4.7
812.362	4.7
812.57	4.7
812.779	4.7
812.987	4.7
813.195	4.8
813.403	4.8
813.611	4.8
813.819	4.8
814.027	4.8
814.235	4.8
814.443	4.8
814.651	4.8
814.859	4.8
815.067	4.8
815.275	4.8
815.484	4.8
815.692	4.8
815.9	4.8
816.108	4.8
816.316	4.8
816.524	4.8
816.732	4.8
816.94	4.8
817.148	4.8
817.356	4.9
817.564	4.9
817.772	4.9
817.98	4.9
818.188	4.9
818.397	4.9
818.605	4.9
818.813	4.9
819.021	4.9
819.229	4.9
819.437	4.9
819.645	4.9
819.853	4.9
820.061	4.9
820.269	5
820.477	5
820.685	5
820.893	5
821.102	5
821.31	5
821.518	5
821.726	5
821.934	5
822.142	5
822.35	5
822.558	5
822.766	5
822.974	5
823.182	5
823.39	5
823.599	5.1
823.807	5.1
824.015	5.1
824.223	5.1
824.431	5.1
824.639	5.1
824.847	5.1
825.055	5.1
825.263	5.1
825.472	5.1
825.68	5.1
825.888	5.1
826.096	5.1
826.304	5.1
826.512	5.1
826.72	5.1
826.928	5.1
827.137	5.2
827.345	5.2
827.553	5.2
827.761	5.2
827.969	5.2
828.177	5.2
828.385	5.2
828.594	5.2
828.802	5.2
829.01	5.2
829.218	5.2
829.426	5.2
829.634	5.2
829.843	5.2
830.051	5.2
830.259	5.2
830.467	5.2
830.675	5.2
830.883	5.2
831.092	5.2
831.3	5.2
831.508	5.2
831.716	5.2
831.924	5.2
832.133	5.2
832.341	5.2
832.549	5.3
832.757	5.3
832.966	5.3
833.174	5.3
833.382	5.3
833.59	5.3
833.799	5.3
834.007	5.3
834.215	5.3
834.423	5.3
834.632	5.3
834.84	5.3
835.048	5.3
835.256	5.3
835.465	5.3
835.673	5.3
835.881	5.3
836.09	5.3
836.298	5.3
836.506	5.3
836.715	5.3
836.923	5.3
837.131	5.3
837.34	5.3
837.548	5.3
837.756	5.3
837.965	5.3
838.173	5.4
838.381	5.4
838.59	5.4
838.798	5.4
839.006	5.4
839.215	5.4
839.423	5.4
839.632	5.4
839.84	5.4
840.048	5.4
840.257	5.4
840.465	5.4
840.674	5.4
840.882	5.4
841.091	5.4
841.299	5.4
841.508	5.4
841.716	5.4
841.924	5.4
842.133	5.5
842.341	5.5
842.55	5.5
842.758	5.5
842.967	5.5
843.175	5.5
843.384	5.5
843.593	5.5
843.801	5.5
844.01	5.5
844.218	5.5
844.427	5.5
844.635	5.5
844.844	5.5
845.052	5.5
845.261	5.5
845.47	5.5
845.678	5.5
845.887	5.5
846.095	5.5
846.304	5.5
846.513	5.5
846.721	5.5
846.93	5.5
847.139	5.5
847.347	5.6
847.556	5.6
847.765	5.6
847.973	5.6
848.182	5.6
848.391	5.6
848.6	5.6
848.808	5.7
849.017	5.7
849.226	5.7
849.435	5.7
849.643	5.7
849.852	5.7
850.061	5.7
850.27	5.7
850.478	5.7
850.687	5.7
850.896	5.7
851.105	5.7
851.314	5.8
851.523	5.8
851.731	5.8
851.94	5.8
852.149	5.8
852.358	5.9
852.567	5.9
852.776	5.9
852.985	5.9
853.194	5.9
853.403	5.9
853.612	5.9
853.821	5.9
854.03	5.9
854.239	6
854.447	6
854.656	6
854.865	6
855.075	6
855.284	6
855.493	6
855.702	6
855.911	6
856.12	6
856.329	6
856.538	6
856.747	6
856.956	6
857.165	6
857.374	6
857.584	6.1
857.793	6.1
858.002	6.1
858.211	6.1
858.42	6.1
858.629	6.1
858.839	6.1
859.048	6.1
859.257	6.1
859.466	6.1
859.676	6.1
859.885	6.1
860.094	6.1
860.304	6.1
860.513	6.1
860.722	6.1
860.932	6.1
861.141	6.1
861.35	6.1
861.56	6.2
861.769	6.2
861.978	6.2
862.188	6.2
862.397	6.2
862.607	6.2
862.816	6.2
863.026	6.2
863.235	6.2
863.445	6.3
863.654	6.3
863.864	6.3
864.073	6.3
864.283	6.3
864.492	6.3
864.702	6.3
864.911	6.3
865.121	6.3
865.33	6.3
865.54	6.4
865.75	6.4
865.959	6.4
866.169	6.4
866.379	6.4
866.588	6.4
866.798	6.4
867.008	6.4
867.218	6.4
867.427	6.4
867.637	6.4
867.847	6.5
868.057	6.5
868.266	6.5
868.476	6.5
868.686	6.5
868.896	6.5
869.106	6.6
869.316	6.6
869.525	6.6
869.735	6.6
869.945	6.6
870.155	6.6
870.365	6.6
870.575	6.6
870.785	6.6
870.995	6.6
871.205	6.6
871.415	6.6
871.625	6.7
871.835	6.7
872.045	6.7
872.255	6.7
872.465	6.7
872.675	6.7
872.886	6.7
873.096	6.7
873.306	6.7
873.516	6.8
873.726	6.8
873.936	6.8
874.147	6.8
874.357	6.8
874.567	6.8
874.777	6.8
874.988	6.8
875.198	6.8
875.408	6.9
875.619	6.9
875.829	6.9
876.039	6.9
876.25	6.9
876.46	6.9
876.67	6.9
876.881	7
877.091	7
877.302	7
877.512	7
877.723	6.9
877.933	6.9
878.144	7
878.354	7
878.565	7
878.775	7
878.986	7
879.197	7
879.407	7
879.618	7
879.829	7
880.039	7
880.25	7.1
880.461	7.1
880.671	7.1
880.882	7.1
881.093	7.1
881.304	7.1
881.515	7.1
881.725	7.1
881.936	7.1
882.147	7.2
882.358	7.2
882.569	7.2
882.78	7.2
882.991	7.2
883.202	7.2
883.413	7.3
883.624	7.3
883.835	7.3
884.046	7.3
884.257	7.3
884.468	7.3
884.679	7.4
884.89	7.4
885.101	7.4
885.312	7.4
885.523	7.4
885.735	7.4
885.946	7.4
886.157	7.4
886.368	7.4
886.579	7.4
886.791	7.5
887.002	7.5
887.213	7.5
887.425	7.5
887.636	7.5
887.847	7.5
888.059	7.6
888.27	7.6
888.481	7.6
888.693	7.6
888.904	7.6
889.116	7.6
889.327	7.6
889.539	7.6
889.75	7.6
889.962	7.6
890.174	7.6
890.385	7.6
890.597	7.6
890.808	7.6
891.02	7.6
891.232	7.6
891.444	7.7
891.655	7.7
891.867	7.7
892.079	7.7
892.291	7.7
892.502	7.7
892.714	7.7
892.926	7.7
893.138	7.7
893.35	7.7
893.562	7.7
893.774	7.7
893.986	7.7
894.198	7.7
894.41	7.7
894.622	7.8
894.834	7.8
895.046	7.8
895.258	7.8
895.47	7.8
895.682	7.8
895.894	7.8
896.106	7.9
896.319	7.9
896.531	7.9
896.743	7.9
896.955	7.9
897.168	7.9
897.38	8
897.592	8
897.805	8
898.017	8
898.229	8.1
898.442	8.1
898.654	8.1
898.867	8.1
899.079	8.1
899.292	8.1
899.504	8.2
899.717	8.2
899.929	8.2
900.142	8.2
900.355	8.3
900.567	8.3
900.78	8.3
900.993	8.3
901.205	8.3
901.418	8.3
901.631	8.3
901.844	8.4
902.056	8.4
902.269	8.4
902.482	8.4
902.695	8.4
902.908	8.4
903.121	8.4
903.334	8.4
903.547	8.4
903.76	8.4
903.973	8.4
904.186	8.5
904.399	8.5
904.612	8.5
904.825	8.5
905.038	8.5
905.251	8.6
905.465	8.6
905.678	8.6
905.891	8.6
906.104	8.6
906.318	8.6
906.531	8.6
906.744	8.6
906.958	8.6
907.171	8.7
907.384	8.7
907.598	8.7
907.811	8.7
908.025	8.7
908.238	8.7
908.452	8.7
908.665	8.7
908.879	8.7
909.093	8.8
909.306	8.8
909.52	8.8
909.734	8.8
909.947	8.8
910.161	8.8
910.375	8.9
910.589	8.9
910.803	8.9
911.016	8.9
911.23	9
911.444	9
911.658	9
911.872	9
912.086	9.1
912.3	9.1
912.514	9.1
912.728	9.1
912.942	9.1
913.156	9.2
913.37	9.2
913.585	9.2
913.799	9.2
914.013	9.3
914.227	9.3
914.442	9.3
914.656	9.4
914.87	9.4
915.084	9.4
915.299	9.5
915.513	9.5
915.728	9.5
915.942	9.5
916.157	9.5
916.371	9.5
916.586	9.5
916.8	9.6
917.015	9.6
917.229	9.6
917.444	9.7
917.659	9.7
917.874	9.7
918.088	9.7
918.303	9.7
918.518	9.8
918.733	9.8
918.947	9.8
919.162	9.8
919.377	9.8
919.592	9.9
919.807	9.9
920.022	9.9
920.237	9.9
920.452	9.9
920.667	10
920.882	10
921.097	10
921.313	10
921.528	10
921.743	10.1
921.958	10.1
922.174	10.1
922.389	10.1
922.604	10.2
922.82	10.2
923.035	10.2
923.25	10.2
923.466	10.3
923.681	10.3
923.897	10.3
924.112	10.3
924.328	10.3
924.544	10.3
924.759	10.4
924.975	10.4
925.19	10.5
925.406	10.5
925.622	10.6
925.838	10.6
926.054	10.6
926.269	10.7
926.485	10.7
926.701	10.7
926.917	10.7
927.133	10.8
927.349	10.8
927.565	10.8
927.781	10.9
927.997	10.9
928.213	10.9
928.429	10.9
928.646	10.9
928.862	11
929.078	11.1
929.294	11.1
929.511	11.2
929.727	11.2
929.943	11.2
930.16	11.2
930.376	11.2
930.592	11.3
930.809	11.3
931.025	11.4
931.242	11.4
931.459	11.4
931.675	11.5
931.892	11.5
932.108	11.5
932.325	11.6
932.542	11.6
932.759	11.6
932.975	11.6
933.192	11.7
933.409	11.7
933.626	11.7
933.843	11.8
934.06	11.8
934.277	11.8
934.494	11.8
934.711	11.8
934.928	11.8
935.145	11.8
935.362	11.9
935.58	12
935.797	12
936.014	12
936.231	12
936.449	12
936.666	12
936.883	12.1
937.101	12.1
937.318	12.1
937.536	12.1
937.753	12.2
937.971	12.2
938.188	12.2
938.406	12.3
938.624	12.4
938.841	12.4
939.059	12.4
939.277	12.5
939.494	12.5
939.712	12.6
939.93	12.6
