360.161	7
360.333	6.9
360.504	6.9
360.676	6.9
360.847	6.8
361.019	6.8
361.19	6.8
361.361	6.8
361.533	6.8
361.704	6.7
361.876	6.6
362.047	6.5
362.219	6.5
362.391	6.5
362.562	6.4
362.734	6.3
362.905	6.2
363.077	6.1
363.248	6
363.42	5.9
363.592	5.9
363.763	5.9
363.935	6
364.106	6
364.278	6
364.45	6
364.621	6
364.793	5.9
364.965	5.9
365.137	5.8
365.308	5.8
365.48	5.8
365.652	5.9
365.824	5.9
365.995	5.8
366.167	5.6
366.339	5.6
366.511	5.5
366.683	5.4
366.854	5.4
367.026	5.4
367.198	5.4
367.37	5.3
367.542	5.3
367.714	5.3
367.886	5.3
368.058	5.3
368.23	5.3
368.402	5.2
368.574	5.2
368.746	5.2
368.918	5.2
369.09	5.2
369.262	5.1
369.434	5.1
369.606	5
369.778	5
369.95	5
370.122	4.9
370.294	5
370.467	5
370.639	5
370.811	5
370.983	5
371.155	4.9
371.328	4.9
371.5	4.9
371.672	4.8
371.844	4.8
372.017	4.9
372.189	4.9
372.361	4.8
372.534	4.8
372.706	4.7
372.878	4.7
373.051	4.6
373.223	4.6
373.396	4.6
373.568	4.6
373.741	4.6
373.913	4.7
374.086	4.6
374.258	4.6
374.431	4.6
374.603	4.6
374.776	4.6
374.949	4.5
375.121	4.5
375.294	4.5
375.467	4.5
375.639	4.5
375.812	4.5
375.985	4.5
376.157	4.4
376.33	4.4
376.503	4.4
376.676	4.4
376.849	4.3
377.021	4.4
377.194	4.4
377.367	4.4
377.54	4.3
377.713	4.2
377.886	4.2
378.059	4.1
378.232	4.1
378.405	4.1
378.578	4.1
378.751	4.1
378.924	4.1
379.097	4.1
379.27	4
379.444	4
379.617	4
379.79	4
379.963	3.9
380.136	3.9
380.31	4
380.483	4
380.656	3.9
380.829	3.9
381.003	3.9
381.176	3.9
381.35	3.8
381.523	3.8
381.696	3.8
381.87	3.8
382.043	3.8
382.217	3.8
382.39	3.7
382.564	3.7
382.738	3.7
382.911	3.7
383.085	3.6
383.258	3.6
383.432	3.6
383.606	3.6
383.779	3.6
383.953	3.6
384.127	3.6
384.301	3.5
384.475	3.5
384.648	3.4
384.822	3.4
384.996	3.4
385.17	3.4
385.344	3.4
385.518	3.4
385.692	3.4
385.866	3.4
386.04	3.4
386.214	3.3
386.388	3.3
386.562	3.3
386.737	3.3
386.911	3.3
387.085	3.3
387.259	3.3
387.434	3.3
387.608	3.3
387.782	3.2
387.956	3.2
388.131	3.2
388.305	3.2
388.48	3.2
388.654	3.2
388.829	3.2
389.003	3.2
389.178	3.2
389.352	3.2
389.527	3.2
389.701	3.1
389.876	3.1
390.051	3.1
390.226	3.1
390.4	3.1
390.575	3.1
390.75	3.1
390.925	3.1
391.099	3.1
391.274	3.1
391.449	3.1
391.624	3.1
391.799	3.1
391.974	3.1
392.149	3.2
392.324	3.2
392.499	3.2
392.675	3.2
392.85	3.2
393.025	3.2
393.2	3.1
393.375	3.1
393.551	3.1
393.726	3.1
393.901	3.1
394.077	3.1
394.252	3.1
394.427	3.1
394.603	3.1
394.778	3.1
394.954	3
395.129	3
395.305	3
395.481	3
395.656	3
395.832	3
396.008	3
396.184	3
396.359	3
396.535	2.9
396.711	2.9
396.887	2.9
397.063	2.9
397.239	2.9
397.415	2.9
397.591	2.9
397.767	2.9
397.943	2.9
398.119	2.9
398.295	2.9
398.471	2.8
398.648	2.8
398.824	2.9
399	2.9
399.176	2.8
399.353	2.8
399.529	2.8
399.706	2.8
399.882	2.8
400.058	2.8
400.235	2.8
400.412	2.8
400.588	2.8
400.765	2.8
400.942	2.8
401.118	2.8
401.295	2.7
401.472	2.8
401.649	2.8
401.825	2.7
402.002	2.7
402.179	2.7
402.356	2.7
402.533	2.7
402.71	2.7
402.887	2.7
403.064	2.7
403.242	2.7
403.419	2.7
403.596	2.7
403.773	2.7
403.95	2.7
404.128	2.7
404.305	2.7
404.483	2.7
404.66	2.7
404.837	2.7
405.015	2.7
405.193	2.7
405.37	2.7
405.548	2.7
405.725	2.7
405.903	2.7
406.081	2.6
406.259	2.6
406.437	2.7
406.614	2.6
406.792	2.6
406.97	2.6
407.148	2.6
407.326	2.6
407.504	2.6
407.682	2.6
407.86	2.6
408.039	2.6
408.217	2.6
408.395	2.6
408.573	2.6
408.751	2.6
408.93	2.6
409.108	2.6
409.287	2.6
409.465	2.6
409.643	2.6
409.822	2.6
410	2.6
410.179	2.6
410.358	2.6
410.536	2.6
410.715	2.6
410.894	2.6
411.072	2.6
411.251	2.6
411.43	2.6
411.609	2.5
411.788	2.5
411.967	2.5
412.146	2.5
412.325	2.5
412.504	2.5
412.683	2.5
412.862	2.5
413.041	2.5
413.22	2.5
413.399	2.5
413.578	2.5
413.758	2.5
413.937	2.5
414.116	2.5
414.296	2.5
414.475	2.5
414.654	2.5
414.834	2.5
415.013	2.5
415.193	2.5
415.372	2.5
415.552	2.5
415.732	2.5
415.911	2.5
416.091	2.5
416.271	2.5
416.45	2.5
416.63	2.5
416.81	2.5
416.99	2.5
417.169	2.5
417.349	2.5
417.529	2.5
417.709	2.5
417.889	2.5
418.069	2.5
418.249	2.5
418.429	2.5
418.609	2.5
418.789	2.5
418.97	2.5
419.15	2.5
419.33	2.5
419.51	2.5
419.691	2.5
419.871	2.5
420.051	2.5
420.232	2.5
420.412	2.5
420.592	2.5
420.773	2.5
420.953	2.5
421.134	2.5
421.314	2.5
421.495	2.5
421.675	2.5
421.856	2.5
422.037	2.4
422.217	2.4
422.398	2.4
422.579	2.4
422.76	2.4
422.94	2.4
423.121	2.4
423.302	2.4
423.483	2.4
423.664	2.4
423.845	2.4
424.026	2.4
424.207	2.4
424.388	2.4
424.569	2.4
424.75	2.4
424.931	2.4
425.112	2.4
425.293	2.4
425.474	2.4
425.655	2.4
425.837	2.4
426.018	2.4
426.199	2.4
426.38	2.4
426.562	2.4
426.743	2.4
426.924	2.4
427.106	2.4
427.287	2.4
427.469	2.4
427.65	2.4
427.832	2.4
428.013	2.4
428.195	2.4
428.376	2.4
428.558	2.4
428.739	2.4
428.921	2.4
429.103	2.4
429.284	2.4
429.466	2.4
429.648	2.4
429.83	2.4
430.011	2.4
430.193	2.4
430.375	2.4
430.557	2.4
430.739	2.4
430.921	2.4
431.102	2.3
431.284	2.3
431.466	2.3
431.648	2.3
431.83	2.3
432.012	2.3
432.194	2.3
432.377	2.3
432.559	2.3
432.741	2.3
432.923	2.3
433.105	2.3
433.287	2.3
433.469	2.3
433.652	2.3
433.834	2.3
434.016	2.3
434.198	2.3
434.381	2.3
434.563	2.3
434.745	2.3
434.928	2.3
435.11	2.3
435.293	2.3
435.475	2.3
435.658	2.3
435.84	2.3
436.022	2.3
436.205	2.3
436.388	2.3
436.57	2.3
436.753	2.3
436.935	2.3
437.118	2.3
437.301	2.3
437.483	2.3
437.666	2.3
437.849	2.3
438.031	2.3
438.214	2.3
438.397	2.3
438.58	2.3
438.762	2.3
438.945	2.3
439.128	2.3
439.311	2.3
439.494	2.3
439.677	2.3
439.859	2.3
440.042	2.3
440.225	2.3
440.408	2.3
440.591	2.3
440.774	2.3
440.957	2.3
441.14	2.3
441.323	2.3
441.507	2.3
441.69	2.3
441.873	2.3
442.056	2.3
442.239	2.3
442.422	2.3
442.605	2.3
442.789	2.3
442.972	2.3
443.155	2.3
443.338	2.3
443.522	2.3
443.705	2.3
443.888	2.3
444.072	2.3
444.255	2.3
444.438	2.3
444.622	2.3
444.805	2.3
444.989	2.3
445.172	2.2
445.356	2.3
445.539	2.3
445.723	2.3
445.906	2.3
446.09	2.3
446.273	2.3
446.457	2.3
446.64	2.3
446.824	2.3
447.008	2.3
447.191	2.3
447.375	2.3
447.559	2.3
447.742	2.3
447.926	2.3
448.11	2.3
448.293	2.3
448.477	2.3
448.661	2.2
448.845	2.2
449.029	2.2
449.212	2.2
449.396	2.2
449.58	2.2
449.764	2.2
449.948	2.2
450.132	2.2
450.316	2.2
450.5	2.2
450.684	2.2
450.868	2.2
451.052	2.2
451.236	2.2
451.42	2.2
451.604	2.2
451.788	2.2
451.972	2.2
452.156	2.2
452.34	2.2
452.525	2.2
452.709	2.2
452.893	2.2
453.077	2.2
453.261	2.2
453.446	2.2
453.63	2.2
453.814	2.2
453.998	2.2
454.183	2.2
454.367	2.2
454.551	2.2
454.736	2.2
454.92	2.2
455.104	2.2
455.289	2.2
455.473	2.2
455.658	2.2
455.842	2.2
456.026	2.2
456.211	2.2
456.395	2.2
456.58	2.2
456.764	2.2
456.949	2.2
457.134	2.2
457.318	2.2
457.503	2.2
457.687	2.2
457.872	2.2
458.057	2.2
458.241	2.2
458.426	2.2
458.611	2.2
458.795	2.2
458.98	2.2
459.165	2.2
459.349	2.2
459.534	2.2
459.719	2.2
459.904	2.2
460.088	2.2
460.273	2.2
460.458	2.2
460.643	2.2
460.828	2.2
461.013	2.2
461.198	2.2
461.382	2.2
461.567	2.2
461.752	2.2
461.937	2.2
462.122	2.2
462.307	2.2
462.492	2.2
462.677	2.2
462.862	2.2
463.047	2.2
463.232	2.2
463.417	2.2
463.602	2.2
463.788	2.2
463.973	2.2
464.158	2.2
464.343	2.2
464.528	2.2
464.713	2.2
464.898	2.2
465.084	2.2
465.269	2.2
465.454	2.2
465.639	2.2
465.824	2.2
466.01	2.2
466.195	2.2
466.38	2.2
466.566	2.2
466.751	2.2
466.936	2.2
467.122	2.2
467.307	2.2
467.492	2.2
467.678	2.2
467.863	2.2
468.048	2.2
468.234	2.2
468.419	2.2
468.605	2.2
468.79	2.2
468.976	2.2
469.161	2.2
469.347	2.2
469.532	2.2
469.718	2.2
469.903	2.2
470.089	2.2
470.274	2.2
470.46	2.2
470.646	2.2
470.831	2.2
471.017	2.2
471.202	2.2
471.388	2.2
471.574	2.2
471.759	2.2
471.945	2.2
472.131	2.2
472.317	2.2
472.502	2.2
472.688	2.2
472.874	2.2
473.059	2.2
473.245	2.2
473.431	2.2
473.617	2.2
473.803	2.2
473.988	2.2
474.174	2.2
474.36	2.2
474.546	2.2
474.732	2.2
474.918	2.2
475.104	2.2
475.29	2.2
475.475	2.2
475.661	2.2
475.847	2.2
476.033	2.2
476.219	2.2
476.405	2.2
476.591	2.2
476.777	2.2
476.963	2.2
477.149	2.2
477.335	2.2
477.521	2.2
477.707	2.2
477.893	2.2
478.08	2.2
478.266	2.2
478.452	2.2
478.638	2.2
478.824	2.2
479.01	2.2
479.196	2.2
479.382	2.2
479.569	2.2
479.755	2.2
479.941	2.2
480.127	2.2
480.313	2.2
480.5	2.2
480.686	2.2
480.872	2.2
481.058	2.2
481.245	2.2
481.431	2.2
481.617	2.2
481.803	2.2
481.99	2.2
482.176	2.3
482.362	2.3
482.549	2.3
482.735	2.3
482.921	2.3
483.108	2.3
483.294	2.3
483.481	2.3
483.667	2.3
483.853	2.3
484.04	2.3
484.226	2.3
484.413	2.3
484.599	2.3
484.786	2.3
484.972	2.3
485.159	2.3
485.345	2.3
485.532	2.3
485.718	2.3
485.905	2.3
486.091	2.3
486.278	2.3
486.464	2.3
486.651	2.3
486.837	2.3
487.024	2.3
487.211	2.3
487.397	2.3
487.584	2.3
487.77	2.3
487.957	2.3
488.144	2.3
488.33	2.3
488.517	2.3
488.704	2.3
488.89	2.3
489.077	2.3
489.264	2.3
489.45	2.3
489.637	2.3
489.824	2.3
490.01	2.3
490.197	2.3
490.384	2.3
490.571	2.3
490.757	2.3
490.944	2.3
491.131	2.3
491.318	2.3
491.505	2.3
491.691	2.3
491.878	2.3
492.065	2.3
492.252	2.3
492.439	2.3
492.626	2.3
492.812	2.3
492.999	2.3
493.186	2.2
493.373	2.2
493.56	2.2
493.747	2.2
493.934	2.2
494.121	2.2
494.308	2.2
494.494	2.2
494.681	2.2
494.868	2.2
495.055	2.2
495.242	2.2
495.429	2.2
495.616	2.2
495.803	2.2
495.99	2.2
496.177	2.2
496.364	2.2
496.551	2.2
496.738	2.2
496.925	2.2
497.112	2.2
497.299	2.2
497.486	2.2
497.673	2.2
497.861	2.2
498.048	2.2
498.235	2.2
498.422	2.2
498.609	2.2
498.796	2.2
498.983	2.2
499.17	2.2
499.357	2.2
499.544	2.2
499.732	2.2
499.919	2.2
500.106	2.2
500.293	2.2
500.48	2.2
500.667	2.2
500.855	2.2
501.042	2.2
501.229	2.2
501.416	2.2
501.603	2.2
501.791	2.2
501.978	2.2
502.165	2.2
502.352	2.2
502.54	2.2
502.727	2.2
502.914	2.2
503.101	2.2
503.289	2.2
503.476	2.2
503.663	2.2
503.85	2.2
504.038	2.2
504.225	2.2
504.412	2.2
504.6	2.2
504.787	2.2
504.974	2.2
505.161	2.2
505.349	2.2
505.536	2.2
505.723	2.2
505.911	2.2
506.098	2.2
506.286	2.2
506.473	2.2
506.66	2.2
506.848	2.2
507.035	2.2
507.222	2.2
507.41	2.2
507.597	2.2
507.785	2.2
507.972	2.2
508.159	2.2
508.347	2.2
508.534	2.2
508.722	2.2
508.909	2.1
509.097	2.1
509.284	2.1
509.471	2.1
509.659	2.1
509.846	2.1
510.034	2.1
510.221	2.1
510.409	2.1
510.596	2.1
510.784	2.1
510.971	2.1
511.159	2.1
511.346	2.1
511.534	2.1
511.721	2.1
511.909	2.1
512.096	2.1
512.284	2.1
512.471	2.1
512.659	2.1
512.846	2.1
513.034	2.1
513.221	2.1
513.409	2.1
513.596	2.1
513.784	2.1
513.972	2.1
514.159	2.1
514.347	2.1
514.534	2.1
514.722	2.1
514.909	2.1
515.097	2.1
515.285	2.1
515.472	2.1
515.66	2.1
515.847	2.1
516.035	2.1
516.222	2.1
516.41	2.1
516.598	2.1
516.785	2.1
516.973	2.1
517.161	2.1
517.348	2.1
517.536	2.1
517.723	2.1
517.911	2.1
518.099	2.1
518.286	2.1
518.474	2.1
518.662	2.1
518.849	2.1
519.037	2.1
519.225	2.1
519.412	2.1
519.6	2.1
519.787	2.1
519.975	2.1
520.163	2.1
520.35	2.1
520.538	2.1
520.726	2.1
520.914	2.1
521.101	2.1
521.289	2.1
521.477	2.1
521.664	2
521.852	2
522.04	2
522.227	2
522.415	2
522.603	2
522.79	2
522.978	2
523.166	2
523.354	2
523.541	2
523.729	2
523.917	2
524.104	2
524.292	2
524.48	2
524.668	2
524.855	2
525.043	2
525.231	2
525.418	2
525.606	2
525.794	2
525.982	2
526.169	2
526.357	2
526.545	2
526.733	2
526.92	2
527.108	2
527.296	2
527.484	2
527.671	2
527.859	2
528.047	2
528.235	2
528.422	2
528.61	2
528.798	2
528.986	2
529.173	2
529.361	2
529.549	2
529.737	2
529.924	2
530.112	2
530.3	2
530.488	2
530.675	2
530.863	2
531.051	2
531.239	2
531.426	2
531.614	2
531.802	2
531.99	2
532.177	2
532.365	2
532.553	2
532.741	2
532.928	2
533.116	2
533.304	2
533.492	2
533.679	2
533.867	2
534.055	2
534.243	2
534.431	2
534.618	2
534.806	2
534.994	2
535.182	2
535.369	2
535.557	2
535.745	2
535.933	2
536.12	2
536.308	2
536.496	2
536.684	2
536.871	2.1
537.059	2.1
537.247	2.1
537.435	2.1
537.622	2.1
537.81	2.1
537.998	2.1
538.186	2.1
538.373	2.1
538.561	2.1
538.749	2.1
538.937	2.1
539.124	2.1
539.312	2.1
539.5	2.1
539.688	2.1
539.875	2.1
540.063	2.1
540.251	2.1
540.439	2.1
540.626	2.1
540.814	2.1
541.002	2.1
541.19	2.1
541.377	2.1
541.565	2.1
541.753	2.1
541.941	2.1
542.128	2.1
542.316	2.1
542.504	2.1
542.691	2.1
542.879	2.1
543.067	2.1
543.255	2.1
543.442	2.1
543.63	2.1
543.818	2.1
544.005	2.1
544.193	2.1
544.381	2.1
544.568	2.1
544.756	2.1
544.944	2.1
545.132	2.1
545.319	2.1
545.507	2.1
545.695	2.1
545.882	2.1
546.07	2.1
546.258	2.1
546.445	2.1
546.633	2.1
546.821	2.1
547.008	2.1
547.196	2.1
547.384	2.1
547.571	2.1
547.759	2.1
547.947	2.1
548.134	2.1
548.322	2.1
548.51	2.1
548.697	2.1
548.885	2.1
549.073	2.1
549.26	2.1
549.448	2.1
549.636	2.1
549.823	2.1
550.011	2.1
550.199	2.1
550.386	2.1
550.574	2.1
550.762	2.1
550.949	2.1
551.137	2.1
551.325	2.1
551.512	2.1
551.7	2.1
551.888	2.1
552.075	2.1
552.263	2.1
552.451	2.1
552.639	2.1
552.826	2.1
553.014	2.1
553.202	2.1
553.389	2.1
553.577	2.1
553.765	2
553.953	2
554.14	2
554.328	2
554.516	2
554.704	2
554.891	2.1
555.079	2.1
555.267	2.1
555.455	2.1
555.643	2.1
555.83	2
556.018	2
556.206	2
556.394	2
556.582	2
556.77	2
556.957	2.1
557.145	2.1
557.333	2.1
557.521	2.1
557.709	2.1
557.897	2.1
558.085	2.1
558.273	2.1
558.461	2.1
558.649	2.1
558.837	2.1
559.025	2.1
559.213	2.1
559.4	2.1
559.588	2.1
559.777	2.1
559.965	2.1
560.153	2.1
560.341	2.1
560.529	2.1
560.717	2.1
560.905	2.1
561.093	2.1
561.281	2.1
561.469	2.1
561.657	2.1
561.845	2.1
562.034	2.1
562.222	2.1
562.41	2.1
562.598	2.1
562.786	2.1
562.975	2.1
563.163	2.1
563.351	2
563.539	2
563.728	2
563.916	2.1
564.104	2.1
564.293	2.1
564.481	2.1
564.67	2.1
564.858	2.1
565.046	2.1
565.235	2.1
565.423	2
565.612	2
565.8	2
565.989	2
566.177	2
566.366	2.1
566.554	2
566.743	2
566.932	2
567.12	2
567.309	2
567.497	2
567.686	2.1
567.875	2.1
568.064	2.1
568.252	2
568.441	2
568.63	2
568.819	2
569.007	2
569.196	2
569.385	2
569.574	2
569.763	2
569.952	2
570.141	2.1
570.33	2.1
570.519	2
570.708	2
570.897	2
571.086	2.1
571.275	2.1
571.464	2.1
571.653	2.1
571.843	2.1
572.032	2.1
572.221	2
572.41	2
572.599	2
572.789	2
572.978	2.1
573.167	2.1
573.357	2.1
573.546	2.1
573.736	2.1
573.925	2.1
574.115	2
574.304	2
574.494	2
574.683	2
574.873	2
575.062	2
575.252	2
575.442	2
575.631	2
575.821	2
576.011	2
576.201	2
576.39	2
576.58	2
576.77	2
576.96	2
577.15	2
577.34	2
577.53	2
577.72	2
577.91	2
578.1	2
578.29	2
578.48	2
578.67	2
578.861	2
579.051	2
579.241	2
579.431	2
579.622	2
579.812	2
580.002	2
580.193	2
580.383	2
580.574	2
580.764	2
580.955	2
581.145	2
581.336	2
581.526	2
581.717	2
581.908	2
582.098	2
582.289	2
582.48	2
582.671	2
582.862	2
583.052	2
583.243	2
583.434	2
583.625	2
583.816	2
584.007	2
584.198	2
584.389	2
584.58	2
584.771	2
584.962	2
585.154	2
585.345	2
585.536	2
585.727	2
585.918	2
586.11	2
586.301	2
586.492	2
586.684	2
586.875	2
587.067	2
587.258	2
587.45	2
587.641	2
587.833	2
588.024	2
588.216	2
588.408	2
588.599	2
588.791	2
588.983	2
589.174	2
589.366	2
589.558	2
589.75	2
589.942	2
590.134	2
590.326	2
590.518	2
590.71	2
590.902	2
591.094	2
591.286	2
591.478	2
591.67	2
591.862	2
592.054	2
592.246	2
592.439	2
592.631	2
592.823	2
593.016	2
593.208	2
593.4	2
593.593	2
593.785	2
593.978	2
594.17	2
594.363	2
594.555	2
594.748	2
594.94	2
595.133	2
595.326	2
595.518	2
595.711	2
595.904	2
596.096	2
596.289	2
596.482	2
596.675	2
596.868	2
597.061	2
597.254	2
597.447	2
597.64	2
597.833	2
598.026	2
598.219	2
598.412	2
598.605	2
598.798	2
598.991	2
599.184	2
599.378	2
599.571	2
599.764	2
599.957	2
600.151	2
600.344	2
600.538	2
600.731	2
600.924	2
601.118	2
601.311	2
601.505	2
601.698	2
601.892	2
602.086	2
602.279	2
602.473	2
602.667	2
602.86	2
603.054	2
603.248	2
603.442	2
603.635	2
603.829	2
604.023	2
604.217	2
604.411	2
604.605	2
604.799	2
604.993	2
605.187	2
605.381	2
605.575	2
605.769	2
605.963	2
606.157	2
606.352	2
606.546	2
606.74	2
606.934	2
607.129	2
607.323	2
607.517	2
607.712	2
607.906	2
608.1	2
608.295	2
608.489	2
608.684	2
608.878	2
609.073	2
609.267	2
609.462	2
609.657	2
609.851	2
610.046	2
610.241	2
610.435	2
610.63	2
610.825	2
611.02	2
611.215	2
611.41	2
611.604	2
611.799	2
611.994	2
612.189	2
612.384	2
612.579	2
612.774	2
612.969	2
613.164	2
613.359	2
613.555	2
613.75	2
613.945	2
614.14	2
614.335	2
614.531	2
614.726	2
614.921	2
615.117	2
615.312	2
615.507	2
615.703	2
615.898	2
616.094	2
616.289	2
616.485	2
616.68	2
616.876	1.9
617.071	1.9
617.267	1.9
617.463	2
617.658	2
617.854	2
618.05	2
618.245	1.9
618.441	1.9
618.637	1.9
618.833	1.9
619.029	1.9
619.225	1.9
619.42	1.9
619.616	1.9
619.812	1.9
620.008	1.9
620.204	1.9
620.4	1.9
620.596	1.9
620.792	1.9
620.988	1.9
621.184	1.9
621.381	1.9
621.577	1.9
621.773	1.9
621.969	1.9
622.165	1.9
622.362	1.9
622.558	1.9
622.754	1.9
622.951	1.9
623.147	1.9
623.343	1.9
623.54	1.9
623.736	1.9
623.933	1.9
624.129	1.9
624.326	1.9
624.522	1.9
624.719	1.9
624.915	1.9
625.112	1.9
625.308	1.9
625.505	1.9
625.702	1.9
625.898	1.9
626.095	1.9
626.292	1.9
626.489	1.9
626.685	1.9
626.882	1.9
627.079	1.9
627.276	1.9
627.473	1.9
627.67	1.9
627.866	1.9
628.063	1.9
628.26	1.9
628.457	1.9
628.654	1.9
628.851	1.9
629.048	1.9
629.246	1.9
629.443	1.9
629.64	1.9
629.837	1.9
630.034	1.9
630.231	1.9
630.429	1.9
630.626	1.9
630.823	1.9
631.02	1.9
631.218	1.9
631.415	1.9
631.612	1.9
631.81	1.9
632.007	1.9
632.205	1.9
632.402	1.9
632.6	1.9
632.797	1.9
632.995	1.9
633.192	1.9
633.39	1.9
633.587	1.9
633.785	1.9
633.983	1.9
634.18	1.9
634.378	1.9
634.576	1.9
634.773	1.9
634.971	1.9
635.169	1.9
635.367	1.9
635.565	1.9
635.762	1.9
635.96	1.9
636.158	1.9
636.356	1.9
636.554	1.9
636.752	1.9
636.95	1.9
637.148	1.9
637.346	1.9
637.544	1.9
637.742	1.9
637.94	1.9
638.138	1.9
638.337	1.9
638.535	1.9
638.733	1.9
638.931	1.9
639.129	1.9
639.328	1.9
639.526	1.9
639.724	1.9
639.922	1.9
640.121	1.9
640.319	1.9
640.518	1.9
640.716	1.9
640.914	1.9
641.113	1.9
641.311	1.9
641.51	1.9
641.708	1.9
641.907	1.9
642.105	1.9
642.304	1.9
642.503	1.9
642.701	1.9
642.9	1.9
643.098	1.9
643.297	1.9
643.496	1.9
643.695	1.9
643.893	1.9
644.092	1.9
644.291	1.9
644.49	1.9
644.689	1.9
644.887	1.9
645.086	1.9
645.285	1.9
645.484	1.9
645.683	1.9
645.882	1.9
646.081	1.9
646.28	1.9
646.479	1.9
646.678	1.9
646.877	1.9
647.076	1.9
647.276	1.9
647.475	1.9
647.674	1.9
647.873	1.9
648.072	1.9
648.271	1.9
648.471	1.9
648.67	1.9
648.869	1.9
649.069	1.9
649.268	1.9
649.467	1.9
649.667	1.9
649.866	1.9
650.065	1.9
650.265	1.9
650.464	1.9
650.664	1.9
650.863	1.9
651.063	1.9
651.262	1.9
651.462	1.9
651.662	1.9
651.861	1.9
652.061	1.9
652.26	1.9
652.46	1.9
652.66	1.9
652.859	1.9
653.059	1.9
653.259	1.9
653.459	1.9
653.658	1.9
653.858	1.9
654.058	1.9
654.258	1.9
654.458	1.9
654.658	1.9
654.858	1.9
655.058	1.9
655.258	1.9
655.457	1.9
655.657	1.9
655.857	1.9
656.058	1.9
656.258	1.9
656.458	1.9
656.658	1.9
656.858	1.8
657.058	1.8
657.258	1.8
657.458	1.8
657.659	1.9
657.859	1.9
658.059	1.9
658.259	1.9
658.459	1.9
658.66	1.9
658.86	1.8
659.06	1.8
659.261	1.9
659.461	1.9
659.662	1.8
659.862	1.8
660.062	1.8
660.263	1.8
660.463	1.8
660.664	1.8
660.864	1.8
661.065	1.8
661.265	1.8
661.466	1.8
661.667	1.8
661.867	1.8
662.068	1.8
662.268	1.8
662.469	1.8
662.67	1.8
662.87	1.8
663.071	1.8
663.272	1.8
663.473	1.8
663.674	1.8
663.874	1.8
664.075	1.8
664.276	1.8
664.477	1.8
664.678	1.8
664.879	1.8
665.08	1.8
665.28	1.8
665.481	1.8
665.682	1.8
665.883	1.8
666.084	1.8
666.285	1.8
666.486	1.8
666.688	1.8
666.889	1.8
667.09	1.8
667.291	1.8
667.492	1.8
667.693	1.8
667.894	1.8
668.096	1.8
668.297	1.8
668.498	1.8
668.699	1.8
668.901	1.8
669.102	1.8
669.303	1.8
669.505	1.8
669.706	1.8
669.907	1.8
670.109	1.8
670.31	1.8
670.511	1.8
670.713	1.8
670.914	1.8
671.116	1.8
671.317	1.8
671.519	1.8
671.72	1.8
671.922	1.8
672.124	1.8
672.325	1.8
672.527	1.8
672.728	1.8
672.93	1.8
673.132	1.8
673.333	1.8
673.535	1.8
673.737	1.8
673.939	1.8
674.14	1.8
674.342	1.8
674.544	1.8
674.746	1.8
674.948	1.8
675.149	1.8
675.351	1.8
675.553	1.8
675.755	1.8
675.957	1.8
676.159	1.8
676.361	1.8
676.563	1.8
676.765	1.8
676.967	1.8
677.169	1.8
677.371	1.8
677.573	1.8
677.775	1.8
677.977	1.8
678.179	1.8
678.381	1.8
678.583	1.8
678.786	1.8
678.988	1.8
679.19	1.8
679.392	1.8
679.594	1.8
679.797	1.8
679.999	1.8
680.201	1.8
680.404	1.8
680.606	1.8
680.808	1.8
681.011	1.8
681.213	1.8
681.415	1.8
681.618	1.8
681.82	1.8
682.023	1.8
682.225	1.8
682.428	1.8
682.63	1.8
682.833	1.8
683.035	1.8
683.238	1.8
683.44	1.8
683.643	1.8
683.845	1.8
684.048	1.8
684.251	1.8
684.453	1.8
684.656	1.8
684.859	1.8
685.061	1.8
685.264	1.8
685.467	1.8
685.67	1.8
685.872	1.8
686.075	1.8
686.278	1.8
686.481	1.8
686.684	1.8
686.886	1.8
687.089	1.8
687.292	1.8
687.495	1.8
687.698	1.8
687.901	1.8
688.104	1.8
688.307	1.8
688.51	1.8
688.713	1.8
688.916	1.8
689.119	1.8
689.322	1.8
689.525	1.8
689.728	1.8
689.931	1.8
690.134	1.8
690.337	1.8
690.54	1.8
690.744	1.8
690.947	1.8
691.15	1.8
691.353	1.8
691.556	1.8
691.76	1.8
691.963	1.8
692.166	1.8
692.37	1.8
692.573	1.8
692.776	1.8
692.979	1.8
693.183	1.8
693.386	1.8
693.59	1.8
693.793	1.8
693.996	1.8
694.2	1.8
694.403	1.8
694.607	1.8
694.81	1.8
695.014	1.8
695.217	1.8
695.421	1.8
695.624	1.8
695.828	1.8
696.031	1.8
696.235	1.8
696.439	1.8
696.642	1.8
696.846	1.8
697.049	1.8
697.253	1.8
697.457	1.8
697.661	1.8
697.864	1.8
698.068	1.8
698.272	1.8
698.475	1.8
698.679	1.8
698.883	1.8
699.087	1.8
699.291	1.8
699.494	1.8
699.698	1.8
699.902	1.8
700.106	1.8
700.31	1.8
700.514	1.8
700.718	1.8
700.922	1.8
701.126	1.8
701.33	1.8
701.534	1.8
701.738	1.8
701.942	1.8
702.146	1.8
702.35	1.8
702.554	1.8
702.758	1.8
702.962	1.8
703.166	1.8
703.37	1.8
703.574	1.8
703.778	1.8
703.983	1.8
704.187	1.8
704.391	1.8
704.595	1.8
704.799	1.8
705.004	1.8
705.208	1.8
705.412	1.8
705.616	1.8
705.821	1.8
706.025	1.8
706.229	1.8
706.434	1.8
706.638	1.8
706.842	1.8
707.047	1.8
707.251	1.8
707.455	1.8
707.66	1.8
707.864	1.8
708.069	1.8
708.273	1.8
708.478	1.8
708.682	1.8
708.887	1.8
709.091	1.8
709.296	1.8
709.5	1.8
709.705	1.8
709.909	1.8
710.114	1.8
710.319	1.8
710.523	1.8
710.728	1.8
710.932	1.8
711.137	1.8
711.342	1.8
711.546	1.8
711.751	1.8
711.956	1.8
712.161	1.8
712.365	1.8
712.57	1.8
712.775	1.8
712.98	1.8
713.184	1.8
713.389	1.8
713.594	1.8
713.799	1.8
714.004	1.8
714.209	1.8
714.413	1.8
714.618	1.8
714.823	1.8
715.028	1.8
715.233	1.8
715.438	1.8
715.643	1.8
715.848	1.8
716.053	1.8
716.258	1.8
716.463	1.8
716.668	1.8
716.873	1.8
717.078	1.8
717.283	1.8
717.488	1.8
717.693	1.8
717.898	1.8
718.103	1.8
718.308	1.8
718.514	1.8
718.719	1.8
718.924	1.8
719.129	1.8
719.334	1.8
719.539	1.8
719.745	1.8
719.95	1.8
720.155	1.8
720.36	1.8
720.566	1.8
720.771	1.8
720.976	1.8
721.182	1.8
721.387	1.8
721.592	1.8
721.798	1.8
722.003	1.8
722.208	1.8
722.414	1.8
722.619	1.8
722.824	1.8
723.03	1.8
723.235	1.8
723.441	1.8
723.646	1.8
723.852	1.8
724.057	1.8
724.263	1.8
724.468	1.8
724.674	1.8
724.879	1.8
725.085	1.8
725.29	1.8
725.496	1.8
725.701	1.8
725.907	1.8
726.112	1.8
726.318	1.8
726.524	1.8
726.729	1.8
726.935	1.8
727.141	1.8
727.346	1.8
727.552	1.8
727.758	1.8
727.963	1.8
728.169	1.8
728.375	1.8
728.581	1.8
728.786	1.8
728.992	1.8
729.198	1.8
729.404	1.8
729.609	1.9
729.815	1.9
730.021	1.9
730.227	1.9
730.433	1.8
730.639	1.8
730.844	1.8
731.05	1.8
731.256	1.9
731.462	1.8
731.668	1.9
731.874	1.9
732.08	1.9
732.286	1.9
732.492	1.9
732.698	1.9
732.904	1.9
733.11	1.9
733.316	1.9
733.522	1.9
733.728	1.9
733.934	1.9
734.14	1.9
734.346	1.8
734.552	1.8
734.758	1.9
734.964	1.9
735.17	1.8
735.376	1.8
735.583	1.9
735.789	1.9
735.995	1.9
736.201	1.9
736.407	1.9
736.613	1.9
736.819	1.9
737.026	1.9
737.232	1.9
737.438	1.9
737.644	1.9
737.851	1.9
738.057	1.9
738.263	1.9
738.469	1.8
738.676	1.9
738.882	1.9
739.088	1.9
739.295	1.9
739.501	1.9
739.707	1.9
739.914	1.9
740.12	1.9
740.326	1.9
740.533	1.9
740.739	1.9
740.946	1.9
741.152	1.9
741.358	1.9
741.565	1.9
741.771	1.9
741.978	1.9
742.184	1.9
742.391	1.9
742.597	1.9
742.804	1.9
743.01	1.9
743.217	1.9
743.423	1.9
743.63	1.9
743.836	1.9
744.043	1.9
744.249	1.9
744.456	1.9
744.663	1.9
744.869	1.9
745.076	1.9
745.282	1.9
745.489	1.9
745.696	1.9
745.902	1.9
746.109	1.9
746.316	1.9
746.522	1.9
746.729	1.9
746.936	1.9
747.142	1.9
747.349	1.9
747.556	1.9
747.762	1.9
747.969	1.9
748.176	1.9
748.383	1.9
748.589	1.9
748.796	1.9
749.003	1.9
749.21	1.9
749.417	1.9
749.623	1.9
749.83	1.9
750.037	1.9
750.244	1.9
750.451	1.9
750.658	1.9
750.865	1.9
751.071	1.9
751.278	1.9
751.485	1.9
751.692	1.9
751.899	1.9
752.106	1.9
752.313	1.9
752.52	1.9
752.727	1.9
752.934	1.9
753.141	1.9
753.348	1.9
753.555	1.9
753.762	1.9
753.969	1.9
754.176	1.9
754.383	1.9
754.59	1.9
754.797	1.9
755.004	1.9
755.211	1.9
755.418	1.9
755.625	1.9
755.832	1.9
756.039	1.9
756.246	1.9
756.453	1.9
756.66	1.9
756.868	1.9
757.075	1.9
757.282	1.9
757.489	1.9
757.696	1.9
757.903	1.9
758.111	1.9
758.318	1.9
758.525	1.9
758.732	1.9
758.939	1.9
759.147	1.9
759.354	1.9
759.561	1.9
759.768	1.9
759.976	1.9
760.183	1.9
760.39	1.9
760.597	1.9
760.805	1.9
761.012	1.9
761.219	1.9
761.426	1.9
761.634	1.9
761.841	1.9
762.048	1.9
762.256	1.9
762.463	1.9
762.67	1.9
762.878	1.9
763.085	1.9
763.293	1.9
763.5	1.9
763.707	1.9
763.915	1.9
764.122	1.9
764.33	1.9
764.537	1.9
764.744	1.9
764.952	1.9
765.159	1.9
765.367	1.9
765.574	1.9
765.782	1.9
765.989	1.9
766.197	1.9
766.404	1.9
766.612	1.9
766.819	1.9
767.027	1.9
767.234	1.9
767.442	1.9
767.649	1.9
767.857	1.9
768.064	1.9
768.272	1.9
768.479	1.9
768.687	1.9
768.895	1.9
769.102	1.9
769.31	1.9
769.517	1.9
769.725	1.9
769.933	1.9
770.14	1.9
770.348	1.9
770.555	1.9
770.763	1.9
770.971	1.9
771.178	1.9
771.386	1.9
771.594	1.9
771.801	1.9
772.009	1.9
772.217	1.9
772.424	1.9
772.632	1.9
772.84	1.9
773.047	1.9
773.255	1.9
773.463	1.9
773.671	1.9
773.878	1.9
774.086	1.9
774.294	1.9
774.502	1.9
774.709	1.9
774.917	1.9
775.125	1.9
775.333	1.9
775.54	1.9
775.748	1.9
775.956	1.9
776.164	1.9
776.371	1.9
776.579	1.9
776.787	1.9
776.995	1.9
777.203	1.9
777.41	1.9
777.618	1.9
777.826	1.9
778.034	1.9
778.242	1.9
778.45	1.9
778.657	1.9
778.865	2
779.073	2
779.281	2
779.489	2
779.697	2
779.905	2
780.112	2
780.32	2
780.528	2
780.736	2
780.944	2
781.152	2
781.36	2
781.568	2
781.776	2
781.984	2
782.191	2
782.399	2
782.607	2
782.815	2
783.023	2
783.231	2
783.439	2
783.647	2
783.855	2
784.063	2
784.271	2
784.479	2
784.687	2
784.895	2
785.103	2
785.311	2
785.519	2
785.727	2
785.935	2
786.143	2
786.351	2
786.559	2
786.767	2
786.975	2
787.183	2
787.391	2
787.599	2
787.807	2
788.015	2
788.223	2
788.431	2
788.639	2
788.847	2
789.055	2
789.263	2
789.471	2
789.679	2
789.887	2
790.095	2
790.303	2
790.511	2
790.719	2
790.927	2
791.135	2
791.343	2
791.551	2
791.76	2
791.968	2
792.176	2
792.384	2
792.592	2
792.8	2
793.008	2
793.216	2
793.424	2
793.632	2
793.84	2
794.048	2
794.256	2
794.465	2
794.673	2
794.881	2
795.089	2
795.297	2
795.505	2
795.713	2
795.921	2
796.129	2
796.337	2
796.546	2
796.754	2
796.962	2
797.17	2
797.378	2
797.586	2
797.794	2
798.002	2
798.21	2
798.419	2
798.627	2
798.835	2
799.043	2
799.251	2
799.459	2
799.667	2
799.875	2
800.083	2
800.292	2
800.5	2
800.708	2
800.916	2
801.124	2
801.332	2
801.54	2
801.748	2
801.957	2
802.165	2
802.373	2
802.581	2
802.789	2
802.997	2
803.205	2
803.414	2
803.622	2.1
803.83	2.1
804.038	2.1
804.246	2.1
804.454	2.1
804.662	2.1
804.87	2.1
805.079	2.1
805.287	2.1
805.495	2.1
805.703	2.1
805.911	2.1
806.119	2.1
806.327	2.1
806.535	2.1
806.743	2.1
806.952	2.1
807.16	2.1
807.368	2.1
807.576	2.1
807.784	2.1
807.992	2.1
808.2	2.1
808.408	2.1
808.617	2.1
808.825	2.1
809.033	2.1
809.241	2.1
809.449	2.1
809.657	2.1
809.865	2.1
810.073	2.1
810.281	2.1
810.49	2.1
810.698	2.1
810.906	2.1
811.114	2.1
811.322	2.1
811.53	2.1
811.738	2.1
811.946	2.1
812.154	2.1
812.362	2.1
812.57	2.1
812.779	2.1
812.987	2.1
813.195	2.1
813.403	2.1
813.611	2.1
813.819	2.1
814.027	2.1
814.235	2.1
814.443	2.1
814.651	2.1
814.859	2.1
815.067	2.1
815.275	2.1
815.484	2.1
815.692	2.1
815.9	2.1
816.108	2.1
816.316	2.1
816.524	2.1
816.732	2.1
816.94	2.1
817.148	2.1
817.356	2.1
817.564	2.1
817.772	2.1
817.98	2.1
818.188	2.1
818.397	2.1
818.605	2.1
818.813	2.1
819.021	2.1
819.229	2.2
819.437	2.2
819.645	2.2
819.853	2.2
820.061	2.2
820.269	2.2
820.477	2.2
820.685	2.2
820.893	2.2
821.102	2.2
821.31	2.2
821.518	2.2
821.726	2.2
821.934	2.2
822.142	2.2
822.35	2.2
822.558	2.2
822.766	2.2
822.974	2.2
823.182	2.2
823.39	2.2
823.599	2.2
823.807	2.2
824.015	2.2
824.223	2.2
824.431	2.2
824.639	2.2
824.847	2.2
825.055	2.2
825.263	2.2
825.472	2.2
825.68	2.2
825.888	2.2
826.096	2.2
826.304	2.2
826.512	2.2
826.72	2.2
826.928	2.2
827.137	2.2
827.345	2.2
827.553	2.2
827.761	2.2
827.969	2.2
828.177	2.2
828.385	2.2
828.594	2.2
828.802	2.2
829.01	2.2
829.218	2.2
829.426	2.2
829.634	2.2
829.843	2.2
830.051	2.2
830.259	2.2
830.467	2.2
830.675	2.2
830.883	2.2
831.092	2.2
831.3	2.2
831.508	2.2
831.716	2.2
831.924	2.2
832.133	2.2
832.341	2.2
832.549	2.2
832.757	2.2
832.966	2.2
833.174	2.3
833.382	2.3
833.59	2.2
833.799	2.3
834.007	2.3
834.215	2.2
834.423	2.2
834.632	2.2
834.84	2.2
835.048	2.3
835.256	2.3
835.465	2.2
835.673	2.2
835.881	2.2
836.09	2.2
836.298	2.3
836.506	2.3
836.715	2.3
836.923	2.3
837.131	2.3
837.34	2.3
837.548	2.3
837.756	2.3
837.965	2.3
838.173	2.3
838.381	2.3
838.59	2.3
838.798	2.3
839.006	2.3
839.215	2.3
839.423	2.3
839.632	2.3
839.84	2.3
840.048	2.3
840.257	2.3
840.465	2.3
840.674	2.3
840.882	2.3
841.091	2.3
841.299	2.3
841.508	2.3
841.716	2.3
841.924	2.3
842.133	2.3
842.341	2.3
842.55	2.3
842.758	2.3
842.967	2.3
843.175	2.3
843.384	2.3
843.593	2.3
843.801	2.3
844.01	2.3
844.218	2.3
844.427	2.3
844.635	2.3
844.844	2.3
845.052	2.3
845.261	2.3
845.47	2.3
845.678	2.3
845.887	2.3
846.095	2.3
846.304	2.3
846.513	2.3
846.721	2.3
846.93	2.3
847.139	2.3
847.347	2.3
847.556	2.3
847.765	2.3
847.973	2.3
848.182	2.3
848.391	2.3
848.6	2.3
848.808	2.3
849.017	2.3
849.226	2.3
849.435	2.3
849.643	2.3
849.852	2.3
850.061	2.3
850.27	2.3
850.478	2.3
850.687	2.3
850.896	2.3
851.105	2.3
851.314	2.3
851.523	2.3
851.731	2.3
851.94	2.3
852.149	2.3
852.358	2.4
852.567	2.4
852.776	2.4
852.985	2.4
853.194	2.4
853.403	2.4
853.612	2.4
853.821	2.4
854.03	2.4
854.239	2.4
854.447	2.4
854.656	2.4
854.865	2.4
855.075	2.4
855.284	2.4
855.493	2.4
855.702	2.4
855.911	2.4
856.12	2.4
856.329	2.4
856.538	2.4
856.747	2.4
856.956	2.4
857.165	2.4
857.374	2.5
857.584	2.5
857.793	2.5
858.002	2.5
858.211	2.5
858.42	2.5
858.629	2.5
858.839	2.5
859.048	2.5
859.257	2.5
859.466	2.5
859.676	2.5
859.885	2.5
860.094	2.5
860.304	2.5
860.513	2.5
860.722	2.5
860.932	2.4
861.141	2.4
861.35	2.4
861.56	2.5
861.769	2.4
861.978	2.4
862.188	2.4
862.397	2.4
862.607	2.4
862.816	2.4
863.026	2.4
863.235	2.4
863.445	2.4
863.654	2.4
863.864	2.4
864.073	2.4
864.283	2.4
864.492	2.4
864.702	2.4
864.911	2.4
865.121	2.4
865.33	2.4
865.54	2.5
865.75	2.5
865.959	2.5
866.169	2.4
866.379	2.4
866.588	2.4
866.798	2.4
867.008	2.4
867.218	2.5
867.427	2.5
867.637	2.5
867.847	2.5
868.057	2.5
868.266	2.5
868.476	2.5
868.686	2.5
868.896	2.5
869.106	2.5
869.316	2.6
869.525	2.6
869.735	2.6
869.945	2.6
870.155	2.6
870.365	2.6
870.575	2.6
870.785	2.6
870.995	2.6
871.205	2.6
871.415	2.6
871.625	2.6
871.835	2.6
872.045	2.6
872.255	2.6
872.465	2.6
872.675	2.6
872.886	2.6
873.096	2.6
873.306	2.6
873.516	2.6
873.726	2.6
873.936	2.6
874.147	2.6
874.357	2.6
874.567	2.6
874.777	2.6
874.988	2.6
875.198	2.6
875.408	2.6
875.619	2.6
875.829	2.6
876.039	2.6
876.25	2.6
876.46	2.6
876.67	2.6
876.881	2.6
877.091	2.6
877.302	2.6
877.512	2.6
877.723	2.6
877.933	2.6
878.144	2.6
878.354	2.6
878.565	2.6
878.775	2.6
878.986	2.6
879.197	2.6
879.407	2.6
879.618	2.6
879.829	2.6
880.039	2.6
880.25	2.6
880.461	2.6
880.671	2.6
880.882	2.6
881.093	2.6
881.304	2.6
881.515	2.7
881.725	2.7
881.936	2.7
882.147	2.7
882.358	2.7
882.569	2.7
882.78	2.7
882.991	2.7
883.202	2.7
883.413	2.7
883.624	2.7
883.835	2.7
884.046	2.7
884.257	2.7
884.468	2.7
884.679	2.7
884.89	2.7
885.101	2.7
885.312	2.7
885.523	2.7
885.735	2.7
885.946	2.7
886.157	2.7
886.368	2.7
886.579	2.7
886.791	2.7
887.002	2.7
887.213	2.7
887.425	2.7
887.636	2.7
887.847	2.7
888.059	2.7
888.27	2.7
888.481	2.7
888.693	2.7
888.904	2.7
889.116	2.7
889.327	2.7
889.539	2.7
889.75	2.7
889.962	2.7
890.174	2.7
890.385	2.7
890.597	2.7
890.808	2.7
891.02	2.7
891.232	2.7
891.444	2.7
891.655	2.7
891.867	2.7
892.079	2.7
892.291	2.7
892.502	2.7
892.714	2.7
892.926	2.7
893.138	2.7
893.35	2.7
893.562	2.7
893.774	2.7
893.986	2.7
894.198	2.7
894.41	2.7
894.622	2.7
894.834	2.7
895.046	2.7
895.258	2.7
895.47	2.8
895.682	2.8
895.894	2.8
896.106	2.7
896.319	2.7
896.531	2.7
896.743	2.7
896.955	2.7
897.168	2.8
897.38	2.8
897.592	2.8
897.805	2.8
898.017	2.8
898.229	2.9
898.442	2.9
898.654	2.8
898.867	2.8
899.079	2.8
899.292	2.8
899.504	2.9
899.717	2.9
899.929	2.9
900.142	2.9
900.355	2.9
900.567	2.9
900.78	2.9
900.993	2.9
901.205	2.9
901.418	2.9
901.631	2.9
901.844	2.9
902.056	2.9
902.269	2.9
902.482	2.9
902.695	2.9
902.908	2.9
903.121	2.9
903.334	2.9
903.547	2.9
903.76	2.9
903.973	2.9
904.186	2.9
904.399	2.9
904.612	2.9
904.825	2.9
905.038	2.9
905.251	2.9
905.465	2.9
905.678	2.9
905.891	2.9
906.104	2.9
906.318	2.8
906.531	2.8
906.744	2.8
906.958	2.8
907.171	2.8
907.384	2.8
907.598	2.8
907.811	2.8
908.025	2.8
908.238	2.8
908.452	2.8
908.665	2.8
908.879	2.8
909.093	2.8
909.306	2.8
909.52	2.8
909.734	2.8
909.947	2.8
910.161	2.8
910.375	2.8
910.589	2.8
910.803	2.8
911.016	2.9
911.23	2.9
911.444	2.9
911.658	2.9
911.872	2.9
912.086	2.9
912.3	2.9
912.514	3
912.728	3
912.942	3
913.156	3
913.37	3
913.585	3
913.799	3
914.013	3.1
914.227	3.1
914.442	3.1
914.656	3.1
914.87	3.1
915.084	3.1
915.299	3.1
915.513	3.1
915.728	3.1
915.942	3.1
916.157	3.1
916.371	3.1
916.586	3.1
916.8	3.1
917.015	3.1
917.229	3.1
917.444	3.1
917.659	3.1
917.874	3.1
918.088	3.1
918.303	3.1
918.518	3.1
918.733	3.1
918.947	3.1
919.162	3.1
919.377	3.1
919.592	3.1
919.807	3.1
920.022	3.1
920.237	3.1
920.452	3.1
920.667	3.1
920.882	3.1
921.097	3.1
921.313	3.1
921.528	3.1
921.743	3.1
921.958	3.1
922.174	3.1
922.389	3.1
922.604	3.1
922.82	3
923.035	3
923.25	3
923.466	3
923.681	3
923.897	3
924.112	3
924.328	3
924.544	3
924.759	3.1
924.975	3.1
925.19	3.1
925.406	3.2
925.622	3.2
925.838	3.2
926.054	3.2
926.269	3.2
926.485	3.2
926.701	3.2
926.917	3.2
927.133	3.2
927.349	3.2
927.565	3.3
927.781	3.3
927.997	3.3
928.213	3.3
928.429	3.3
928.646	3.3
928.862	3.3
929.078	3.3
929.294	3.3
929.511	3.4
929.727	3.3
929.943	3.3
930.16	3.3
930.376	3.4
930.592	3.4
930.809	3.4
931.025	3.4
931.242	3.4
931.459	3.4
931.675	3.5
931.892	3.5
932.108	3.5
932.325	3.5
932.542	3.6
932.759	3.6
932.975	3.6
933.192	3.6
933.409	3.6
933.626	3.6
933.843	3.6
934.06	3.6
934.277	3.6
934.494	3.6
934.711	3.6
934.928	3.6
935.145	3.6
935.362	3.6
935.58	3.7
935.797	3.7
936.014	3.7
936.231	3.7
936.449	3.7
936.666	3.7
936.883	3.7
937.101	3.8
937.318	3.8
937.536	3.9
937.753	3.9
937.971	4
938.188	4
938.406	4
938.624	4.1
938.841	4.2
939.059	4.2
939.277	4.3
939.494	4.3
939.712	4.3
939.93	4.3
