360.161	7.6
360.333	7.5
360.504	7.5
360.676	7.4
360.847	7.3
361.019	7.3
361.19	7.2
361.361	7.2
361.533	7.1
361.704	7
361.876	7
362.047	7.1
362.219	7.1
362.391	7.1
362.562	7.1
362.734	7
362.905	7
363.077	6.9
363.248	6.9
363.42	6.9
363.592	6.9
363.763	6.9
363.935	6.9
364.106	6.9
364.278	6.9
364.45	6.9
364.621	6.8
364.793	6.8
364.965	6.8
365.137	6.8
365.308	6.7
365.48	6.7
365.652	6.7
365.824	6.6
365.995	6.5
366.167	6.4
366.339	6.4
366.511	6.4
366.683	6.3
366.854	6.3
367.026	6.2
367.198	6.2
367.37	6.2
367.542	6.1
367.714	6.1
367.886	6.1
368.058	6.1
368.23	6
368.402	6
368.574	6
368.746	6
368.918	5.9
369.09	5.9
369.262	5.8
369.434	5.8
369.606	5.7
369.778	5.7
369.95	5.6
370.122	5.5
370.294	5.5
370.467	5.5
370.639	5.5
370.811	5.5
370.983	5.4
371.155	5.3
371.328	5.3
371.5	5.3
371.672	5.2
371.844	5.2
372.017	5.2
372.189	5.2
372.361	5.2
372.534	5.1
372.706	5
372.878	5
373.051	5
373.223	5
373.396	4.9
373.568	4.8
373.741	4.8
373.913	4.7
374.086	4.7
374.258	4.7
374.431	4.7
374.603	4.8
374.776	4.7
374.949	4.7
375.121	4.7
375.294	4.7
375.467	4.6
375.639	4.6
375.812	4.6
375.985	4.5
376.157	4.5
376.33	4.5
376.503	4.4
376.676	4.4
376.849	4.4
377.021	4.4
377.194	4.4
377.367	4.4
377.54	4.3
377.713	4.3
377.886	4.2
378.059	4.2
378.232	4.2
378.405	4.2
378.578	4.2
378.751	4.2
378.924	4.2
379.097	4.2
379.27	4.2
379.444	4.2
379.617	4.1
379.79	4.1
379.963	4.1
380.136	4.1
380.31	4.1
380.483	4.1
380.656	4.1
380.829	4
381.003	4
381.176	4
381.35	4
381.523	3.9
381.696	3.9
381.87	3.9
382.043	3.9
382.217	3.8
382.39	3.8
382.564	3.8
382.738	3.7
382.911	3.7
383.085	3.7
383.258	3.7
383.432	3.7
383.606	3.7
383.779	3.7
383.953	3.7
384.127	3.7
384.301	3.6
384.475	3.6
384.648	3.6
384.822	3.6
384.996	3.5
385.17	3.5
385.344	3.5
385.518	3.4
385.692	3.4
385.866	3.4
386.04	3.4
386.214	3.4
386.388	3.3
386.562	3.3
386.737	3.3
386.911	3.2
387.085	3.2
387.259	3.2
387.434	3.2
387.608	3.2
387.782	3.2
387.956	3.2
388.131	3.2
388.305	3.2
388.48	3.2
388.654	3.2
388.829	3.2
389.003	3.2
389.178	3.1
389.352	3.2
389.527	3.2
389.701	3.2
389.876	3.2
390.051	3.2
390.226	3.2
390.4	3.2
390.575	3.2
390.75	3.2
390.925	3.2
391.099	3.2
391.274	3.2
391.449	3.2
391.624	3.1
391.799	3.1
391.974	3.1
392.149	3.1
392.324	3.1
392.499	3.1
392.675	3.1
392.85	3.1
393.025	3.1
393.2	3.1
393.375	3.1
393.551	3.1
393.726	3.1
393.901	3.1
394.077	3.1
394.252	3.1
394.427	3.1
394.603	3
394.778	3
394.954	3
395.129	3
395.305	3
395.481	3
395.656	3
395.832	3
396.008	3
396.184	3
396.359	3
396.535	3
396.711	2.9
396.887	2.9
397.063	2.9
397.239	2.9
397.415	2.9
397.591	2.9
397.767	2.9
397.943	2.8
398.119	2.8
398.295	2.8
398.471	2.8
398.648	2.8
398.824	2.9
399	2.9
399.176	2.9
399.353	2.9
399.529	2.9
399.706	2.9
399.882	2.9
400.058	2.9
400.235	2.8
400.412	2.9
400.588	2.9
400.765	2.9
400.942	2.8
401.118	2.8
401.295	2.8
401.472	2.8
401.649	2.8
401.825	2.8
402.002	2.8
402.179	2.8
402.356	2.8
402.533	2.8
402.71	2.8
402.887	2.7
403.064	2.7
403.242	2.7
403.419	2.7
403.596	2.7
403.773	2.7
403.95	2.7
404.128	2.7
404.305	2.7
404.483	2.7
404.66	2.7
404.837	2.7
405.015	2.7
405.193	2.7
405.37	2.6
405.548	2.6
405.725	2.6
405.903	2.6
406.081	2.6
406.259	2.5
406.437	2.5
406.614	2.5
406.792	2.5
406.97	2.5
407.148	2.5
407.326	2.5
407.504	2.5
407.682	2.5
407.86	2.5
408.039	2.4
408.217	2.5
408.395	2.5
408.573	2.5
408.751	2.5
408.93	2.4
409.108	2.4
409.287	2.4
409.465	2.4
409.643	2.4
409.822	2.4
410	2.4
410.179	2.4
410.358	2.4
410.536	2.4
410.715	2.4
410.894	2.4
411.072	2.4
411.251	2.4
411.43	2.4
411.609	2.4
411.788	2.4
411.967	2.4
412.146	2.4
412.325	2.4
412.504	2.4
412.683	2.4
412.862	2.4
413.041	2.4
413.22	2.4
413.399	2.4
413.578	2.4
413.758	2.4
413.937	2.4
414.116	2.4
414.296	2.4
414.475	2.4
414.654	2.4
414.834	2.4
415.013	2.4
415.193	2.4
415.372	2.4
415.552	2.4
415.732	2.4
415.911	2.4
416.091	2.4
416.271	2.4
416.45	2.4
416.63	2.4
416.81	2.4
416.99	2.4
417.169	2.4
417.349	2.4
417.529	2.4
417.709	2.4
417.889	2.4
418.069	2.4
418.249	2.4
418.429	2.4
418.609	2.4
418.789	2.4
418.97	2.4
419.15	2.4
419.33	2.4
419.51	2.4
419.691	2.4
419.871	2.4
420.051	2.4
420.232	2.4
420.412	2.4
420.592	2.4
420.773	2.4
420.953	2.4
421.134	2.4
421.314	2.4
421.495	2.4
421.675	2.4
421.856	2.4
422.037	2.4
422.217	2.3
422.398	2.3
422.579	2.3
422.76	2.3
422.94	2.3
423.121	2.3
423.302	2.3
423.483	2.3
423.664	2.3
423.845	2.3
424.026	2.3
424.207	2.3
424.388	2.3
424.569	2.3
424.75	2.3
424.931	2.3
425.112	2.3
425.293	2.3
425.474	2.3
425.655	2.3
425.837	2.3
426.018	2.3
426.199	2.3
426.38	2.3
426.562	2.3
426.743	2.3
426.924	2.3
427.106	2.3
427.287	2.3
427.469	2.3
427.65	2.3
427.832	2.3
428.013	2.3
428.195	2.3
428.376	2.3
428.558	2.3
428.739	2.2
428.921	2.2
429.103	2.2
429.284	2.2
429.466	2.2
429.648	2.2
429.83	2.2
430.011	2.2
430.193	2.2
430.375	2.2
430.557	2.2
430.739	2.2
430.921	2.2
431.102	2.2
431.284	2.2
431.466	2.2
431.648	2.2
431.83	2.2
432.012	2.2
432.194	2.2
432.377	2.2
432.559	2.2
432.741	2.2
432.923	2.2
433.105	2.2
433.287	2.2
433.469	2.2
433.652	2.2
433.834	2.2
434.016	2.2
434.198	2.2
434.381	2.2
434.563	2.2
434.745	2.1
434.928	2.1
435.11	2.1
435.293	2.1
435.475	2.1
435.658	2.1
435.84	2.1
436.022	2.1
436.205	2.1
436.388	2.1
436.57	2.1
436.753	2.1
436.935	2.1
437.118	2.1
437.301	2.1
437.483	2.1
437.666	2.1
437.849	2.1
438.031	2.1
438.214	2.1
438.397	2.1
438.58	2.1
438.762	2.1
438.945	2.1
439.128	2.1
439.311	2.1
439.494	2.1
439.677	2.1
439.859	2.1
440.042	2.1
440.225	2.1
440.408	2.2
440.591	2.2
440.774	2.2
440.957	2.2
441.14	2.2
441.323	2.2
441.507	2.2
441.69	2.1
441.873	2.1
442.056	2.1
442.239	2.1
442.422	2.1
442.605	2.1
442.789	2.2
442.972	2.2
443.155	2.2
443.338	2.2
443.522	2.2
443.705	2.1
443.888	2.1
444.072	2.1
444.255	2.1
444.438	2.1
444.622	2.1
444.805	2.1
444.989	2.1
445.172	2.1
445.356	2.1
445.539	2.1
445.723	2.1
445.906	2.1
446.09	2.1
446.273	2.1
446.457	2.1
446.64	2.1
446.824	2.1
447.008	2.1
447.191	2.1
447.375	2.1
447.559	2.1
447.742	2.1
447.926	2.1
448.11	2.1
448.293	2.1
448.477	2.1
448.661	2.1
448.845	2.1
449.029	2.1
449.212	2.1
449.396	2.1
449.58	2.1
449.764	2.1
449.948	2.1
450.132	2.1
450.316	2.1
450.5	2.1
450.684	2.1
450.868	2.1
451.052	2.1
451.236	2.1
451.42	2.1
451.604	2.1
451.788	2.1
451.972	2.1
452.156	2.1
452.34	2.1
452.525	2.1
452.709	2.1
452.893	2.1
453.077	2.1
453.261	2.1
453.446	2.1
453.63	2.1
453.814	2.1
453.998	2.1
454.183	2.1
454.367	2.1
454.551	2.1
454.736	2.1
454.92	2.1
455.104	2.1
455.289	2.1
455.473	2.1
455.658	2.1
455.842	2.1
456.026	2.1
456.211	2.1
456.395	2.1
456.58	2.1
456.764	2.1
456.949	2.1
457.134	2.1
457.318	2.1
457.503	2.1
457.687	2.1
457.872	2.1
458.057	2.1
458.241	2.1
458.426	2.1
458.611	2.1
458.795	2.1
458.98	2.1
459.165	2.1
459.349	2.1
459.534	2.1
459.719	2.1
459.904	2.1
460.088	2.1
460.273	2.1
460.458	2.1
460.643	2.1
460.828	2.1
461.013	2.1
461.198	2.1
461.382	2.1
461.567	2.1
461.752	2.1
461.937	2.1
462.122	2.1
462.307	2.1
462.492	2.1
462.677	2.1
462.862	2.1
463.047	2.1
463.232	2.1
463.417	2.1
463.602	2.1
463.788	2.1
463.973	2.1
464.158	2.1
464.343	2.1
464.528	2.1
464.713	2.1
464.898	2.1
465.084	2.1
465.269	2.1
465.454	2.1
465.639	2.1
465.824	2.1
466.01	2.1
466.195	2.1
466.38	2.1
466.566	2.1
466.751	2.1
466.936	2.1
467.122	2.1
467.307	2.1
467.492	2.1
467.678	2.1
467.863	2.1
468.048	2.1
468.234	2.1
468.419	2.1
468.605	2.1
468.79	2.1
468.976	2.1
469.161	2.1
469.347	2.1
469.532	2.1
469.718	2.1
469.903	2.1
470.089	2.1
470.274	2.1
470.46	2.1
470.646	2.1
470.831	2.1
471.017	2.1
471.202	2.1
471.388	2.1
471.574	2.1
471.759	2.1
471.945	2.1
472.131	2.1
472.317	2.1
472.502	2.1
472.688	2.1
472.874	2.1
473.059	2.1
473.245	2.1
473.431	2.1
473.617	2.1
473.803	2.1
473.988	2.1
474.174	2.1
474.36	2.1
474.546	2.1
474.732	2.1
474.918	2.1
475.104	2.1
475.29	2.1
475.475	2.1
475.661	2.1
475.847	2.1
476.033	2.1
476.219	2.1
476.405	2.1
476.591	2.1
476.777	2.1
476.963	2.1
477.149	2.1
477.335	2.1
477.521	2.1
477.707	2.1
477.893	2.1
478.08	2.1
478.266	2.1
478.452	2.1
478.638	2.1
478.824	2.1
479.01	2.1
479.196	2.1
479.382	2.1
479.569	2.1
479.755	2.1
479.941	2.1
480.127	2.2
480.313	2.2
480.5	2.2
480.686	2.2
480.872	2.2
481.058	2.2
481.245	2.2
481.431	2.2
481.617	2.2
481.803	2.2
481.99	2.2
482.176	2.2
482.362	2.2
482.549	2.2
482.735	2.2
482.921	2.2
483.108	2.2
483.294	2.2
483.481	2.2
483.667	2.2
483.853	2.2
484.04	2.2
484.226	2.2
484.413	2.2
484.599	2.2
484.786	2.2
484.972	2.2
485.159	2.2
485.345	2.2
485.532	2.2
485.718	2.2
485.905	2.2
486.091	2.2
486.278	2.2
486.464	2.2
486.651	2.2
486.837	2.2
487.024	2.2
487.211	2.2
487.397	2.2
487.584	2.2
487.77	2.2
487.957	2.2
488.144	2.2
488.33	2.2
488.517	2.2
488.704	2.2
488.89	2.2
489.077	2.2
489.264	2.2
489.45	2.2
489.637	2.2
489.824	2.2
490.01	2.2
490.197	2.2
490.384	2.2
490.571	2.2
490.757	2.2
490.944	2.2
491.131	2.2
491.318	2.2
491.505	2.2
491.691	2.2
491.878	2.2
492.065	2.2
492.252	2.2
492.439	2.2
492.626	2.2
492.812	2.2
492.999	2.2
493.186	2.2
493.373	2.2
493.56	2.2
493.747	2.2
493.934	2.2
494.121	2.2
494.308	2.2
494.494	2.2
494.681	2.2
494.868	2.2
495.055	2.2
495.242	2.2
495.429	2.2
495.616	2.2
495.803	2.2
495.99	2.2
496.177	2.2
496.364	2.2
496.551	2.2
496.738	2.2
496.925	2.2
497.112	2.2
497.299	2.2
497.486	2.2
497.673	2.2
497.861	2.2
498.048	2.2
498.235	2.3
498.422	2.3
498.609	2.2
498.796	2.2
498.983	2.2
499.17	2.2
499.357	2.2
499.544	2.2
499.732	2.3
499.919	2.3
500.106	2.3
500.293	2.3
500.48	2.3
500.667	2.2
500.855	2.2
501.042	2.2
501.229	2.2
501.416	2.2
501.603	2.2
501.791	2.2
501.978	2.2
502.165	2.2
502.352	2.2
502.54	2.2
502.727	2.2
502.914	2.2
503.101	2.2
503.289	2.2
503.476	2.2
503.663	2.2
503.85	2.2
504.038	2.2
504.225	2.2
504.412	2.2
504.6	2.2
504.787	2.2
504.974	2.2
505.161	2.3
505.349	2.3
505.536	2.2
505.723	2.2
505.911	2.2
506.098	2.2
506.286	2.2
506.473	2.2
506.66	2.2
506.848	2.2
507.035	2.2
507.222	2.2
507.41	2.2
507.597	2.2
507.785	2.2
507.972	2.2
508.159	2.3
508.347	2.3
508.534	2.3
508.722	2.3
508.909	2.3
509.097	2.3
509.284	2.3
509.471	2.3
509.659	2.3
509.846	2.3
510.034	2.3
510.221	2.3
510.409	2.3
510.596	2.3
510.784	2.3
510.971	2.3
511.159	2.3
511.346	2.3
511.534	2.3
511.721	2.3
511.909	2.3
512.096	2.3
512.284	2.3
512.471	2.3
512.659	2.3
512.846	2.3
513.034	2.3
513.221	2.3
513.409	2.3
513.596	2.3
513.784	2.3
513.972	2.3
514.159	2.3
514.347	2.3
514.534	2.3
514.722	2.3
514.909	2.3
515.097	2.3
515.285	2.3
515.472	2.3
515.66	2.3
515.847	2.3
516.035	2.3
516.222	2.3
516.41	2.3
516.598	2.3
516.785	2.3
516.973	2.3
517.161	2.3
517.348	2.3
517.536	2.3
517.723	2.3
517.911	2.3
518.099	2.3
518.286	2.3
518.474	2.3
518.662	2.3
518.849	2.3
519.037	2.3
519.225	2.3
519.412	2.3
519.6	2.3
519.787	2.3
519.975	2.3
520.163	2.3
520.35	2.3
520.538	2.3
520.726	2.3
520.914	2.3
521.101	2.3
521.289	2.3
521.477	2.3
521.664	2.3
521.852	2.3
522.04	2.3
522.227	2.3
522.415	2.3
522.603	2.3
522.79	2.3
522.978	2.3
523.166	2.3
523.354	2.3
523.541	2.3
523.729	2.3
523.917	2.3
524.104	2.3
524.292	2.3
524.48	2.3
524.668	2.3
524.855	2.3
525.043	2.3
525.231	2.3
525.418	2.3
525.606	2.3
525.794	2.3
525.982	2.3
526.169	2.3
526.357	2.3
526.545	2.3
526.733	2.3
526.92	2.3
527.108	2.3
527.296	2.3
527.484	2.3
527.671	2.3
527.859	2.3
528.047	2.3
528.235	2.3
528.422	2.3
528.61	2.3
528.798	2.3
528.986	2.3
529.173	2.3
529.361	2.3
529.549	2.4
529.737	2.4
529.924	2.4
530.112	2.4
530.3	2.4
530.488	2.4
530.675	2.4
530.863	2.4
531.051	2.4
531.239	2.4
531.426	2.4
531.614	2.4
531.802	2.4
531.99	2.4
532.177	2.4
532.365	2.4
532.553	2.4
532.741	2.4
532.928	2.4
533.116	2.4
533.304	2.4
533.492	2.4
533.679	2.4
533.867	2.4
534.055	2.4
534.243	2.5
534.431	2.5
534.618	2.5
534.806	2.5
534.994	2.5
535.182	2.5
535.369	2.5
535.557	2.5
535.745	2.5
535.933	2.5
536.12	2.5
536.308	2.5
536.496	2.5
536.684	2.5
536.871	2.5
537.059	2.5
537.247	2.5
537.435	2.5
537.622	2.5
537.81	2.5
537.998	2.5
538.186	2.5
538.373	2.6
538.561	2.6
538.749	2.6
538.937	2.6
539.124	2.6
539.312	2.6
539.5	2.6
539.688	2.6
539.875	2.6
540.063	2.6
540.251	2.6
540.439	2.6
540.626	2.6
540.814	2.6
541.002	2.6
541.19	2.6
541.377	2.6
541.565	2.6
541.753	2.6
541.941	2.6
542.128	2.7
542.316	2.7
542.504	2.7
542.691	2.7
542.879	2.7
543.067	2.7
543.255	2.7
543.442	2.7
543.63	2.7
543.818	2.7
544.005	2.7
544.193	2.7
544.381	2.7
544.568	2.7
544.756	2.7
544.944	2.7
545.132	2.7
545.319	2.7
545.507	2.8
545.695	2.8
545.882	2.8
546.07	2.8
546.258	2.8
546.445	2.8
546.633	2.8
546.821	2.8
547.008	2.8
547.196	2.8
547.384	2.8
547.571	2.8
547.759	2.8
547.947	2.8
548.134	2.8
548.322	2.8
548.51	2.8
548.697	2.9
548.885	2.9
549.073	2.9
549.26	2.9
549.448	2.9
549.636	2.9
549.823	2.9
550.011	2.9
550.199	2.9
550.386	2.9
550.574	2.9
550.762	2.9
550.949	2.9
551.137	3
551.325	3
551.512	3
551.7	3
551.888	3
552.075	3
552.263	3
552.451	3
552.639	3
552.826	3
553.014	3
553.202	3
553.389	3.1
553.577	3.1
553.765	3.1
553.953	3.1
554.14	3.1
554.328	3.1
554.516	3.1
554.704	3.1
554.891	3.1
555.079	3.1
555.267	3.2
555.455	3.2
555.643	3.2
555.83	3.2
556.018	3.2
556.206	3.2
556.394	3.2
556.582	3.2
556.77	3.2
556.957	3.2
557.145	3.3
557.333	3.3
557.521	3.3
557.709	3.3
557.897	3.3
558.085	3.3
558.273	3.3
558.461	3.3
558.649	3.3
558.837	3.4
559.025	3.4
559.213	3.4
559.4	3.4
559.588	3.4
559.777	3.4
559.965	3.4
560.153	3.4
560.341	3.5
560.529	3.5
560.717	3.5
560.905	3.5
561.093	3.5
561.281	3.5
561.469	3.5
561.657	3.5
561.845	3.5
562.034	3.6
562.222	3.6
562.41	3.6
562.598	3.6
562.786	3.6
562.975	3.6
563.163	3.6
563.351	3.6
563.539	3.7
563.728	3.7
563.916	3.7
564.104	3.7
564.293	3.7
564.481	3.7
564.67	3.7
564.858	3.8
565.046	3.8
565.235	3.8
565.423	3.8
565.612	3.8
565.8	3.8
565.989	3.8
566.177	3.9
566.366	3.9
566.554	3.9
566.743	3.9
566.932	3.9
567.12	3.9
567.309	3.9
567.497	4
567.686	4
567.875	4
568.064	4
568.252	4
568.441	4
568.63	4
568.819	4.1
569.007	4.1
569.196	4.1
569.385	4.1
569.574	4.1
569.763	4.1
569.952	4.2
570.141	4.2
570.33	4.2
570.519	4.2
570.708	4.2
570.897	4.2
571.086	4.3
571.275	4.3
571.464	4.3
571.653	4.3
571.843	4.3
572.032	4.3
572.221	4.4
572.41	4.4
572.599	4.4
572.789	4.4
572.978	4.4
573.167	4.4
573.357	4.5
573.546	4.5
573.736	4.5
573.925	4.5
574.115	4.5
574.304	4.5
574.494	4.6
574.683	4.6
574.873	4.6
575.062	4.6
575.252	4.6
575.442	4.6
575.631	4.7
575.821	4.7
576.011	4.7
576.201	4.7
576.39	4.7
576.58	4.8
576.77	4.8
576.96	4.8
577.15	4.8
577.34	4.8
577.53	4.9
577.72	4.9
577.91	4.9
578.1	4.9
578.29	4.9
578.48	4.9
578.67	5
578.861	5
579.051	5
579.241	5
579.431	5
579.622	5.1
579.812	5.1
580.002	5.1
580.193	5.1
580.383	5.1
580.574	5.2
580.764	5.2
580.955	5.2
581.145	5.2
581.336	5.2
581.526	5.3
581.717	5.3
581.908	5.3
582.098	5.3
582.289	5.3
582.48	5.4
582.671	5.4
582.862	5.4
583.052	5.4
583.243	5.5
583.434	5.5
583.625	5.5
583.816	5.5
584.007	5.5
584.198	5.6
584.389	5.6
584.58	5.6
584.771	5.6
584.962	5.6
585.154	5.7
585.345	5.7
585.536	5.7
585.727	5.7
585.918	5.7
586.11	5.8
586.301	5.8
586.492	5.8
586.684	5.8
586.875	5.8
587.067	5.9
587.258	5.9
587.45	5.9
587.641	5.9
587.833	5.9
588.024	6
588.216	6
588.408	6
588.599	6
588.791	6.1
588.983	6.1
589.174	6.1
589.366	6.1
589.558	6.1
589.75	6.2
589.942	6.2
590.134	6.2
590.326	6.2
590.518	6.2
590.71	6.3
590.902	6.3
591.094	6.3
591.286	6.3
591.478	6.3
591.67	6.4
591.862	6.4
592.054	6.4
592.246	6.4
592.439	6.4
592.631	6.5
592.823	6.5
593.016	6.5
593.208	6.5
593.4	6.5
593.593	6.6
593.785	6.6
593.978	6.6
594.17	6.6
594.363	6.6
594.555	6.7
594.748	6.7
594.94	6.7
595.133	6.7
595.326	6.8
595.518	6.8
595.711	6.8
595.904	6.8
596.096	6.8
596.289	6.9
596.482	6.9
596.675	6.9
596.868	6.9
597.061	6.9
597.254	7
597.447	7
597.64	7
597.833	7
598.026	7.1
598.219	7.1
598.412	7.1
598.605	7.1
598.798	7.1
598.991	7.2
599.184	7.2
599.378	7.2
599.571	7.2
599.764	7.2
599.957	7.3
600.151	7.3
600.344	7.3
600.538	7.3
600.731	7.4
600.924	7.4
601.118	7.4
601.311	7.4
601.505	7.4
601.698	7.5
601.892	7.5
602.086	7.5
602.279	7.5
602.473	7.5
602.667	7.6
602.86	7.6
603.054	7.6
603.248	7.6
603.442	7.6
603.635	7.7
603.829	7.7
604.023	7.7
604.217	7.7
604.411	7.7
604.605	7.7
604.799	7.8
604.993	7.8
605.187	7.8
605.381	7.8
605.575	7.8
605.769	7.9
605.963	7.9
606.157	7.9
606.352	7.9
606.546	7.9
606.74	7.9
606.934	8
607.129	8
607.323	8
607.517	8
607.712	8
607.906	8
608.1	8.1
608.295	8.1
608.489	8.1
608.684	8.1
608.878	8.1
609.073	8.2
609.267	8.2
609.462	8.2
609.657	8.2
609.851	8.2
610.046	8.3
610.241	8.3
610.435	8.3
610.63	8.3
610.825	8.3
611.02	8.3
611.215	8.4
611.41	8.4
611.604	8.4
611.799	8.4
611.994	8.4
612.189	8.4
612.384	8.5
612.579	8.5
612.774	8.5
612.969	8.5
613.164	8.5
613.359	8.5
613.555	8.6
613.75	8.6
613.945	8.6
614.14	8.6
614.335	8.6
614.531	8.6
614.726	8.7
614.921	8.7
615.117	8.7
615.312	8.7
615.507	8.7
615.703	8.7
615.898	8.8
616.094	8.8
616.289	8.8
616.485	8.8
616.68	8.8
616.876	8.8
617.071	8.9
617.267	8.9
617.463	8.9
617.658	8.9
617.854	8.9
618.05	8.9
618.245	8.9
618.441	9
618.637	9
618.833	9
619.029	9
619.225	9
619.42	9
619.616	9
619.812	9.1
620.008	9.1
620.204	9.1
620.4	9.1
620.596	9.1
620.792	9.1
620.988	9.1
621.184	9.2
621.381	9.2
621.577	9.2
621.773	9.2
621.969	9.2
622.165	9.2
622.362	9.2
622.558	9.3
622.754	9.3
622.951	9.3
623.147	9.3
623.343	9.3
623.54	9.3
623.736	9.3
623.933	9.4
624.129	9.4
624.326	9.4
624.522	9.4
624.719	9.4
624.915	9.4
625.112	9.4
625.308	9.5
625.505	9.5
625.702	9.5
625.898	9.5
626.095	9.5
626.292	9.5
626.489	9.5
626.685	9.6
626.882	9.6
627.079	9.6
627.276	9.6
627.473	9.6
627.67	9.6
627.866	9.6
628.063	9.6
628.26	9.7
628.457	9.7
628.654	9.7
628.851	9.7
629.048	9.7
629.246	9.7
629.443	9.7
629.64	9.8
629.837	9.8
630.034	9.8
630.231	9.8
630.429	9.8
630.626	9.8
630.823	9.8
631.02	9.8
631.218	9.8
631.415	9.9
631.612	9.9
631.81	9.9
632.007	9.9
632.205	9.9
632.402	9.9
632.6	9.9
632.797	9.9
632.995	10
633.192	10
633.39	10
633.587	10
633.785	10
633.983	10
634.18	10
634.378	10
634.576	10
634.773	10
634.971	10.1
635.169	10.1
635.367	10.1
635.565	10.1
635.762	10.1
635.96	10.1
636.158	10.1
636.356	10.1
636.554	10.2
636.752	10.2
636.95	10.2
637.148	10.2
637.346	10.2
637.544	10.2
637.742	10.2
637.94	10.2
638.138	10.2
638.337	10.3
638.535	10.3
638.733	10.3
638.931	10.3
639.129	10.3
639.328	10.3
639.526	10.3
639.724	10.3
639.922	10.4
640.121	10.4
640.319	10.4
640.518	10.4
640.716	10.4
640.914	10.4
641.113	10.4
641.311	10.4
641.51	10.5
641.708	10.5
641.907	10.5
642.105	10.5
642.304	10.5
642.503	10.5
642.701	10.5
642.9	10.6
643.098	10.6
643.297	10.6
643.496	10.6
643.695	10.6
643.893	10.6
644.092	10.6
644.291	10.6
644.49	10.7
644.689	10.7
644.887	10.7
645.086	10.7
645.285	10.7
645.484	10.7
645.683	10.7
645.882	10.7
646.081	10.7
646.28	10.8
646.479	10.8
646.678	10.8
646.877	10.8
647.076	10.8
647.276	10.8
647.475	10.8
647.674	10.8
647.873	10.9
648.072	10.9
648.271	10.9
648.471	10.9
648.67	10.9
648.869	10.9
649.069	10.9
649.268	10.9
649.467	10.9
649.667	11
649.866	11
650.065	11
650.265	11
650.464	11
650.664	11
650.863	11
651.063	11
651.262	11
651.462	11.1
651.662	11.1
651.861	11.1
652.061	11.1
652.26	11.1
652.46	11.1
652.66	11.1
652.859	11.1
653.059	11.1
653.259	11.1
653.459	11.2
653.658	11.2
653.858	11.2
654.058	11.2
654.258	11.2
654.458	11.2
654.658	11.2
654.858	11.2
655.058	11.2
655.258	11.3
655.457	11.3
655.657	11.3
655.857	11.3
656.058	11.3
656.258	11.3
656.458	11.3
656.658	11.3
656.858	11.3
657.058	11.4
657.258	11.4
657.458	11.4
657.659	11.4
657.859	11.4
658.059	11.4
658.259	11.4
658.459	11.5
658.66	11.5
658.86	11.5
659.06	11.5
659.261	11.5
659.461	11.5
659.662	11.5
659.862	11.5
660.062	11.6
660.263	11.6
660.463	11.6
660.664	11.6
660.864	11.6
661.065	11.6
661.265	11.6
661.466	11.6
661.667	11.6
661.867	11.7
662.068	11.7
662.268	11.7
662.469	11.7
662.67	11.7
662.87	11.7
663.071	11.7
663.272	11.7
663.473	11.8
663.674	11.8
663.874	11.8
664.075	11.8
664.276	11.8
664.477	11.8
664.678	11.8
664.879	11.8
665.08	11.8
665.28	11.9
665.481	11.9
665.682	11.9
665.883	11.9
666.084	11.9
666.285	11.9
666.486	11.9
666.688	11.9
666.889	11.9
667.09	11.9
667.291	11.9
667.492	12
667.693	12
667.894	12
668.096	12
668.297	12
668.498	12
668.699	12
668.901	12
669.102	12
669.303	12.1
669.505	12.1
669.706	12.1
669.907	12.1
670.109	12.1
670.31	12.1
670.511	12.1
670.713	12.1
670.914	12.2
671.116	12.2
671.317	12.2
671.519	12.2
671.72	12.2
671.922	12.2
672.124	12.2
672.325	12.2
672.527	12.2
672.728	12.3
672.93	12.3
673.132	12.3
673.333	12.3
673.535	12.3
673.737	12.3
673.939	12.3
674.14	12.3
674.342	12.4
674.544	12.4
674.746	12.4
674.948	12.4
675.149	12.4
675.351	12.4
675.553	12.4
675.755	12.4
675.957	12.5
676.159	12.5
676.361	12.5
676.563	12.5
676.765	12.5
676.967	12.5
677.169	12.5
677.371	12.6
677.573	12.6
677.775	12.6
677.977	12.6
678.179	12.6
678.381	12.6
678.583	12.6
678.786	12.6
678.988	12.6
679.19	12.7
679.392	12.7
679.594	12.7
679.797	12.7
679.999	12.7
680.201	12.7
680.404	12.7
680.606	12.8
680.808	12.8
681.011	12.8
681.213	12.8
681.415	12.8
681.618	12.8
681.82	12.8
682.023	12.8
682.225	12.9
682.428	12.9
682.63	12.9
682.833	12.9
683.035	12.9
683.238	12.9
683.44	12.9
683.643	12.9
683.845	13
684.048	13
684.251	13
684.453	13
684.656	13
684.859	13
685.061	13
685.264	13
685.467	13.1
685.67	13.1
685.872	13.1
686.075	13.1
686.278	13.1
686.481	13.1
686.684	13.1
686.886	13.2
687.089	13.2
687.292	13.2
687.495	13.2
687.698	13.2
687.901	13.2
688.104	13.2
688.307	13.3
688.51	13.3
688.713	13.3
688.916	13.3
689.119	13.3
689.322	13.3
689.525	13.3
689.728	13.4
689.931	13.4
690.134	13.4
690.337	13.4
690.54	13.4
690.744	13.4
690.947	13.5
691.15	13.5
691.353	13.5
691.556	13.5
691.76	13.5
691.963	13.5
692.166	13.5
692.37	13.6
692.573	13.6
692.776	13.6
692.979	13.6
693.183	13.6
693.386	13.6
693.59	13.6
693.793	13.7
693.996	13.7
694.2	13.7
694.403	13.7
694.607	13.7
694.81	13.7
695.014	13.7
695.217	13.8
695.421	13.8
695.624	13.8
695.828	13.8
696.031	13.8
696.235	13.8
696.439	13.8
696.642	13.9
696.846	13.9
697.049	13.9
697.253	13.9
697.457	13.9
697.661	13.9
697.864	13.9
698.068	13.9
698.272	14
698.475	14
698.679	14
698.883	14
699.087	14
699.291	14
699.494	14
699.698	14.1
699.902	14.1
700.106	14.1
700.31	14.1
700.514	14.1
700.718	14.1
700.922	14.1
701.126	14.2
701.33	14.2
701.534	14.2
701.738	14.2
701.942	14.2
702.146	14.2
702.35	14.3
702.554	14.3
702.758	14.3
702.962	14.3
703.166	14.3
703.37	14.3
703.574	14.3
703.778	14.3
703.983	14.4
704.187	14.4
704.391	14.4
704.595	14.4
704.799	14.4
705.004	14.4
705.208	14.5
705.412	14.5
705.616	14.5
705.821	14.5
706.025	14.5
706.229	14.5
706.434	14.5
706.638	14.6
706.842	14.6
707.047	14.6
707.251	14.6
707.455	14.6
707.66	14.6
707.864	14.7
708.069	14.7
708.273	14.7
708.478	14.7
708.682	14.7
708.887	14.7
709.091	14.8
709.296	14.8
709.5	14.8
709.705	14.8
709.909	14.8
710.114	14.8
710.319	14.8
710.523	14.9
710.728	14.9
710.932	14.9
711.137	14.9
711.342	14.9
711.546	14.9
711.751	15
711.956	15
712.161	15
712.365	15
712.57	15
712.775	15
712.98	15
713.184	15.1
713.389	15.1
713.594	15.1
713.799	15.1
714.004	15.1
714.209	15.1
714.413	15.1
714.618	15.2
714.823	15.2
715.028	15.2
715.233	15.2
715.438	15.2
715.643	15.2
715.848	15.2
716.053	15.2
716.258	15.3
716.463	15.3
716.668	15.3
716.873	15.3
717.078	15.3
717.283	15.3
717.488	15.3
717.693	15.3
717.898	15.4
718.103	15.4
718.308	15.4
718.514	15.4
718.719	15.4
718.924	15.4
719.129	15.4
719.334	15.4
719.539	15.4
719.745	15.5
719.95	15.5
720.155	15.5
720.36	15.5
720.566	15.5
720.771	15.5
720.976	15.5
721.182	15.5
721.387	15.6
721.592	15.6
721.798	15.6
722.003	15.6
722.208	15.6
722.414	15.6
722.619	15.6
722.824	15.7
723.03	15.7
723.235	15.7
723.441	15.7
723.646	15.7
723.852	15.7
724.057	15.7
724.263	15.7
724.468	15.8
724.674	15.8
724.879	15.8
725.085	15.8
725.29	15.8
725.496	15.8
725.701	15.8
725.907	15.9
726.112	15.9
726.318	15.9
726.524	15.9
726.729	15.9
726.935	15.9
727.141	15.9
727.346	15.9
727.552	16
727.758	16
727.963	16
728.169	16
728.375	16
728.581	16
728.786	16
728.992	16
729.198	16
729.404	16.1
729.609	16.1
729.815	16.1
730.021	16.1
730.227	16.1
730.433	16.1
730.639	16.1
730.844	16.1
731.05	16.1
731.256	16.2
731.462	16.2
731.668	16.2
731.874	16.2
732.08	16.2
732.286	16.2
732.492	16.2
732.698	16.2
732.904	16.2
733.11	16.2
733.316	16.3
733.522	16.3
733.728	16.3
733.934	16.3
734.14	16.3
734.346	16.3
734.552	16.3
734.758	16.3
734.964	16.3
735.17	16.3
735.376	16.4
735.583	16.4
735.789	16.4
735.995	16.4
736.201	16.4
736.407	16.4
736.613	16.4
736.819	16.4
737.026	16.4
737.232	16.4
737.438	16.4
737.644	16.5
737.851	16.5
738.057	16.5
738.263	16.5
738.469	16.5
738.676	16.5
738.882	16.5
739.088	16.5
739.295	16.5
739.501	16.5
739.707	16.5
739.914	16.5
740.12	16.5
740.326	16.5
740.533	16.6
740.739	16.6
740.946	16.6
741.152	16.6
741.358	16.6
741.565	16.6
741.771	16.6
741.978	16.6
742.184	16.6
742.391	16.6
742.597	16.6
742.804	16.7
743.01	16.7
743.217	16.7
743.423	16.7
743.63	16.7
743.836	16.7
744.043	16.7
744.249	16.7
744.456	16.7
744.663	16.7
744.869	16.7
745.076	16.7
745.282	16.7
745.489	16.7
745.696	16.7
745.902	16.8
746.109	16.8
746.316	16.8
746.522	16.8
746.729	16.8
746.936	16.8
747.142	16.8
747.349	16.8
747.556	16.8
747.762	16.8
747.969	16.8
748.176	16.8
748.383	16.8
748.589	16.8
748.796	16.8
749.003	16.8
749.21	16.9
749.417	16.9
749.623	16.9
749.83	16.9
750.037	16.9
750.244	16.9
750.451	16.9
750.658	16.9
750.865	16.9
751.071	16.9
751.278	16.9
751.485	16.9
751.692	16.9
751.899	16.9
752.106	16.9
752.313	16.9
752.52	16.9
752.727	16.9
752.934	16.9
753.141	16.9
753.348	16.9
753.555	16.9
753.762	16.9
753.969	16.9
754.176	16.9
754.383	16.9
754.59	16.9
754.797	17
755.004	17
755.211	17
755.418	17
755.625	17
755.832	17
756.039	17
756.246	17
756.453	17
756.66	17
756.868	17
757.075	17
757.282	17
757.489	17
757.696	17
757.903	17
758.111	17
758.318	17
758.525	17
758.732	17
758.939	17
759.147	17
759.354	17
759.561	17
759.768	17
759.976	17
760.183	17
760.39	17
760.597	17
760.805	17
761.012	17
761.219	17
761.426	17
761.634	17
761.841	17
762.048	17
762.256	17
762.463	17
762.67	17
762.878	17
763.085	17
763.293	17
763.5	17
763.707	17.1
763.915	17.1
764.122	17.1
764.33	17.1
764.537	17.1
764.744	17.1
764.952	17.1
765.159	17.1
765.367	17.1
765.574	17.1
765.782	17.1
765.989	17.1
766.197	17.1
766.404	17.1
766.612	17.1
766.819	17.1
767.027	17.1
767.234	17.1
767.442	17.1
767.649	17.1
767.857	17.1
768.064	17.1
768.272	17.1
768.479	17.1
768.687	17.1
768.895	17.1
769.102	17.1
769.31	17.1
769.517	17.1
769.725	17.1
769.933	17.1
770.14	17.1
770.348	17.1
770.555	17.1
770.763	17.1
770.971	17.1
771.178	17.1
771.386	17.1
771.594	17.1
771.801	17.1
772.009	17.1
772.217	17.1
772.424	17.1
772.632	17.1
772.84	17.1
773.047	17.1
773.255	17.1
773.463	17.1
773.671	17.1
773.878	17.1
774.086	17.1
774.294	17.1
774.502	17.1
774.709	17.1
774.917	17.1
775.125	17.1
775.333	17.1
775.54	17.1
775.748	17.1
775.956	17.1
776.164	17.1
776.371	17.1
776.579	17.1
776.787	17.1
776.995	17.1
777.203	17.1
777.41	17.1
777.618	17.1
777.826	17.1
778.034	17.1
778.242	17.1
778.45	17.1
778.657	17.1
778.865	17.1
779.073	17.1
779.281	17.1
779.489	17.1
779.697	17.1
779.905	17.1
780.112	17.1
780.32	17.1
780.528	17.1
780.736	17.1
780.944	17.1
781.152	17.1
781.36	17.1
781.568	17.1
781.776	17
781.984	17
782.191	17
782.399	17
782.607	17
782.815	17
783.023	17
783.231	17
783.439	17
783.647	17
783.855	17
784.063	17
784.271	17
784.479	17
784.687	17
784.895	17
785.103	17
785.311	17
785.519	17
785.727	17
785.935	17
786.143	17
786.351	17
786.559	17
786.767	17
786.975	17
787.183	17
787.391	17
787.599	17
787.807	17
788.015	17
788.223	17
788.431	17
788.639	17
788.847	17
789.055	17
789.263	17
789.471	17
789.679	17
789.887	17
790.095	17
790.303	17
790.511	17
790.719	16.9
790.927	16.9
791.135	16.9
791.343	16.9
791.551	16.9
791.76	16.9
791.968	16.9
792.176	16.9
792.384	16.9
792.592	16.9
792.8	16.9
793.008	16.9
793.216	16.9
793.424	16.9
793.632	16.9
793.84	16.9
794.048	16.9
794.256	16.9
794.465	16.9
794.673	16.9
794.881	16.8
795.089	16.8
795.297	16.8
795.505	16.8
795.713	16.8
795.921	16.8
796.129	16.8
796.337	16.8
796.546	16.8
796.754	16.8
796.962	16.8
797.17	16.8
797.378	16.8
797.586	16.8
797.794	16.8
798.002	16.8
798.21	16.8
798.419	16.8
798.627	16.8
798.835	16.8
799.043	16.8
799.251	16.7
799.459	16.8
799.667	16.8
799.875	16.7
800.083	16.7
800.292	16.7
800.5	16.7
800.708	16.7
800.916	16.7
801.124	16.7
801.332	16.7
801.54	16.7
801.748	16.7
801.957	16.7
802.165	16.7
802.373	16.7
802.581	16.7
802.789	16.7
802.997	16.7
803.205	16.7
803.414	16.7
803.622	16.7
803.83	16.7
804.038	16.7
804.246	16.7
804.454	16.7
804.662	16.7
804.87	16.7
805.079	16.7
805.287	16.7
805.495	16.6
805.703	16.6
805.911	16.6
806.119	16.6
806.327	16.6
806.535	16.6
806.743	16.6
806.952	16.6
807.16	16.6
807.368	16.6
807.576	16.6
807.784	16.6
807.992	16.6
808.2	16.6
808.408	16.6
808.617	16.6
808.825	16.6
809.033	16.6
809.241	16.6
809.449	16.6
809.657	16.6
809.865	16.6
810.073	16.6
810.281	16.6
810.49	16.6
810.698	16.6
810.906	16.6
811.114	16.6
811.322	16.6
811.53	16.6
811.738	16.6
811.946	16.6
812.154	16.6
812.362	16.6
812.57	16.6
812.779	16.5
812.987	16.5
813.195	16.6
813.403	16.6
813.611	16.5
813.819	16.5
814.027	16.5
814.235	16.5
814.443	16.5
814.651	16.5
814.859	16.5
815.067	16.5
815.275	16.5
815.484	16.5
815.692	16.5
815.9	16.5
816.108	16.5
816.316	16.5
816.524	16.5
816.732	16.5
816.94	16.5
817.148	16.5
817.356	16.5
817.564	16.5
817.772	16.5
817.98	16.5
818.188	16.4
818.397	16.4
818.605	16.4
818.813	16.4
819.021	16.4
819.229	16.4
819.437	16.4
819.645	16.4
819.853	16.4
820.061	16.4
820.269	16.4
820.477	16.4
820.685	16.4
820.893	16.4
821.102	16.4
821.31	16.4
821.518	16.4
821.726	16.4
821.934	16.4
822.142	16.4
822.35	16.4
822.558	16.4
822.766	16.4
822.974	16.4
823.182	16.4
823.39	16.4
823.599	16.4
823.807	16.4
824.015	16.4
824.223	16.4
824.431	16.4
824.639	16.4
824.847	16.4
825.055	16.4
825.263	16.4
825.472	16.4
825.68	16.4
825.888	16.4
826.096	16.4
826.304	16.4
826.512	16.4
826.72	16.4
826.928	16.4
827.137	16.4
827.345	16.4
827.553	16.4
827.761	16.4
827.969	16.4
828.177	16.4
828.385	16.4
828.594	16.4
828.802	16.4
829.01	16.4
829.218	16.4
829.426	16.3
829.634	16.3
829.843	16.3
830.051	16.3
830.259	16.3
830.467	16.3
830.675	16.3
830.883	16.3
831.092	16.3
831.3	16.3
831.508	16.3
831.716	16.3
831.924	16.3
832.133	16.3
832.341	16.3
832.549	16.3
832.757	16.3
832.966	16.3
833.174	16.3
833.382	16.3
833.59	16.3
833.799	16.3
834.007	16.3
834.215	16.3
834.423	16.3
834.632	16.3
834.84	16.3
835.048	16.3
835.256	16.3
835.465	16.3
835.673	16.3
835.881	16.3
836.09	16.3
836.298	16.3
836.506	16.3
836.715	16.3
836.923	16.3
837.131	16.3
837.34	16.3
837.548	16.3
837.756	16.3
837.965	16.3
838.173	16.3
838.381	16.3
838.59	16.3
838.798	16.2
839.006	16.2
839.215	16.2
839.423	16.2
839.632	16.2
839.84	16.2
840.048	16.2
840.257	16.2
840.465	16.2
840.674	16.2
840.882	16.2
841.091	16.2
841.299	16.2
841.508	16.2
841.716	16.2
841.924	16.2
842.133	16.2
842.341	16.2
842.55	16.2
842.758	16.2
842.967	16.2
843.175	16.2
843.384	16.2
843.593	16.2
843.801	16.2
844.01	16.2
844.218	16.2
844.427	16.2
844.635	16.2
844.844	16.2
845.052	16.2
845.261	16.2
845.47	16.2
845.678	16.2
845.887	16.2
846.095	16.2
846.304	16.2
846.513	16.2
846.721	16.2
846.93	16.2
847.139	16.2
847.347	16.2
847.556	16.2
847.765	16.2
847.973	16.2
848.182	16.2
848.391	16.2
848.6	16.2
848.808	16.2
849.017	16.2
849.226	16.2
849.435	16.2
849.643	16.2
849.852	16.2
850.061	16.2
850.27	16.2
850.478	16.2
850.687	16.2
850.896	16.2
851.105	16.2
851.314	16.2
851.523	16.2
851.731	16.2
851.94	16.2
852.149	16.3
852.358	16.3
852.567	16.3
852.776	16.3
852.985	16.3
853.194	16.3
853.403	16.3
853.612	16.3
853.821	16.3
854.03	16.3
854.239	16.3
854.447	16.3
854.656	16.3
854.865	16.3
855.075	16.3
855.284	16.3
855.493	16.3
855.702	16.3
855.911	16.3
856.12	16.3
856.329	16.3
856.538	16.3
856.747	16.3
856.956	16.3
857.165	16.3
857.374	16.3
857.584	16.4
857.793	16.4
858.002	16.4
858.211	16.4
858.42	16.4
858.629	16.4
858.839	16.4
859.048	16.4
859.257	16.4
859.466	16.4
859.676	16.4
859.885	16.4
860.094	16.4
860.304	16.4
860.513	16.4
860.722	16.4
860.932	16.4
861.141	16.4
861.35	16.4
861.56	16.4
861.769	16.4
861.978	16.5
862.188	16.5
862.397	16.5
862.607	16.5
862.816	16.5
863.026	16.5
863.235	16.5
863.445	16.5
863.654	16.5
863.864	16.5
864.073	16.5
864.283	16.5
864.492	16.5
864.702	16.5
864.911	16.5
865.121	16.5
865.33	16.6
865.54	16.6
865.75	16.6
865.959	16.6
866.169	16.6
866.379	16.6
866.588	16.6
866.798	16.6
867.008	16.6
867.218	16.6
867.427	16.6
867.637	16.6
867.847	16.6
868.057	16.6
868.266	16.6
868.476	16.6
868.686	16.7
868.896	16.7
869.106	16.7
869.316	16.7
869.525	16.7
869.735	16.7
869.945	16.7
870.155	16.7
870.365	16.7
870.575	16.7
870.785	16.7
870.995	16.7
871.205	16.7
871.415	16.7
871.625	16.7
871.835	16.7
872.045	16.7
872.255	16.7
872.465	16.7
872.675	16.7
872.886	16.7
873.096	16.7
873.306	16.8
873.516	16.7
873.726	16.7
873.936	16.7
874.147	16.8
874.357	16.8
874.567	16.8
874.777	16.8
874.988	16.8
875.198	16.8
875.408	16.8
875.619	16.8
875.829	16.8
876.039	16.8
876.25	16.8
876.46	16.9
876.67	16.9
876.881	16.9
877.091	16.9
877.302	16.9
877.512	16.9
877.723	16.9
877.933	16.9
878.144	16.9
878.354	16.9
878.565	16.9
878.775	16.9
878.986	16.9
879.197	16.9
879.407	16.9
879.618	16.9
879.829	16.9
880.039	16.9
880.25	16.9
880.461	16.9
880.671	17
880.882	17
881.093	17
881.304	17
881.515	17
881.725	17
881.936	16.9
882.147	16.9
882.358	17
882.569	17
882.78	17
882.991	17
883.202	17
883.413	17
883.624	17.1
883.835	17.1
884.046	17.1
884.257	17.1
884.468	17.1
884.679	17.1
884.89	17.1
885.101	17.2
885.312	17.2
885.523	17.1
885.735	17.2
885.946	17.2
886.157	17.2
886.368	17.2
886.579	17.2
886.791	17.2
887.002	17.3
887.213	17.3
887.425	17.3
887.636	17.3
887.847	17.3
888.059	17.3
888.27	17.3
888.481	17.4
888.693	17.4
888.904	17.4
889.116	17.4
889.327	17.3
889.539	17.4
889.75	17.4
889.962	17.4
890.174	17.4
890.385	17.4
890.597	17.4
890.808	17.5
891.02	17.5
891.232	17.5
891.444	17.5
891.655	17.5
891.867	17.5
892.079	17.5
892.291	17.5
892.502	17.5
892.714	17.5
892.926	17.5
893.138	17.5
893.35	17.5
893.562	17.5
893.774	17.5
893.986	17.5
894.198	17.5
894.41	17.5
894.622	17.5
894.834	17.5
895.046	17.5
895.258	17.5
895.47	17.5
895.682	17.5
895.894	17.5
896.106	17.5
896.319	17.5
896.531	17.6
896.743	17.6
896.955	17.6
897.168	17.6
897.38	17.6
897.592	17.7
897.805	17.7
898.017	17.7
898.229	17.7
898.442	17.7
898.654	17.7
898.867	17.8
899.079	17.8
899.292	17.8
899.504	17.8
899.717	17.8
899.929	17.8
900.142	17.8
900.355	17.8
900.567	17.9
900.78	17.9
900.993	17.9
901.205	17.9
901.418	18
901.631	18
901.844	18
902.056	18
902.269	18
902.482	18
902.695	18
902.908	18
903.121	18
903.334	18
903.547	18.1
903.76	18.1
903.973	18.1
904.186	18.1
904.399	18.1
904.612	18.1
904.825	18.1
905.038	18.2
905.251	18.2
905.465	18.2
905.678	18.2
905.891	18.2
906.104	18.2
906.318	18.2
906.531	18.2
906.744	18.2
906.958	18.3
907.171	18.3
907.384	18.3
907.598	18.3
907.811	18.3
908.025	18.3
908.238	18.3
908.452	18.3
908.665	18.3
908.879	18.3
909.093	18.3
909.306	18.3
909.52	18.4
909.734	18.4
909.947	18.4
910.161	18.4
910.375	18.4
910.589	18.4
910.803	18.4
911.016	18.4
911.23	18.4
911.444	18.4
911.658	18.4
911.872	18.4
912.086	18.5
912.3	18.5
912.514	18.5
912.728	18.5
912.942	18.5
913.156	18.5
913.37	18.6
913.585	18.6
913.799	18.6
914.013	18.6
914.227	18.7
914.442	18.7
914.656	18.7
914.87	18.7
915.084	18.8
915.299	18.8
915.513	18.8
915.728	18.8
915.942	18.8
916.157	18.8
916.371	18.8
916.586	18.9
916.8	18.9
917.015	18.9
917.229	18.9
917.444	18.9
917.659	18.9
917.874	19
918.088	19
918.303	19
918.518	19
918.733	19
918.947	19.1
919.162	19.1
919.377	19.1
919.592	19.1
919.807	19.1
920.022	19.1
920.237	19.2
920.452	19.2
920.667	19.2
920.882	19.2
921.097	19.2
921.313	19.3
921.528	19.3
921.743	19.3
921.958	19.3
922.174	19.3
922.389	19.3
922.604	19.3
922.82	19.3
923.035	19.3
923.25	19.3
923.466	19.3
923.681	19.4
923.897	19.3
924.112	19.4
924.328	19.4
924.544	19.4
924.759	19.4
924.975	19.4
925.19	19.4
925.406	19.5
925.622	19.5
925.838	19.6
926.054	19.6
926.269	19.7
926.485	19.7
926.701	19.7
926.917	19.7
927.133	19.8
927.349	19.8
927.565	19.8
927.781	19.8
927.997	19.9
928.213	19.9
928.429	19.9
928.646	20
928.862	20
929.078	20.1
929.294	20.1
929.511	20.2
929.727	20.2
929.943	20.2
930.16	20.3
930.376	20.3
930.592	20.4
930.809	20.4
931.025	20.5
931.242	20.5
931.459	20.5
931.675	20.5
931.892	20.5
932.108	20.6
932.325	20.7
932.542	20.7
932.759	20.7
932.975	20.8
933.192	20.8
933.409	20.8
933.626	20.8
933.843	20.9
934.06	20.9
934.277	20.8
934.494	20.8
934.711	20.9
934.928	20.9
935.145	20.9
935.362	20.9
935.58	20.9
935.797	20.9
936.014	20.9
936.231	20.9
936.449	20.9
936.666	20.9
936.883	20.9
937.101	20.9
937.318	20.9
937.536	21
937.753	21
937.971	21
938.188	21
938.406	21
938.624	21
938.841	21
939.059	21.1
939.277	21
939.494	21
939.712	21.1
939.93	21.1
