360.161	9.3
360.333	9.2
360.504	9.2
360.676	9.1
360.847	9.1
361.019	9
361.19	9
361.361	8.9
361.533	8.9
361.704	8.9
361.876	8.9
362.047	8.9
362.219	8.9
362.391	8.9
362.562	8.8
362.734	8.8
362.905	8.8
363.077	8.7
363.248	8.6
363.42	8.6
363.592	8.6
363.763	8.5
363.935	8.4
364.106	8.4
364.278	8.4
364.45	8.3
364.621	8.3
364.793	8.2
364.965	8.2
365.137	8.1
365.308	8.1
365.48	8.1
365.652	8.1
365.824	8
365.995	8
366.167	8
366.339	8
366.511	8
366.683	8
366.854	8
367.026	7.9
367.198	7.9
367.37	7.8
367.542	7.8
367.714	7.8
367.886	7.8
368.058	7.8
368.23	7.8
368.402	7.7
368.574	7.6
368.746	7.5
368.918	7.5
369.09	7.5
369.262	7.4
369.434	7.4
369.606	7.4
369.778	7.3
369.95	7.3
370.122	7.3
370.294	7.3
370.467	7.2
370.639	7.2
370.811	7.2
370.983	7.2
371.155	7.1
371.328	7.1
371.5	7.1
371.672	7.1
371.844	7.1
372.017	7.1
372.189	7
372.361	7
372.534	6.9
372.706	6.9
372.878	6.9
373.051	6.8
373.223	6.8
373.396	6.7
373.568	6.7
373.741	6.6
373.913	6.6
374.086	6.6
374.258	6.6
374.431	6.6
374.603	6.6
374.776	6.6
374.949	6.5
375.121	6.5
375.294	6.5
375.467	6.5
375.639	6.5
375.812	6.4
375.985	6.4
376.157	6.4
376.33	6.3
376.503	6.3
376.676	6.3
376.849	6.2
377.021	6.2
377.194	6.2
377.367	6.1
377.54	6.1
377.713	6.1
377.886	6.1
378.059	6
378.232	6
378.405	6
378.578	6
378.751	6
378.924	6
379.097	6
379.27	6
379.444	6
379.617	6
379.79	6
379.963	5.9
380.136	5.9
380.31	5.9
380.483	5.9
380.656	5.9
380.829	5.8
381.003	5.8
381.176	5.7
381.35	5.7
381.523	5.7
381.696	5.6
381.87	5.6
382.043	5.6
382.217	5.6
382.39	5.5
382.564	5.5
382.738	5.5
382.911	5.5
383.085	5.5
383.258	5.5
383.432	5.5
383.606	5.5
383.779	5.5
383.953	5.4
384.127	5.4
384.301	5.4
384.475	5.4
384.648	5.3
384.822	5.3
384.996	5.3
385.17	5.3
385.344	5.3
385.518	5.3
385.692	5.2
385.866	5.2
386.04	5.2
386.214	5.1
386.388	5.1
386.562	5.1
386.737	5
386.911	5
387.085	5
387.259	5
387.434	5
387.608	5
387.782	5
387.956	5
388.131	5
388.305	5
388.48	5
388.654	5
388.829	5
389.003	5
389.178	5
389.352	5
389.527	5
389.701	4.9
389.876	4.9
390.051	4.9
390.226	4.9
390.4	4.9
390.575	4.9
390.75	4.9
390.925	4.9
391.099	4.9
391.274	4.9
391.449	4.9
391.624	4.9
391.799	4.9
391.974	4.9
392.149	4.9
392.324	4.8
392.499	4.8
392.675	4.8
392.85	4.8
393.025	4.8
393.2	4.8
393.375	4.8
393.551	4.8
393.726	4.7
393.901	4.7
394.077	4.7
394.252	4.7
394.427	4.7
394.603	4.7
394.778	4.7
394.954	4.6
395.129	4.6
395.305	4.6
395.481	4.6
395.656	4.6
395.832	4.6
396.008	4.6
396.184	4.6
396.359	4.6
396.535	4.6
396.711	4.6
396.887	4.6
397.063	4.6
397.239	4.5
397.415	4.5
397.591	4.5
397.767	4.5
397.943	4.5
398.119	4.4
398.295	4.4
398.471	4.4
398.648	4.4
398.824	4.4
399	4.4
399.176	4.4
399.353	4.4
399.529	4.4
399.706	4.4
399.882	4.4
400.058	4.4
400.235	4.3
400.412	4.4
400.588	4.4
400.765	4.3
400.942	4.3
401.118	4.3
401.295	4.3
401.472	4.3
401.649	4.3
401.825	4.3
402.002	4.3
402.179	4.3
402.356	4.3
402.533	4.2
402.71	4.2
402.887	4.2
403.064	4.2
403.242	4.2
403.419	4.2
403.596	4.2
403.773	4.2
403.95	4.2
404.128	4.2
404.305	4.2
404.483	4.2
404.66	4.2
404.837	4.2
405.015	4.1
405.193	4.2
405.37	4.1
405.548	4.1
405.725	4.1
405.903	4.1
406.081	4.1
406.259	4.1
406.437	4.1
406.614	4.1
406.792	4.1
406.97	4.1
407.148	4.1
407.326	4.1
407.504	4.1
407.682	4.1
407.86	4.1
408.039	4.1
408.217	4.1
408.395	4
408.573	4
408.751	4
408.93	4
409.108	4
409.287	4
409.465	4
409.643	4
409.822	4
410	4
410.179	4
410.358	4
410.536	4
410.715	4
410.894	4
411.072	4
411.251	4
411.43	4
411.609	4
411.788	4
411.967	4
412.146	4
412.325	3.9
412.504	3.9
412.683	3.9
412.862	3.9
413.041	4
413.22	4
413.399	4
413.578	3.9
413.758	3.9
413.937	4
414.116	4
414.296	4
414.475	4
414.654	3.9
414.834	3.9
415.013	3.9
415.193	4
415.372	4
415.552	4
415.732	4
415.911	4
416.091	3.9
416.271	3.9
416.45	4
416.63	4
416.81	4
416.99	3.9
417.169	3.9
417.349	3.9
417.529	3.9
417.709	3.9
417.889	3.9
418.069	3.9
418.249	4
418.429	3.9
418.609	3.9
418.789	3.9
418.97	3.9
419.15	3.9
419.33	3.9
419.51	3.9
419.691	3.9
419.871	3.9
420.051	3.9
420.232	3.9
420.412	3.9
420.592	3.9
420.773	3.9
420.953	3.9
421.134	3.9
421.314	3.8
421.495	3.8
421.675	3.8
421.856	3.8
422.037	3.8
422.217	3.8
422.398	3.8
422.579	3.8
422.76	3.8
422.94	3.8
423.121	3.8
423.302	3.8
423.483	3.8
423.664	3.8
423.845	3.8
424.026	3.8
424.207	3.8
424.388	3.8
424.569	3.8
424.75	3.8
424.931	3.8
425.112	3.8
425.293	3.8
425.474	3.8
425.655	3.8
425.837	3.8
426.018	3.8
426.199	3.8
426.38	3.8
426.562	3.8
426.743	3.8
426.924	3.8
427.106	3.8
427.287	3.8
427.469	3.8
427.65	3.8
427.832	3.7
428.013	3.7
428.195	3.7
428.376	3.7
428.558	3.7
428.739	3.7
428.921	3.7
429.103	3.7
429.284	3.7
429.466	3.7
429.648	3.7
429.83	3.7
430.011	3.7
430.193	3.7
430.375	3.7
430.557	3.7
430.739	3.7
430.921	3.7
431.102	3.7
431.284	3.7
431.466	3.7
431.648	3.7
431.83	3.7
432.012	3.7
432.194	3.7
432.377	3.6
432.559	3.6
432.741	3.6
432.923	3.6
433.105	3.6
433.287	3.6
433.469	3.6
433.652	3.6
433.834	3.6
434.016	3.6
434.198	3.6
434.381	3.6
434.563	3.6
434.745	3.6
434.928	3.6
435.11	3.6
435.293	3.6
435.475	3.6
435.658	3.6
435.84	3.6
436.022	3.6
436.205	3.6
436.388	3.7
436.57	3.7
436.753	3.7
436.935	3.6
437.118	3.7
437.301	3.7
437.483	3.6
437.666	3.6
437.849	3.6
438.031	3.6
438.214	3.6
438.397	3.6
438.58	3.6
438.762	3.7
438.945	3.7
439.128	3.7
439.311	3.7
439.494	3.7
439.677	3.7
439.859	3.7
440.042	3.7
440.225	3.7
440.408	3.7
440.591	3.7
440.774	3.7
440.957	3.7
441.14	3.7
441.323	3.7
441.507	3.7
441.69	3.7
441.873	3.7
442.056	3.7
442.239	3.7
442.422	3.7
442.605	3.7
442.789	3.7
442.972	3.7
443.155	3.7
443.338	3.7
443.522	3.7
443.705	3.7
443.888	3.7
444.072	3.7
444.255	3.7
444.438	3.7
444.622	3.7
444.805	3.7
444.989	3.7
445.172	3.7
445.356	3.7
445.539	3.7
445.723	3.7
445.906	3.7
446.09	3.7
446.273	3.7
446.457	3.7
446.64	3.7
446.824	3.7
447.008	3.7
447.191	3.7
447.375	3.7
447.559	3.7
447.742	3.7
447.926	3.7
448.11	3.7
448.293	3.7
448.477	3.7
448.661	3.7
448.845	3.7
449.029	3.7
449.212	3.7
449.396	3.7
449.58	3.7
449.764	3.7
449.948	3.7
450.132	3.7
450.316	3.7
450.5	3.7
450.684	3.7
450.868	3.7
451.052	3.7
451.236	3.7
451.42	3.7
451.604	3.7
451.788	3.7
451.972	3.7
452.156	3.7
452.34	3.8
452.525	3.8
452.709	3.8
452.893	3.8
453.077	3.8
453.261	3.8
453.446	3.8
453.63	3.8
453.814	3.8
453.998	3.8
454.183	3.8
454.367	3.8
454.551	3.8
454.736	3.8
454.92	3.8
455.104	3.8
455.289	3.8
455.473	3.8
455.658	3.8
455.842	3.8
456.026	3.8
456.211	3.8
456.395	3.8
456.58	3.8
456.764	3.8
456.949	3.9
457.134	3.9
457.318	3.9
457.503	3.9
457.687	3.9
457.872	3.9
458.057	3.9
458.241	3.9
458.426	3.9
458.611	3.9
458.795	3.9
458.98	3.9
459.165	3.9
459.349	3.9
459.534	3.9
459.719	3.9
459.904	4
460.088	4
460.273	4
460.458	4
460.643	4
460.828	4
461.013	4
461.198	4
461.382	4
461.567	4
461.752	4
461.937	4.1
462.122	4.1
462.307	4.1
462.492	4.1
462.677	4.1
462.862	4.1
463.047	4.2
463.232	4.2
463.417	4.2
463.602	4.2
463.788	4.2
463.973	4.2
464.158	4.3
464.343	4.3
464.528	4.3
464.713	4.3
464.898	4.3
465.084	4.4
465.269	4.4
465.454	4.4
465.639	4.4
465.824	4.4
466.01	4.5
466.195	4.5
466.38	4.5
466.566	4.5
466.751	4.6
466.936	4.6
467.122	4.6
467.307	4.7
467.492	4.7
467.678	4.7
467.863	4.8
468.048	4.8
468.234	4.9
468.419	4.9
468.605	5
468.79	5
468.976	5
469.161	5.1
469.347	5.1
469.532	5.2
469.718	5.3
469.903	5.3
470.089	5.4
470.274	5.4
470.46	5.5
470.646	5.5
470.831	5.6
471.017	5.7
471.202	5.7
471.388	5.8
471.574	5.9
471.759	6
471.945	6
472.131	6.1
472.317	6.2
472.502	6.3
472.688	6.4
472.874	6.4
473.059	6.5
473.245	6.6
473.431	6.7
473.617	6.8
473.803	6.9
473.988	7
474.174	7.1
474.36	7.2
474.546	7.3
474.732	7.4
474.918	7.5
475.104	7.7
475.29	7.8
475.475	7.9
475.661	8
475.847	8.1
476.033	8.2
476.219	8.4
476.405	8.5
476.591	8.6
476.777	8.7
476.963	8.9
477.149	9
477.335	9.1
477.521	9.2
477.707	9.4
477.893	9.5
478.08	9.6
478.266	9.8
478.452	9.9
478.638	10.1
478.824	10.2
479.01	10.3
479.196	10.5
479.382	10.6
479.569	10.8
479.755	10.9
479.941	11.1
480.127	11.2
480.313	11.4
480.5	11.5
480.686	11.7
480.872	11.8
481.058	12
481.245	12.1
481.431	12.3
481.617	12.4
481.803	12.6
481.99	12.7
482.176	12.9
482.362	13
482.549	13.2
482.735	13.3
482.921	13.5
483.108	13.7
483.294	13.8
483.481	14
483.667	14.1
483.853	14.3
484.04	14.4
484.226	14.6
484.413	14.8
484.599	14.9
484.786	15.1
484.972	15.2
485.159	15.4
485.345	15.5
485.532	15.7
485.718	15.9
485.905	16
486.091	16.2
486.278	16.4
486.464	16.5
486.651	16.7
486.837	16.8
487.024	17
487.211	17.1
487.397	17.3
487.584	17.4
487.77	17.6
487.957	17.8
488.144	17.9
488.33	18.1
488.517	18.2
488.704	18.4
488.89	18.5
489.077	18.7
489.264	18.8
489.45	19
489.637	19.1
489.824	19.3
490.01	19.4
490.197	19.6
490.384	19.7
490.571	19.8
490.757	20
490.944	20.1
491.131	20.3
491.318	20.4
491.505	20.5
491.691	20.7
491.878	20.8
492.065	20.9
492.252	21.1
492.439	21.2
492.626	21.3
492.812	21.4
492.999	21.6
493.186	21.7
493.373	21.8
493.56	21.9
493.747	22
493.934	22.2
494.121	22.3
494.308	22.4
494.494	22.5
494.681	22.6
494.868	22.7
495.055	22.8
495.242	22.9
495.429	23
495.616	23.1
495.803	23.2
495.99	23.3
496.177	23.4
496.364	23.5
496.551	23.6
496.738	23.7
496.925	23.7
497.112	23.8
497.299	23.9
497.486	24
497.673	24
497.861	24.1
498.048	24.2
498.235	24.3
498.422	24.3
498.609	24.4
498.796	24.5
498.983	24.5
499.17	24.6
499.357	24.6
499.544	24.7
499.732	24.7
499.919	24.8
500.106	24.8
500.293	24.8
500.48	24.9
500.667	24.9
500.855	25
501.042	25
501.229	25
501.416	25
501.603	25.1
501.791	25.1
501.978	25.1
502.165	25.1
502.352	25.2
502.54	25.2
502.727	25.2
502.914	25.2
503.101	25.2
503.289	25.2
503.476	25.2
503.663	25.2
503.85	25.2
504.038	25.2
504.225	25.2
504.412	25.2
504.6	25.2
504.787	25.2
504.974	25.2
505.161	25.2
505.349	25.2
505.536	25.1
505.723	25.1
505.911	25.1
506.098	25.1
506.286	25.1
506.473	25
506.66	25
506.848	25
507.035	25
507.222	25
507.41	24.9
507.597	24.9
507.785	24.9
507.972	24.9
508.159	24.8
508.347	24.8
508.534	24.7
508.722	24.7
508.909	24.7
509.097	24.6
509.284	24.6
509.471	24.6
509.659	24.5
509.846	24.5
510.034	24.5
510.221	24.4
510.409	24.4
510.596	24.3
510.784	24.3
510.971	24.2
511.159	24.2
511.346	24.1
511.534	24.1
511.721	24
511.909	24
512.096	23.9
512.284	23.9
512.471	23.8
512.659	23.8
512.846	23.7
513.034	23.7
513.221	23.6
513.409	23.6
513.596	23.5
513.784	23.4
513.972	23.4
514.159	23.3
514.347	23.3
514.534	23.2
514.722	23.1
514.909	23.1
515.097	23
515.285	22.9
515.472	22.9
515.66	22.8
515.847	22.8
516.035	22.7
516.222	22.6
516.41	22.6
516.598	22.5
516.785	22.5
516.973	22.4
517.161	22.3
517.348	22.3
517.536	22.2
517.723	22.1
517.911	22.1
518.099	22
518.286	21.9
518.474	21.9
518.662	21.8
518.849	21.7
519.037	21.7
519.225	21.6
519.412	21.5
519.6	21.5
519.787	21.4
519.975	21.3
520.163	21.2
520.35	21.2
520.538	21.1
520.726	21
520.914	21
521.101	20.9
521.289	20.8
521.477	20.7
521.664	20.7
521.852	20.6
522.04	20.5
522.227	20.5
522.415	20.4
522.603	20.3
522.79	20.2
522.978	20.2
523.166	20.1
523.354	20
523.541	19.9
523.729	19.9
523.917	19.8
524.104	19.7
524.292	19.6
524.48	19.6
524.668	19.5
524.855	19.4
525.043	19.3
525.231	19.3
525.418	19.2
525.606	19.1
525.794	19.1
525.982	19
526.169	18.9
526.357	18.8
526.545	18.8
526.733	18.7
526.92	18.6
527.108	18.6
527.296	18.5
527.484	18.4
527.671	18.3
527.859	18.3
528.047	18.2
528.235	18.1
528.422	18.1
528.61	18
528.798	17.9
528.986	17.8
529.173	17.8
529.361	17.7
529.549	17.6
529.737	17.5
529.924	17.5
530.112	17.4
530.3	17.3
530.488	17.2
530.675	17.2
530.863	17.1
531.051	17
531.239	17
531.426	16.9
531.614	16.8
531.802	16.7
531.99	16.7
532.177	16.6
532.365	16.5
532.553	16.4
532.741	16.4
532.928	16.3
533.116	16.2
533.304	16.1
533.492	16.1
533.679	16
533.867	15.9
534.055	15.8
534.243	15.8
534.431	15.7
534.618	15.6
534.806	15.5
534.994	15.5
535.182	15.4
535.369	15.3
535.557	15.3
535.745	15.2
535.933	15.1
536.12	15
536.308	15
536.496	14.9
536.684	14.8
536.871	14.8
537.059	14.7
537.247	14.6
537.435	14.6
537.622	14.5
537.81	14.4
537.998	14.4
538.186	14.3
538.373	14.2
538.561	14.2
538.749	14.1
538.937	14
539.124	14
539.312	13.9
539.5	13.8
539.688	13.8
539.875	13.7
540.063	13.7
540.251	13.6
540.439	13.5
540.626	13.5
540.814	13.4
541.002	13.3
541.19	13.3
541.377	13.2
541.565	13.1
541.753	13.1
541.941	13
542.128	13
542.316	12.9
542.504	12.8
542.691	12.8
542.879	12.7
543.067	12.7
543.255	12.6
543.442	12.5
543.63	12.5
543.818	12.4
544.005	12.3
544.193	12.3
544.381	12.2
544.568	12.2
544.756	12.1
544.944	12
545.132	12
545.319	11.9
545.507	11.9
545.695	11.8
545.882	11.7
546.07	11.7
546.258	11.6
546.445	11.6
546.633	11.5
546.821	11.4
547.008	11.4
547.196	11.3
547.384	11.3
547.571	11.2
547.759	11.1
547.947	11.1
548.134	11
548.322	11
548.51	10.9
548.697	10.9
548.885	10.8
549.073	10.8
549.26	10.7
549.448	10.6
549.636	10.6
549.823	10.5
550.011	10.5
550.199	10.4
550.386	10.4
550.574	10.3
550.762	10.2
550.949	10.2
551.137	10.1
551.325	10.1
551.512	10
551.7	10
551.888	9.9
552.075	9.9
552.263	9.8
552.451	9.8
552.639	9.7
552.826	9.7
553.014	9.6
553.202	9.6
553.389	9.5
553.577	9.4
553.765	9.4
553.953	9.3
554.14	9.3
554.328	9.2
554.516	9.2
554.704	9.1
554.891	9.1
555.079	9
555.267	9
555.455	8.9
555.643	8.9
555.83	8.8
556.018	8.8
556.206	8.7
556.394	8.7
556.582	8.7
556.77	8.6
556.957	8.6
557.145	8.5
557.333	8.5
557.521	8.4
557.709	8.4
557.897	8.3
558.085	8.3
558.273	8.3
558.461	8.2
558.649	8.2
558.837	8.1
559.025	8.1
559.213	8
559.4	8
559.588	8
559.777	7.9
559.965	7.9
560.153	7.8
560.341	7.8
560.529	7.8
560.717	7.7
560.905	7.7
561.093	7.7
561.281	7.6
561.469	7.6
561.657	7.5
561.845	7.5
562.034	7.5
562.222	7.4
562.41	7.4
562.598	7.4
562.786	7.3
562.975	7.3
563.163	7.3
563.351	7.2
563.539	7.2
563.728	7.1
563.916	7.1
564.104	7.1
564.293	7
564.481	7
564.67	7
564.858	7
565.046	6.9
565.235	6.9
565.423	6.9
565.612	6.8
565.8	6.8
565.989	6.8
566.177	6.7
566.366	6.7
566.554	6.7
566.743	6.7
566.932	6.6
567.12	6.6
567.309	6.6
567.497	6.6
567.686	6.5
567.875	6.5
568.064	6.5
568.252	6.4
568.441	6.4
568.63	6.4
568.819	6.4
569.007	6.3
569.196	6.3
569.385	6.3
569.574	6.3
569.763	6.3
569.952	6.2
570.141	6.2
570.33	6.2
570.519	6.2
570.708	6.1
570.897	6.1
571.086	6.1
571.275	6.1
571.464	6.1
571.653	6.1
571.843	6
572.032	6
572.221	6
572.41	6
572.599	6
572.789	5.9
572.978	5.9
573.167	5.9
573.357	5.9
573.546	5.9
573.736	5.9
573.925	5.8
574.115	5.8
574.304	5.8
574.494	5.8
574.683	5.8
574.873	5.8
575.062	5.7
575.252	5.7
575.442	5.7
575.631	5.7
575.821	5.7
576.011	5.7
576.201	5.7
576.39	5.7
576.58	5.6
576.77	5.6
576.96	5.6
577.15	5.6
577.34	5.6
577.53	5.6
577.72	5.6
577.91	5.6
578.1	5.5
578.29	5.5
578.48	5.5
578.67	5.5
578.861	5.5
579.051	5.5
579.241	5.5
579.431	5.5
579.622	5.5
579.812	5.4
580.002	5.4
580.193	5.4
580.383	5.4
580.574	5.4
580.764	5.4
580.955	5.4
581.145	5.4
581.336	5.4
581.526	5.4
581.717	5.3
581.908	5.3
582.098	5.3
582.289	5.3
582.48	5.3
582.671	5.3
582.862	5.3
583.052	5.3
583.243	5.3
583.434	5.3
583.625	5.3
583.816	5.2
584.007	5.2
584.198	5.2
584.389	5.2
584.58	5.2
584.771	5.2
584.962	5.2
585.154	5.2
585.345	5.2
585.536	5.2
585.727	5.2
585.918	5.2
586.11	5.1
586.301	5.1
586.492	5.1
586.684	5.1
586.875	5.1
587.067	5.1
587.258	5.1
587.45	5.1
587.641	5.1
587.833	5.1
588.024	5.1
588.216	5.1
588.408	5.1
588.599	5.1
588.791	5.1
588.983	5.1
589.174	5
589.366	5
589.558	5
589.75	5
589.942	5
590.134	5
590.326	5
590.518	5
590.71	5
590.902	5
591.094	5
591.286	5
591.478	5
591.67	5
591.862	5
592.054	5
592.246	4.9
592.439	4.9
592.631	4.9
592.823	4.9
593.016	4.9
593.208	4.9
593.4	4.9
593.593	4.9
593.785	4.9
593.978	4.9
594.17	4.9
594.363	4.9
594.555	4.9
594.748	4.9
594.94	4.9
595.133	4.8
595.326	4.8
595.518	4.8
595.711	4.8
595.904	4.8
596.096	4.8
596.289	4.8
596.482	4.8
596.675	4.8
596.868	4.8
597.061	4.8
597.254	4.8
597.447	4.8
597.64	4.8
597.833	4.7
598.026	4.7
598.219	4.7
598.412	4.7
598.605	4.7
598.798	4.7
598.991	4.7
599.184	4.7
599.378	4.7
599.571	4.7
599.764	4.7
599.957	4.7
600.151	4.7
600.344	4.7
600.538	4.7
600.731	4.7
600.924	4.7
601.118	4.7
601.311	4.6
601.505	4.6
601.698	4.6
601.892	4.6
602.086	4.6
602.279	4.6
602.473	4.6
602.667	4.6
602.86	4.6
603.054	4.6
603.248	4.6
603.442	4.6
603.635	4.6
603.829	4.6
604.023	4.6
604.217	4.6
604.411	4.6
604.605	4.6
604.799	4.6
604.993	4.5
605.187	4.5
605.381	4.5
605.575	4.5
605.769	4.5
605.963	4.5
606.157	4.5
606.352	4.5
606.546	4.5
606.74	4.5
606.934	4.5
607.129	4.5
607.323	4.5
607.517	4.5
607.712	4.5
607.906	4.5
608.1	4.5
608.295	4.5
608.489	4.5
608.684	4.5
608.878	4.5
609.073	4.5
609.267	4.5
609.462	4.5
609.657	4.5
609.851	4.5
610.046	4.4
610.241	4.4
610.435	4.4
610.63	4.4
610.825	4.4
611.02	4.4
611.215	4.4
611.41	4.4
611.604	4.4
611.799	4.4
611.994	4.4
612.189	4.4
612.384	4.4
612.579	4.4
612.774	4.4
612.969	4.4
613.164	4.4
613.359	4.4
613.555	4.4
613.75	4.4
613.945	4.4
614.14	4.4
614.335	4.4
614.531	4.4
614.726	4.4
614.921	4.4
615.117	4.4
615.312	4.4
615.507	4.4
615.703	4.4
615.898	4.4
616.094	4.4
616.289	4.4
616.485	4.4
616.68	4.4
616.876	4.4
617.071	4.4
617.267	4.4
617.463	4.4
617.658	4.4
617.854	4.4
618.05	4.4
618.245	4.4
618.441	4.4
618.637	4.4
618.833	4.4
619.029	4.4
619.225	4.4
619.42	4.4
619.616	4.4
619.812	4.4
620.008	4.4
620.204	4.4
620.4	4.4
620.596	4.4
620.792	4.4
620.988	4.4
621.184	4.4
621.381	4.4
621.577	4.4
621.773	4.4
621.969	4.4
622.165	4.4
622.362	4.4
622.558	4.4
622.754	4.4
622.951	4.4
623.147	4.4
623.343	4.4
623.54	4.4
623.736	4.4
623.933	4.4
624.129	4.4
624.326	4.4
624.522	4.4
624.719	4.5
624.915	4.5
625.112	4.5
625.308	4.5
625.505	4.5
625.702	4.5
625.898	4.5
626.095	4.5
626.292	4.5
626.489	4.5
626.685	4.5
626.882	4.5
627.079	4.5
627.276	4.5
627.473	4.5
627.67	4.5
627.866	4.5
628.063	4.5
628.26	4.5
628.457	4.5
628.654	4.5
628.851	4.5
629.048	4.5
629.246	4.5
629.443	4.5
629.64	4.5
629.837	4.5
630.034	4.5
630.231	4.5
630.429	4.5
630.626	4.5
630.823	4.5
631.02	4.5
631.218	4.5
631.415	4.6
631.612	4.6
631.81	4.6
632.007	4.6
632.205	4.6
632.402	4.6
632.6	4.6
632.797	4.6
632.995	4.6
633.192	4.6
633.39	4.6
633.587	4.6
633.785	4.6
633.983	4.6
634.18	4.6
634.378	4.6
634.576	4.6
634.773	4.6
634.971	4.6
635.169	4.6
635.367	4.6
635.565	4.6
635.762	4.6
635.96	4.6
636.158	4.6
636.356	4.6
636.554	4.6
636.752	4.6
636.95	4.6
637.148	4.6
637.346	4.6
637.544	4.6
637.742	4.7
637.94	4.7
638.138	4.7
638.337	4.7
638.535	4.7
638.733	4.7
638.931	4.7
639.129	4.7
639.328	4.7
639.526	4.7
639.724	4.7
639.922	4.7
640.121	4.7
640.319	4.7
640.518	4.7
640.716	4.7
640.914	4.7
641.113	4.7
641.311	4.7
641.51	4.7
641.708	4.7
641.907	4.7
642.105	4.7
642.304	4.7
642.503	4.7
642.701	4.8
642.9	4.8
643.098	4.8
643.297	4.8
643.496	4.8
643.695	4.8
643.893	4.8
644.092	4.8
644.291	4.8
644.49	4.8
644.689	4.8
644.887	4.8
645.086	4.8
645.285	4.8
645.484	4.8
645.683	4.8
645.882	4.8
646.081	4.8
646.28	4.8
646.479	4.8
646.678	4.9
646.877	4.9
647.076	4.9
647.276	4.9
647.475	4.9
647.674	4.9
647.873	4.9
648.072	4.9
648.271	4.9
648.471	4.9
648.67	4.9
648.869	4.9
649.069	4.9
649.268	4.9
649.467	4.9
649.667	4.9
649.866	4.9
650.065	4.9
650.265	4.9
650.464	4.9
650.664	5
650.863	5
651.063	5
651.262	5
651.462	5
651.662	5
651.861	5
652.061	5
652.26	5
652.46	5
652.66	5
652.859	5
653.059	5
653.259	5
653.459	5
653.658	5
653.858	5
654.058	5
654.258	5.1
654.458	5.1
654.658	5.1
654.858	5.1
655.058	5.1
655.258	5.1
655.457	5.1
655.657	5.1
655.857	5.1
656.058	5.1
656.258	5.1
656.458	5.1
656.658	5.1
656.858	5.1
657.058	5.1
657.258	5.1
657.458	5.1
657.659	5.1
657.859	5.1
658.059	5.1
658.259	5.1
658.459	5.1
658.66	5.1
658.86	5.2
659.06	5.2
659.261	5.2
659.461	5.2
659.662	5.2
659.862	5.2
660.062	5.2
660.263	5.2
660.463	5.2
660.664	5.2
660.864	5.2
661.065	5.2
661.265	5.2
661.466	5.2
661.667	5.2
661.867	5.2
662.068	5.2
662.268	5.2
662.469	5.2
662.67	5.2
662.87	5.2
663.071	5.2
663.272	5.2
663.473	5.2
663.674	5.2
663.874	5.2
664.075	5.2
664.276	5.2
664.477	5.2
664.678	5.2
664.879	5.2
665.08	5.2
665.28	5.2
665.481	5.2
665.682	5.2
665.883	5.2
666.084	5.2
666.285	5.2
666.486	5.2
666.688	5.2
666.889	5.2
667.09	5.2
667.291	5.2
667.492	5.2
667.693	5.2
667.894	5.2
668.096	5.2
668.297	5.2
668.498	5.2
668.699	5.2
668.901	5.2
669.102	5.2
669.303	5.2
669.505	5.2
669.706	5.2
669.907	5.2
670.109	5.2
670.31	5.2
670.511	5.2
670.713	5.2
670.914	5.2
671.116	5.2
671.317	5.2
671.519	5.2
671.72	5.2
671.922	5.2
672.124	5.1
672.325	5.1
672.527	5.1
672.728	5.1
672.93	5.1
673.132	5.1
673.333	5.1
673.535	5.1
673.737	5.1
673.939	5.1
674.14	5.1
674.342	5.1
674.544	5.1
674.746	5.1
674.948	5.1
675.149	5.1
675.351	5.1
675.553	5.1
675.755	5.1
675.957	5.1
676.159	5
676.361	5
676.563	5
676.765	5
676.967	5
677.169	5
677.371	5
677.573	5
677.775	5
677.977	5
678.179	5
678.381	5
678.583	5
678.786	5
678.988	5
679.19	5
679.392	5
679.594	4.9
679.797	4.9
679.999	4.9
680.201	4.9
680.404	4.9
680.606	4.9
680.808	4.9
681.011	4.9
681.213	4.9
681.415	4.9
681.618	4.9
681.82	4.9
682.023	4.9
682.225	4.9
682.428	4.9
682.63	4.9
682.833	4.9
683.035	4.9
683.238	4.9
683.44	4.8
683.643	4.8
683.845	4.8
684.048	4.8
684.251	4.8
684.453	4.8
684.656	4.8
684.859	4.8
685.061	4.8
685.264	4.8
685.467	4.8
685.67	4.8
685.872	4.8
686.075	4.8
686.278	4.8
686.481	4.8
686.684	4.8
686.886	4.8
687.089	4.8
687.292	4.8
687.495	4.8
687.698	4.8
687.901	4.8
688.104	4.7
688.307	4.7
688.51	4.7
688.713	4.7
688.916	4.7
689.119	4.7
689.322	4.7
689.525	4.7
689.728	4.7
689.931	4.7
690.134	4.7
690.337	4.7
690.54	4.7
690.744	4.7
690.947	4.7
691.15	4.7
691.353	4.7
691.556	4.7
691.76	4.7
691.963	4.7
692.166	4.7
692.37	4.7
692.573	4.6
692.776	4.6
692.979	4.6
693.183	4.6
693.386	4.6
693.59	4.6
693.793	4.6
693.996	4.6
694.2	4.6
694.403	4.6
694.607	4.6
694.81	4.6
695.014	4.6
695.217	4.6
695.421	4.6
695.624	4.6
695.828	4.6
696.031	4.6
696.235	4.6
696.439	4.6
696.642	4.6
696.846	4.6
697.049	4.6
697.253	4.6
697.457	4.5
697.661	4.5
697.864	4.5
698.068	4.5
698.272	4.5
698.475	4.5
698.679	4.5
698.883	4.5
699.087	4.5
699.291	4.5
699.494	4.5
699.698	4.5
699.902	4.5
700.106	4.5
700.31	4.5
700.514	4.5
700.718	4.5
700.922	4.5
701.126	4.5
701.33	4.5
701.534	4.5
701.738	4.5
701.942	4.5
702.146	4.5
702.35	4.5
702.554	4.5
702.758	4.5
702.962	4.5
703.166	4.5
703.37	4.5
703.574	4.5
703.778	4.5
703.983	4.5
704.187	4.5
704.391	4.5
704.595	4.5
704.799	4.5
705.004	4.5
705.208	4.5
705.412	4.5
705.616	4.5
705.821	4.5
706.025	4.5
706.229	4.5
706.434	4.5
706.638	4.5
706.842	4.5
707.047	4.5
707.251	4.5
707.455	4.5
707.66	4.5
707.864	4.5
708.069	4.5
708.273	4.5
708.478	4.5
708.682	4.5
708.887	4.5
709.091	4.5
709.296	4.5
709.5	4.5
709.705	4.6
709.909	4.6
710.114	4.6
710.319	4.6
710.523	4.6
710.728	4.6
710.932	4.6
711.137	4.6
711.342	4.6
711.546	4.6
711.751	4.6
711.956	4.6
712.161	4.6
712.365	4.6
712.57	4.6
712.775	4.6
712.98	4.6
713.184	4.6
713.389	4.6
713.594	4.6
713.799	4.6
714.004	4.6
714.209	4.6
714.413	4.6
714.618	4.7
714.823	4.7
715.028	4.7
715.233	4.7
715.438	4.7
715.643	4.7
715.848	4.7
716.053	4.7
716.258	4.7
716.463	4.7
716.668	4.7
716.873	4.7
717.078	4.7
717.283	4.7
717.488	4.7
717.693	4.7
717.898	4.8
718.103	4.8
718.308	4.8
718.514	4.8
718.719	4.8
718.924	4.8
719.129	4.8
719.334	4.8
719.539	4.8
719.745	4.8
719.95	4.8
720.155	4.8
720.36	4.9
720.566	4.9
720.771	4.9
720.976	4.9
721.182	4.9
721.387	4.9
721.592	4.9
721.798	4.9
722.003	4.9
722.208	4.9
722.414	5
722.619	5
722.824	5
723.03	5
723.235	5
723.441	5
723.646	5
723.852	5
724.057	5.1
724.263	5.1
724.468	5.1
724.674	5.1
724.879	5.1
725.085	5.1
725.29	5.1
725.496	5.1
725.701	5.2
725.907	5.2
726.112	5.2
726.318	5.2
726.524	5.2
726.729	5.2
726.935	5.2
727.141	5.3
727.346	5.3
727.552	5.3
727.758	5.3
727.963	5.3
728.169	5.3
728.375	5.4
728.581	5.4
728.786	5.4
728.992	5.4
729.198	5.4
729.404	5.4
729.609	5.5
729.815	5.5
730.021	5.5
730.227	5.5
730.433	5.5
730.639	5.6
730.844	5.6
731.05	5.6
731.256	5.6
731.462	5.6
731.668	5.7
731.874	5.7
732.08	5.7
732.286	5.7
732.492	5.7
732.698	5.7
732.904	5.8
733.11	5.8
733.316	5.8
733.522	5.8
733.728	5.8
733.934	5.9
734.14	5.9
734.346	5.9
734.552	5.9
734.758	6
734.964	6
735.17	6
735.376	6
735.583	6.1
735.789	6.1
735.995	6.1
736.201	6.1
736.407	6.2
736.613	6.2
736.819	6.2
737.026	6.3
737.232	6.3
737.438	6.3
737.644	6.4
737.851	6.4
738.057	6.4
738.263	6.4
738.469	6.5
738.676	6.5
738.882	6.5
739.088	6.6
739.295	6.6
739.501	6.6
739.707	6.7
739.914	6.7
740.12	6.8
740.326	6.8
740.533	6.8
740.739	6.9
740.946	6.9
741.152	6.9
741.358	7
741.565	7
741.771	7.1
741.978	7.1
742.184	7.2
742.391	7.2
742.597	7.2
742.804	7.3
743.01	7.3
743.217	7.4
743.423	7.4
743.63	7.5
743.836	7.5
744.043	7.6
744.249	7.6
744.456	7.7
744.663	7.7
744.869	7.8
745.076	7.8
745.282	7.9
745.489	7.9
745.696	8
745.902	8
746.109	8.1
746.316	8.2
746.522	8.2
746.729	8.3
746.936	8.3
747.142	8.4
747.349	8.5
747.556	8.5
747.762	8.6
747.969	8.7
748.176	8.7
748.383	8.8
748.589	8.8
748.796	8.9
749.003	9
749.21	9
749.417	9.1
749.623	9.2
749.83	9.3
750.037	9.3
750.244	9.4
750.451	9.5
750.658	9.6
750.865	9.6
751.071	9.7
751.278	9.8
751.485	9.9
751.692	9.9
751.899	10
752.106	10.1
752.313	10.2
752.52	10.3
752.727	10.4
752.934	10.4
753.141	10.5
753.348	10.6
753.555	10.7
753.762	10.8
753.969	10.9
754.176	11
754.383	11.1
754.59	11.2
754.797	11.3
755.004	11.4
755.211	11.4
755.418	11.5
755.625	11.6
755.832	11.7
756.039	11.8
756.246	11.9
756.453	12
756.66	12.1
756.868	12.2
757.075	12.3
757.282	12.4
757.489	12.6
757.696	12.7
757.903	12.8
758.111	12.9
758.318	13
758.525	13.1
758.732	13.2
758.939	13.3
759.147	13.4
759.354	13.5
759.561	13.6
759.768	13.7
759.976	13.8
760.183	14
760.39	14.1
760.597	14.2
760.805	14.3
761.012	14.4
761.219	14.5
761.426	14.6
761.634	14.7
761.841	14.8
762.048	14.9
762.256	15
762.463	15.2
762.67	15.3
762.878	15.4
763.085	15.5
763.293	15.6
763.5	15.7
763.707	15.8
763.915	15.9
764.122	16.1
764.33	16.2
764.537	16.3
764.744	16.4
764.952	16.5
765.159	16.6
765.367	16.7
765.574	16.9
765.782	17
765.989	17.1
766.197	17.2
766.404	17.3
766.612	17.4
766.819	17.5
767.027	17.6
767.234	17.7
767.442	17.8
767.649	17.9
767.857	18
768.064	18.2
768.272	18.3
768.479	18.4
768.687	18.5
768.895	18.6
769.102	18.7
769.31	18.8
769.517	18.9
769.725	19
769.933	19.1
770.14	19.2
770.348	19.3
770.555	19.4
770.763	19.6
770.971	19.7
771.178	19.8
771.386	19.9
771.594	20
771.801	20.1
772.009	20.2
772.217	20.3
772.424	20.4
772.632	20.5
772.84	20.6
773.047	20.7
773.255	20.8
773.463	20.9
773.671	21
773.878	21.1
774.086	21.2
774.294	21.3
774.502	21.4
774.709	21.5
774.917	21.6
775.125	21.7
775.333	21.9
775.54	22
775.748	22.1
775.956	22.2
776.164	22.3
776.371	22.4
776.579	22.5
776.787	22.6
776.995	22.7
777.203	22.8
777.41	22.9
777.618	23
777.826	23.1
778.034	23.2
778.242	23.3
778.45	23.4
778.657	23.5
778.865	23.6
779.073	23.7
779.281	23.8
779.489	23.9
779.697	24
779.905	24.1
780.112	24.2
780.32	24.3
780.528	24.4
780.736	24.5
780.944	24.6
781.152	24.7
781.36	24.8
781.568	24.9
781.776	25
781.984	25.1
782.191	25.2
782.399	25.3
782.607	25.4
782.815	25.5
783.023	25.6
783.231	25.7
783.439	25.8
783.647	25.9
783.855	26
784.063	26
784.271	26.1
784.479	26.2
784.687	26.3
784.895	26.4
785.103	26.5
785.311	26.6
785.519	26.7
785.727	26.8
785.935	26.9
786.143	27
786.351	27.1
786.559	27.2
786.767	27.2
786.975	27.3
787.183	27.4
787.391	27.5
787.599	27.6
787.807	27.7
788.015	27.8
788.223	27.9
788.431	28
788.639	28
788.847	28.1
789.055	28.2
789.263	28.3
789.471	28.4
789.679	28.5
789.887	28.6
790.095	28.7
790.303	28.8
790.511	28.9
790.719	29
790.927	29
791.135	29.1
791.343	29.2
791.551	29.3
791.76	29.4
791.968	29.5
792.176	29.5
792.384	29.6
792.592	29.7
792.8	29.8
793.008	29.9
793.216	30
793.424	30.1
793.632	30.1
793.84	30.2
794.048	30.3
794.256	30.4
794.465	30.5
794.673	30.6
794.881	30.6
795.089	30.7
795.297	30.8
795.505	30.9
795.713	31
795.921	31
796.129	31.1
796.337	31.2
796.546	31.3
796.754	31.4
796.962	31.5
797.17	31.6
797.378	31.7
797.586	31.7
797.794	31.8
798.002	31.9
798.21	32
798.419	32.1
798.627	32.1
798.835	32.2
799.043	32.3
799.251	32.4
799.459	32.4
799.667	32.5
799.875	32.6
800.083	32.7
800.292	32.8
800.5	32.8
800.708	32.9
800.916	33
801.124	33.1
801.332	33.1
801.54	33.2
801.748	33.3
801.957	33.4
802.165	33.5
802.373	33.5
802.581	33.6
802.789	33.7
802.997	33.8
803.205	33.9
803.414	33.9
803.622	34
803.83	34.1
804.038	34.2
804.246	34.2
804.454	34.3
804.662	34.4
804.87	34.4
805.079	34.5
805.287	34.6
805.495	34.6
805.703	34.7
805.911	34.8
806.119	34.9
806.327	34.9
806.535	35
806.743	35.1
806.952	35.2
807.16	35.2
807.368	35.3
807.576	35.4
807.784	35.4
807.992	35.5
808.2	35.6
808.408	35.7
808.617	35.7
808.825	35.8
809.033	35.9
809.241	35.9
809.449	36
809.657	36.1
809.865	36.2
810.073	36.2
810.281	36.3
810.49	36.4
810.698	36.4
810.906	36.5
811.114	36.6
811.322	36.6
811.53	36.7
811.738	36.7
811.946	36.8
812.154	36.9
812.362	36.9
812.57	37
812.779	37.1
812.987	37.2
813.195	37.2
813.403	37.3
813.611	37.4
813.819	37.4
814.027	37.5
814.235	37.5
814.443	37.6
814.651	37.7
814.859	37.7
815.067	37.8
815.275	37.8
815.484	37.9
815.692	38
815.9	38
816.108	38.1
816.316	38.1
816.524	38.2
816.732	38.3
816.94	38.3
817.148	38.4
817.356	38.4
817.564	38.5
817.772	38.6
817.98	38.6
818.188	38.7
818.397	38.7
818.605	38.8
818.813	38.9
819.021	38.9
819.229	39
819.437	39
819.645	39.1
819.853	39.2
820.061	39.3
820.269	39.3
820.477	39.4
820.685	39.5
820.893	39.5
821.102	39.6
821.31	39.7
821.518	39.7
821.726	39.8
821.934	39.8
822.142	39.9
822.35	40
822.558	40
822.766	40.1
822.974	40.2
823.182	40.2
823.39	40.3
823.599	40.4
823.807	40.4
824.015	40.5
824.223	40.5
824.431	40.6
824.639	40.7
824.847	40.7
825.055	40.8
825.263	40.8
825.472	40.9
825.68	40.9
825.888	41
826.096	41.1
826.304	41.1
826.512	41.2
826.72	41.2
826.928	41.3
827.137	41.4
827.345	41.4
827.553	41.5
827.761	41.5
827.969	41.6
828.177	41.6
828.385	41.7
828.594	41.7
828.802	41.8
829.01	41.8
829.218	41.9
829.426	41.9
829.634	41.9
829.843	42
830.051	42
830.259	42.1
830.467	42.2
830.675	42.2
830.883	42.2
831.092	42.3
831.3	42.3
831.508	42.4
831.716	42.4
831.924	42.5
832.133	42.5
832.341	42.6
832.549	42.6
832.757	42.7
832.966	42.7
833.174	42.8
833.382	42.8
833.59	42.9
833.799	42.9
834.007	43
834.215	43
834.423	43.1
834.632	43.1
834.84	43.1
835.048	43.2
835.256	43.2
835.465	43.3
835.673	43.3
835.881	43.3
836.09	43.4
836.298	43.4
836.506	43.5
836.715	43.5
836.923	43.6
837.131	43.6
837.34	43.7
837.548	43.7
837.756	43.8
837.965	43.8
838.173	43.9
838.381	43.9
838.59	44
838.798	44
839.006	44
839.215	44.1
839.423	44.1
839.632	44.2
839.84	44.2
840.048	44.3
840.257	44.3
840.465	44.3
840.674	44.4
840.882	44.4
841.091	44.4
841.299	44.5
841.508	44.5
841.716	44.5
841.924	44.6
842.133	44.6
842.341	44.7
842.55	44.7
842.758	44.8
842.967	44.8
843.175	44.8
843.384	44.9
843.593	44.9
843.801	44.9
844.01	45
844.218	45
844.427	45
844.635	45.1
844.844	45.1
845.052	45.1
845.261	45.2
845.47	45.2
845.678	45.2
845.887	45.3
846.095	45.3
846.304	45.4
846.513	45.4
846.721	45.4
846.93	45.5
847.139	45.5
847.347	45.5
847.556	45.6
847.765	45.6
847.973	45.6
848.182	45.7
848.391	45.7
848.6	45.7
848.808	45.7
849.017	45.8
849.226	45.8
849.435	45.8
849.643	45.9
849.852	45.9
850.061	46
850.27	46
850.478	46
850.687	46.1
850.896	46.1
851.105	46.1
851.314	46.2
851.523	46.2
851.731	46.2
851.94	46.3
852.149	46.3
852.358	46.4
852.567	46.4
852.776	46.5
852.985	46.5
853.194	46.5
853.403	46.6
853.612	46.6
853.821	46.6
854.03	46.6
854.239	46.6
854.447	46.6
854.656	46.7
854.865	46.7
855.075	46.7
855.284	46.7
855.493	46.8
855.702	46.8
855.911	46.8
856.12	46.8
856.329	46.8
856.538	46.9
856.747	46.9
856.956	46.9
857.165	46.9
857.374	47
857.584	47
857.793	47
858.002	47.1
858.211	47.1
858.42	47.1
858.629	47.1
858.839	47.1
859.048	47.2
859.257	47.2
859.466	47.2
859.676	47.2
859.885	47.2
860.094	47.3
860.304	47.3
860.513	47.3
860.722	47.3
860.932	47.3
861.141	47.4
861.35	47.4
861.56	47.4
861.769	47.4
861.978	47.5
862.188	47.5
862.397	47.5
862.607	47.6
862.816	47.6
863.026	47.6
863.235	47.7
863.445	47.7
863.654	47.7
863.864	47.7
864.073	47.8
864.283	47.8
864.492	47.8
864.702	47.9
864.911	47.9
865.121	47.9
865.33	48
865.54	48
865.75	48
865.959	48.1
866.169	48.1
866.379	48.1
866.588	48.1
866.798	48.1
867.008	48.1
867.218	48.1
867.427	48.2
867.637	48.2
867.847	48.2
868.057	48.3
868.266	48.3
868.476	48.3
868.686	48.3
868.896	48.4
869.106	48.4
869.316	48.4
869.525	48.5
869.735	48.5
869.945	48.5
870.155	48.5
870.365	48.5
870.575	48.5
870.785	48.6
870.995	48.6
871.205	48.6
871.415	48.6
871.625	48.6
871.835	48.6
872.045	48.6
872.255	48.7
872.465	48.7
872.675	48.7
872.886	48.7
873.096	48.8
873.306	48.8
873.516	48.8
873.726	48.8
873.936	48.9
874.147	48.9
874.357	48.9
874.567	48.9
874.777	48.9
874.988	48.9
875.198	48.9
875.408	49
875.619	49
875.829	49
876.039	49
876.25	49
876.46	49
876.67	49
876.881	49
877.091	49
877.302	49
877.512	49
877.723	49
877.933	49
878.144	49
878.354	49
878.565	49
878.775	49
878.986	49
879.197	48.9
879.407	48.9
879.618	48.9
879.829	48.9
880.039	48.9
880.25	48.9
880.461	48.9
880.671	48.9
880.882	48.9
881.093	48.9
881.304	48.9
881.515	48.9
881.725	48.9
881.936	48.9
882.147	48.9
882.358	48.9
882.569	48.9
882.78	48.9
882.991	48.9
883.202	48.9
883.413	49
883.624	49
883.835	49
884.046	49
884.257	49
884.468	49
884.679	49
884.89	49.1
885.101	49.1
885.312	49
885.523	49
885.735	49.1
885.946	49.1
886.157	49.1
886.368	49.1
886.579	49.1
886.791	49.1
887.002	49.1
887.213	49.1
887.425	49.2
887.636	49.2
887.847	49.2
888.059	49.3
888.27	49.3
888.481	49.3
888.693	49.4
888.904	49.4
889.116	49.4
889.327	49.4
889.539	49.4
889.75	49.4
889.962	49.5
890.174	49.5
890.385	49.5
890.597	49.5
890.808	49.5
891.02	49.5
891.232	49.5
891.444	49.5
891.655	49.5
891.867	49.5
892.079	49.5
892.291	49.5
892.502	49.5
892.714	49.5
892.926	49.5
893.138	49.6
893.35	49.6
893.562	49.6
893.774	49.6
893.986	49.6
894.198	49.6
894.41	49.6
894.622	49.6
894.834	49.6
895.046	49.6
895.258	49.6
895.47	49.6
895.682	49.6
895.894	49.7
896.106	49.7
896.319	49.7
896.531	49.7
896.743	49.7
896.955	49.7
897.168	49.7
897.38	49.6
897.592	49.6
897.805	49.7
898.017	49.7
898.229	49.7
898.442	49.7
898.654	49.7
898.867	49.6
899.079	49.6
899.292	49.6
899.504	49.6
899.717	49.6
899.929	49.6
900.142	49.6
900.355	49.5
900.567	49.5
900.78	49.5
900.993	49.5
901.205	49.5
901.418	49.5
901.631	49.5
901.844	49.5
902.056	49.4
902.269	49.4
902.482	49.4
902.695	49.4
902.908	49.4
903.121	49.4
903.334	49.4
903.547	49.4
903.76	49.4
903.973	49.4
904.186	49.4
904.399	49.3
904.612	49.3
904.825	49.3
905.038	49.3
905.251	49.3
905.465	49.3
905.678	49.3
905.891	49.3
906.104	49.3
906.318	49.3
906.531	49.3
906.744	49.3
906.958	49.3
907.171	49.3
907.384	49.3
907.598	49.3
907.811	49.3
908.025	49.3
908.238	49.4
908.452	49.4
908.665	49.4
908.879	49.3
909.093	49.4
909.306	49.3
909.52	49.3
909.734	49.3
909.947	49.3
910.161	49.3
910.375	49.3
910.589	49.3
910.803	49.3
911.016	49.3
911.23	49.3
911.444	49.3
911.658	49.3
911.872	49.3
912.086	49.3
912.3	49.3
912.514	49.3
912.728	49.3
912.942	49.3
913.156	49.3
913.37	49.3
913.585	49.3
913.799	49.3
914.013	49.3
914.227	49.3
914.442	49.3
914.656	49.3
914.87	49.3
915.084	49.3
915.299	49.3
915.513	49.3
915.728	49.3
915.942	49.3
916.157	49.3
916.371	49.3
916.586	49.3
916.8	49.3
917.015	49.3
917.229	49.3
917.444	49.2
917.659	49.3
917.874	49.3
918.088	49.3
918.303	49.3
918.518	49.4
918.733	49.3
918.947	49.4
919.162	49.4
919.377	49.5
919.592	49.5
919.807	49.5
920.022	49.5
920.237	49.5
920.452	49.5
920.667	49.5
920.882	49.5
921.097	49.5
921.313	49.6
921.528	49.6
921.743	49.6
921.958	49.6
922.174	49.7
922.389	49.7
922.604	49.7
922.82	49.8
923.035	49.8
923.25	49.8
923.466	49.8
923.681	49.8
923.897	49.8
924.112	49.8
924.328	49.8
924.544	49.8
924.759	49.8
924.975	49.8
925.19	49.9
925.406	49.9
925.622	49.9
925.838	50
926.054	50
926.269	50
926.485	50
926.701	50
926.917	50.1
927.133	50.1
927.349	50.1
927.565	50.2
927.781	50.2
927.997	50.2
928.213	50.2
928.429	50.2
928.646	50.2
928.862	50.2
929.078	50.3
929.294	50.3
929.511	50.4
929.727	50.4
929.943	50.4
930.16	50.5
930.376	50.5
930.592	50.5
930.809	50.5
931.025	50.5
931.242	50.6
931.459	50.6
931.675	50.6
931.892	50.6
932.108	50.6
932.325	50.7
932.542	50.7
932.759	50.8
932.975	50.8
933.192	50.8
933.409	50.8
933.626	50.8
933.843	50.9
934.06	50.8
934.277	50.8
934.494	50.7
934.711	50.7
934.928	50.7
935.145	50.6
935.362	50.6
935.58	50.5
935.797	50.4
936.014	50.3
936.231	50.2
936.449	50.2
936.666	50.2
936.883	50.1
937.101	50.1
937.318	50
937.536	49.9
937.753	49.9
937.971	49.9
938.188	49.8
938.406	49.7
938.624	49.7
938.841	49.7
939.059	49.6
939.277	49.5
939.494	49.5
939.712	49.4
939.93	49.4
