360.161	13.2
360.333	13.1
360.504	13.1
360.676	13
360.847	12.9
361.019	12.8
361.19	12.8
361.361	12.8
361.533	12.8
361.704	12.8
361.876	12.7
362.047	12.7
362.219	12.7
362.391	12.6
362.562	12.6
362.734	12.5
362.905	12.5
363.077	12.4
363.248	12.4
363.42	12.3
363.592	12.3
363.763	12.2
363.935	12.2
364.106	12.2
364.278	12.2
364.45	12.1
364.621	12
364.793	12
364.965	12
365.137	12
365.308	11.9
365.48	11.9
365.652	11.9
365.824	11.8
365.995	11.8
366.167	11.7
366.339	11.6
366.511	11.6
366.683	11.6
366.854	11.5
367.026	11.5
367.198	11.4
367.37	11.4
367.542	11.4
367.714	11.4
367.886	11.3
368.058	11.2
368.23	11.2
368.402	11.1
368.574	11.1
368.746	11
368.918	11
369.09	10.9
369.262	10.9
369.434	10.8
369.606	10.8
369.778	10.8
369.95	10.7
370.122	10.7
370.294	10.7
370.467	10.6
370.639	10.6
370.811	10.6
370.983	10.5
371.155	10.4
371.328	10.4
371.5	10.4
371.672	10.4
371.844	10.4
372.017	10.4
372.189	10.3
372.361	10.3
372.534	10.2
372.706	10.1
372.878	10.1
373.051	10
373.223	10
373.396	9.9
373.568	9.9
373.741	9.8
373.913	9.8
374.086	9.7
374.258	9.7
374.431	9.7
374.603	9.7
374.776	9.6
374.949	9.6
375.121	9.6
375.294	9.6
375.467	9.5
375.639	9.5
375.812	9.5
375.985	9.5
376.157	9.4
376.33	9.4
376.503	9.4
376.676	9.4
376.849	9.3
377.021	9.3
377.194	9.2
377.367	9.2
377.54	9.2
377.713	9.1
377.886	9.1
378.059	9
378.232	9
378.405	9
378.578	9
378.751	9
378.924	8.9
379.097	8.9
379.27	8.8
379.444	8.8
379.617	8.8
379.79	8.8
379.963	8.7
380.136	8.7
380.31	8.7
380.483	8.7
380.656	8.6
380.829	8.6
381.003	8.6
381.176	8.5
381.35	8.5
381.523	8.5
381.696	8.4
381.87	8.4
382.043	8.4
382.217	8.4
382.39	8.3
382.564	8.3
382.738	8.2
382.911	8.2
383.085	8.2
383.258	8.1
383.432	8.1
383.606	8.1
383.779	8.1
383.953	8
384.127	8
384.301	7.9
384.475	7.9
384.648	7.8
384.822	7.8
384.996	7.8
385.17	7.8
385.344	7.7
385.518	7.7
385.692	7.7
385.866	7.6
386.04	7.6
386.214	7.6
386.388	7.6
386.562	7.6
386.737	7.6
386.911	7.5
387.085	7.5
387.259	7.5
387.434	7.5
387.608	7.5
387.782	7.5
387.956	7.5
388.131	7.5
388.305	7.5
388.48	7.5
388.654	7.4
388.829	7.4
389.003	7.4
389.178	7.4
389.352	7.4
389.527	7.4
389.701	7.4
389.876	7.4
390.051	7.4
390.226	7.3
390.4	7.3
390.575	7.3
390.75	7.3
390.925	7.3
391.099	7.2
391.274	7.3
391.449	7.3
391.624	7.3
391.799	7.3
391.974	7.2
392.149	7.2
392.324	7.2
392.499	7.2
392.675	7.2
392.85	7.2
393.025	7.2
393.2	7.2
393.375	7.2
393.551	7.2
393.726	7.1
393.901	7.1
394.077	7.1
394.252	7.1
394.427	7.1
394.603	7.1
394.778	7.1
394.954	7.1
395.129	7.1
395.305	7
395.481	7
395.656	7
395.832	7
396.008	7
396.184	7
396.359	7
396.535	7
396.711	6.9
396.887	6.9
397.063	6.9
397.239	6.9
397.415	6.9
397.591	6.9
397.767	6.9
397.943	6.9
398.119	6.8
398.295	6.8
398.471	6.8
398.648	6.8
398.824	6.8
399	6.8
399.176	6.8
399.353	6.7
399.529	6.7
399.706	6.7
399.882	6.7
400.058	6.7
400.235	6.7
400.412	6.7
400.588	6.7
400.765	6.7
400.942	6.7
401.118	6.7
401.295	6.7
401.472	6.7
401.649	6.7
401.825	6.7
402.002	6.7
402.179	6.7
402.356	6.6
402.533	6.6
402.71	6.6
402.887	6.6
403.064	6.6
403.242	6.6
403.419	6.6
403.596	6.6
403.773	6.6
403.95	6.6
404.128	6.5
404.305	6.5
404.483	6.5
404.66	6.5
404.837	6.5
405.015	6.5
405.193	6.5
405.37	6.5
405.548	6.5
405.725	6.5
405.903	6.4
406.081	6.4
406.259	6.4
406.437	6.4
406.614	6.4
406.792	6.4
406.97	6.4
407.148	6.4
407.326	6.4
407.504	6.4
407.682	6.4
407.86	6.4
408.039	6.4
408.217	6.3
408.395	6.3
408.573	6.3
408.751	6.3
408.93	6.3
409.108	6.3
409.287	6.3
409.465	6.3
409.643	6.3
409.822	6.3
410	6.3
410.179	6.3
410.358	6.3
410.536	6.3
410.715	6.2
410.894	6.2
411.072	6.2
411.251	6.2
411.43	6.2
411.609	6.2
411.788	6.2
411.967	6.2
412.146	6.2
412.325	6.2
412.504	6.2
412.683	6.2
412.862	6.2
413.041	6.2
413.22	6.2
413.399	6.2
413.578	6.2
413.758	6.1
413.937	6.1
414.116	6.1
414.296	6.1
414.475	6.1
414.654	6.1
414.834	6.1
415.013	6.1
415.193	6.1
415.372	6.1
415.552	6.1
415.732	6.1
415.911	6.1
416.091	6.1
416.271	6.1
416.45	6.1
416.63	6.1
416.81	6.1
416.99	6.1
417.169	6.1
417.349	6.1
417.529	6.1
417.709	6.1
417.889	6.1
418.069	6.1
418.249	6.1
418.429	6.1
418.609	6
418.789	6
418.97	6
419.15	6
419.33	6
419.51	6
419.691	6
419.871	6
420.051	6
420.232	6
420.412	6
420.592	6
420.773	6
420.953	6
421.134	6
421.314	6
421.495	5.9
421.675	5.9
421.856	5.9
422.037	5.9
422.217	5.9
422.398	5.9
422.579	5.9
422.76	5.9
422.94	5.9
423.121	5.9
423.302	5.9
423.483	5.9
423.664	5.9
423.845	5.9
424.026	5.9
424.207	5.9
424.388	5.9
424.569	5.9
424.75	5.9
424.931	5.9
425.112	5.9
425.293	5.9
425.474	5.9
425.655	5.8
425.837	5.8
426.018	5.8
426.199	5.8
426.38	5.8
426.562	5.8
426.743	5.8
426.924	5.8
427.106	5.8
427.287	5.8
427.469	5.8
427.65	5.8
427.832	5.8
428.013	5.8
428.195	5.8
428.376	5.8
428.558	5.8
428.739	5.8
428.921	5.8
429.103	5.8
429.284	5.8
429.466	5.8
429.648	5.8
429.83	5.8
430.011	5.8
430.193	5.8
430.375	5.8
430.557	5.8
430.739	5.8
430.921	5.8
431.102	5.7
431.284	5.7
431.466	5.7
431.648	5.7
431.83	5.7
432.012	5.7
432.194	5.7
432.377	5.7
432.559	5.7
432.741	5.7
432.923	5.7
433.105	5.7
433.287	5.7
433.469	5.7
433.652	5.7
433.834	5.7
434.016	5.7
434.198	5.7
434.381	5.7
434.563	5.7
434.745	5.7
434.928	5.6
435.11	5.6
435.293	5.6
435.475	5.6
435.658	5.6
435.84	5.6
436.022	5.6
436.205	5.6
436.388	5.6
436.57	5.6
436.753	5.6
436.935	5.6
437.118	5.6
437.301	5.6
437.483	5.6
437.666	5.6
437.849	5.6
438.031	5.6
438.214	5.6
438.397	5.6
438.58	5.6
438.762	5.6
438.945	5.6
439.128	5.6
439.311	5.6
439.494	5.6
439.677	5.6
439.859	5.7
440.042	5.7
440.225	5.7
440.408	5.7
440.591	5.7
440.774	5.7
440.957	5.7
441.14	5.7
441.323	5.7
441.507	5.7
441.69	5.7
441.873	5.7
442.056	5.7
442.239	5.7
442.422	5.7
442.605	5.7
442.789	5.7
442.972	5.7
443.155	5.7
443.338	5.7
443.522	5.7
443.705	5.7
443.888	5.7
444.072	5.7
444.255	5.7
444.438	5.7
444.622	5.7
444.805	5.7
444.989	5.7
445.172	5.7
445.356	5.7
445.539	5.7
445.723	5.7
445.906	5.7
446.09	5.7
446.273	5.7
446.457	5.7
446.64	5.7
446.824	5.7
447.008	5.7
447.191	5.7
447.375	5.7
447.559	5.7
447.742	5.8
447.926	5.8
448.11	5.8
448.293	5.8
448.477	5.8
448.661	5.8
448.845	5.8
449.029	5.8
449.212	5.8
449.396	5.8
449.58	5.8
449.764	5.8
449.948	5.8
450.132	5.8
450.316	5.8
450.5	5.8
450.684	5.9
450.868	5.9
451.052	5.9
451.236	5.9
451.42	5.9
451.604	5.9
451.788	5.9
451.972	5.9
452.156	5.9
452.34	5.9
452.525	5.9
452.709	5.9
452.893	5.9
453.077	6
453.261	6
453.446	6
453.63	6
453.814	6
453.998	6
454.183	6
454.367	6.1
454.551	6.1
454.736	6.1
454.92	6.1
455.104	6.1
455.289	6.1
455.473	6.2
455.658	6.2
455.842	6.2
456.026	6.2
456.211	6.3
456.395	6.3
456.58	6.3
456.764	6.3
456.949	6.4
457.134	6.4
457.318	6.4
457.503	6.5
457.687	6.5
457.872	6.5
458.057	6.6
458.241	6.6
458.426	6.7
458.611	6.7
458.795	6.7
458.98	6.8
459.165	6.9
459.349	6.9
459.534	7
459.719	7
459.904	7.1
460.088	7.1
460.273	7.2
460.458	7.3
460.643	7.3
460.828	7.4
461.013	7.5
461.198	7.6
461.382	7.6
461.567	7.7
461.752	7.8
461.937	7.9
462.122	8
462.307	8.1
462.492	8.1
462.677	8.2
462.862	8.3
463.047	8.4
463.232	8.5
463.417	8.6
463.602	8.7
463.788	8.8
463.973	8.9
464.158	9.1
464.343	9.2
464.528	9.3
464.713	9.4
464.898	9.5
465.084	9.6
465.269	9.8
465.454	9.9
465.639	10
465.824	10.1
466.01	10.3
466.195	10.4
466.38	10.5
466.566	10.7
466.751	10.8
466.936	11
467.122	11.1
467.307	11.2
467.492	11.4
467.678	11.5
467.863	11.7
468.048	11.8
468.234	12
468.419	12.2
468.605	12.3
468.79	12.5
468.976	12.6
469.161	12.8
469.347	12.9
469.532	13.1
469.718	13.3
469.903	13.4
470.089	13.6
470.274	13.8
470.46	13.9
470.646	14.1
470.831	14.3
471.017	14.4
471.202	14.6
471.388	14.8
471.574	15
471.759	15.1
471.945	15.3
472.131	15.5
472.317	15.6
472.502	15.8
472.688	16
472.874	16.2
473.059	16.4
473.245	16.5
473.431	16.7
473.617	16.9
473.803	17.1
473.988	17.3
474.174	17.5
474.36	17.6
474.546	17.8
474.732	18
474.918	18.2
475.104	18.4
475.29	18.6
475.475	18.7
475.661	18.9
475.847	19.1
476.033	19.3
476.219	19.5
476.405	19.6
476.591	19.8
476.777	20
476.963	20.2
477.149	20.4
477.335	20.6
477.521	20.7
477.707	20.9
477.893	21.1
478.08	21.3
478.266	21.5
478.452	21.7
478.638	21.9
478.824	22.1
479.01	22.2
479.196	22.4
479.382	22.6
479.569	22.8
479.755	23
479.941	23.2
480.127	23.4
480.313	23.6
480.5	23.8
480.686	24
480.872	24.2
481.058	24.4
481.245	24.6
481.431	24.8
481.617	25
481.803	25.1
481.99	25.3
482.176	25.5
482.362	25.7
482.549	25.9
482.735	26.1
482.921	26.3
483.108	26.5
483.294	26.7
483.481	26.9
483.667	27.1
483.853	27.3
484.04	27.5
484.226	27.7
484.413	27.9
484.599	28.1
484.786	28.3
484.972	28.5
485.159	28.7
485.345	28.9
485.532	29.1
485.718	29.3
485.905	29.5
486.091	29.7
486.278	29.9
486.464	30.1
486.651	30.3
486.837	30.5
487.024	30.7
487.211	31
487.397	31.2
487.584	31.4
487.77	31.6
487.957	31.8
488.144	32
488.33	32.2
488.517	32.4
488.704	32.6
488.89	32.8
489.077	33.1
489.264	33.3
489.45	33.5
489.637	33.7
489.824	33.9
490.01	34.1
490.197	34.3
490.384	34.5
490.571	34.7
490.757	35
490.944	35.2
491.131	35.4
491.318	35.6
491.505	35.8
491.691	36
491.878	36.3
492.065	36.5
492.252	36.7
492.439	36.9
492.626	37.1
492.812	37.3
492.999	37.6
493.186	37.8
493.373	38
493.56	38.2
493.747	38.4
493.934	38.6
494.121	38.8
494.308	39
494.494	39.2
494.681	39.4
494.868	39.7
495.055	39.9
495.242	40.1
495.429	40.3
495.616	40.5
495.803	40.7
495.99	40.9
496.177	41.1
496.364	41.3
496.551	41.5
496.738	41.7
496.925	41.9
497.112	42.1
497.299	42.4
497.486	42.6
497.673	42.8
497.861	43
498.048	43.2
498.235	43.4
498.422	43.6
498.609	43.8
498.796	44
498.983	44.2
499.17	44.4
499.357	44.6
499.544	44.8
499.732	45
499.919	45.2
500.106	45.4
500.293	45.6
500.48	45.8
500.667	46
500.855	46.2
501.042	46.3
501.229	46.5
501.416	46.7
501.603	46.9
501.791	47.1
501.978	47.3
502.165	47.5
502.352	47.7
502.54	47.9
502.727	48.1
502.914	48.2
503.101	48.4
503.289	48.6
503.476	48.8
503.663	49
503.85	49.2
504.038	49.3
504.225	49.5
504.412	49.7
504.6	49.8
504.787	50
504.974	50.2
505.161	50.4
505.349	50.5
505.536	50.7
505.723	50.9
505.911	51
506.098	51.2
506.286	51.3
506.473	51.5
506.66	51.7
506.848	51.8
507.035	52
507.222	52.2
507.41	52.3
507.597	52.5
507.785	52.6
507.972	52.8
508.159	52.9
508.347	53.1
508.534	53.2
508.722	53.4
508.909	53.5
509.097	53.7
509.284	53.8
509.471	54
509.659	54.1
509.846	54.2
510.034	54.4
510.221	54.5
510.409	54.7
510.596	54.8
510.784	54.9
510.971	55
511.159	55.2
511.346	55.3
511.534	55.4
511.721	55.6
511.909	55.7
512.096	55.8
512.284	55.9
512.471	56
512.659	56.2
512.846	56.3
513.034	56.4
513.221	56.5
513.409	56.6
513.596	56.7
513.784	56.8
513.972	57
514.159	57.1
514.347	57.2
514.534	57.3
514.722	57.4
514.909	57.5
515.097	57.5
515.285	57.6
515.472	57.7
515.66	57.8
515.847	57.9
516.035	58
516.222	58.1
516.41	58.2
516.598	58.3
516.785	58.4
516.973	58.5
517.161	58.5
517.348	58.6
517.536	58.7
517.723	58.8
517.911	58.9
518.099	58.9
518.286	59
518.474	59.1
518.662	59.2
518.849	59.2
519.037	59.3
519.225	59.4
519.412	59.5
519.6	59.5
519.787	59.6
519.975	59.7
520.163	59.7
520.35	59.8
520.538	59.9
520.726	59.9
520.914	60
521.101	60.1
521.289	60.1
521.477	60.2
521.664	60.3
521.852	60.3
522.04	60.4
522.227	60.4
522.415	60.5
522.603	60.6
522.79	60.6
522.978	60.7
523.166	60.8
523.354	60.8
523.541	60.9
523.729	60.9
523.917	61
524.104	61
524.292	61.1
524.48	61.1
524.668	61.2
524.855	61.2
525.043	61.3
525.231	61.3
525.418	61.4
525.606	61.4
525.794	61.5
525.982	61.5
526.169	61.6
526.357	61.7
526.545	61.7
526.733	61.7
526.92	61.8
527.108	61.9
527.296	61.9
527.484	62
527.671	62
527.859	62.1
528.047	62.1
528.235	62.2
528.422	62.2
528.61	62.3
528.798	62.3
528.986	62.4
529.173	62.4
529.361	62.4
529.549	62.5
529.737	62.5
529.924	62.5
530.112	62.6
530.3	62.6
530.488	62.6
530.675	62.6
530.863	62.7
531.051	62.7
531.239	62.7
531.426	62.7
531.614	62.8
531.802	62.8
531.99	62.8
532.177	62.8
532.365	62.8
532.553	62.9
532.741	62.9
532.928	62.9
533.116	62.9
533.304	62.9
533.492	62.9
533.679	62.9
533.867	63
534.055	63
534.243	63
534.431	63
534.618	63
534.806	63
534.994	63
535.182	63
535.369	63
535.557	63
535.745	63
535.933	63
536.12	63
536.308	63
536.496	63.1
536.684	63.1
536.871	63.1
537.059	63.1
537.247	63.1
537.435	63.1
537.622	63.1
537.81	63.1
537.998	63.1
538.186	63.2
538.373	63.2
538.561	63.2
538.749	63.2
538.937	63.2
539.124	63.3
539.312	63.3
539.5	63.3
539.688	63.3
539.875	63.4
540.063	63.4
540.251	63.4
540.439	63.4
540.626	63.5
540.814	63.5
541.002	63.5
541.19	63.5
541.377	63.6
541.565	63.6
541.753	63.6
541.941	63.6
542.128	63.6
542.316	63.7
542.504	63.7
542.691	63.7
542.879	63.7
543.067	63.7
543.255	63.8
543.442	63.8
543.63	63.8
543.818	63.8
544.005	63.9
544.193	63.9
544.381	63.9
544.568	63.9
544.756	63.9
544.944	64
545.132	64
545.319	64
545.507	64
545.695	64
545.882	64.1
546.07	64.1
546.258	64.1
546.445	64.1
546.633	64.1
546.821	64.1
547.008	64.2
547.196	64.2
547.384	64.2
547.571	64.2
547.759	64.2
547.947	64.2
548.134	64.2
548.322	64.3
548.51	64.3
548.697	64.3
548.885	64.3
549.073	64.3
549.26	64.3
549.448	64.3
549.636	64.4
549.823	64.4
550.011	64.4
550.199	64.4
550.386	64.4
550.574	64.4
550.762	64.4
550.949	64.4
551.137	64.5
551.325	64.5
551.512	64.5
551.7	64.5
551.888	64.5
552.075	64.5
552.263	64.5
552.451	64.6
552.639	64.6
552.826	64.6
553.014	64.6
553.202	64.6
553.389	64.6
553.577	64.6
553.765	64.6
553.953	64.6
554.14	64.6
554.328	64.7
554.516	64.7
554.704	64.7
554.891	64.7
555.079	64.7
555.267	64.7
555.455	64.7
555.643	64.7
555.83	64.7
556.018	64.8
556.206	64.8
556.394	64.8
556.582	64.8
556.77	64.8
556.957	64.8
557.145	64.8
557.333	64.8
557.521	64.8
557.709	64.9
557.897	64.9
558.085	64.9
558.273	64.9
558.461	64.9
558.649	64.9
558.837	64.9
559.025	65
559.213	65
559.4	65
559.588	65
559.777	65
559.965	65
560.153	65
560.341	65
560.529	65
560.717	65
560.905	65.1
561.093	65.1
561.281	65.1
561.469	65.1
561.657	65.1
561.845	65.1
562.034	65.1
562.222	65.1
562.41	65.1
562.598	65.1
562.786	65.1
562.975	65.1
563.163	65.1
563.351	65.1
563.539	65.1
563.728	65.1
563.916	65.1
564.104	65.1
564.293	65.1
564.481	65.1
564.67	65.2
564.858	65.2
565.046	65.2
565.235	65.2
565.423	65.2
565.612	65.2
565.8	65.2
565.989	65.2
566.177	65.2
566.366	65.2
566.554	65.2
566.743	65.2
566.932	65.2
567.12	65.2
567.309	65.2
567.497	65.2
567.686	65.2
567.875	65.2
568.064	65.2
568.252	65.2
568.441	65.2
568.63	65.2
568.819	65.2
569.007	65.2
569.196	65.2
569.385	65.2
569.574	65.2
569.763	65.1
569.952	65.1
570.141	65.1
570.33	65.1
570.519	65.1
570.708	65.1
570.897	65.2
571.086	65.2
571.275	65.2
571.464	65.2
571.653	65.1
571.843	65.1
572.032	65.1
572.221	65.1
572.41	65.1
572.599	65.1
572.789	65.1
572.978	65.1
573.167	65.1
573.357	65.1
573.546	65.1
573.736	65.1
573.925	65.1
574.115	65.1
574.304	65.1
574.494	65.1
574.683	65.1
574.873	65.1
575.062	65.1
575.252	65.1
575.442	65.1
575.631	65.1
575.821	65.1
576.011	65.1
576.201	65.1
576.39	65.1
576.58	65.1
576.77	65
576.96	65
577.15	65
577.34	65
577.53	65
577.72	65
577.91	65
578.1	65
578.29	65
578.48	65
578.67	65
578.861	65
579.051	65
579.241	65
579.431	65
579.622	65
579.812	65
580.002	65
580.193	65
580.383	65
580.574	65
580.764	65
580.955	65
581.145	65
581.336	65
581.526	65
581.717	65
581.908	65
582.098	65
582.289	65
582.48	65
582.671	65
582.862	65
583.052	65
583.243	65
583.434	65
583.625	65
583.816	65
584.007	65
584.198	65
584.389	65
584.58	65
584.771	65
584.962	65
585.154	65
585.345	65
585.536	65
585.727	65
585.918	65
586.11	65
586.301	65
586.492	65
586.684	65
586.875	65
587.067	65
587.258	65
587.45	65.1
587.641	65.1
587.833	65.1
588.024	65.1
588.216	65.1
588.408	65.1
588.599	65.1
588.791	65.1
588.983	65.1
589.174	65.1
589.366	65.1
589.558	65.1
589.75	65.1
589.942	65.1
590.134	65.1
590.326	65.1
590.518	65.1
590.71	65.1
590.902	65.1
591.094	65.1
591.286	65.1
591.478	65.1
591.67	65.1
591.862	65.2
592.054	65.2
592.246	65.2
592.439	65.2
592.631	65.2
592.823	65.2
593.016	65.2
593.208	65.2
593.4	65.2
593.593	65.2
593.785	65.2
593.978	65.2
594.17	65.2
594.363	65.2
594.555	65.2
594.748	65.2
594.94	65.2
595.133	65.2
595.326	65.2
595.518	65.2
595.711	65.2
595.904	65.2
596.096	65.2
596.289	65.2
596.482	65.2
596.675	65.2
596.868	65.2
597.061	65.2
597.254	65.2
597.447	65.2
597.64	65.2
597.833	65.2
598.026	65.2
598.219	65.2
598.412	65.2
598.605	65.2
598.798	65.2
598.991	65.2
599.184	65.2
599.378	65.2
599.571	65.2
599.764	65.2
599.957	65.2
600.151	65.2
600.344	65.2
600.538	65.2
600.731	65.2
600.924	65.2
601.118	65.2
601.311	65.2
601.505	65.2
601.698	65.2
601.892	65.2
602.086	65.2
602.279	65.2
602.473	65.1
602.667	65.1
602.86	65.1
603.054	65.1
603.248	65.1
603.442	65.1
603.635	65.1
603.829	65.1
604.023	65.1
604.217	65.2
604.411	65.1
604.605	65.2
604.799	65.1
604.993	65.1
605.187	65.1
605.381	65.1
605.575	65.1
605.769	65.1
605.963	65.2
606.157	65.2
606.352	65.2
606.546	65.2
606.74	65.2
606.934	65.2
607.129	65.2
607.323	65.2
607.517	65.2
607.712	65.2
607.906	65.2
608.1	65.2
608.295	65.2
608.489	65.2
608.684	65.2
608.878	65.2
609.073	65.2
609.267	65.2
609.462	65.2
609.657	65.2
609.851	65.2
610.046	65.1
610.241	65.1
610.435	65.1
610.63	65.1
610.825	65.1
611.02	65.1
611.215	65.1
611.41	65.1
611.604	65.1
611.799	65.1
611.994	65.1
612.189	65.1
612.384	65.1
612.579	65.1
612.774	65.1
612.969	65.1
613.164	65.1
613.359	65.1
613.555	65.1
613.75	65.1
613.945	65.1
614.14	65.1
614.335	65.1
614.531	65.1
614.726	65.1
614.921	65.1
615.117	65.1
615.312	65.1
615.507	65.1
615.703	65.1
615.898	65.1
616.094	65.1
616.289	65.1
616.485	65.1
616.68	65.1
616.876	65
617.071	65
617.267	65
617.463	65
617.658	65
617.854	65.1
618.05	65.1
618.245	65.1
618.441	65.1
618.637	65.1
618.833	65.1
619.029	65.1
619.225	65.1
619.42	65.1
619.616	65.1
619.812	65.1
620.008	65.1
620.204	65.1
620.4	65.1
620.596	65.1
620.792	65.1
620.988	65
621.184	65
621.381	65
621.577	65
621.773	65
621.969	65
622.165	65
622.362	65
622.558	65
622.754	65
622.951	65
623.147	65
623.343	65
623.54	65
623.736	65
623.933	65
624.129	65
624.326	65
624.522	65
624.719	65
624.915	65
625.112	65
625.308	65
625.505	65
625.702	65
625.898	65
626.095	65
626.292	65
626.489	65
626.685	65
626.882	65
627.079	65
627.276	65
627.473	65
627.67	65
627.866	65
628.063	65
628.26	65
628.457	65
628.654	65
628.851	65
629.048	65
629.246	65
629.443	65
629.64	65
629.837	65.1
630.034	65.1
630.231	65.1
630.429	65.1
630.626	65.1
630.823	65.1
631.02	65.1
631.218	65.1
631.415	65.1
631.612	65.1
631.81	65.1
632.007	65.1
632.205	65.1
632.402	65.1
632.6	65.1
632.797	65.1
632.995	65.1
633.192	65.1
633.39	65.1
633.587	65.1
633.785	65.1
633.983	65.1
634.18	65.1
634.378	65.1
634.576	65.1
634.773	65.1
634.971	65.1
635.169	65.1
635.367	65.1
635.565	65.1
635.762	65.1
635.96	65.2
636.158	65.2
636.356	65.2
636.554	65.2
636.752	65.2
636.95	65.2
637.148	65.2
637.346	65.2
637.544	65.2
637.742	65.2
637.94	65.2
638.138	65.2
638.337	65.2
638.535	65.2
638.733	65.2
638.931	65.2
639.129	65.2
639.328	65.2
639.526	65.2
639.724	65.2
639.922	65.2
640.121	65.2
640.319	65.2
640.518	65.2
640.716	65.2
640.914	65.2
641.113	65.2
641.311	65.2
641.51	65.2
641.708	65.2
641.907	65.2
642.105	65.2
642.304	65.2
642.503	65.2
642.701	65.2
642.9	65.2
643.098	65.2
643.297	65.2
643.496	65.2
643.695	65.2
643.893	65.3
644.092	65.3
644.291	65.3
644.49	65.3
644.689	65.3
644.887	65.2
645.086	65.2
645.285	65.2
645.484	65.2
645.683	65.2
645.882	65.2
646.081	65.3
646.28	65.3
646.479	65.3
646.678	65.3
646.877	65.3
647.076	65.3
647.276	65.3
647.475	65.3
647.674	65.3
647.873	65.3
648.072	65.3
648.271	65.3
648.471	65.3
648.67	65.3
648.869	65.3
649.069	65.3
649.268	65.3
649.467	65.3
649.667	65.3
649.866	65.3
650.065	65.3
650.265	65.3
650.464	65.3
650.664	65.3
650.863	65.3
651.063	65.3
651.262	65.3
651.462	65.3
651.662	65.2
651.861	65.2
652.061	65.2
652.26	65.2
652.46	65.2
652.66	65.2
652.859	65.2
653.059	65.2
653.259	65.2
653.459	65.2
653.658	65.2
653.858	65.2
654.058	65.2
654.258	65.2
654.458	65.2
654.658	65.2
654.858	65.2
655.058	65.2
655.258	65.2
655.457	65.1
655.657	65.1
655.857	65.1
656.058	65.1
656.258	65.1
656.458	65.1
656.658	65.1
656.858	65.1
657.058	65.1
657.258	65
657.458	65
657.659	65
657.859	65
658.059	65
658.259	65
658.459	65
658.66	65
658.86	65
659.06	64.9
659.261	64.9
659.461	64.9
659.662	64.9
659.862	64.9
660.062	64.9
660.263	64.9
660.463	64.9
660.664	64.9
660.864	64.9
661.065	64.9
661.265	64.8
661.466	64.8
661.667	64.8
661.867	64.8
662.068	64.8
662.268	64.8
662.469	64.8
662.67	64.7
662.87	64.7
663.071	64.7
663.272	64.7
663.473	64.7
663.674	64.7
663.874	64.7
664.075	64.6
664.276	64.6
664.477	64.6
664.678	64.6
664.879	64.6
665.08	64.6
665.28	64.6
665.481	64.6
665.682	64.5
665.883	64.5
666.084	64.5
666.285	64.5
666.486	64.5
666.688	64.5
666.889	64.4
667.09	64.4
667.291	64.4
667.492	64.4
667.693	64.4
667.894	64.3
668.096	64.3
668.297	64.3
668.498	64.3
668.699	64.3
668.901	64.2
669.102	64.2
669.303	64.2
669.505	64.2
669.706	64.2
669.907	64.1
670.109	64.1
670.31	64.1
670.511	64.1
670.713	64
670.914	64
671.116	64
671.317	64
671.519	63.9
671.72	63.9
671.922	63.9
672.124	63.9
672.325	63.8
672.527	63.8
672.728	63.8
672.93	63.7
673.132	63.7
673.333	63.7
673.535	63.6
673.737	63.6
673.939	63.6
674.14	63.6
674.342	63.5
674.544	63.5
674.746	63.5
674.948	63.5
675.149	63.4
675.351	63.4
675.553	63.4
675.755	63.4
675.957	63.3
676.159	63.3
676.361	63.3
676.563	63.3
676.765	63.2
676.967	63.2
677.169	63.2
677.371	63.2
677.573	63.1
677.775	63.1
677.977	63.1
678.179	63.1
678.381	63.1
678.583	63.1
678.786	63
678.988	63
679.19	63
679.392	63
679.594	63
679.797	63
679.999	62.9
680.201	62.9
680.404	62.9
680.606	62.9
680.808	62.9
681.011	62.9
681.213	62.9
681.415	62.9
681.618	62.9
681.82	62.9
682.023	62.9
682.225	62.9
682.428	62.9
682.63	62.9
682.833	62.9
683.035	62.9
683.238	62.9
683.44	62.9
683.643	62.9
683.845	62.9
684.048	62.9
684.251	62.9
684.453	62.9
684.656	62.9
684.859	62.9
685.061	62.9
685.264	62.9
685.467	62.9
685.67	62.9
685.872	62.9
686.075	62.9
686.278	62.9
686.481	62.9
686.684	62.9
686.886	62.9
687.089	62.9
687.292	62.9
687.495	62.9
687.698	62.9
687.901	62.9
688.104	62.9
688.307	62.9
688.51	62.9
688.713	62.9
688.916	63
689.119	63
689.322	63
689.525	63
689.728	63
689.931	63
690.134	63
690.337	63
690.54	63
690.744	63
690.947	63
691.15	63
691.353	63
691.556	63
691.76	63
691.963	63
692.166	63
692.37	63
692.573	63
692.776	63
692.979	63
693.183	63
693.386	63
693.59	63
693.793	63
693.996	63
694.2	63
694.403	63
694.607	63.1
694.81	63.1
695.014	63.1
695.217	63.1
695.421	63.1
695.624	63.1
695.828	63.1
696.031	63.1
696.235	63.1
696.439	63.1
696.642	63.1
696.846	63.1
697.049	63.1
697.253	63.1
697.457	63.1
697.661	63.1
697.864	63.1
698.068	63.1
698.272	63.1
698.475	63.1
698.679	63.1
698.883	63.1
699.087	63.1
699.291	63.1
699.494	63.1
699.698	63.1
699.902	63.1
700.106	63.1
700.31	63.1
700.514	63.1
700.718	63.1
700.922	63
701.126	63
701.33	63
701.534	63
701.738	63
701.942	63
702.146	63
702.35	63
702.554	63
702.758	62.9
702.962	62.9
703.166	62.9
703.37	62.9
703.574	62.9
703.778	62.9
703.983	62.9
704.187	62.9
704.391	62.8
704.595	62.8
704.799	62.8
705.004	62.8
705.208	62.8
705.412	62.8
705.616	62.7
705.821	62.7
706.025	62.7
706.229	62.7
706.434	62.7
706.638	62.7
706.842	62.6
707.047	62.6
707.251	62.6
707.455	62.6
707.66	62.6
707.864	62.6
708.069	62.6
708.273	62.6
708.478	62.6
708.682	62.5
708.887	62.5
709.091	62.5
709.296	62.5
709.5	62.5
709.705	62.5
709.909	62.5
710.114	62.5
710.319	62.5
710.523	62.5
710.728	62.5
710.932	62.5
711.137	62.5
711.342	62.4
711.546	62.4
711.751	62.4
711.956	62.4
712.161	62.4
712.365	62.4
712.57	62.4
712.775	62.4
712.98	62.4
713.184	62.4
713.389	62.3
713.594	62.3
713.799	62.3
714.004	62.3
714.209	62.3
714.413	62.3
714.618	62.3
714.823	62.3
715.028	62.3
715.233	62.3
715.438	62.3
715.643	62.3
715.848	62.3
716.053	62.3
716.258	62.3
716.463	62.3
716.668	62.3
716.873	62.3
717.078	62.3
717.283	62.3
717.488	62.3
717.693	62.2
717.898	62.2
718.103	62.2
718.308	62.2
718.514	62.2
718.719	62.2
718.924	62.2
719.129	62.2
719.334	62.2
719.539	62.2
719.745	62.2
719.95	62.2
720.155	62.2
720.36	62.2
720.566	62.2
720.771	62.2
720.976	62.2
721.182	62.2
721.387	62.2
721.592	62.2
721.798	62.2
722.003	62.2
722.208	62.2
722.414	62.2
722.619	62.2
722.824	62.2
723.03	62.2
723.235	62.2
723.441	62.2
723.646	62.2
723.852	62.2
724.057	62.2
724.263	62.2
724.468	62.2
724.674	62.2
724.879	62.2
725.085	62.2
725.29	62.2
725.496	62.3
725.701	62.3
725.907	62.3
726.112	62.3
726.318	62.3
726.524	62.3
726.729	62.3
726.935	62.3
727.141	62.3
727.346	62.3
727.552	62.3
727.758	62.3
727.963	62.3
728.169	62.3
728.375	62.3
728.581	62.3
728.786	62.3
728.992	62.3
729.198	62.3
729.404	62.3
729.609	62.3
729.815	62.3
730.021	62.3
730.227	62.3
730.433	62.3
730.639	62.2
730.844	62.2
731.05	62.3
731.256	62.3
731.462	62.3
731.668	62.3
731.874	62.3
732.08	62.3
732.286	62.3
732.492	62.3
732.698	62.3
732.904	62.3
733.11	62.3
733.316	62.3
733.522	62.3
733.728	62.3
733.934	62.3
734.14	62.3
734.346	62.3
734.552	62.3
734.758	62.3
734.964	62.3
735.17	62.3
735.376	62.3
735.583	62.3
735.789	62.3
735.995	62.3
736.201	62.3
736.407	62.3
736.613	62.3
736.819	62.3
737.026	62.3
737.232	62.3
737.438	62.3
737.644	62.3
737.851	62.3
738.057	62.3
738.263	62.3
738.469	62.3
738.676	62.3
738.882	62.3
739.088	62.3
739.295	62.3
739.501	62.3
739.707	62.4
739.914	62.4
740.12	62.4
740.326	62.4
740.533	62.4
740.739	62.4
740.946	62.4
741.152	62.4
741.358	62.4
741.565	62.4
741.771	62.4
741.978	62.4
742.184	62.4
742.391	62.4
742.597	62.4
742.804	62.4
743.01	62.4
743.217	62.4
743.423	62.4
743.63	62.4
743.836	62.4
744.043	62.5
744.249	62.5
744.456	62.5
744.663	62.5
744.869	62.5
745.076	62.5
745.282	62.5
745.489	62.5
745.696	62.5
745.902	62.6
746.109	62.6
746.316	62.6
746.522	62.6
746.729	62.6
746.936	62.6
747.142	62.7
747.349	62.7
747.556	62.7
747.762	62.7
747.969	62.7
748.176	62.7
748.383	62.7
748.589	62.8
748.796	62.8
749.003	62.8
749.21	62.8
749.417	62.9
749.623	62.9
749.83	62.9
750.037	62.9
750.244	62.9
750.451	63
750.658	63
750.865	63
751.071	63
751.278	63.1
751.485	63.1
751.692	63.1
751.899	63.2
752.106	63.2
752.313	63.2
752.52	63.3
752.727	63.3
752.934	63.3
753.141	63.3
753.348	63.4
753.555	63.4
753.762	63.5
753.969	63.5
754.176	63.5
754.383	63.6
754.59	63.6
754.797	63.6
755.004	63.7
755.211	63.7
755.418	63.8
755.625	63.8
755.832	63.8
756.039	63.8
756.246	63.9
756.453	63.9
756.66	64
756.868	64
757.075	64
757.282	64.1
757.489	64.1
757.696	64.2
757.903	64.2
758.111	64.2
758.318	64.2
758.525	64.3
758.732	64.3
758.939	64.4
759.147	64.4
759.354	64.4
759.561	64.5
759.768	64.5
759.976	64.6
760.183	64.6
760.39	64.6
760.597	64.7
760.805	64.7
761.012	64.7
761.219	64.8
761.426	64.8
761.634	64.8
761.841	64.9
762.048	64.9
762.256	64.9
762.463	64.9
762.67	64.9
762.878	65
763.085	65
763.293	65
763.5	65.1
763.707	65.1
763.915	65.1
764.122	65.2
764.33	65.2
764.537	65.2
764.744	65.3
764.952	65.3
765.159	65.4
765.367	65.4
765.574	65.4
765.782	65.4
765.989	65.5
766.197	65.5
766.404	65.5
766.612	65.6
766.819	65.6
767.027	65.6
767.234	65.7
767.442	65.7
767.649	65.7
767.857	65.7
768.064	65.8
768.272	65.8
768.479	65.8
768.687	65.8
768.895	65.9
769.102	65.9
769.31	65.9
769.517	65.9
769.725	66
769.933	66
770.14	66
770.348	66.1
770.555	66.1
770.763	66.1
770.971	66.1
771.178	66.2
771.386	66.2
771.594	66.2
771.801	66.2
772.009	66.3
772.217	66.3
772.424	66.3
772.632	66.3
772.84	66.3
773.047	66.4
773.255	66.4
773.463	66.4
773.671	66.4
773.878	66.4
774.086	66.5
774.294	66.5
774.502	66.5
774.709	66.5
774.917	66.5
775.125	66.6
775.333	66.6
775.54	66.6
775.748	66.6
775.956	66.6
776.164	66.6
776.371	66.7
776.579	66.7
776.787	66.7
776.995	66.7
777.203	66.7
777.41	66.8
777.618	66.8
777.826	66.8
778.034	66.8
778.242	66.8
778.45	66.9
778.657	66.9
778.865	66.9
779.073	66.9
779.281	67
779.489	67
779.697	67
779.905	67.1
780.112	67.1
780.32	67.1
780.528	67.1
780.736	67.1
780.944	67.2
781.152	67.2
781.36	67.2
781.568	67.2
781.776	67.2
781.984	67.3
782.191	67.3
782.399	67.3
782.607	67.3
782.815	67.4
783.023	67.4
783.231	67.4
783.439	67.4
783.647	67.4
783.855	67.5
784.063	67.5
784.271	67.5
784.479	67.5
784.687	67.5
784.895	67.6
785.103	67.6
785.311	67.6
785.519	67.6
785.727	67.6
785.935	67.6
786.143	67.7
786.351	67.7
786.559	67.7
786.767	67.7
786.975	67.7
787.183	67.7
787.391	67.8
787.599	67.8
787.807	67.8
788.015	67.8
788.223	67.8
788.431	67.8
788.639	67.8
788.847	67.8
789.055	67.8
789.263	67.9
789.471	67.9
789.679	67.9
789.887	67.9
790.095	67.9
790.303	68
790.511	68
790.719	68
790.927	68
791.135	68
791.343	68
791.551	68
791.76	68
791.968	68
792.176	68
792.384	68
792.592	68.1
792.8	68.1
793.008	68.1
793.216	68.1
793.424	68.1
793.632	68.1
793.84	68.1
794.048	68.1
794.256	68.2
794.465	68.2
794.673	68.2
794.881	68.2
795.089	68.2
795.297	68.2
795.505	68.2
795.713	68.2
795.921	68.3
796.129	68.3
796.337	68.3
796.546	68.3
796.754	68.3
796.962	68.3
797.17	68.4
797.378	68.4
797.586	68.4
797.794	68.4
798.002	68.4
798.21	68.4
798.419	68.4
798.627	68.4
798.835	68.5
799.043	68.5
799.251	68.5
799.459	68.5
799.667	68.5
799.875	68.5
800.083	68.5
800.292	68.5
800.5	68.6
800.708	68.6
800.916	68.6
801.124	68.6
801.332	68.6
801.54	68.6
801.748	68.6
801.957	68.7
802.165	68.7
802.373	68.7
802.581	68.7
802.789	68.7
802.997	68.7
803.205	68.8
803.414	68.8
803.622	68.8
803.83	68.8
804.038	68.8
804.246	68.8
804.454	68.8
804.662	68.9
804.87	68.9
805.079	68.9
805.287	68.9
805.495	68.9
805.703	68.9
805.911	68.9
806.119	68.8
806.327	68.8
806.535	68.9
806.743	68.9
806.952	68.9
807.16	68.9
807.368	68.8
807.576	68.8
807.784	68.9
807.992	68.9
808.2	68.9
808.408	68.9
808.617	68.9
808.825	68.9
809.033	68.9
809.241	68.9
809.449	68.9
809.657	68.9
809.865	68.9
810.073	68.9
810.281	68.9
810.49	69
810.698	69
810.906	69
811.114	69
811.322	69
811.53	69
811.738	69
811.946	69
812.154	69
812.362	69
812.57	69
812.779	69
812.987	69
813.195	69
813.403	69
813.611	69
813.819	69
814.027	69
814.235	69
814.443	69.1
814.651	69.1
814.859	69.1
815.067	69.1
815.275	69.1
815.484	69.1
815.692	69.2
815.9	69.2
816.108	69.2
816.316	69.2
816.524	69.2
816.732	69.2
816.94	69.2
817.148	69.2
817.356	69.2
817.564	69.2
817.772	69.2
817.98	69.3
818.188	69.3
818.397	69.3
818.605	69.3
818.813	69.3
819.021	69.3
819.229	69.3
819.437	69.3
819.645	69.3
819.853	69.3
820.061	69.4
820.269	69.4
820.477	69.4
820.685	69.4
820.893	69.4
821.102	69.4
821.31	69.4
821.518	69.4
821.726	69.4
821.934	69.4
822.142	69.4
822.35	69.5
822.558	69.5
822.766	69.5
822.974	69.5
823.182	69.5
823.39	69.5
823.599	69.5
823.807	69.5
824.015	69.5
824.223	69.5
824.431	69.5
824.639	69.6
824.847	69.6
825.055	69.6
825.263	69.6
825.472	69.6
825.68	69.6
825.888	69.6
826.096	69.6
826.304	69.7
826.512	69.7
826.72	69.7
826.928	69.7
827.137	69.7
827.345	69.7
827.553	69.7
827.761	69.7
827.969	69.7
828.177	69.7
828.385	69.7
828.594	69.8
828.802	69.8
829.01	69.8
829.218	69.8
829.426	69.8
829.634	69.8
829.843	69.8
830.051	69.8
830.259	69.8
830.467	69.8
830.675	69.8
830.883	69.8
831.092	69.8
831.3	69.8
831.508	69.8
831.716	69.9
831.924	69.9
832.133	69.9
832.341	69.9
832.549	69.9
832.757	69.9
832.966	69.9
833.174	69.9
833.382	69.9
833.59	69.9
833.799	69.9
834.007	69.9
834.215	69.9
834.423	69.9
834.632	69.9
834.84	69.9
835.048	69.9
835.256	69.9
835.465	69.9
835.673	69.9
835.881	69.9
836.09	69.9
836.298	70
836.506	70
836.715	70
836.923	70
837.131	70
837.34	70
837.548	70
837.756	70
837.965	70
838.173	70
838.381	70.1
838.59	70.1
838.798	70.1
839.006	70.1
839.215	70.1
839.423	70.1
839.632	70.1
839.84	70.1
840.048	70.1
840.257	70.1
840.465	70.1
840.674	70
840.882	70
841.091	70
841.299	70
841.508	70.1
841.716	70.1
841.924	70.1
842.133	70.1
842.341	70.1
842.55	70.1
842.758	70.1
842.967	70.2
843.175	70.2
843.384	70.2
843.593	70.2
843.801	70.2
844.01	70.2
844.218	70.2
844.427	70.2
844.635	70.2
844.844	70.2
845.052	70.2
845.261	70.2
845.47	70.3
845.678	70.3
845.887	70.3
846.095	70.3
846.304	70.3
846.513	70.3
846.721	70.3
846.93	70.3
847.139	70.3
847.347	70.4
847.556	70.4
847.765	70.4
847.973	70.5
848.182	70.5
848.391	70.5
848.6	70.5
848.808	70.5
849.017	70.5
849.226	70.5
849.435	70.5
849.643	70.6
849.852	70.6
850.061	70.6
850.27	70.6
850.478	70.6
850.687	70.6
850.896	70.6
851.105	70.7
851.314	70.7
851.523	70.7
851.731	70.7
851.94	70.7
852.149	70.7
852.358	70.8
852.567	70.8
852.776	70.8
852.985	70.8
853.194	70.8
853.403	70.8
853.612	70.8
853.821	70.8
854.03	70.8
854.239	70.9
854.447	70.9
854.656	70.9
854.865	70.9
855.075	70.9
855.284	70.9
855.493	71
855.702	71
855.911	71
856.12	71
856.329	71
856.538	71
856.747	71
856.956	71
857.165	71
857.374	71
857.584	71.1
857.793	71.1
858.002	71.1
858.211	71.1
858.42	71.1
858.629	71.2
858.839	71.2
859.048	71.1
859.257	71.1
859.466	71.1
859.676	71.1
859.885	71.1
860.094	71.1
860.304	71.1
860.513	71.1
860.722	71.1
860.932	71.1
861.141	71.1
861.35	71.1
861.56	71.1
861.769	71.1
861.978	71.1
862.188	71.1
862.397	71.1
862.607	71.1
862.816	71.1
863.026	71.2
863.235	71.2
863.445	71.2
863.654	71.2
863.864	71.2
864.073	71.2
864.283	71.2
864.492	71.2
864.702	71.2
864.911	71.2
865.121	71.2
865.33	71.2
865.54	71.2
865.75	71.2
865.959	71.2
866.169	71.2
866.379	71.2
866.588	71.2
866.798	71.2
867.008	71.2
867.218	71.2
867.427	71.2
867.637	71.2
867.847	71.2
868.057	71.2
868.266	71.2
868.476	71.2
868.686	71.2
868.896	71.2
869.106	71.3
869.316	71.3
869.525	71.3
869.735	71.3
869.945	71.3
870.155	71.3
870.365	71.3
870.575	71.3
870.785	71.3
870.995	71.3
871.205	71.4
871.415	71.4
871.625	71.3
871.835	71.3
872.045	71.4
872.255	71.4
872.465	71.4
872.675	71.4
872.886	71.4
873.096	71.4
873.306	71.4
873.516	71.4
873.726	71.4
873.936	71.4
874.147	71.4
874.357	71.4
874.567	71.5
874.777	71.5
874.988	71.5
875.198	71.5
875.408	71.5
875.619	71.5
875.829	71.6
876.039	71.6
876.25	71.6
876.46	71.6
876.67	71.6
876.881	71.6
877.091	71.6
877.302	71.6
877.512	71.6
877.723	71.6
877.933	71.6
878.144	71.6
878.354	71.6
878.565	71.6
878.775	71.5
878.986	71.5
879.197	71.5
879.407	71.5
879.618	71.5
879.829	71.4
880.039	71.4
880.25	71.4
880.461	71.4
880.671	71.4
880.882	71.4
881.093	71.4
881.304	71.4
881.515	71.4
881.725	71.4
881.936	71.3
882.147	71.3
882.358	71.3
882.569	71.3
882.78	71.3
882.991	71.3
883.202	71.3
883.413	71.4
883.624	71.4
883.835	71.4
884.046	71.4
884.257	71.4
884.468	71.4
884.679	71.5
884.89	71.5
885.101	71.6
885.312	71.6
885.523	71.6
885.735	71.6
885.946	71.6
886.157	71.6
886.368	71.6
886.579	71.7
886.791	71.7
887.002	71.7
887.213	71.7
887.425	71.7
887.636	71.8
887.847	71.8
888.059	71.9
888.27	71.9
888.481	71.9
888.693	71.9
888.904	71.9
889.116	71.9
889.327	71.9
889.539	72
889.75	72
889.962	72
890.174	72
890.385	72.1
890.597	72.1
890.808	72.1
891.02	72.1
891.232	72.1
891.444	72.2
891.655	72.2
891.867	72.2
892.079	72.1
892.291	72.1
892.502	72.1
892.714	72.1
892.926	72.1
893.138	72.1
893.35	72.1
893.562	72.1
893.774	72
893.986	72
894.198	72.1
894.41	72.1
894.622	72
894.834	72.1
895.046	72
895.258	72
895.47	72
895.682	72
895.894	72
896.106	72
896.319	72
896.531	72
896.743	72
896.955	72
897.168	72
897.38	72
897.592	72
897.805	72
898.017	72.1
898.229	72.1
898.442	72.1
898.654	72.1
898.867	72.1
899.079	72.1
899.292	72.1
899.504	72.1
899.717	72.1
899.929	72.1
900.142	72.2
900.355	72.2
900.567	72.2
900.78	72.2
900.993	72.2
901.205	72.3
901.418	72.3
901.631	72.3
901.844	72.3
902.056	72.3
902.269	72.2
902.482	72.2
902.695	72.2
902.908	72.2
903.121	72.2
903.334	72.2
903.547	72.2
903.76	72.2
903.973	72.2
904.186	72.2
904.399	72.2
904.612	72.2
904.825	72.3
905.038	72.3
905.251	72.3
905.465	72.3
905.678	72.3
905.891	72.3
906.104	72.3
906.318	72.3
906.531	72.3
906.744	72.3
906.958	72.2
907.171	72.2
907.384	72.2
907.598	72.2
907.811	72.2
908.025	72.2
908.238	72.2
908.452	72.2
908.665	72.2
908.879	72.1
909.093	72.2
909.306	72.1
909.52	72.1
909.734	72.1
909.947	72.1
910.161	72.1
910.375	72.1
910.589	72.1
910.803	72.1
911.016	72.1
911.23	72.1
911.444	72.1
911.658	72.1
911.872	72.1
912.086	72.1
912.3	72.1
912.514	72.1
912.728	72.1
912.942	72.1
913.156	72.1
913.37	72.1
913.585	72.1
913.799	72.1
914.013	72.1
914.227	72.1
914.442	72.1
914.656	72.1
914.87	72.1
915.084	72.1
915.299	72.1
915.513	72.1
915.728	72.1
915.942	72.1
916.157	72.1
916.371	72.1
916.586	72.1
916.8	72.1
917.015	72.1
917.229	72.1
917.444	72.1
917.659	72.1
917.874	72.1
918.088	72.1
918.303	72.1
918.518	72.1
918.733	72.1
918.947	72.1
919.162	72.1
919.377	72.1
919.592	72.1
919.807	72.1
920.022	72.1
920.237	72.1
920.452	72.2
920.667	72.2
920.882	72.2
921.097	72.2
921.313	72.2
921.528	72.2
921.743	72.2
921.958	72.2
922.174	72.2
922.389	72.2
922.604	72.2
922.82	72.2
923.035	72.2
923.25	72.2
923.466	72.2
923.681	72.1
923.897	72.1
924.112	72.1
924.328	72.1
924.544	72.1
924.759	72.1
924.975	72.1
925.19	72.2
925.406	72.2
925.622	72.2
925.838	72.2
926.054	72.2
926.269	72.3
926.485	72.3
926.701	72.3
926.917	72.3
927.133	72.4
927.349	72.4
927.565	72.4
927.781	72.4
927.997	72.4
928.213	72.4
928.429	72.4
928.646	72.5
928.862	72.5
929.078	72.5
929.294	72.6
929.511	72.6
929.727	72.6
929.943	72.7
930.16	72.7
930.376	72.7
930.592	72.8
930.809	72.8
931.025	72.8
931.242	72.9
931.459	72.9
931.675	72.9
931.892	73
932.108	73
932.325	73
932.542	73
932.759	73
932.975	73
933.192	73
933.409	73.1
933.626	73.1
933.843	73.1
934.06	73
934.277	73
934.494	73
934.711	73
934.928	72.9
935.145	72.8
935.362	72.7
935.58	72.6
935.797	72.5
936.014	72.4
936.231	72.3
936.449	72.3
936.666	72.2
936.883	72.2
937.101	72.1
937.318	72
937.536	71.9
937.753	71.9
937.971	71.8
938.188	71.7
938.406	71.6
938.624	71.5
938.841	71.4
939.059	71.3
939.277	71.2
939.494	71.1
939.712	71.1
939.93	71
