360.161	12.8
360.333	12.7
360.504	12.7
360.676	12.6
360.847	12.6
361.019	12.5
361.19	12.6
361.361	12.5
361.533	12.4
361.704	12.3
361.876	12.3
362.047	12.2
362.219	12.2
362.391	12.1
362.562	12.1
362.734	12.1
362.905	12
363.077	12
363.248	11.9
363.42	11.9
363.592	11.9
363.763	11.8
363.935	11.9
364.106	12
364.278	12
364.45	11.9
364.621	11.8
364.793	11.8
364.965	11.7
365.137	11.7
365.308	11.6
365.48	11.6
365.652	11.6
365.824	11.5
365.995	11.4
366.167	11.4
366.339	11.3
366.511	11.2
366.683	11.2
366.854	11.1
367.026	11.1
367.198	11
367.37	10.9
367.542	10.9
367.714	10.9
367.886	10.8
368.058	10.8
368.23	10.7
368.402	10.7
368.574	10.7
368.746	10.6
368.918	10.6
369.09	10.5
369.262	10.5
369.434	10.5
369.606	10.5
369.778	10.5
369.95	10.4
370.122	10.4
370.294	10.4
370.467	10.4
370.639	10.4
370.811	10.4
370.983	10.3
371.155	10.2
371.328	10.2
371.5	10.2
371.672	10.2
371.844	10.1
372.017	10.1
372.189	10.1
372.361	10.1
372.534	10.1
372.706	10
372.878	10.1
373.051	10.1
373.223	10
373.396	9.9
373.568	9.8
373.741	9.8
373.913	9.7
374.086	9.7
374.258	9.7
374.431	9.7
374.603	9.7
374.776	9.6
374.949	9.6
375.121	9.6
375.294	9.6
375.467	9.6
375.639	9.5
375.812	9.5
375.985	9.5
376.157	9.5
376.33	9.4
376.503	9.4
376.676	9.3
376.849	9.3
377.021	9.2
377.194	9.2
377.367	9.1
377.54	9.1
377.713	9
377.886	9
378.059	8.9
378.232	8.9
378.405	8.9
378.578	8.9
378.751	8.9
378.924	8.9
379.097	8.8
379.27	8.8
379.444	8.7
379.617	8.7
379.79	8.6
379.963	8.6
380.136	8.5
380.31	8.5
380.483	8.6
380.656	8.6
380.829	8.5
381.003	8.5
381.176	8.4
381.35	8.4
381.523	8.4
381.696	8.4
381.87	8.3
382.043	8.3
382.217	8.3
382.39	8.3
382.564	8.2
382.738	8.2
382.911	8.2
383.085	8.2
383.258	8.2
383.432	8.2
383.606	8.2
383.779	8.1
383.953	8.1
384.127	8.1
384.301	8.1
384.475	8.1
384.648	8.1
384.822	8.1
384.996	8
385.17	8
385.344	8
385.518	8
385.692	7.9
385.866	7.9
386.04	7.9
386.214	7.9
386.388	7.8
386.562	7.8
386.737	7.8
386.911	7.8
387.085	7.8
387.259	7.8
387.434	7.8
387.608	7.8
387.782	7.8
387.956	7.8
388.131	7.8
388.305	7.9
388.48	7.9
388.654	7.9
388.829	7.9
389.003	7.8
389.178	7.8
389.352	7.8
389.527	7.8
389.701	7.8
389.876	7.7
390.051	7.7
390.226	7.7
390.4	7.7
390.575	7.7
390.75	7.7
390.925	7.7
391.099	7.7
391.274	7.7
391.449	7.7
391.624	7.7
391.799	7.7
391.974	7.6
392.149	7.6
392.324	7.6
392.499	7.6
392.675	7.6
392.85	7.6
393.025	7.6
393.2	7.6
393.375	7.6
393.551	7.6
393.726	7.6
393.901	7.6
394.077	7.6
394.252	7.6
394.427	7.5
394.603	7.5
394.778	7.5
394.954	7.5
395.129	7.5
395.305	7.4
395.481	7.4
395.656	7.4
395.832	7.4
396.008	7.4
396.184	7.4
396.359	7.4
396.535	7.4
396.711	7.3
396.887	7.3
397.063	7.3
397.239	7.3
397.415	7.3
397.591	7.3
397.767	7.3
397.943	7.3
398.119	7.2
398.295	7.2
398.471	7.2
398.648	7.2
398.824	7.2
399	7.2
399.176	7.2
399.353	7.2
399.529	7.2
399.706	7.2
399.882	7.2
400.058	7.2
400.235	7.2
400.412	7.2
400.588	7.2
400.765	7.2
400.942	7.2
401.118	7.1
401.295	7.1
401.472	7.1
401.649	7.1
401.825	7.1
402.002	7.1
402.179	7.1
402.356	7.1
402.533	7.1
402.71	7
402.887	7
403.064	7
403.242	7
403.419	7
403.596	7
403.773	7
403.95	7
404.128	7
404.305	7
404.483	7
404.66	7
404.837	7
405.015	7
405.193	7
405.37	7
405.548	7
405.725	7
405.903	7
406.081	7
406.259	7
406.437	7
406.614	7
406.792	6.9
406.97	6.9
407.148	6.9
407.326	6.9
407.504	6.9
407.682	6.9
407.86	6.9
408.039	6.9
408.217	6.9
408.395	6.9
408.573	6.9
408.751	6.9
408.93	6.9
409.108	6.9
409.287	6.9
409.465	6.9
409.643	6.9
409.822	6.9
410	6.9
410.179	6.9
410.358	6.9
410.536	6.9
410.715	6.9
410.894	6.9
411.072	6.9
411.251	6.9
411.43	6.9
411.609	6.9
411.788	6.9
411.967	6.9
412.146	6.9
412.325	6.9
412.504	6.9
412.683	6.9
412.862	6.9
413.041	6.9
413.22	6.9
413.399	6.9
413.578	6.9
413.758	6.9
413.937	6.9
414.116	6.9
414.296	6.9
414.475	6.9
414.654	6.9
414.834	6.9
415.013	6.9
415.193	6.9
415.372	6.9
415.552	6.9
415.732	6.8
415.911	6.8
416.091	6.9
416.271	6.8
416.45	6.9
416.63	6.9
416.81	6.8
416.99	6.8
417.169	6.8
417.349	6.9
417.529	6.9
417.709	6.8
417.889	6.8
418.069	6.8
418.249	6.8
418.429	6.8
418.609	6.8
418.789	6.8
418.97	6.8
419.15	6.8
419.33	6.8
419.51	6.8
419.691	6.8
419.871	6.8
420.051	6.8
420.232	6.8
420.412	6.8
420.592	6.8
420.773	6.8
420.953	6.8
421.134	6.8
421.314	6.8
421.495	6.8
421.675	6.8
421.856	6.8
422.037	6.8
422.217	6.8
422.398	6.7
422.579	6.7
422.76	6.7
422.94	6.8
423.121	6.8
423.302	6.8
423.483	6.8
423.664	6.8
423.845	6.8
424.026	6.8
424.207	6.8
424.388	6.7
424.569	6.7
424.75	6.7
424.931	6.7
425.112	6.7
425.293	6.7
425.474	6.7
425.655	6.7
425.837	6.7
426.018	6.7
426.199	6.8
426.38	6.7
426.562	6.7
426.743	6.7
426.924	6.7
427.106	6.7
427.287	6.7
427.469	6.7
427.65	6.7
427.832	6.7
428.013	6.7
428.195	6.7
428.376	6.7
428.558	6.7
428.739	6.7
428.921	6.7
429.103	6.7
429.284	6.7
429.466	6.7
429.648	6.7
429.83	6.7
430.011	6.7
430.193	6.7
430.375	6.7
430.557	6.7
430.739	6.7
430.921	6.7
431.102	6.7
431.284	6.7
431.466	6.7
431.648	6.7
431.83	6.7
432.012	6.7
432.194	6.7
432.377	6.7
432.559	6.7
432.741	6.7
432.923	6.7
433.105	6.7
433.287	6.7
433.469	6.7
433.652	6.7
433.834	6.7
434.016	6.7
434.198	6.7
434.381	6.7
434.563	6.7
434.745	6.6
434.928	6.6
435.11	6.6
435.293	6.6
435.475	6.6
435.658	6.6
435.84	6.6
436.022	6.6
436.205	6.6
436.388	6.6
436.57	6.6
436.753	6.6
436.935	6.6
437.118	6.6
437.301	6.6
437.483	6.6
437.666	6.6
437.849	6.6
438.031	6.6
438.214	6.6
438.397	6.6
438.58	6.6
438.762	6.6
438.945	6.6
439.128	6.6
439.311	6.6
439.494	6.6
439.677	6.6
439.859	6.6
440.042	6.6
440.225	6.6
440.408	6.6
440.591	6.6
440.774	6.6
440.957	6.6
441.14	6.6
441.323	6.6
441.507	6.6
441.69	6.6
441.873	6.6
442.056	6.6
442.239	6.6
442.422	6.6
442.605	6.6
442.789	6.6
442.972	6.6
443.155	6.6
443.338	6.6
443.522	6.6
443.705	6.6
443.888	6.6
444.072	6.6
444.255	6.6
444.438	6.6
444.622	6.6
444.805	6.6
444.989	6.6
445.172	6.6
445.356	6.6
445.539	6.6
445.723	6.6
445.906	6.6
446.09	6.6
446.273	6.6
446.457	6.6
446.64	6.6
446.824	6.6
447.008	6.6
447.191	6.6
447.375	6.6
447.559	6.5
447.742	6.6
447.926	6.5
448.11	6.5
448.293	6.5
448.477	6.5
448.661	6.5
448.845	6.5
449.029	6.5
449.212	6.5
449.396	6.5
449.58	6.5
449.764	6.5
449.948	6.5
450.132	6.5
450.316	6.5
450.5	6.5
450.684	6.5
450.868	6.5
451.052	6.5
451.236	6.5
451.42	6.5
451.604	6.5
451.788	6.5
451.972	6.5
452.156	6.5
452.34	6.5
452.525	6.5
452.709	6.5
452.893	6.5
453.077	6.5
453.261	6.5
453.446	6.5
453.63	6.5
453.814	6.5
453.998	6.5
454.183	6.5
454.367	6.5
454.551	6.5
454.736	6.5
454.92	6.5
455.104	6.5
455.289	6.5
455.473	6.5
455.658	6.5
455.842	6.5
456.026	6.5
456.211	6.5
456.395	6.5
456.58	6.5
456.764	6.5
456.949	6.5
457.134	6.5
457.318	6.5
457.503	6.5
457.687	6.5
457.872	6.5
458.057	6.5
458.241	6.5
458.426	6.5
458.611	6.5
458.795	6.5
458.98	6.5
459.165	6.5
459.349	6.5
459.534	6.5
459.719	6.5
459.904	6.5
460.088	6.5
460.273	6.5
460.458	6.5
460.643	6.5
460.828	6.5
461.013	6.5
461.198	6.5
461.382	6.5
461.567	6.5
461.752	6.5
461.937	6.5
462.122	6.5
462.307	6.5
462.492	6.5
462.677	6.5
462.862	6.5
463.047	6.5
463.232	6.5
463.417	6.5
463.602	6.5
463.788	6.5
463.973	6.5
464.158	6.5
464.343	6.5
464.528	6.5
464.713	6.4
464.898	6.5
465.084	6.4
465.269	6.4
465.454	6.4
465.639	6.4
465.824	6.4
466.01	6.4
466.195	6.4
466.38	6.4
466.566	6.4
466.751	6.4
466.936	6.4
467.122	6.4
467.307	6.4
467.492	6.4
467.678	6.4
467.863	6.4
468.048	6.4
468.234	6.4
468.419	6.4
468.605	6.4
468.79	6.4
468.976	6.4
469.161	6.4
469.347	6.4
469.532	6.4
469.718	6.4
469.903	6.4
470.089	6.4
470.274	6.4
470.46	6.4
470.646	6.4
470.831	6.4
471.017	6.4
471.202	6.4
471.388	6.4
471.574	6.4
471.759	6.4
471.945	6.4
472.131	6.4
472.317	6.4
472.502	6.4
472.688	6.4
472.874	6.4
473.059	6.4
473.245	6.4
473.431	6.4
473.617	6.4
473.803	6.4
473.988	6.4
474.174	6.4
474.36	6.4
474.546	6.4
474.732	6.4
474.918	6.4
475.104	6.4
475.29	6.4
475.475	6.4
475.661	6.4
475.847	6.4
476.033	6.4
476.219	6.4
476.405	6.4
476.591	6.4
476.777	6.4
476.963	6.4
477.149	6.4
477.335	6.4
477.521	6.4
477.707	6.4
477.893	6.4
478.08	6.4
478.266	6.4
478.452	6.4
478.638	6.4
478.824	6.4
479.01	6.4
479.196	6.4
479.382	6.4
479.569	6.4
479.755	6.4
479.941	6.4
480.127	6.4
480.313	6.4
480.5	6.4
480.686	6.4
480.872	6.4
481.058	6.5
481.245	6.5
481.431	6.5
481.617	6.5
481.803	6.5
481.99	6.5
482.176	6.5
482.362	6.5
482.549	6.5
482.735	6.5
482.921	6.5
483.108	6.5
483.294	6.5
483.481	6.5
483.667	6.5
483.853	6.5
484.04	6.5
484.226	6.5
484.413	6.5
484.599	6.5
484.786	6.5
484.972	6.5
485.159	6.5
485.345	6.5
485.532	6.5
485.718	6.5
485.905	6.5
486.091	6.5
486.278	6.5
486.464	6.5
486.651	6.5
486.837	6.5
487.024	6.5
487.211	6.5
487.397	6.5
487.584	6.5
487.77	6.5
487.957	6.5
488.144	6.5
488.33	6.5
488.517	6.5
488.704	6.5
488.89	6.5
489.077	6.5
489.264	6.5
489.45	6.5
489.637	6.5
489.824	6.5
490.01	6.5
490.197	6.5
490.384	6.5
490.571	6.5
490.757	6.5
490.944	6.5
491.131	6.5
491.318	6.5
491.505	6.5
491.691	6.5
491.878	6.5
492.065	6.5
492.252	6.5
492.439	6.5
492.626	6.5
492.812	6.5
492.999	6.5
493.186	6.5
493.373	6.5
493.56	6.5
493.747	6.5
493.934	6.5
494.121	6.5
494.308	6.4
494.494	6.5
494.681	6.5
494.868	6.4
495.055	6.4
495.242	6.5
495.429	6.4
495.616	6.5
495.803	6.4
495.99	6.4
496.177	6.5
496.364	6.5
496.551	6.5
496.738	6.5
496.925	6.4
497.112	6.4
497.299	6.4
497.486	6.4
497.673	6.4
497.861	6.5
498.048	6.5
498.235	6.5
498.422	6.4
498.609	6.4
498.796	6.4
498.983	6.4
499.17	6.4
499.357	6.4
499.544	6.4
499.732	6.4
499.919	6.4
500.106	6.4
500.293	6.4
500.48	6.4
500.667	6.4
500.855	6.4
501.042	6.4
501.229	6.4
501.416	6.4
501.603	6.4
501.791	6.4
501.978	6.4
502.165	6.4
502.352	6.4
502.54	6.4
502.727	6.4
502.914	6.4
503.101	6.4
503.289	6.4
503.476	6.4
503.663	6.4
503.85	6.4
504.038	6.4
504.225	6.4
504.412	6.4
504.6	6.4
504.787	6.4
504.974	6.4
505.161	6.4
505.349	6.4
505.536	6.4
505.723	6.4
505.911	6.4
506.098	6.4
506.286	6.4
506.473	6.4
506.66	6.4
506.848	6.4
507.035	6.4
507.222	6.4
507.41	6.4
507.597	6.4
507.785	6.4
507.972	6.4
508.159	6.4
508.347	6.4
508.534	6.4
508.722	6.4
508.909	6.4
509.097	6.4
509.284	6.4
509.471	6.4
509.659	6.4
509.846	6.4
510.034	6.4
510.221	6.4
510.409	6.4
510.596	6.4
510.784	6.4
510.971	6.4
511.159	6.4
511.346	6.4
511.534	6.4
511.721	6.4
511.909	6.4
512.096	6.4
512.284	6.4
512.471	6.4
512.659	6.4
512.846	6.4
513.034	6.3
513.221	6.3
513.409	6.3
513.596	6.3
513.784	6.3
513.972	6.3
514.159	6.3
514.347	6.3
514.534	6.3
514.722	6.3
514.909	6.3
515.097	6.3
515.285	6.3
515.472	6.3
515.66	6.3
515.847	6.3
516.035	6.3
516.222	6.3
516.41	6.3
516.598	6.3
516.785	6.3
516.973	6.3
517.161	6.3
517.348	6.4
517.536	6.3
517.723	6.3
517.911	6.3
518.099	6.3
518.286	6.4
518.474	6.4
518.662	6.3
518.849	6.3
519.037	6.3
519.225	6.3
519.412	6.3
519.6	6.3
519.787	6.3
519.975	6.3
520.163	6.3
520.35	6.3
520.538	6.3
520.726	6.3
520.914	6.3
521.101	6.3
521.289	6.3
521.477	6.3
521.664	6.3
521.852	6.3
522.04	6.3
522.227	6.3
522.415	6.3
522.603	6.3
522.79	6.3
522.978	6.3
523.166	6.3
523.354	6.3
523.541	6.3
523.729	6.3
523.917	6.4
524.104	6.4
524.292	6.4
524.48	6.4
524.668	6.3
524.855	6.3
525.043	6.3
525.231	6.3
525.418	6.4
525.606	6.4
525.794	6.4
525.982	6.4
526.169	6.4
526.357	6.4
526.545	6.4
526.733	6.4
526.92	6.4
527.108	6.4
527.296	6.4
527.484	6.4
527.671	6.4
527.859	6.4
528.047	6.4
528.235	6.4
528.422	6.4
528.61	6.4
528.798	6.4
528.986	6.4
529.173	6.4
529.361	6.4
529.549	6.4
529.737	6.4
529.924	6.4
530.112	6.4
530.3	6.4
530.488	6.4
530.675	6.4
530.863	6.4
531.051	6.4
531.239	6.4
531.426	6.4
531.614	6.4
531.802	6.4
531.99	6.4
532.177	6.5
532.365	6.5
532.553	6.5
532.741	6.5
532.928	6.5
533.116	6.5
533.304	6.5
533.492	6.5
533.679	6.5
533.867	6.5
534.055	6.5
534.243	6.5
534.431	6.5
534.618	6.5
534.806	6.5
534.994	6.5
535.182	6.6
535.369	6.6
535.557	6.6
535.745	6.6
535.933	6.6
536.12	6.6
536.308	6.6
536.496	6.6
536.684	6.6
536.871	6.6
537.059	6.6
537.247	6.6
537.435	6.6
537.622	6.6
537.81	6.6
537.998	6.7
538.186	6.7
538.373	6.7
538.561	6.7
538.749	6.7
538.937	6.7
539.124	6.7
539.312	6.7
539.5	6.7
539.688	6.7
539.875	6.7
540.063	6.7
540.251	6.7
540.439	6.7
540.626	6.7
540.814	6.7
541.002	6.7
541.19	6.7
541.377	6.7
541.565	6.7
541.753	6.7
541.941	6.7
542.128	6.7
542.316	6.7
542.504	6.7
542.691	6.7
542.879	6.7
543.067	6.7
543.255	6.7
543.442	6.8
543.63	6.8
543.818	6.8
544.005	6.8
544.193	6.8
544.381	6.8
544.568	6.8
544.756	6.8
544.944	6.8
545.132	6.8
545.319	6.8
545.507	6.8
545.695	6.8
545.882	6.8
546.07	6.8
546.258	6.8
546.445	6.8
546.633	6.8
546.821	6.8
547.008	6.8
547.196	6.8
547.384	6.8
547.571	6.8
547.759	6.8
547.947	6.8
548.134	6.8
548.322	6.8
548.51	6.8
548.697	6.8
548.885	6.8
549.073	6.8
549.26	6.8
549.448	6.8
549.636	6.8
549.823	6.8
550.011	6.8
550.199	6.8
550.386	6.8
550.574	6.8
550.762	6.8
550.949	6.8
551.137	6.8
551.325	6.8
551.512	6.8
551.7	6.9
551.888	6.9
552.075	6.9
552.263	6.9
552.451	6.9
552.639	6.9
552.826	6.9
553.014	6.9
553.202	6.9
553.389	6.9
553.577	6.9
553.765	6.9
553.953	6.9
554.14	6.9
554.328	6.9
554.516	6.9
554.704	6.9
554.891	6.9
555.079	6.9
555.267	6.9
555.455	6.9
555.643	6.9
555.83	6.9
556.018	6.9
556.206	6.9
556.394	6.9
556.582	6.9
556.77	6.9
556.957	6.9
557.145	6.9
557.333	6.9
557.521	6.9
557.709	6.9
557.897	6.9
558.085	6.9
558.273	6.9
558.461	7
558.649	7
558.837	7
559.025	7
559.213	7
559.4	7
559.588	7
559.777	7
559.965	7
560.153	7
560.341	7
560.529	7
560.717	7
560.905	7
561.093	7
561.281	7
561.469	7
561.657	7
561.845	7
562.034	7
562.222	7
562.41	7
562.598	7
562.786	7
562.975	7.1
563.163	7.1
563.351	7.1
563.539	7.1
563.728	7.1
563.916	7.1
564.104	7.1
564.293	7.1
564.481	7.1
564.67	7.1
564.858	7.1
565.046	7.1
565.235	7.1
565.423	7.1
565.612	7.1
565.8	7.2
565.989	7.2
566.177	7.2
566.366	7.2
566.554	7.2
566.743	7.2
566.932	7.2
567.12	7.2
567.309	7.2
567.497	7.2
567.686	7.2
567.875	7.2
568.064	7.2
568.252	7.3
568.441	7.3
568.63	7.3
568.819	7.3
569.007	7.3
569.196	7.3
569.385	7.3
569.574	7.3
569.763	7.3
569.952	7.4
570.141	7.4
570.33	7.4
570.519	7.4
570.708	7.4
570.897	7.4
571.086	7.4
571.275	7.5
571.464	7.5
571.653	7.5
571.843	7.5
572.032	7.5
572.221	7.5
572.41	7.6
572.599	7.6
572.789	7.6
572.978	7.6
573.167	7.6
573.357	7.7
573.546	7.7
573.736	7.7
573.925	7.7
574.115	7.8
574.304	7.8
574.494	7.8
574.683	7.8
574.873	7.9
575.062	7.9
575.252	7.9
575.442	7.9
575.631	8
575.821	8
576.011	8
576.201	8.1
576.39	8.1
576.58	8.1
576.77	8.2
576.96	8.2
577.15	8.2
577.34	8.3
577.53	8.3
577.72	8.4
577.91	8.4
578.1	8.4
578.29	8.5
578.48	8.5
578.67	8.6
578.861	8.6
579.051	8.7
579.241	8.7
579.431	8.8
579.622	8.8
579.812	8.9
580.002	9
580.193	9
580.383	9.1
580.574	9.1
580.764	9.2
580.955	9.3
581.145	9.3
581.336	9.4
581.526	9.5
581.717	9.6
581.908	9.6
582.098	9.7
582.289	9.8
582.48	9.9
582.671	9.9
582.862	10
583.052	10.1
583.243	10.2
583.434	10.3
583.625	10.4
583.816	10.5
584.007	10.6
584.198	10.7
584.389	10.8
584.58	10.9
584.771	11
584.962	11.1
585.154	11.2
585.345	11.3
585.536	11.5
585.727	11.6
585.918	11.7
586.11	11.8
586.301	12
586.492	12.1
586.684	12.2
586.875	12.3
587.067	12.5
587.258	12.6
587.45	12.8
587.641	12.9
587.833	13
588.024	13.2
588.216	13.3
588.408	13.5
588.599	13.6
588.791	13.8
588.983	13.9
589.174	14.1
589.366	14.3
589.558	14.4
589.75	14.6
589.942	14.8
590.134	14.9
590.326	15.1
590.518	15.3
590.71	15.5
590.902	15.6
591.094	15.8
591.286	16
591.478	16.2
591.67	16.4
591.862	16.6
592.054	16.8
592.246	16.9
592.439	17.1
592.631	17.3
592.823	17.5
593.016	17.7
593.208	17.9
593.4	18.1
593.593	18.4
593.785	18.6
593.978	18.8
594.17	19
594.363	19.2
594.555	19.4
594.748	19.6
594.94	19.8
595.133	20.1
595.326	20.3
595.518	20.5
595.711	20.7
595.904	21
596.096	21.2
596.289	21.4
596.482	21.7
596.675	21.9
596.868	22.1
597.061	22.4
597.254	22.6
597.447	22.8
597.64	23.1
597.833	23.3
598.026	23.5
598.219	23.8
598.412	24
598.605	24.3
598.798	24.5
598.991	24.8
599.184	25
599.378	25.3
599.571	25.5
599.764	25.8
599.957	26.1
600.151	26.3
600.344	26.6
600.538	26.8
600.731	27.1
600.924	27.3
601.118	27.6
601.311	27.9
601.505	28.1
601.698	28.4
601.892	28.7
602.086	28.9
602.279	29.2
602.473	29.5
602.667	29.7
602.86	30
603.054	30.3
603.248	30.5
603.442	30.8
603.635	31.1
603.829	31.4
604.023	31.6
604.217	31.9
604.411	32.2
604.605	32.5
604.799	32.7
604.993	33
605.187	33.3
605.381	33.6
605.575	33.8
605.769	34.1
605.963	34.4
606.157	34.7
606.352	35
606.546	35.3
606.74	35.5
606.934	35.8
607.129	36.1
607.323	36.4
607.517	36.7
607.712	37
607.906	37.2
608.1	37.5
608.295	37.8
608.489	38.1
608.684	38.4
608.878	38.6
609.073	38.9
609.267	39.2
609.462	39.5
609.657	39.7
609.851	40
610.046	40.3
610.241	40.6
610.435	40.8
610.63	41.1
610.825	41.4
611.02	41.7
611.215	41.9
611.41	42.2
611.604	42.5
611.799	42.8
611.994	43
612.189	43.3
612.384	43.6
612.579	43.8
612.774	44.1
612.969	44.4
613.164	44.6
613.359	44.9
613.555	45.2
613.75	45.4
613.945	45.7
614.14	46
614.335	46.2
614.531	46.5
614.726	46.7
614.921	47
615.117	47.2
615.312	47.5
615.507	47.7
615.703	48
615.898	48.2
616.094	48.5
616.289	48.7
616.485	49
616.68	49.2
616.876	49.5
617.071	49.7
617.267	50
617.463	50.2
617.658	50.5
617.854	50.7
618.05	51
618.245	51.2
618.441	51.4
618.637	51.7
618.833	51.9
619.029	52.1
619.225	52.4
619.42	52.6
619.616	52.8
619.812	53
620.008	53.3
620.204	53.5
620.4	53.7
620.596	53.9
620.792	54.2
620.988	54.4
621.184	54.6
621.381	54.8
621.577	55
621.773	55.2
621.969	55.5
622.165	55.7
622.362	55.9
622.558	56.1
622.754	56.3
622.951	56.5
623.147	56.7
623.343	56.9
623.54	57.1
623.736	57.3
623.933	57.5
624.129	57.7
624.326	57.9
624.522	58.1
624.719	58.3
624.915	58.5
625.112	58.7
625.308	58.9
625.505	59.1
625.702	59.3
625.898	59.5
626.095	59.7
626.292	59.9
626.489	60.1
626.685	60.3
626.882	60.5
627.079	60.6
627.276	60.8
627.473	61
627.67	61.2
627.866	61.3
628.063	61.5
628.26	61.7
628.457	61.9
628.654	62
628.851	62.2
629.048	62.4
629.246	62.5
629.443	62.7
629.64	62.9
629.837	63.1
630.034	63.2
630.231	63.4
630.429	63.6
630.626	63.7
630.823	63.9
631.02	64
631.218	64.2
631.415	64.3
631.612	64.5
631.81	64.6
632.007	64.8
632.205	64.9
632.402	65.1
632.6	65.2
632.797	65.4
632.995	65.5
633.192	65.6
633.39	65.8
633.587	65.9
633.785	66
633.983	66.2
634.18	66.3
634.378	66.4
634.576	66.6
634.773	66.7
634.971	66.8
635.169	66.9
635.367	67.1
635.565	67.2
635.762	67.3
635.96	67.5
636.158	67.6
636.356	67.7
636.554	67.8
636.752	67.9
636.95	68
637.148	68.2
637.346	68.3
637.544	68.4
637.742	68.5
637.94	68.6
638.138	68.7
638.337	68.8
638.535	68.9
638.733	69
638.931	69.1
639.129	69.2
639.328	69.3
639.526	69.4
639.724	69.5
639.922	69.6
640.121	69.7
640.319	69.8
640.518	69.9
640.716	70
640.914	70.1
641.113	70.2
641.311	70.3
641.51	70.4
641.708	70.5
641.907	70.5
642.105	70.6
642.304	70.7
642.503	70.8
642.701	70.9
642.9	71
643.098	71.1
643.297	71.2
643.496	71.2
643.695	71.3
643.893	71.4
644.092	71.5
644.291	71.6
644.49	71.6
644.689	71.7
644.887	71.8
645.086	71.9
645.285	71.9
645.484	72
645.683	72.1
645.882	72.2
646.081	72.2
646.28	72.3
646.479	72.4
646.678	72.4
646.877	72.5
647.076	72.6
647.276	72.7
647.475	72.7
647.674	72.8
647.873	72.9
648.072	72.9
648.271	73
648.471	73
648.67	73.1
648.869	73.1
649.069	73.2
649.268	73.2
649.467	73.3
649.667	73.4
649.866	73.4
650.065	73.5
650.265	73.5
650.464	73.6
650.664	73.6
650.863	73.7
651.063	73.7
651.262	73.8
651.462	73.8
651.662	73.9
651.861	73.9
652.061	73.9
652.26	74
652.46	74
652.66	74.1
652.859	74.1
653.059	74.1
653.259	74.2
653.459	74.2
653.658	74.3
653.858	74.3
654.058	74.4
654.258	74.4
654.458	74.4
654.658	74.5
654.858	74.5
655.058	74.6
655.258	74.6
655.457	74.6
655.657	74.7
655.857	74.7
656.058	74.8
656.258	74.8
656.458	74.8
656.658	74.9
656.858	74.9
657.058	75
657.258	75
657.458	75
657.659	75.1
657.859	75.1
658.059	75.1
658.259	75.2
658.459	75.2
658.66	75.2
658.86	75.2
659.06	75.3
659.261	75.3
659.461	75.3
659.662	75.3
659.862	75.4
660.062	75.4
660.263	75.4
660.463	75.5
660.664	75.5
660.864	75.6
661.065	75.6
661.265	75.6
661.466	75.6
661.667	75.7
661.867	75.7
662.068	75.7
662.268	75.8
662.469	75.8
662.67	75.8
662.87	75.8
663.071	75.9
663.272	75.9
663.473	75.9
663.674	75.9
663.874	75.9
664.075	76
664.276	76
664.477	76
664.678	76
664.879	76
665.08	76
665.28	76.1
665.481	76.1
665.682	76.1
665.883	76.1
666.084	76.1
666.285	76.1
666.486	76.2
666.688	76.2
666.889	76.2
667.09	76.2
667.291	76.2
667.492	76.3
667.693	76.3
667.894	76.3
668.096	76.3
668.297	76.3
668.498	76.4
668.699	76.4
668.901	76.4
669.102	76.4
669.303	76.4
669.505	76.4
669.706	76.5
669.907	76.5
670.109	76.5
670.31	76.5
670.511	76.5
670.713	76.5
670.914	76.6
671.116	76.6
671.317	76.6
671.519	76.6
671.72	76.6
671.922	76.6
672.124	76.6
672.325	76.6
672.527	76.7
672.728	76.7
672.93	76.7
673.132	76.7
673.333	76.7
673.535	76.7
673.737	76.8
673.939	76.8
674.14	76.8
674.342	76.8
674.544	76.8
674.746	76.8
674.948	76.9
675.149	76.9
675.351	76.9
675.553	76.9
675.755	76.9
675.957	76.9
676.159	76.9
676.361	76.9
676.563	77
676.765	77
676.967	77
677.169	77
677.371	77
677.573	77
677.775	77
677.977	77.1
678.179	77.1
678.381	77.1
678.583	77.1
678.786	77.1
678.988	77.1
679.19	77.1
679.392	77.2
679.594	77.2
679.797	77.2
679.999	77.2
680.201	77.2
680.404	77.2
680.606	77.3
680.808	77.3
681.011	77.3
681.213	77.3
681.415	77.3
681.618	77.3
681.82	77.3
682.023	77.4
682.225	77.4
682.428	77.4
682.63	77.4
682.833	77.4
683.035	77.4
683.238	77.4
683.44	77.4
683.643	77.5
683.845	77.5
684.048	77.5
684.251	77.5
684.453	77.5
684.656	77.5
684.859	77.5
685.061	77.6
685.264	77.6
685.467	77.6
685.67	77.6
685.872	77.6
686.075	77.6
686.278	77.6
686.481	77.6
686.684	77.6
686.886	77.6
687.089	77.6
687.292	77.7
687.495	77.7
687.698	77.7
687.901	77.7
688.104	77.7
688.307	77.7
688.51	77.7
688.713	77.7
688.916	77.7
689.119	77.8
689.322	77.8
689.525	77.8
689.728	77.8
689.931	77.8
690.134	77.8
690.337	77.8
690.54	77.8
690.744	77.9
690.947	77.9
691.15	77.9
691.353	77.9
691.556	77.9
691.76	77.9
691.963	77.9
692.166	77.9
692.37	78
692.573	78
692.776	78
692.979	78
693.183	78
693.386	78
693.59	78
693.793	78.1
693.996	78.1
694.2	78.1
694.403	78.1
694.607	78.1
694.81	78.1
695.014	78.2
695.217	78.2
695.421	78.2
695.624	78.2
695.828	78.2
696.031	78.2
696.235	78.3
696.439	78.3
696.642	78.3
696.846	78.3
697.049	78.3
697.253	78.4
697.457	78.4
697.661	78.4
697.864	78.4
698.068	78.4
698.272	78.4
698.475	78.5
698.679	78.5
698.883	78.5
699.087	78.5
699.291	78.5
699.494	78.5
699.698	78.5
699.902	78.5
700.106	78.5
700.31	78.6
700.514	78.6
700.718	78.6
700.922	78.6
701.126	78.6
701.33	78.6
701.534	78.6
701.738	78.6
701.942	78.6
702.146	78.6
702.35	78.6
702.554	78.6
702.758	78.7
702.962	78.7
703.166	78.7
703.37	78.7
703.574	78.7
703.778	78.7
703.983	78.7
704.187	78.7
704.391	78.7
704.595	78.7
704.799	78.7
705.004	78.7
705.208	78.7
705.412	78.7
705.616	78.7
705.821	78.7
706.025	78.7
706.229	78.7
706.434	78.7
706.638	78.7
706.842	78.7
707.047	78.7
707.251	78.7
707.455	78.7
707.66	78.7
707.864	78.7
708.069	78.7
708.273	78.8
708.478	78.8
708.682	78.8
708.887	78.8
709.091	78.8
709.296	78.8
709.5	78.8
709.705	78.8
709.909	78.8
710.114	78.9
710.319	78.9
710.523	78.9
710.728	78.9
710.932	78.9
711.137	78.9
711.342	78.9
711.546	78.9
711.751	78.9
711.956	78.9
712.161	78.9
712.365	78.9
712.57	78.9
712.775	78.9
712.98	79
713.184	79
713.389	79
713.594	79
713.799	79
714.004	79
714.209	79
714.413	79
714.618	79.1
714.823	79.1
715.028	79.1
715.233	79.1
715.438	79.1
715.643	79.1
715.848	79.1
716.053	79.1
716.258	79.1
716.463	79.2
716.668	79.2
716.873	79.2
717.078	79.2
717.283	79.2
717.488	79.2
717.693	79.2
717.898	79.2
718.103	79.2
718.308	79.2
718.514	79.2
718.719	79.2
718.924	79.2
719.129	79.2
719.334	79.2
719.539	79.2
719.745	79.2
719.95	79.2
720.155	79.2
720.36	79.2
720.566	79.3
720.771	79.3
720.976	79.3
721.182	79.3
721.387	79.3
721.592	79.3
721.798	79.3
722.003	79.3
722.208	79.3
722.414	79.3
722.619	79.3
722.824	79.3
723.03	79.3
723.235	79.3
723.441	79.3
723.646	79.3
723.852	79.3
724.057	79.3
724.263	79.3
724.468	79.3
724.674	79.3
724.879	79.3
725.085	79.3
725.29	79.3
725.496	79.3
725.701	79.3
725.907	79.3
726.112	79.3
726.318	79.3
726.524	79.3
726.729	79.3
726.935	79.4
727.141	79.4
727.346	79.4
727.552	79.4
727.758	79.4
727.963	79.5
728.169	79.5
728.375	79.5
728.581	79.5
728.786	79.5
728.992	79.5
729.198	79.5
729.404	79.5
729.609	79.5
729.815	79.5
730.021	79.5
730.227	79.5
730.433	79.5
730.639	79.6
730.844	79.6
731.05	79.6
731.256	79.6
731.462	79.6
731.668	79.6
731.874	79.7
732.08	79.7
732.286	79.7
732.492	79.7
732.698	79.7
732.904	79.7
733.11	79.8
733.316	79.8
733.522	79.8
733.728	79.8
733.934	79.8
734.14	79.8
734.346	79.8
734.552	79.8
734.758	79.8
734.964	79.8
735.17	79.9
735.376	79.9
735.583	79.9
735.789	79.9
735.995	79.9
736.201	79.9
736.407	79.9
736.613	79.9
736.819	79.9
737.026	79.9
737.232	79.9
737.438	79.9
737.644	79.9
737.851	79.9
738.057	80
738.263	80
738.469	80
738.676	80
738.882	80
739.088	80
739.295	80
739.501	80
739.707	80
739.914	80
740.12	80
740.326	80
740.533	80
740.739	80
740.946	80
741.152	80
741.358	80
741.565	80
741.771	80
741.978	80.1
742.184	80.1
742.391	80.1
742.597	80.1
742.804	80.1
743.01	80.1
743.217	80.1
743.423	80.1
743.63	80.1
743.836	80.1
744.043	80.1
744.249	80.1
744.456	80.1
744.663	80.1
744.869	80.1
745.076	80.1
745.282	80.2
745.489	80.1
745.696	80.1
745.902	80.1
746.109	80.2
746.316	80.2
746.522	80.2
746.729	80.2
746.936	80.2
747.142	80.2
747.349	80.2
747.556	80.2
747.762	80.2
747.969	80.2
748.176	80.2
748.383	80.2
748.589	80.2
748.796	80.2
749.003	80.2
749.21	80.2
749.417	80.2
749.623	80.2
749.83	80.2
750.037	80.3
750.244	80.3
750.451	80.3
750.658	80.3
750.865	80.3
751.071	80.3
751.278	80.3
751.485	80.3
751.692	80.3
751.899	80.3
752.106	80.3
752.313	80.3
752.52	80.3
752.727	80.3
752.934	80.3
753.141	80.3
753.348	80.3
753.555	80.4
753.762	80.4
753.969	80.4
754.176	80.4
754.383	80.4
754.59	80.4
754.797	80.4
755.004	80.5
755.211	80.5
755.418	80.5
755.625	80.5
755.832	80.5
756.039	80.5
756.246	80.5
756.453	80.6
756.66	80.6
756.868	80.6
757.075	80.6
757.282	80.6
757.489	80.6
757.696	80.6
757.903	80.7
758.111	80.7
758.318	80.7
758.525	80.7
758.732	80.7
758.939	80.8
759.147	80.8
759.354	80.8
759.561	80.8
759.768	80.8
759.976	80.8
760.183	80.8
760.39	80.8
760.597	80.8
760.805	80.8
761.012	80.9
761.219	80.9
761.426	80.9
761.634	80.9
761.841	80.9
762.048	81
762.256	81
762.463	81
762.67	81
762.878	81
763.085	81
763.293	81
763.5	81
763.707	81
763.915	81
764.122	81
764.33	81
764.537	81
764.744	81
764.952	81
765.159	81.1
765.367	81.1
765.574	81.1
765.782	81.1
765.989	81.1
766.197	81.1
766.404	81.1
766.612	81.1
766.819	81.1
767.027	81.1
767.234	81.1
767.442	81.1
767.649	81.1
767.857	81.1
768.064	81.1
768.272	81.1
768.479	81.1
768.687	81.1
768.895	81.1
769.102	81.1
769.31	81.2
769.517	81.2
769.725	81.2
769.933	81.1
770.14	81.2
770.348	81.2
770.555	81.2
770.763	81.2
770.971	81.2
771.178	81.2
771.386	81.2
771.594	81.2
771.801	81.2
772.009	81.2
772.217	81.2
772.424	81.2
772.632	81.2
772.84	81.2
773.047	81.2
773.255	81.2
773.463	81.2
773.671	81.2
773.878	81.3
774.086	81.3
774.294	81.3
774.502	81.3
774.709	81.3
774.917	81.3
775.125	81.3
775.333	81.3
775.54	81.3
775.748	81.3
775.956	81.3
776.164	81.3
776.371	81.3
776.579	81.4
776.787	81.4
776.995	81.4
777.203	81.4
777.41	81.4
777.618	81.4
777.826	81.4
778.034	81.5
778.242	81.5
778.45	81.5
778.657	81.5
778.865	81.5
779.073	81.5
779.281	81.5
779.489	81.5
779.697	81.5
779.905	81.6
780.112	81.6
780.32	81.6
780.528	81.6
780.736	81.6
780.944	81.6
781.152	81.6
781.36	81.6
781.568	81.6
781.776	81.6
781.984	81.7
782.191	81.7
782.399	81.7
782.607	81.7
782.815	81.7
783.023	81.7
783.231	81.7
783.439	81.7
783.647	81.8
783.855	81.8
784.063	81.8
784.271	81.8
784.479	81.8
784.687	81.8
784.895	81.8
785.103	81.9
785.311	81.9
785.519	81.9
785.727	81.9
785.935	81.9
786.143	81.9
786.351	81.9
786.559	81.9
786.767	82
786.975	82
787.183	82
787.391	82
787.599	82
787.807	82
788.015	82
788.223	82
788.431	82
788.639	82.1
788.847	82.1
789.055	82.1
789.263	82.1
789.471	82.1
789.679	82.1
789.887	82.1
790.095	82.1
790.303	82.2
790.511	82.2
790.719	82.2
790.927	82.2
791.135	82.2
791.343	82.2
791.551	82.2
791.76	82.3
791.968	82.2
792.176	82.2
792.384	82.2
792.592	82.3
792.8	82.3
793.008	82.3
793.216	82.3
793.424	82.3
793.632	82.3
793.84	82.3
794.048	82.3
794.256	82.3
794.465	82.3
794.673	82.4
794.881	82.4
795.089	82.4
795.297	82.4
795.505	82.4
795.713	82.4
795.921	82.5
796.129	82.5
796.337	82.5
796.546	82.5
796.754	82.5
796.962	82.5
797.17	82.5
797.378	82.6
797.586	82.6
797.794	82.6
798.002	82.6
798.21	82.6
798.419	82.6
798.627	82.6
798.835	82.6
799.043	82.6
799.251	82.6
799.459	82.7
799.667	82.7
799.875	82.7
800.083	82.7
800.292	82.7
800.5	82.7
800.708	82.7
800.916	82.7
801.124	82.7
801.332	82.7
801.54	82.7
801.748	82.7
801.957	82.7
802.165	82.8
802.373	82.8
802.581	82.8
802.789	82.8
802.997	82.8
803.205	82.8
803.414	82.8
803.622	82.8
803.83	82.9
804.038	82.9
804.246	82.9
804.454	82.9
804.662	82.9
804.87	82.9
805.079	82.9
805.287	82.9
805.495	82.9
805.703	82.9
805.911	82.9
806.119	82.9
806.327	82.9
806.535	82.9
806.743	82.9
806.952	83
807.16	83
807.368	82.9
807.576	82.9
807.784	82.9
807.992	82.9
808.2	82.9
808.408	83
808.617	83
808.825	83
809.033	83
809.241	83
809.449	83
809.657	83
809.865	83.1
810.073	83.1
810.281	83.1
810.49	83.1
810.698	83.1
810.906	83.1
811.114	83.1
811.322	83.1
811.53	83.1
811.738	83.1
811.946	83.1
812.154	83.1
812.362	83.1
812.57	83.1
812.779	83.1
812.987	83.1
813.195	83.1
813.403	83.1
813.611	83.1
813.819	83.1
814.027	83.1
814.235	83.2
814.443	83.2
814.651	83.2
814.859	83.2
815.067	83.2
815.275	83.2
815.484	83.2
815.692	83.2
815.9	83.2
816.108	83.2
816.316	83.3
816.524	83.3
816.732	83.3
816.94	83.3
817.148	83.3
817.356	83.3
817.564	83.3
817.772	83.3
817.98	83.3
818.188	83.3
818.397	83.3
818.605	83.3
818.813	83.3
819.021	83.3
819.229	83.3
819.437	83.4
819.645	83.4
819.853	83.4
820.061	83.4
820.269	83.4
820.477	83.4
820.685	83.5
820.893	83.5
821.102	83.5
821.31	83.5
821.518	83.5
821.726	83.5
821.934	83.5
822.142	83.5
822.35	83.6
822.558	83.6
822.766	83.6
822.974	83.6
823.182	83.6
823.39	83.6
823.599	83.6
823.807	83.6
824.015	83.7
824.223	83.7
824.431	83.7
824.639	83.7
824.847	83.7
825.055	83.7
825.263	83.7
825.472	83.7
825.68	83.7
825.888	83.7
826.096	83.7
826.304	83.7
826.512	83.8
826.72	83.8
826.928	83.8
827.137	83.8
827.345	83.8
827.553	83.8
827.761	83.8
827.969	83.8
828.177	83.8
828.385	83.8
828.594	83.8
828.802	83.8
829.01	83.8
829.218	83.8
829.426	83.8
829.634	83.8
829.843	83.8
830.051	83.8
830.259	83.8
830.467	83.8
830.675	83.8
830.883	83.8
831.092	83.8
831.3	83.8
831.508	83.8
831.716	83.8
831.924	83.8
832.133	83.9
832.341	83.9
832.549	83.9
832.757	83.9
832.966	83.9
833.174	83.9
833.382	83.9
833.59	83.9
833.799	83.9
834.007	83.9
834.215	84
834.423	84
834.632	84
834.84	84
835.048	84
835.256	84
835.465	84
835.673	84
835.881	84
836.09	84
836.298	84
836.506	84.1
836.715	84.1
836.923	84.1
837.131	84.1
837.34	84.1
837.548	84.1
837.756	84.1
837.965	84.1
838.173	84.2
838.381	84.2
838.59	84.2
838.798	84.2
839.006	84.2
839.215	84.2
839.423	84.2
839.632	84.3
839.84	84.3
840.048	84.3
840.257	84.3
840.465	84.3
840.674	84.3
840.882	84.3
841.091	84.3
841.299	84.3
841.508	84.3
841.716	84.4
841.924	84.4
842.133	84.4
842.341	84.4
842.55	84.4
842.758	84.4
842.967	84.4
843.175	84.4
843.384	84.5
843.593	84.5
843.801	84.5
844.01	84.5
844.218	84.5
844.427	84.5
844.635	84.6
844.844	84.6
845.052	84.6
845.261	84.6
845.47	84.6
845.678	84.6
845.887	84.6
846.095	84.6
846.304	84.7
846.513	84.7
846.721	84.7
846.93	84.7
847.139	84.7
847.347	84.8
847.556	84.8
847.765	84.8
847.973	84.8
848.182	84.8
848.391	84.8
848.6	84.8
848.808	84.9
849.017	84.9
849.226	84.9
849.435	84.9
849.643	84.9
849.852	84.9
850.061	84.9
850.27	84.9
850.478	84.9
850.687	84.9
850.896	85
851.105	85
851.314	85
851.523	85
851.731	85
851.94	85
852.149	85
852.358	85.1
852.567	85.1
852.776	85.1
852.985	85.1
853.194	85.1
853.403	85.1
853.612	85.1
853.821	85.2
854.03	85.2
854.239	85.2
854.447	85.2
854.656	85.2
854.865	85.2
855.075	85.2
855.284	85.2
855.493	85.2
855.702	85.2
855.911	85.2
856.12	85.2
856.329	85.2
856.538	85.2
856.747	85.2
856.956	85.2
857.165	85.2
857.374	85.2
857.584	85.2
857.793	85.2
858.002	85.2
858.211	85.2
858.42	85.2
858.629	85.2
858.839	85.3
859.048	85.3
859.257	85.3
859.466	85.3
859.676	85.3
859.885	85.3
860.094	85.3
860.304	85.3
860.513	85.3
860.722	85.3
860.932	85.3
861.141	85.3
861.35	85.3
861.56	85.3
861.769	85.3
861.978	85.3
862.188	85.4
862.397	85.4
862.607	85.4
862.816	85.4
863.026	85.4
863.235	85.4
863.445	85.4
863.654	85.4
863.864	85.4
864.073	85.5
864.283	85.5
864.492	85.5
864.702	85.5
864.911	85.5
865.121	85.6
865.33	85.6
865.54	85.6
865.75	85.6
865.959	85.6
866.169	85.6
866.379	85.6
866.588	85.6
866.798	85.6
867.008	85.7
867.218	85.7
867.427	85.7
867.637	85.7
867.847	85.7
868.057	85.7
868.266	85.7
868.476	85.7
868.686	85.7
868.896	85.7
869.106	85.7
869.316	85.8
869.525	85.8
869.735	85.8
869.945	85.8
870.155	85.8
870.365	85.9
870.575	85.9
870.785	85.9
870.995	85.9
871.205	85.9
871.415	85.9
871.625	85.9
871.835	85.9
872.045	85.9
872.255	85.9
872.465	85.9
872.675	85.9
872.886	85.9
873.096	86
873.306	86
873.516	86
873.726	86
873.936	86
874.147	86
874.357	86
874.567	86
874.777	86
874.988	86
875.198	86
875.408	86.1
875.619	86.1
875.829	86.1
876.039	86.1
876.25	86.1
876.46	86.1
876.67	86.1
876.881	86.1
877.091	86.2
877.302	86.2
877.512	86.2
877.723	86.2
877.933	86.2
878.144	86.2
878.354	86.1
878.565	86.1
878.775	86
878.986	86
879.197	86
879.407	85.9
879.618	85.9
879.829	85.8
880.039	85.8
880.25	85.8
880.461	85.8
880.671	85.8
880.882	85.8
881.093	85.8
881.304	85.7
881.515	85.7
881.725	85.7
881.936	85.6
882.147	85.6
882.358	85.7
882.569	85.7
882.78	85.7
882.991	85.7
883.202	85.7
883.413	85.8
883.624	85.8
883.835	85.8
884.046	85.8
884.257	85.8
884.468	85.8
884.679	85.8
884.89	85.8
885.101	85.9
885.312	85.9
885.523	85.9
885.735	85.9
885.946	86
886.157	86
886.368	86
886.579	86
886.791	86.1
887.002	86.1
887.213	86.1
887.425	86.2
887.636	86.2
887.847	86.2
888.059	86.3
888.27	86.3
888.481	86.4
888.693	86.4
888.904	86.4
889.116	86.5
889.327	86.5
889.539	86.5
889.75	86.6
889.962	86.6
890.174	86.7
890.385	86.7
890.597	86.7
890.808	86.8
891.02	86.7
891.232	86.8
891.444	86.8
891.655	86.8
891.867	86.8
892.079	86.8
892.291	86.8
892.502	86.8
892.714	86.8
892.926	86.8
893.138	86.8
893.35	86.8
893.562	86.8
893.774	86.8
893.986	86.8
894.198	86.8
894.41	86.7
894.622	86.7
894.834	86.7
895.046	86.7
895.258	86.7
895.47	86.7
895.682	86.7
895.894	86.7
896.106	86.7
896.319	86.7
896.531	86.7
896.743	86.7
896.955	86.7
897.168	86.8
897.38	86.8
897.592	86.8
897.805	86.8
898.017	86.8
898.229	86.9
898.442	86.9
898.654	86.9
898.867	86.9
899.079	86.9
899.292	86.9
899.504	86.9
899.717	86.9
899.929	86.9
900.142	87
900.355	87
900.567	87
900.78	87
900.993	87
901.205	87
901.418	87
901.631	87
901.844	87
902.056	87
902.269	87
902.482	87.1
902.695	87.1
902.908	87.1
903.121	87.1
903.334	87.1
903.547	87.1
903.76	87.1
903.973	87.1
904.186	87.2
904.399	87.2
904.612	87.2
904.825	87.2
905.038	87.3
905.251	87.2
905.465	87.2
905.678	87.2
905.891	87.2
906.104	87.2
906.318	87.2
906.531	87.2
906.744	87.2
906.958	87.2
907.171	87.2
907.384	87.2
907.598	87.2
907.811	87.2
908.025	87.2
908.238	87.1
908.452	87.1
908.665	87.1
908.879	87.1
909.093	87.1
909.306	87.1
909.52	87.1
909.734	87
909.947	87.1
910.161	87.1
910.375	87
910.589	87
910.803	87
911.016	87
911.23	86.9
911.444	86.9
911.658	86.9
911.872	86.9
912.086	86.9
912.3	86.9
912.514	86.9
912.728	86.8
912.942	86.8
913.156	86.8
913.37	86.8
913.585	86.8
913.799	86.8
914.013	86.8
914.227	86.8
914.442	86.8
914.656	86.8
914.87	86.8
915.084	86.8
915.299	86.8
915.513	86.8
915.728	86.8
915.942	86.8
916.157	86.8
916.371	86.8
916.586	86.9
916.8	86.9
917.015	86.9
917.229	86.9
917.444	86.9
917.659	86.9
917.874	87
918.088	87
918.303	87
918.518	87.1
918.733	87.1
918.947	87.1
919.162	87.1
919.377	87.2
919.592	87.2
919.807	87.2
920.022	87.2
920.237	87.2
920.452	87.2
920.667	87.3
920.882	87.3
921.097	87.3
921.313	87.3
921.528	87.2
921.743	87.2
921.958	87.2
922.174	87.2
922.389	87.2
922.604	87.3
922.82	87.3
923.035	87.3
923.25	87.3
923.466	87.3
923.681	87.3
923.897	87.3
924.112	87.3
924.328	87.3
924.544	87.3
924.759	87.3
924.975	87.3
925.19	87.3
925.406	87.3
925.622	87.3
925.838	87.3
926.054	87.3
926.269	87.4
926.485	87.3
926.701	87.3
926.917	87.3
927.133	87.3
927.349	87.3
927.565	87.3
927.781	87.4
927.997	87.3
928.213	87.3
928.429	87.3
928.646	87.3
928.862	87.4
929.078	87.4
929.294	87.4
929.511	87.5
929.727	87.5
929.943	87.5
930.16	87.5
930.376	87.6
930.592	87.6
930.809	87.7
931.025	87.7
931.242	87.7
931.459	87.7
931.675	87.7
931.892	87.7
932.108	87.7
932.325	87.8
932.542	87.8
932.759	87.8
932.975	87.8
933.192	87.8
933.409	87.7
933.626	87.6
933.843	87.5
934.06	87.5
934.277	87.4
934.494	87.3
934.711	87.2
934.928	87.2
935.145	87.1
935.362	87
935.58	86.9
935.797	86.8
936.014	86.6
936.231	86.4
936.449	86.3
936.666	86.1
936.883	86
937.101	85.9
937.318	85.8
937.536	85.7
937.753	85.5
937.971	85.4
938.188	85.2
938.406	85
938.624	85
938.841	84.9
939.059	84.8
939.277	84.7
939.494	84.5
939.712	84.4
939.93	84.3
