360.161	13.8
360.333	13.7
360.504	13.6
360.676	13.6
360.847	13.6
361.019	13.6
361.19	13.6
361.361	13.5
361.533	13.5
361.704	13.5
361.876	13.4
362.047	13.3
362.219	13.3
362.391	13.3
362.562	13.2
362.734	13.2
362.905	13.1
363.077	13
363.248	13
363.42	12.9
363.592	12.9
363.763	12.9
363.935	12.9
364.106	13
364.278	13
364.45	12.9
364.621	12.8
364.793	12.8
364.965	12.8
365.137	12.7
365.308	12.7
365.48	12.8
365.652	12.9
365.824	12.8
365.995	12.8
366.167	12.7
366.339	12.7
366.511	12.7
366.683	12.7
366.854	12.7
367.026	12.6
367.198	12.6
367.37	12.7
367.542	12.7
367.714	12.6
367.886	12.6
368.058	12.5
368.23	12.4
368.402	12.3
368.574	12.2
368.746	12.2
368.918	12.2
369.09	12.2
369.262	12.2
369.434	12.1
369.606	12.1
369.778	12.1
369.95	12
370.122	12
370.294	12
370.467	12
370.639	12
370.811	11.9
370.983	11.9
371.155	11.8
371.328	11.8
371.5	11.8
371.672	11.8
371.844	11.8
372.017	11.8
372.189	11.8
372.361	11.8
372.534	11.8
372.706	11.7
372.878	11.7
373.051	11.6
373.223	11.6
373.396	11.5
373.568	11.4
373.741	11.4
373.913	11.4
374.086	11.4
374.258	11.4
374.431	11.3
374.603	11.3
374.776	11.3
374.949	11.3
375.121	11.3
375.294	11.3
375.467	11.3
375.639	11.3
375.812	11.3
375.985	11.2
376.157	11.2
376.33	11.2
376.503	11.2
376.676	11.1
376.849	11.1
377.021	11.1
377.194	11.1
377.367	11.1
377.54	11.1
377.713	11.1
377.886	11
378.059	11
378.232	11
378.405	11
378.578	10.9
378.751	10.9
378.924	10.9
379.097	10.9
379.27	10.9
379.444	10.8
379.617	10.8
379.79	10.8
379.963	10.7
380.136	10.7
380.31	10.7
380.483	10.7
380.656	10.7
380.829	10.7
381.003	10.6
381.176	10.6
381.35	10.5
381.523	10.5
381.696	10.4
381.87	10.4
382.043	10.4
382.217	10.4
382.39	10.3
382.564	10.3
382.738	10.3
382.911	10.3
383.085	10.3
383.258	10.2
383.432	10.2
383.606	10.2
383.779	10.2
383.953	10.2
384.127	10.2
384.301	10.2
384.475	10.1
384.648	10.1
384.822	10.1
384.996	10.1
385.17	10
385.344	10.1
385.518	10
385.692	10
385.866	10
386.04	10
386.214	9.9
386.388	9.9
386.562	9.9
386.737	9.9
386.911	9.9
387.085	9.9
387.259	9.9
387.434	9.8
387.608	9.8
387.782	9.8
387.956	9.8
388.131	9.8
388.305	9.8
388.48	9.8
388.654	9.8
388.829	9.8
389.003	9.8
389.178	9.8
389.352	9.8
389.527	9.8
389.701	9.8
389.876	9.8
390.051	9.8
390.226	9.8
390.4	9.8
390.575	9.9
390.75	9.9
390.925	9.9
391.099	9.9
391.274	9.9
391.449	9.8
391.624	9.8
391.799	9.8
391.974	9.8
392.149	9.8
392.324	9.8
392.499	9.8
392.675	9.8
392.85	9.8
393.025	9.8
393.2	9.8
393.375	9.8
393.551	9.8
393.726	9.9
393.901	9.9
394.077	9.8
394.252	9.8
394.427	9.8
394.603	9.8
394.778	9.8
394.954	9.8
395.129	9.7
395.305	9.8
395.481	9.8
395.656	9.8
395.832	9.7
396.008	9.7
396.184	9.7
396.359	9.7
396.535	9.7
396.711	9.7
396.887	9.7
397.063	9.7
397.239	9.7
397.415	9.7
397.591	9.7
397.767	9.7
397.943	9.6
398.119	9.6
398.295	9.6
398.471	9.6
398.648	9.6
398.824	9.6
399	9.6
399.176	9.6
399.353	9.7
399.529	9.6
399.706	9.6
399.882	9.6
400.058	9.6
400.235	9.6
400.412	9.6
400.588	9.6
400.765	9.6
400.942	9.6
401.118	9.6
401.295	9.6
401.472	9.6
401.649	9.6
401.825	9.6
402.002	9.6
402.179	9.6
402.356	9.6
402.533	9.6
402.71	9.5
402.887	9.5
403.064	9.5
403.242	9.5
403.419	9.5
403.596	9.5
403.773	9.5
403.95	9.5
404.128	9.5
404.305	9.5
404.483	9.5
404.66	9.5
404.837	9.5
405.015	9.5
405.193	9.5
405.37	9.5
405.548	9.5
405.725	9.5
405.903	9.5
406.081	9.5
406.259	9.5
406.437	9.5
406.614	9.5
406.792	9.5
406.97	9.5
407.148	9.5
407.326	9.5
407.504	9.5
407.682	9.5
407.86	9.4
408.039	9.4
408.217	9.4
408.395	9.4
408.573	9.4
408.751	9.4
408.93	9.4
409.108	9.4
409.287	9.4
409.465	9.4
409.643	9.4
409.822	9.4
410	9.4
410.179	9.4
410.358	9.4
410.536	9.4
410.715	9.4
410.894	9.4
411.072	9.4
411.251	9.4
411.43	9.4
411.609	9.4
411.788	9.3
411.967	9.3
412.146	9.4
412.325	9.4
412.504	9.4
412.683	9.4
412.862	9.3
413.041	9.3
413.22	9.3
413.399	9.3
413.578	9.3
413.758	9.3
413.937	9.3
414.116	9.3
414.296	9.3
414.475	9.3
414.654	9.3
414.834	9.3
415.013	9.3
415.193	9.3
415.372	9.3
415.552	9.3
415.732	9.3
415.911	9.3
416.091	9.3
416.271	9.3
416.45	9.3
416.63	9.3
416.81	9.3
416.99	9.3
417.169	9.3
417.349	9.3
417.529	9.3
417.709	9.3
417.889	9.3
418.069	9.3
418.249	9.3
418.429	9.3
418.609	9.3
418.789	9.3
418.97	9.3
419.15	9.3
419.33	9.3
419.51	9.3
419.691	9.3
419.871	9.3
420.051	9.3
420.232	9.3
420.412	9.3
420.592	9.3
420.773	9.3
420.953	9.3
421.134	9.3
421.314	9.3
421.495	9.3
421.675	9.3
421.856	9.3
422.037	9.3
422.217	9.3
422.398	9.3
422.579	9.3
422.76	9.3
422.94	9.3
423.121	9.3
423.302	9.3
423.483	9.3
423.664	9.3
423.845	9.3
424.026	9.3
424.207	9.3
424.388	9.3
424.569	9.3
424.75	9.3
424.931	9.3
425.112	9.3
425.293	9.3
425.474	9.3
425.655	9.3
425.837	9.3
426.018	9.3
426.199	9.3
426.38	9.3
426.562	9.3
426.743	9.3
426.924	9.3
427.106	9.3
427.287	9.3
427.469	9.3
427.65	9.3
427.832	9.3
428.013	9.3
428.195	9.3
428.376	9.3
428.558	9.3
428.739	9.3
428.921	9.3
429.103	9.3
429.284	9.3
429.466	9.3
429.648	9.3
429.83	9.3
430.011	9.3
430.193	9.2
430.375	9.2
430.557	9.2
430.739	9.2
430.921	9.2
431.102	9.2
431.284	9.2
431.466	9.2
431.648	9.2
431.83	9.2
432.012	9.2
432.194	9.2
432.377	9.2
432.559	9.2
432.741	9.2
432.923	9.2
433.105	9.2
433.287	9.2
433.469	9.2
433.652	9.2
433.834	9.2
434.016	9.2
434.198	9.2
434.381	9.2
434.563	9.2
434.745	9.2
434.928	9.2
435.11	9.2
435.293	9.2
435.475	9.2
435.658	9.2
435.84	9.2
436.022	9.2
436.205	9.2
436.388	9.2
436.57	9.2
436.753	9.2
436.935	9.2
437.118	9.2
437.301	9.2
437.483	9.2
437.666	9.2
437.849	9.2
438.031	9.2
438.214	9.2
438.397	9.2
438.58	9.2
438.762	9.2
438.945	9.2
439.128	9.2
439.311	9.2
439.494	9.2
439.677	9.2
439.859	9.2
440.042	9.2
440.225	9.2
440.408	9.2
440.591	9.2
440.774	9.2
440.957	9.2
441.14	9.2
441.323	9.2
441.507	9.2
441.69	9.2
441.873	9.2
442.056	9.2
442.239	9.2
442.422	9.2
442.605	9.2
442.789	9.2
442.972	9.2
443.155	9.2
443.338	9.2
443.522	9.2
443.705	9.2
443.888	9.2
444.072	9.2
444.255	9.2
444.438	9.2
444.622	9.2
444.805	9.2
444.989	9.2
445.172	9.2
445.356	9.2
445.539	9.3
445.723	9.3
445.906	9.3
446.09	9.3
446.273	9.3
446.457	9.3
446.64	9.3
446.824	9.3
447.008	9.3
447.191	9.3
447.375	9.3
447.559	9.3
447.742	9.3
447.926	9.3
448.11	9.3
448.293	9.3
448.477	9.3
448.661	9.3
448.845	9.3
449.029	9.3
449.212	9.3
449.396	9.3
449.58	9.3
449.764	9.3
449.948	9.3
450.132	9.3
450.316	9.3
450.5	9.3
450.684	9.3
450.868	9.4
451.052	9.4
451.236	9.4
451.42	9.4
451.604	9.4
451.788	9.4
451.972	9.4
452.156	9.4
452.34	9.4
452.525	9.4
452.709	9.4
452.893	9.4
453.077	9.4
453.261	9.4
453.446	9.4
453.63	9.4
453.814	9.4
453.998	9.4
454.183	9.4
454.367	9.4
454.551	9.4
454.736	9.4
454.92	9.4
455.104	9.4
455.289	9.4
455.473	9.5
455.658	9.5
455.842	9.5
456.026	9.5
456.211	9.5
456.395	9.5
456.58	9.5
456.764	9.5
456.949	9.5
457.134	9.5
457.318	9.5
457.503	9.5
457.687	9.5
457.872	9.5
458.057	9.5
458.241	9.5
458.426	9.5
458.611	9.5
458.795	9.5
458.98	9.5
459.165	9.5
459.349	9.6
459.534	9.6
459.719	9.6
459.904	9.6
460.088	9.6
460.273	9.6
460.458	9.6
460.643	9.6
460.828	9.6
461.013	9.6
461.198	9.6
461.382	9.6
461.567	9.7
461.752	9.7
461.937	9.7
462.122	9.7
462.307	9.7
462.492	9.7
462.677	9.7
462.862	9.7
463.047	9.7
463.232	9.7
463.417	9.7
463.602	9.7
463.788	9.7
463.973	9.7
464.158	9.8
464.343	9.8
464.528	9.8
464.713	9.8
464.898	9.8
465.084	9.8
465.269	9.8
465.454	9.8
465.639	9.8
465.824	9.8
466.01	9.9
466.195	9.9
466.38	9.9
466.566	9.9
466.751	9.9
466.936	9.9
467.122	9.9
467.307	9.9
467.492	9.9
467.678	9.9
467.863	9.9
468.048	9.9
468.234	10
468.419	10
468.605	10
468.79	10
468.976	10
469.161	10
469.347	10
469.532	10
469.718	10
469.903	10
470.089	10
470.274	10.1
470.46	10.1
470.646	10.1
470.831	10.1
471.017	10.1
471.202	10.1
471.388	10.1
471.574	10.1
471.759	10.2
471.945	10.2
472.131	10.2
472.317	10.2
472.502	10.2
472.688	10.2
472.874	10.2
473.059	10.2
473.245	10.3
473.431	10.3
473.617	10.3
473.803	10.3
473.988	10.3
474.174	10.3
474.36	10.4
474.546	10.4
474.732	10.4
474.918	10.4
475.104	10.4
475.29	10.4
475.475	10.4
475.661	10.5
475.847	10.5
476.033	10.5
476.219	10.5
476.405	10.5
476.591	10.6
476.777	10.6
476.963	10.6
477.149	10.6
477.335	10.6
477.521	10.7
477.707	10.7
477.893	10.7
478.08	10.7
478.266	10.7
478.452	10.8
478.638	10.8
478.824	10.8
479.01	10.8
479.196	10.9
479.382	10.9
479.569	10.9
479.755	10.9
479.941	11
480.127	11
480.313	11
480.5	11.1
480.686	11.1
480.872	11.1
481.058	11.1
481.245	11.2
481.431	11.2
481.617	11.2
481.803	11.3
481.99	11.3
482.176	11.3
482.362	11.4
482.549	11.4
482.735	11.4
482.921	11.5
483.108	11.5
483.294	11.5
483.481	11.6
483.667	11.6
483.853	11.7
484.04	11.7
484.226	11.7
484.413	11.8
484.599	11.8
484.786	11.8
484.972	11.9
485.159	11.9
485.345	12
485.532	12
485.718	12
485.905	12.1
486.091	12.1
486.278	12.2
486.464	12.2
486.651	12.2
486.837	12.3
487.024	12.3
487.211	12.4
487.397	12.4
487.584	12.5
487.77	12.5
487.957	12.6
488.144	12.6
488.33	12.7
488.517	12.7
488.704	12.7
488.89	12.8
489.077	12.9
489.264	12.9
489.45	13
489.637	13
489.824	13.1
490.01	13.1
490.197	13.2
490.384	13.2
490.571	13.3
490.757	13.4
490.944	13.4
491.131	13.5
491.318	13.5
491.505	13.6
491.691	13.7
491.878	13.7
492.065	13.8
492.252	13.9
492.439	13.9
492.626	14
492.812	14.1
492.999	14.2
493.186	14.2
493.373	14.3
493.56	14.4
493.747	14.4
493.934	14.5
494.121	14.6
494.308	14.7
494.494	14.8
494.681	14.8
494.868	14.9
495.055	15
495.242	15.1
495.429	15.2
495.616	15.3
495.803	15.4
495.99	15.5
496.177	15.5
496.364	15.6
496.551	15.7
496.738	15.8
496.925	15.9
497.112	16
497.299	16.1
497.486	16.2
497.673	16.3
497.861	16.4
498.048	16.6
498.235	16.7
498.422	16.8
498.609	16.9
498.796	17
498.983	17.1
499.17	17.2
499.357	17.3
499.544	17.5
499.732	17.6
499.919	17.7
500.106	17.8
500.293	18
500.48	18.1
500.667	18.2
500.855	18.3
501.042	18.5
501.229	18.6
501.416	18.7
501.603	18.9
501.791	19
501.978	19.2
502.165	19.3
502.352	19.5
502.54	19.6
502.727	19.8
502.914	19.9
503.101	20.1
503.289	20.2
503.476	20.4
503.663	20.6
503.85	20.7
504.038	20.9
504.225	21
504.412	21.2
504.6	21.4
504.787	21.6
504.974	21.7
505.161	21.9
505.349	22.1
505.536	22.3
505.723	22.4
505.911	22.6
506.098	22.8
506.286	23
506.473	23.2
506.66	23.4
506.848	23.6
507.035	23.8
507.222	24
507.41	24.2
507.597	24.3
507.785	24.5
507.972	24.7
508.159	24.9
508.347	25.1
508.534	25.4
508.722	25.6
508.909	25.8
509.097	26
509.284	26.2
509.471	26.4
509.659	26.6
509.846	26.8
510.034	27
510.221	27.3
510.409	27.5
510.596	27.7
510.784	27.9
510.971	28.1
511.159	28.4
511.346	28.6
511.534	28.8
511.721	29
511.909	29.3
512.096	29.5
512.284	29.7
512.471	30
512.659	30.2
512.846	30.4
513.034	30.6
513.221	30.9
513.409	31.1
513.596	31.4
513.784	31.6
513.972	31.8
514.159	32.1
514.347	32.3
514.534	32.5
514.722	32.7
514.909	33
515.097	33.2
515.285	33.5
515.472	33.7
515.66	33.9
515.847	34.2
516.035	34.4
516.222	34.6
516.41	34.9
516.598	35.1
516.785	35.3
516.973	35.6
517.161	35.8
517.348	36
517.536	36.3
517.723	36.5
517.911	36.8
518.099	37
518.286	37.2
518.474	37.5
518.662	37.7
518.849	37.9
519.037	38.2
519.225	38.4
519.412	38.6
519.6	38.9
519.787	39.1
519.975	39.3
520.163	39.5
520.35	39.8
520.538	40
520.726	40.2
520.914	40.5
521.101	40.7
521.289	40.9
521.477	41.2
521.664	41.4
521.852	41.6
522.04	41.8
522.227	42.1
522.415	42.3
522.603	42.5
522.79	42.7
522.978	43
523.166	43.2
523.354	43.4
523.541	43.6
523.729	43.8
523.917	44.1
524.104	44.3
524.292	44.5
524.48	44.7
524.668	44.9
524.855	45.2
525.043	45.4
525.231	45.6
525.418	45.8
525.606	46
525.794	46.2
525.982	46.4
526.169	46.7
526.357	46.9
526.545	47.1
526.733	47.3
526.92	47.5
527.108	47.7
527.296	48
527.484	48.2
527.671	48.4
527.859	48.6
528.047	48.8
528.235	49
528.422	49.2
528.61	49.4
528.798	49.6
528.986	49.8
529.173	50
529.361	50.1
529.549	50.3
529.737	50.5
529.924	50.7
530.112	50.9
530.3	51
530.488	51.2
530.675	51.4
530.863	51.6
531.051	51.7
531.239	51.9
531.426	52.1
531.614	52.2
531.802	52.4
531.99	52.6
532.177	52.7
532.365	52.9
532.553	53.1
532.741	53.2
532.928	53.4
533.116	53.5
533.304	53.7
533.492	53.8
533.679	54
533.867	54.1
534.055	54.2
534.243	54.4
534.431	54.5
534.618	54.7
534.806	54.8
534.994	54.9
535.182	55.1
535.369	55.2
535.557	55.3
535.745	55.5
535.933	55.6
536.12	55.8
536.308	55.9
536.496	56
536.684	56.1
536.871	56.3
537.059	56.4
537.247	56.5
537.435	56.7
537.622	56.8
537.81	56.9
537.998	57.1
538.186	57.2
538.373	57.3
538.561	57.4
538.749	57.6
538.937	57.7
539.124	57.8
539.312	58
539.5	58.1
539.688	58.2
539.875	58.4
540.063	58.5
540.251	58.6
540.439	58.7
540.626	58.8
540.814	59
541.002	59.1
541.19	59.2
541.377	59.3
541.565	59.4
541.753	59.6
541.941	59.7
542.128	59.8
542.316	59.9
542.504	60
542.691	60.1
542.879	60.2
543.067	60.3
543.255	60.4
543.442	60.5
543.63	60.6
543.818	60.7
544.005	60.8
544.193	60.9
544.381	61
544.568	61.1
544.756	61.2
544.944	61.3
545.132	61.4
545.319	61.5
545.507	61.6
545.695	61.7
545.882	61.8
546.07	61.9
546.258	62
546.445	62.1
546.633	62.2
546.821	62.3
547.008	62.4
547.196	62.4
547.384	62.5
547.571	62.6
547.759	62.7
547.947	62.8
548.134	62.9
548.322	63
548.51	63.1
548.697	63.1
548.885	63.2
549.073	63.3
549.26	63.4
549.448	63.5
549.636	63.5
549.823	63.6
550.011	63.7
550.199	63.8
550.386	63.9
550.574	63.9
550.762	64
550.949	64.1
551.137	64.2
551.325	64.2
551.512	64.3
551.7	64.4
551.888	64.5
552.075	64.5
552.263	64.6
552.451	64.7
552.639	64.7
552.826	64.8
553.014	64.9
553.202	64.9
553.389	65
553.577	65.1
553.765	65.1
553.953	65.2
554.14	65.3
554.328	65.3
554.516	65.4
554.704	65.4
554.891	65.5
555.079	65.5
555.267	65.6
555.455	65.7
555.643	65.7
555.83	65.8
556.018	65.8
556.206	65.9
556.394	65.9
556.582	66
556.77	66.1
556.957	66.1
557.145	66.2
557.333	66.2
557.521	66.3
557.709	66.3
557.897	66.4
558.085	66.4
558.273	66.5
558.461	66.5
558.649	66.6
558.837	66.6
559.025	66.7
559.213	66.7
559.4	66.8
559.588	66.8
559.777	66.9
559.965	66.9
560.153	67
560.341	67
560.529	67.1
560.717	67.1
560.905	67.1
561.093	67.2
561.281	67.2
561.469	67.3
561.657	67.3
561.845	67.3
562.034	67.4
562.222	67.4
562.41	67.5
562.598	67.5
562.786	67.5
562.975	67.6
563.163	67.6
563.351	67.6
563.539	67.7
563.728	67.7
563.916	67.7
564.104	67.8
564.293	67.8
564.481	67.8
564.67	67.9
564.858	67.9
565.046	67.9
565.235	68
565.423	68
565.612	68
565.8	68
565.989	68.1
566.177	68.1
566.366	68.1
566.554	68.1
566.743	68.2
566.932	68.2
567.12	68.2
567.309	68.2
567.497	68.2
567.686	68.3
567.875	68.3
568.064	68.3
568.252	68.3
568.441	68.3
568.63	68.4
568.819	68.4
569.007	68.4
569.196	68.4
569.385	68.5
569.574	68.5
569.763	68.5
569.952	68.5
570.141	68.5
570.33	68.6
570.519	68.6
570.708	68.6
570.897	68.6
571.086	68.6
571.275	68.6
571.464	68.7
571.653	68.7
571.843	68.7
572.032	68.7
572.221	68.7
572.41	68.7
572.599	68.7
572.789	68.8
572.978	68.8
573.167	68.8
573.357	68.8
573.546	68.8
573.736	68.8
573.925	68.8
574.115	68.8
574.304	68.9
574.494	68.9
574.683	68.9
574.873	68.9
575.062	68.9
575.252	68.9
575.442	68.9
575.631	68.9
575.821	68.9
576.011	68.9
576.201	69
576.39	69
576.58	69
576.77	69
576.96	69
577.15	69
577.34	69
577.53	69
577.72	69
577.91	69.1
578.1	69.1
578.29	69.1
578.48	69.1
578.67	69.1
578.861	69.1
579.051	69.1
579.241	69.1
579.431	69.1
579.622	69.2
579.812	69.2
580.002	69.2
580.193	69.2
580.383	69.2
580.574	69.2
580.764	69.2
580.955	69.2
581.145	69.2
581.336	69.2
581.526	69.3
581.717	69.3
581.908	69.3
582.098	69.3
582.289	69.3
582.48	69.3
582.671	69.3
582.862	69.3
583.052	69.3
583.243	69.4
583.434	69.4
583.625	69.4
583.816	69.4
584.007	69.4
584.198	69.4
584.389	69.5
584.58	69.5
584.771	69.5
584.962	69.5
585.154	69.5
585.345	69.5
585.536	69.5
585.727	69.5
585.918	69.5
586.11	69.6
586.301	69.6
586.492	69.6
586.684	69.6
586.875	69.6
587.067	69.6
587.258	69.6
587.45	69.6
587.641	69.6
587.833	69.6
588.024	69.6
588.216	69.7
588.408	69.7
588.599	69.7
588.791	69.7
588.983	69.7
589.174	69.7
589.366	69.7
589.558	69.7
589.75	69.7
589.942	69.7
590.134	69.7
590.326	69.8
590.518	69.8
590.71	69.8
590.902	69.8
591.094	69.8
591.286	69.8
591.478	69.8
591.67	69.8
591.862	69.8
592.054	69.8
592.246	69.8
592.439	69.8
592.631	69.8
592.823	69.8
593.016	69.8
593.208	69.8
593.4	69.8
593.593	69.8
593.785	69.8
593.978	69.8
594.17	69.8
594.363	69.8
594.555	69.8
594.748	69.8
594.94	69.9
595.133	69.9
595.326	69.9
595.518	69.9
595.711	69.9
595.904	69.9
596.096	69.9
596.289	69.9
596.482	69.9
596.675	69.9
596.868	69.9
597.061	69.9
597.254	69.9
597.447	69.9
597.64	69.9
597.833	69.9
598.026	69.9
598.219	69.9
598.412	69.9
598.605	69.9
598.798	69.9
598.991	69.9
599.184	70
599.378	70
599.571	70
599.764	70
599.957	70
600.151	70
600.344	70
600.538	70
600.731	70
600.924	70
601.118	70
601.311	70
601.505	70.1
601.698	70.1
601.892	70.1
602.086	70.1
602.279	70.1
602.473	70.1
602.667	70.1
602.86	70.1
603.054	70.1
603.248	70.1
603.442	70.1
603.635	70.1
603.829	70.1
604.023	70.1
604.217	70.2
604.411	70.2
604.605	70.2
604.799	70.2
604.993	70.2
605.187	70.2
605.381	70.2
605.575	70.2
605.769	70.2
605.963	70.2
606.157	70.2
606.352	70.2
606.546	70.2
606.74	70.3
606.934	70.3
607.129	70.3
607.323	70.3
607.517	70.3
607.712	70.3
607.906	70.3
608.1	70.3
608.295	70.3
608.489	70.3
608.684	70.3
608.878	70.3
609.073	70.3
609.267	70.3
609.462	70.3
609.657	70.3
609.851	70.3
610.046	70.3
610.241	70.2
610.435	70.2
610.63	70.2
610.825	70.2
611.02	70.2
611.215	70.2
611.41	70.2
611.604	70.2
611.799	70.2
611.994	70.2
612.189	70.2
612.384	70.2
612.579	70.2
612.774	70.2
612.969	70.2
613.164	70.2
613.359	70.2
613.555	70.2
613.75	70.2
613.945	70.2
614.14	70.2
614.335	70.2
614.531	70.2
614.726	70.2
614.921	70.2
615.117	70.2
615.312	70.2
615.507	70.2
615.703	70.2
615.898	70.2
616.094	70.2
616.289	70.1
616.485	70.2
616.68	70.1
616.876	70.2
617.071	70.2
617.267	70.1
617.463	70.2
617.658	70.2
617.854	70.2
618.05	70.2
618.245	70.2
618.441	70.2
618.637	70.2
618.833	70.2
619.029	70.2
619.225	70.2
619.42	70.2
619.616	70.2
619.812	70.2
620.008	70.2
620.204	70.2
620.4	70.2
620.596	70.2
620.792	70.2
620.988	70.2
621.184	70.2
621.381	70.2
621.577	70.2
621.773	70.2
621.969	70.2
622.165	70.2
622.362	70.2
622.558	70.2
622.754	70.2
622.951	70.2
623.147	70.2
623.343	70.2
623.54	70.2
623.736	70.3
623.933	70.3
624.129	70.3
624.326	70.3
624.522	70.3
624.719	70.3
624.915	70.3
625.112	70.3
625.308	70.3
625.505	70.3
625.702	70.3
625.898	70.3
626.095	70.3
626.292	70.3
626.489	70.3
626.685	70.3
626.882	70.3
627.079	70.2
627.276	70.2
627.473	70.2
627.67	70.2
627.866	70.2
628.063	70.2
628.26	70.2
628.457	70.2
628.654	70.2
628.851	70.2
629.048	70.2
629.246	70.2
629.443	70.2
629.64	70.2
629.837	70.2
630.034	70.2
630.231	70.2
630.429	70.2
630.626	70.2
630.823	70.2
631.02	70.2
631.218	70.2
631.415	70.2
631.612	70.2
631.81	70.2
632.007	70.2
632.205	70.2
632.402	70.2
632.6	70.2
632.797	70.2
632.995	70.2
633.192	70.2
633.39	70.2
633.587	70.2
633.785	70.2
633.983	70.2
634.18	70.2
634.378	70.2
634.576	70.2
634.773	70.3
634.971	70.3
635.169	70.3
635.367	70.3
635.565	70.3
635.762	70.3
635.96	70.3
636.158	70.3
636.356	70.3
636.554	70.4
636.752	70.4
636.95	70.4
637.148	70.4
637.346	70.4
637.544	70.4
637.742	70.4
637.94	70.4
638.138	70.4
638.337	70.4
638.535	70.4
638.733	70.4
638.931	70.4
639.129	70.4
639.328	70.4
639.526	70.4
639.724	70.4
639.922	70.4
640.121	70.4
640.319	70.5
640.518	70.5
640.716	70.5
640.914	70.5
641.113	70.5
641.311	70.5
641.51	70.5
641.708	70.5
641.907	70.5
642.105	70.5
642.304	70.5
642.503	70.5
642.701	70.5
642.9	70.5
643.098	70.5
643.297	70.5
643.496	70.5
643.695	70.5
643.893	70.5
644.092	70.6
644.291	70.6
644.49	70.6
644.689	70.6
644.887	70.6
645.086	70.6
645.285	70.6
645.484	70.6
645.683	70.6
645.882	70.6
646.081	70.6
646.28	70.6
646.479	70.6
646.678	70.6
646.877	70.6
647.076	70.6
647.276	70.6
647.475	70.6
647.674	70.6
647.873	70.6
648.072	70.7
648.271	70.7
648.471	70.7
648.67	70.7
648.869	70.7
649.069	70.7
649.268	70.7
649.467	70.7
649.667	70.7
649.866	70.7
650.065	70.7
650.265	70.7
650.464	70.7
650.664	70.7
650.863	70.7
651.063	70.7
651.262	70.7
651.462	70.7
651.662	70.7
651.861	70.7
652.061	70.7
652.26	70.7
652.46	70.7
652.66	70.7
652.859	70.7
653.059	70.7
653.259	70.7
653.459	70.7
653.658	70.7
653.858	70.7
654.058	70.7
654.258	70.7
654.458	70.7
654.658	70.7
654.858	70.8
655.058	70.8
655.258	70.8
655.457	70.8
655.657	70.8
655.857	70.8
656.058	70.8
656.258	70.8
656.458	70.8
656.658	70.8
656.858	70.8
657.058	70.8
657.258	70.8
657.458	70.8
657.659	70.8
657.859	70.8
658.059	70.8
658.259	70.8
658.459	70.8
658.66	70.8
658.86	70.8
659.06	70.8
659.261	70.8
659.461	70.8
659.662	70.8
659.862	70.8
660.062	70.8
660.263	70.8
660.463	70.8
660.664	70.8
660.864	70.8
661.065	70.8
661.265	70.8
661.466	70.8
661.667	70.8
661.867	70.8
662.068	70.8
662.268	70.8
662.469	70.8
662.67	70.8
662.87	70.8
663.071	70.8
663.272	70.8
663.473	70.8
663.674	70.8
663.874	70.8
664.075	70.8
664.276	70.8
664.477	70.8
664.678	70.8
664.879	70.8
665.08	70.8
665.28	70.8
665.481	70.8
665.682	70.8
665.883	70.8
666.084	70.8
666.285	70.8
666.486	70.8
666.688	70.8
666.889	70.8
667.09	70.8
667.291	70.8
667.492	70.8
667.693	70.8
667.894	70.8
668.096	70.8
668.297	70.8
668.498	70.8
668.699	70.8
668.901	70.8
669.102	70.8
669.303	70.8
669.505	70.8
669.706	70.8
669.907	70.8
670.109	70.7
670.31	70.7
670.511	70.7
670.713	70.7
670.914	70.7
671.116	70.7
671.317	70.7
671.519	70.7
671.72	70.7
671.922	70.7
672.124	70.7
672.325	70.7
672.527	70.7
672.728	70.7
672.93	70.7
673.132	70.7
673.333	70.7
673.535	70.7
673.737	70.7
673.939	70.7
674.14	70.7
674.342	70.7
674.544	70.7
674.746	70.7
674.948	70.7
675.149	70.7
675.351	70.7
675.553	70.7
675.755	70.7
675.957	70.7
676.159	70.7
676.361	70.7
676.563	70.7
676.765	70.7
676.967	70.7
677.169	70.7
677.371	70.7
677.573	70.7
677.775	70.7
677.977	70.7
678.179	70.7
678.381	70.7
678.583	70.7
678.786	70.7
678.988	70.7
679.19	70.7
679.392	70.8
679.594	70.8
679.797	70.8
679.999	70.8
680.201	70.8
680.404	70.8
680.606	70.8
680.808	70.8
681.011	70.8
681.213	70.8
681.415	70.8
681.618	70.8
681.82	70.8
682.023	70.8
682.225	70.8
682.428	70.8
682.63	70.8
682.833	70.8
683.035	70.9
683.238	70.9
683.44	70.9
683.643	70.9
683.845	70.9
684.048	70.9
684.251	70.9
684.453	70.9
684.656	70.9
684.859	70.9
685.061	70.9
685.264	70.9
685.467	70.9
685.67	70.9
685.872	70.9
686.075	70.9
686.278	70.9
686.481	70.9
686.684	70.9
686.886	70.9
687.089	70.9
687.292	70.9
687.495	71
687.698	71
687.901	71
688.104	71
688.307	71
688.51	71
688.713	71
688.916	71
689.119	71
689.322	71
689.525	71
689.728	71
689.931	71
690.134	71
690.337	71
690.54	71
690.744	71
690.947	71
691.15	71
691.353	71.1
691.556	71.1
691.76	71.1
691.963	71.1
692.166	71.1
692.37	71.1
692.573	71.1
692.776	71.1
692.979	71.1
693.183	71.1
693.386	71.1
693.59	71.1
693.793	71.1
693.996	71.1
694.2	71.1
694.403	71.1
694.607	71.1
694.81	71.1
695.014	71.1
695.217	71.1
695.421	71.1
695.624	71.1
695.828	71.1
696.031	71.1
696.235	71.1
696.439	71.1
696.642	71.1
696.846	71.2
697.049	71.2
697.253	71.2
697.457	71.2
697.661	71.2
697.864	71.2
698.068	71.2
698.272	71.2
698.475	71.2
698.679	71.2
698.883	71.2
699.087	71.2
699.291	71.2
699.494	71.2
699.698	71.2
699.902	71.2
700.106	71.2
700.31	71.2
700.514	71.2
700.718	71.2
700.922	71.2
701.126	71.2
701.33	71.2
701.534	71.2
701.738	71.2
701.942	71.2
702.146	71.2
702.35	71.3
702.554	71.3
702.758	71.3
702.962	71.3
703.166	71.3
703.37	71.3
703.574	71.3
703.778	71.3
703.983	71.3
704.187	71.3
704.391	71.3
704.595	71.3
704.799	71.3
705.004	71.3
705.208	71.3
705.412	71.3
705.616	71.3
705.821	71.3
706.025	71.3
706.229	71.3
706.434	71.3
706.638	71.3
706.842	71.3
707.047	71.3
707.251	71.4
707.455	71.4
707.66	71.4
707.864	71.4
708.069	71.4
708.273	71.4
708.478	71.4
708.682	71.4
708.887	71.4
709.091	71.4
709.296	71.4
709.5	71.4
709.705	71.4
709.909	71.5
710.114	71.5
710.319	71.5
710.523	71.5
710.728	71.5
710.932	71.5
711.137	71.5
711.342	71.5
711.546	71.5
711.751	71.5
711.956	71.5
712.161	71.5
712.365	71.5
712.57	71.5
712.775	71.5
712.98	71.5
713.184	71.5
713.389	71.6
713.594	71.6
713.799	71.6
714.004	71.6
714.209	71.6
714.413	71.6
714.618	71.6
714.823	71.6
715.028	71.6
715.233	71.6
715.438	71.6
715.643	71.6
715.848	71.6
716.053	71.6
716.258	71.6
716.463	71.6
716.668	71.6
716.873	71.6
717.078	71.6
717.283	71.6
717.488	71.6
717.693	71.6
717.898	71.6
718.103	71.6
718.308	71.6
718.514	71.6
718.719	71.6
718.924	71.6
719.129	71.6
719.334	71.6
719.539	71.6
719.745	71.6
719.95	71.6
720.155	71.6
720.36	71.7
720.566	71.7
720.771	71.7
720.976	71.7
721.182	71.7
721.387	71.7
721.592	71.7
721.798	71.7
722.003	71.7
722.208	71.7
722.414	71.7
722.619	71.7
722.824	71.7
723.03	71.7
723.235	71.7
723.441	71.7
723.646	71.8
723.852	71.8
724.057	71.8
724.263	71.8
724.468	71.8
724.674	71.8
724.879	71.8
725.085	71.8
725.29	71.8
725.496	71.8
725.701	71.8
725.907	71.8
726.112	71.9
726.318	71.9
726.524	71.9
726.729	71.9
726.935	71.9
727.141	71.9
727.346	71.9
727.552	71.9
727.758	71.9
727.963	71.9
728.169	71.9
728.375	71.9
728.581	71.9
728.786	71.9
728.992	71.9
729.198	71.9
729.404	71.9
729.609	72
729.815	72
730.021	72
730.227	72
730.433	72
730.639	72
730.844	72
731.05	72
731.256	72
731.462	72
731.668	72
731.874	72
732.08	72
732.286	72
732.492	72
732.698	72.1
732.904	72.1
733.11	72.1
733.316	72.1
733.522	72.1
733.728	72.1
733.934	72.1
734.14	72.1
734.346	72.1
734.552	72.1
734.758	72.1
734.964	72.2
735.17	72.2
735.376	72.2
735.583	72.2
735.789	72.2
735.995	72.2
736.201	72.2
736.407	72.2
736.613	72.2
736.819	72.2
737.026	72.2
737.232	72.3
737.438	72.3
737.644	72.3
737.851	72.3
738.057	72.3
738.263	72.3
738.469	72.3
738.676	72.3
738.882	72.3
739.088	72.3
739.295	72.3
739.501	72.3
739.707	72.3
739.914	72.3
740.12	72.3
740.326	72.3
740.533	72.3
740.739	72.3
740.946	72.3
741.152	72.3
741.358	72.3
741.565	72.3
741.771	72.3
741.978	72.3
742.184	72.3
742.391	72.3
742.597	72.3
742.804	72.3
743.01	72.3
743.217	72.3
743.423	72.3
743.63	72.3
743.836	72.3
744.043	72.3
744.249	72.3
744.456	72.3
744.663	72.3
744.869	72.3
745.076	72.3
745.282	72.3
745.489	72.3
745.696	72.3
745.902	72.3
746.109	72.3
746.316	72.3
746.522	72.3
746.729	72.3
746.936	72.3
747.142	72.3
747.349	72.3
747.556	72.3
747.762	72.3
747.969	72.3
748.176	72.3
748.383	72.3
748.589	72.3
748.796	72.3
749.003	72.4
749.21	72.4
749.417	72.4
749.623	72.4
749.83	72.4
750.037	72.4
750.244	72.4
750.451	72.4
750.658	72.4
750.865	72.5
751.071	72.5
751.278	72.5
751.485	72.5
751.692	72.5
751.899	72.5
752.106	72.5
752.313	72.5
752.52	72.6
752.727	72.6
752.934	72.6
753.141	72.6
753.348	72.6
753.555	72.6
753.762	72.6
753.969	72.6
754.176	72.6
754.383	72.6
754.59	72.6
754.797	72.6
755.004	72.7
755.211	72.7
755.418	72.7
755.625	72.7
755.832	72.7
756.039	72.7
756.246	72.7
756.453	72.7
756.66	72.8
756.868	72.8
757.075	72.8
757.282	72.8
757.489	72.8
757.696	72.8
757.903	72.8
758.111	72.8
758.318	72.8
758.525	72.8
758.732	72.8
758.939	72.8
759.147	72.8
759.354	72.8
759.561	72.8
759.768	72.8
759.976	72.8
760.183	72.9
760.39	72.9
760.597	72.9
760.805	72.9
761.012	72.9
761.219	72.9
761.426	72.9
761.634	72.9
761.841	72.9
762.048	72.9
762.256	72.9
762.463	72.9
762.67	72.9
762.878	72.9
763.085	72.9
763.293	72.9
763.5	72.9
763.707	72.9
763.915	72.9
764.122	73
764.33	73
764.537	73
764.744	73
764.952	73
765.159	73
765.367	73
765.574	73
765.782	73
765.989	73
766.197	73
766.404	73
766.612	73
766.819	73
767.027	73
767.234	73
767.442	73
767.649	73
767.857	73
768.064	73.1
768.272	73.1
768.479	73.1
768.687	73.1
768.895	73.1
769.102	73.1
769.31	73.1
769.517	73.1
769.725	73.1
769.933	73.1
770.14	73.1
770.348	73.2
770.555	73.2
770.763	73.2
770.971	73.2
771.178	73.2
771.386	73.2
771.594	73.2
771.801	73.2
772.009	73.2
772.217	73.2
772.424	73.2
772.632	73.2
772.84	73.2
773.047	73.2
773.255	73.2
773.463	73.2
773.671	73.2
773.878	73.3
774.086	73.3
774.294	73.3
774.502	73.3
774.709	73.3
774.917	73.3
775.125	73.3
775.333	73.3
775.54	73.3
775.748	73.3
775.956	73.4
776.164	73.4
776.371	73.4
776.579	73.4
776.787	73.4
776.995	73.4
777.203	73.4
777.41	73.4
777.618	73.4
777.826	73.5
778.034	73.5
778.242	73.5
778.45	73.5
778.657	73.5
778.865	73.5
779.073	73.5
779.281	73.5
779.489	73.5
779.697	73.6
779.905	73.6
780.112	73.6
780.32	73.6
780.528	73.6
780.736	73.6
780.944	73.6
781.152	73.6
781.36	73.6
781.568	73.6
781.776	73.6
781.984	73.6
782.191	73.6
782.399	73.6
782.607	73.6
782.815	73.6
783.023	73.7
783.231	73.7
783.439	73.7
783.647	73.7
783.855	73.7
784.063	73.7
784.271	73.7
784.479	73.7
784.687	73.7
784.895	73.7
785.103	73.8
785.311	73.8
785.519	73.8
785.727	73.8
785.935	73.8
786.143	73.8
786.351	73.8
786.559	73.8
786.767	73.8
786.975	73.8
787.183	73.8
787.391	73.8
787.599	73.9
787.807	73.9
788.015	73.9
788.223	73.9
788.431	73.9
788.639	73.9
788.847	73.9
789.055	73.9
789.263	73.9
789.471	73.9
789.679	74
789.887	74
790.095	74
790.303	74
790.511	74
790.719	74
790.927	74
791.135	74
791.343	74.1
791.551	74.1
791.76	74.1
791.968	74.1
792.176	74.1
792.384	74.1
792.592	74.1
792.8	74.1
793.008	74.1
793.216	74.1
793.424	74.1
793.632	74.1
793.84	74.1
794.048	74.1
794.256	74.1
794.465	74.1
794.673	74.1
794.881	74.1
795.089	74.1
795.297	74.1
795.505	74.2
795.713	74.2
795.921	74.2
796.129	74.2
796.337	74.2
796.546	74.2
796.754	74.2
796.962	74.2
797.17	74.2
797.378	74.3
797.586	74.3
797.794	74.3
798.002	74.3
798.21	74.3
798.419	74.3
798.627	74.3
798.835	74.3
799.043	74.3
799.251	74.3
799.459	74.3
799.667	74.3
799.875	74.3
800.083	74.3
800.292	74.3
800.5	74.3
800.708	74.3
800.916	74.3
801.124	74.3
801.332	74.3
801.54	74.4
801.748	74.4
801.957	74.4
802.165	74.4
802.373	74.4
802.581	74.4
802.789	74.4
802.997	74.4
803.205	74.4
803.414	74.4
803.622	74.5
803.83	74.5
804.038	74.5
804.246	74.5
804.454	74.5
804.662	74.5
804.87	74.5
805.079	74.5
805.287	74.5
805.495	74.5
805.703	74.5
805.911	74.5
806.119	74.5
806.327	74.5
806.535	74.5
806.743	74.5
806.952	74.5
807.16	74.5
807.368	74.5
807.576	74.6
807.784	74.6
807.992	74.6
808.2	74.6
808.408	74.6
808.617	74.6
808.825	74.6
809.033	74.6
809.241	74.7
809.449	74.7
809.657	74.7
809.865	74.7
810.073	74.7
810.281	74.7
810.49	74.7
810.698	74.7
810.906	74.7
811.114	74.7
811.322	74.7
811.53	74.7
811.738	74.7
811.946	74.7
812.154	74.7
812.362	74.7
812.57	74.7
812.779	74.7
812.987	74.7
813.195	74.8
813.403	74.8
813.611	74.8
813.819	74.8
814.027	74.8
814.235	74.8
814.443	74.8
814.651	74.8
814.859	74.8
815.067	74.8
815.275	74.8
815.484	74.8
815.692	74.8
815.9	74.8
816.108	74.8
816.316	74.9
816.524	74.9
816.732	74.9
816.94	74.9
817.148	74.9
817.356	74.9
817.564	74.9
817.772	74.8
817.98	74.9
818.188	74.9
818.397	74.9
818.605	74.9
818.813	74.9
819.021	74.9
819.229	74.9
819.437	74.9
819.645	74.9
819.853	75
820.061	75
820.269	75
820.477	75
820.685	75
820.893	75
821.102	75
821.31	75
821.518	75.1
821.726	75.1
821.934	75.1
822.142	75.1
822.35	75.1
822.558	75.1
822.766	75.1
822.974	75.1
823.182	75.1
823.39	75.1
823.599	75.2
823.807	75.2
824.015	75.2
824.223	75.2
824.431	75.2
824.639	75.2
824.847	75.2
825.055	75.2
825.263	75.2
825.472	75.2
825.68	75.2
825.888	75.2
826.096	75.2
826.304	75.2
826.512	75.2
826.72	75.2
826.928	75.2
827.137	75.2
827.345	75.2
827.553	75.2
827.761	75.2
827.969	75.2
828.177	75.2
828.385	75.2
828.594	75.2
828.802	75.2
829.01	75.2
829.218	75.2
829.426	75.3
829.634	75.3
829.843	75.3
830.051	75.3
830.259	75.3
830.467	75.3
830.675	75.3
830.883	75.3
831.092	75.3
831.3	75.3
831.508	75.3
831.716	75.3
831.924	75.4
832.133	75.4
832.341	75.4
832.549	75.4
832.757	75.4
832.966	75.4
833.174	75.4
833.382	75.4
833.59	75.4
833.799	75.5
834.007	75.5
834.215	75.5
834.423	75.5
834.632	75.5
834.84	75.5
835.048	75.5
835.256	75.5
835.465	75.5
835.673	75.5
835.881	75.5
836.09	75.6
836.298	75.6
836.506	75.6
836.715	75.6
836.923	75.6
837.131	75.6
837.34	75.6
837.548	75.7
837.756	75.7
837.965	75.7
838.173	75.7
838.381	75.7
838.59	75.7
838.798	75.7
839.006	75.7
839.215	75.7
839.423	75.7
839.632	75.7
839.84	75.7
840.048	75.8
840.257	75.8
840.465	75.7
840.674	75.7
840.882	75.7
841.091	75.7
841.299	75.7
841.508	75.8
841.716	75.8
841.924	75.8
842.133	75.8
842.341	75.8
842.55	75.8
842.758	75.9
842.967	75.9
843.175	75.9
843.384	75.9
843.593	75.9
843.801	75.9
844.01	75.9
844.218	75.9
844.427	76
844.635	76
844.844	76
845.052	76
845.261	76
845.47	76
845.678	76
845.887	76
846.095	76
846.304	76
846.513	76
846.721	76
846.93	76
847.139	76.1
847.347	76.1
847.556	76.1
847.765	76.1
847.973	76.2
848.182	76.2
848.391	76.2
848.6	76.2
848.808	76.2
849.017	76.2
849.226	76.2
849.435	76.2
849.643	76.3
849.852	76.3
850.061	76.3
850.27	76.3
850.478	76.3
850.687	76.3
850.896	76.3
851.105	76.3
851.314	76.3
851.523	76.3
851.731	76.4
851.94	76.4
852.149	76.4
852.358	76.4
852.567	76.4
852.776	76.4
852.985	76.5
853.194	76.5
853.403	76.5
853.612	76.5
853.821	76.5
854.03	76.5
854.239	76.5
854.447	76.5
854.656	76.5
854.865	76.5
855.075	76.5
855.284	76.5
855.493	76.6
855.702	76.6
855.911	76.6
856.12	76.6
856.329	76.6
856.538	76.6
856.747	76.6
856.956	76.6
857.165	76.6
857.374	76.6
857.584	76.6
857.793	76.6
858.002	76.6
858.211	76.6
858.42	76.6
858.629	76.6
858.839	76.6
859.048	76.6
859.257	76.7
859.466	76.6
859.676	76.7
859.885	76.7
860.094	76.7
860.304	76.6
860.513	76.7
860.722	76.7
860.932	76.7
861.141	76.7
861.35	76.7
861.56	76.7
861.769	76.7
861.978	76.7
862.188	76.7
862.397	76.7
862.607	76.7
862.816	76.7
863.026	76.7
863.235	76.7
863.445	76.8
863.654	76.8
863.864	76.8
864.073	76.8
864.283	76.8
864.492	76.8
864.702	76.8
864.911	76.8
865.121	76.8
865.33	76.8
865.54	76.8
865.75	76.9
865.959	76.9
866.169	76.9
866.379	76.9
866.588	76.9
866.798	77
867.008	77
867.218	77
867.427	77
867.637	76.9
867.847	77
868.057	77
868.266	77
868.476	77
868.686	77
868.896	77
869.106	77
869.316	77
869.525	77
869.735	77
869.945	77
870.155	77
870.365	77
870.575	77
870.785	77
870.995	77
871.205	77.1
871.415	77.1
871.625	77.1
871.835	77.1
872.045	77.1
872.255	77.1
872.465	77.1
872.675	77.1
872.886	77.1
873.096	77.1
873.306	77.1
873.516	77.1
873.726	77.2
873.936	77.2
874.147	77.2
874.357	77.2
874.567	77.2
874.777	77.2
874.988	77.1
875.198	77.1
875.408	77.1
875.619	77.1
875.829	77.2
876.039	77.2
876.25	77.2
876.46	77.2
876.67	77.1
876.881	77.2
877.091	77.1
877.302	77.1
877.512	77.1
877.723	77.1
877.933	77.1
878.144	77.1
878.354	77.1
878.565	77
878.775	77
878.986	77
879.197	76.9
879.407	76.9
879.618	76.9
879.829	76.8
880.039	76.8
880.25	76.8
880.461	76.8
880.671	76.7
880.882	76.8
881.093	76.7
881.304	76.7
881.515	76.7
881.725	76.7
881.936	76.7
882.147	76.7
882.358	76.6
882.569	76.6
882.78	76.6
882.991	76.6
883.202	76.6
883.413	76.6
883.624	76.6
883.835	76.6
884.046	76.6
884.257	76.6
884.468	76.6
884.679	76.7
884.89	76.7
885.101	76.7
885.312	76.7
885.523	76.7
885.735	76.7
885.946	76.7
886.157	76.7
886.368	76.8
886.579	76.8
886.791	76.8
887.002	76.8
887.213	76.8
887.425	76.8
887.636	76.9
887.847	76.9
888.059	77
888.27	77
888.481	77
888.693	77.1
888.904	77.1
889.116	77.1
889.327	77.1
889.539	77.1
889.75	77.1
889.962	77.2
890.174	77.2
890.385	77.2
890.597	77.3
890.808	77.3
891.02	77.3
891.232	77.3
891.444	77.3
891.655	77.3
891.867	77.3
892.079	77.4
892.291	77.4
892.502	77.4
892.714	77.4
892.926	77.5
893.138	77.5
893.35	77.5
893.562	77.5
893.774	77.5
893.986	77.5
894.198	77.5
894.41	77.6
894.622	77.6
894.834	77.6
895.046	77.8
895.258	77.8
895.47	77.8
895.682	77.8
895.894	77.8
896.106	77.8
896.319	77.8
896.531	77.8
896.743	77.8
896.955	77.8
897.168	77.9
897.38	77.9
897.592	77.9
897.805	77.9
898.017	77.9
898.229	77.9
898.442	78
898.654	78
898.867	78
899.079	78
899.292	78
899.504	78
899.717	78
899.929	77.9
900.142	78
900.355	78
900.567	78
900.78	78
900.993	78
901.205	78
901.418	78
901.631	78
901.844	78
902.056	78
902.269	78
902.482	78
902.695	78
902.908	78
903.121	78
903.334	78
903.547	78
903.76	78
903.973	78
904.186	78
904.399	78
904.612	78
904.825	78
905.038	78
905.251	78
905.465	78
905.678	78
905.891	78
906.104	78
906.318	78
906.531	78
906.744	78
906.958	78
907.171	78
907.384	77.9
907.598	77.9
907.811	77.9
908.025	77.9
908.238	77.9
908.452	77.9
908.665	77.9
908.879	77.9
909.093	77.9
909.306	77.8
909.52	77.8
909.734	77.8
909.947	77.9
910.161	77.9
910.375	77.9
910.589	77.9
910.803	77.9
911.016	77.9
911.23	77.9
911.444	77.8
911.658	77.8
911.872	77.8
912.086	77.8
912.3	77.8
912.514	77.8
912.728	77.8
912.942	77.8
913.156	77.8
913.37	77.8
913.585	77.8
913.799	77.7
914.013	77.7
914.227	77.7
914.442	77.7
914.656	77.7
914.87	77.7
915.084	77.7
915.299	77.7
915.513	77.7
915.728	77.7
915.942	77.7
916.157	77.7
916.371	77.7
916.586	77.8
916.8	77.8
917.015	77.8
917.229	77.8
917.444	77.8
917.659	77.8
917.874	77.8
918.088	77.8
918.303	77.8
918.518	77.8
918.733	77.8
918.947	77.8
919.162	77.8
919.377	77.8
919.592	77.7
919.807	77.7
920.022	77.8
920.237	77.8
920.452	77.8
920.667	77.8
920.882	77.9
921.097	77.9
921.313	77.9
921.528	77.9
921.743	77.9
921.958	77.9
922.174	77.9
922.389	77.9
922.604	77.9
922.82	77.9
923.035	77.9
923.25	77.9
923.466	77.9
923.681	77.9
923.897	77.9
924.112	77.8
924.328	77.8
924.544	77.8
924.759	77.8
924.975	77.8
925.19	77.9
925.406	77.9
925.622	77.9
925.838	77.9
926.054	78
926.269	78
926.485	78
926.701	77.9
926.917	78
927.133	78
927.349	78.1
927.565	78.1
927.781	78.1
927.997	78.1
928.213	78.1
928.429	78.1
928.646	78.2
928.862	78.2
929.078	78.3
929.294	78.3
929.511	78.3
929.727	78.3
929.943	78.3
930.16	78.3
930.376	78.3
930.592	78.4
930.809	78.4
931.025	78.4
931.242	78.5
931.459	78.5
931.675	78.5
931.892	78.6
932.108	78.6
932.325	78.6
932.542	78.5
932.759	78.5
932.975	78.5
933.192	78.5
933.409	78.5
933.626	78.5
933.843	78.5
934.06	78.4
934.277	78.4
934.494	78.3
934.711	78.2
934.928	78.1
935.145	78.1
935.362	78
935.58	78
935.797	77.9
936.014	77.8
936.231	77.6
936.449	77.5
936.666	77.4
936.883	77.3
937.101	77.2
937.318	77.1
937.536	77
937.753	76.9
937.971	76.8
938.188	76.6
938.406	76.5
938.624	76.4
938.841	76.3
939.059	76.1
939.277	76
939.494	76
939.712	75.9
939.93	75.8
