360.161	25.3
360.333	25.4
360.504	25.4
360.676	25.5
360.847	25.5
361.019	25.6
361.19	25.6
361.361	25.6
361.533	25.7
361.704	25.6
361.876	25.7
362.047	25.8
362.219	25.8
362.391	25.8
362.562	25.8
362.734	25.9
362.905	25.9
363.077	26
363.248	26.1
363.42	26.1
363.592	26.2
363.763	26.2
363.935	26.3
364.106	26.5
364.278	26.6
364.45	26.6
364.621	26.6
364.793	26.6
364.965	26.7
365.137	26.8
365.308	26.9
365.48	26.9
365.652	26.9
365.824	27
365.995	27
366.167	26.9
366.339	26.9
366.511	26.9
366.683	27
366.854	27
367.026	26.9
367.198	26.9
367.37	26.9
367.542	27
367.714	27
367.886	27
368.058	27
368.23	27
368.402	27
368.574	27
368.746	27.1
368.918	27.1
369.09	27.1
369.262	27.1
369.434	27.1
369.606	27.1
369.778	27
369.95	27
370.122	26.9
370.294	26.9
370.467	26.9
370.639	26.9
370.811	26.9
370.983	26.8
371.155	26.7
371.328	26.7
371.5	26.7
371.672	26.7
371.844	26.7
372.017	26.7
372.189	26.7
372.361	26.7
372.534	26.7
372.706	26.6
372.878	26.6
373.051	26.6
373.223	26.6
373.396	26.6
373.568	26.5
373.741	26.5
373.913	26.5
374.086	26.5
374.258	26.5
374.431	26.4
374.603	26.4
374.776	26.4
374.949	26.3
375.121	26.3
375.294	26.3
375.467	26.3
375.639	26.2
375.812	26.2
375.985	26.2
376.157	26.1
376.33	26
376.503	26
376.676	26
376.849	26
377.021	26
377.194	26
377.367	26
377.54	26
377.713	25.9
377.886	25.9
378.059	25.8
378.232	25.8
378.405	25.8
378.578	25.8
378.751	25.8
378.924	25.7
379.097	25.7
379.27	25.6
379.444	25.6
379.617	25.5
379.79	25.5
379.963	25.4
380.136	25.4
380.31	25.4
380.483	25.3
380.656	25.3
380.829	25.3
381.003	25.2
381.176	25.2
381.35	25.1
381.523	25.1
381.696	25.1
381.87	25
382.043	25
382.217	24.9
382.39	24.9
382.564	24.8
382.738	24.8
382.911	24.8
383.085	24.7
383.258	24.7
383.432	24.7
383.606	24.7
383.779	24.7
383.953	24.6
384.127	24.6
384.301	24.5
384.475	24.5
384.648	24.4
384.822	24.4
384.996	24.3
385.17	24.3
385.344	24.3
385.518	24.2
385.692	24.1
385.866	24.1
386.04	24
386.214	24
386.388	23.9
386.562	23.9
386.737	23.8
386.911	23.8
387.085	23.7
387.259	23.7
387.434	23.7
387.608	23.7
387.782	23.6
387.956	23.6
388.131	23.6
388.305	23.5
388.48	23.5
388.654	23.4
388.829	23.4
389.003	23.4
389.178	23.3
389.352	23.3
389.527	23.3
389.701	23.2
389.876	23.2
390.051	23.1
390.226	23.1
390.4	23.1
390.575	23
390.75	23
390.925	22.9
391.099	22.9
391.274	22.9
391.449	22.8
391.624	22.8
391.799	22.8
391.974	22.7
392.149	22.7
392.324	22.7
392.499	22.6
392.675	22.6
392.85	22.6
393.025	22.5
393.2	22.5
393.375	22.4
393.551	22.4
393.726	22.4
393.901	22.4
394.077	22.3
394.252	22.3
394.427	22.2
394.603	22.2
394.778	22.1
394.954	22.1
395.129	22
395.305	22
395.481	22
395.656	22
395.832	21.9
396.008	21.9
396.184	21.8
396.359	21.8
396.535	21.7
396.711	21.7
396.887	21.7
397.063	21.7
397.239	21.7
397.415	21.6
397.591	21.6
397.767	21.5
397.943	21.5
398.119	21.5
398.295	21.4
398.471	21.4
398.648	21.3
398.824	21.3
399	21.3
399.176	21.2
399.353	21.2
399.529	21.2
399.706	21.2
399.882	21.1
400.058	21.1
400.235	21.1
400.412	21.1
400.588	21.1
400.765	21
400.942	21
401.118	21
401.295	20.9
401.472	20.9
401.649	20.9
401.825	20.9
402.002	20.8
402.179	20.8
402.356	20.8
402.533	20.7
402.71	20.7
402.887	20.7
403.064	20.6
403.242	20.6
403.419	20.6
403.596	20.6
403.773	20.5
403.95	20.5
404.128	20.5
404.305	20.4
404.483	20.4
404.66	20.4
404.837	20.3
405.015	20.3
405.193	20.3
405.37	20.3
405.548	20.2
405.725	20.2
405.903	20.2
406.081	20.1
406.259	20.1
406.437	20.1
406.614	20
406.792	20
406.97	20
407.148	20
407.326	20
407.504	19.9
407.682	19.9
407.86	19.9
408.039	19.8
408.217	19.8
408.395	19.8
408.573	19.8
408.751	19.8
408.93	19.7
409.108	19.7
409.287	19.7
409.465	19.7
409.643	19.7
409.822	19.6
410	19.6
410.179	19.6
410.358	19.6
410.536	19.6
410.715	19.6
410.894	19.5
411.072	19.5
411.251	19.5
411.43	19.5
411.609	19.5
411.788	19.5
411.967	19.5
412.146	19.4
412.325	19.4
412.504	19.4
412.683	19.4
412.862	19.4
413.041	19.4
413.22	19.4
413.399	19.4
413.578	19.4
413.758	19.4
413.937	19.4
414.116	19.4
414.296	19.4
414.475	19.4
414.654	19.4
414.834	19.4
415.013	19.4
415.193	19.4
415.372	19.4
415.552	19.4
415.732	19.4
415.911	19.4
416.091	19.4
416.271	19.4
416.45	19.5
416.63	19.5
416.81	19.5
416.99	19.5
417.169	19.5
417.349	19.5
417.529	19.5
417.709	19.6
417.889	19.6
418.069	19.6
418.249	19.6
418.429	19.6
418.609	19.6
418.789	19.6
418.97	19.6
419.15	19.7
419.33	19.7
419.51	19.7
419.691	19.7
419.871	19.7
420.051	19.8
420.232	19.8
420.412	19.8
420.592	19.8
420.773	19.8
420.953	19.8
421.134	19.9
421.314	19.9
421.495	19.9
421.675	19.9
421.856	19.9
422.037	20
422.217	20
422.398	20
422.579	20
422.76	20
422.94	20.1
423.121	20.1
423.302	20.1
423.483	20.1
423.664	20.1
423.845	20.1
424.026	20.1
424.207	20.2
424.388	20.2
424.569	20.2
424.75	20.2
424.931	20.2
425.112	20.3
425.293	20.3
425.474	20.3
425.655	20.3
425.837	20.3
426.018	20.3
426.199	20.4
426.38	20.4
426.562	20.4
426.743	20.4
426.924	20.4
427.106	20.4
427.287	20.4
427.469	20.4
427.65	20.5
427.832	20.5
428.013	20.5
428.195	20.5
428.376	20.5
428.558	20.5
428.739	20.5
428.921	20.5
429.103	20.6
429.284	20.6
429.466	20.6
429.648	20.6
429.83	20.6
430.011	20.6
430.193	20.6
430.375	20.6
430.557	20.6
430.739	20.6
430.921	20.7
431.102	20.7
431.284	20.7
431.466	20.7
431.648	20.7
431.83	20.7
432.012	20.7
432.194	20.7
432.377	20.8
432.559	20.8
432.741	20.8
432.923	20.8
433.105	20.8
433.287	20.8
433.469	20.8
433.652	20.8
433.834	20.8
434.016	20.8
434.198	20.8
434.381	20.9
434.563	20.9
434.745	20.9
434.928	20.9
435.11	20.9
435.293	20.9
435.475	20.9
435.658	20.9
435.84	20.9
436.022	20.9
436.205	20.9
436.388	20.9
436.57	20.9
436.753	20.9
436.935	20.9
437.118	21
437.301	21
437.483	21
437.666	21
437.849	21
438.031	21
438.214	21
438.397	21
438.58	21
438.762	21
438.945	21
439.128	21
439.311	21
439.494	21
439.677	21
439.859	21
440.042	21
440.225	21
440.408	21
440.591	21
440.774	21
440.957	21
441.14	21.1
441.323	21.1
441.507	21.1
441.69	21.1
441.873	21.1
442.056	21.1
442.239	21.1
442.422	21.1
442.605	21.1
442.789	21.1
442.972	21.1
443.155	21.1
443.338	21.1
443.522	21.1
443.705	21.1
443.888	21.1
444.072	21.1
444.255	21.1
444.438	21.2
444.622	21.2
444.805	21.2
444.989	21.2
445.172	21.2
445.356	21.2
445.539	21.2
445.723	21.2
445.906	21.2
446.09	21.2
446.273	21.2
446.457	21.2
446.64	21.2
446.824	21.2
447.008	21.2
447.191	21.2
447.375	21.3
447.559	21.3
447.742	21.3
447.926	21.3
448.11	21.3
448.293	21.3
448.477	21.3
448.661	21.3
448.845	21.3
449.029	21.3
449.212	21.4
449.396	21.4
449.58	21.4
449.764	21.4
449.948	21.4
450.132	21.4
450.316	21.4
450.5	21.4
450.684	21.5
450.868	21.5
451.052	21.5
451.236	21.5
451.42	21.5
451.604	21.5
451.788	21.5
451.972	21.6
452.156	21.6
452.34	21.6
452.525	21.6
452.709	21.6
452.893	21.7
453.077	21.7
453.261	21.7
453.446	21.7
453.63	21.7
453.814	21.7
453.998	21.8
454.183	21.8
454.367	21.8
454.551	21.8
454.736	21.8
454.92	21.9
455.104	21.9
455.289	21.9
455.473	21.9
455.658	21.9
455.842	22
456.026	22
456.211	22
456.395	22
456.58	22.1
456.764	22.1
456.949	22.1
457.134	22.1
457.318	22.2
457.503	22.2
457.687	22.2
457.872	22.2
458.057	22.3
458.241	22.3
458.426	22.3
458.611	22.3
458.795	22.4
458.98	22.4
459.165	22.4
459.349	22.4
459.534	22.5
459.719	22.5
459.904	22.5
460.088	22.6
460.273	22.6
460.458	22.6
460.643	22.6
460.828	22.7
461.013	22.7
461.198	22.7
461.382	22.7
461.567	22.8
461.752	22.8
461.937	22.8
462.122	22.8
462.307	22.9
462.492	22.9
462.677	22.9
462.862	22.9
463.047	23
463.232	23
463.417	23
463.602	23
463.788	23.1
463.973	23.1
464.158	23.1
464.343	23.1
464.528	23.1
464.713	23.2
464.898	23.2
465.084	23.2
465.269	23.2
465.454	23.3
465.639	23.3
465.824	23.3
466.01	23.3
466.195	23.4
466.38	23.4
466.566	23.4
466.751	23.4
466.936	23.5
467.122	23.5
467.307	23.5
467.492	23.5
467.678	23.6
467.863	23.6
468.048	23.6
468.234	23.6
468.419	23.7
468.605	23.7
468.79	23.7
468.976	23.7
469.161	23.7
469.347	23.8
469.532	23.8
469.718	23.8
469.903	23.8
470.089	23.9
470.274	23.9
470.46	23.9
470.646	24
470.831	24
471.017	24
471.202	24
471.388	24
471.574	24.1
471.759	24.1
471.945	24.1
472.131	24.1
472.317	24.2
472.502	24.2
472.688	24.2
472.874	24.2
473.059	24.3
473.245	24.3
473.431	24.3
473.617	24.3
473.803	24.3
473.988	24.4
474.174	24.4
474.36	24.4
474.546	24.4
474.732	24.4
474.918	24.4
475.104	24.5
475.29	24.5
475.475	24.5
475.661	24.5
475.847	24.5
476.033	24.5
476.219	24.5
476.405	24.6
476.591	24.6
476.777	24.6
476.963	24.6
477.149	24.6
477.335	24.6
477.521	24.6
477.707	24.6
477.893	24.6
478.08	24.6
478.266	24.7
478.452	24.7
478.638	24.7
478.824	24.7
479.01	24.7
479.196	24.7
479.382	24.7
479.569	24.7
479.755	24.7
479.941	24.7
480.127	24.7
480.313	24.7
480.5	24.7
480.686	24.7
480.872	24.7
481.058	24.7
481.245	24.6
481.431	24.6
481.617	24.6
481.803	24.6
481.99	24.6
482.176	24.6
482.362	24.6
482.549	24.6
482.735	24.6
482.921	24.6
483.108	24.6
483.294	24.6
483.481	24.6
483.667	24.6
483.853	24.6
484.04	24.6
484.226	24.6
484.413	24.5
484.599	24.5
484.786	24.5
484.972	24.5
485.159	24.5
485.345	24.5
485.532	24.5
485.718	24.5
485.905	24.5
486.091	24.5
486.278	24.5
486.464	24.5
486.651	24.5
486.837	24.5
487.024	24.5
487.211	24.5
487.397	24.5
487.584	24.5
487.77	24.5
487.957	24.5
488.144	24.5
488.33	24.5
488.517	24.5
488.704	24.5
488.89	24.5
489.077	24.5
489.264	24.5
489.45	24.5
489.637	24.6
489.824	24.6
490.01	24.6
490.197	24.6
490.384	24.6
490.571	24.6
490.757	24.7
490.944	24.7
491.131	24.7
491.318	24.7
491.505	24.8
491.691	24.8
491.878	24.8
492.065	24.9
492.252	24.9
492.439	24.9
492.626	24.9
492.812	25
492.999	25
493.186	25.1
493.373	25.1
493.56	25.1
493.747	25.1
493.934	25.2
494.121	25.2
494.308	25.3
494.494	25.3
494.681	25.3
494.868	25.4
495.055	25.4
495.242	25.5
495.429	25.5
495.616	25.6
495.803	25.6
495.99	25.6
496.177	25.7
496.364	25.7
496.551	25.8
496.738	25.8
496.925	25.9
497.112	25.9
497.299	25.9
497.486	26
497.673	26
497.861	26.1
498.048	26.1
498.235	26.2
498.422	26.2
498.609	26.2
498.796	26.3
498.983	26.3
499.17	26.3
499.357	26.4
499.544	26.4
499.732	26.4
499.919	26.5
500.106	26.5
500.293	26.5
500.48	26.6
500.667	26.6
500.855	26.6
501.042	26.6
501.229	26.7
501.416	26.7
501.603	26.7
501.791	26.7
501.978	26.7
502.165	26.7
502.352	26.8
502.54	26.8
502.727	26.8
502.914	26.8
503.101	26.8
503.289	26.8
503.476	26.8
503.663	26.8
503.85	26.8
504.038	26.8
504.225	26.8
504.412	26.8
504.6	26.7
504.787	26.7
504.974	26.7
505.161	26.7
505.349	26.7
505.536	26.6
505.723	26.6
505.911	26.6
506.098	26.5
506.286	26.5
506.473	26.5
506.66	26.4
506.848	26.4
507.035	26.4
507.222	26.3
507.41	26.3
507.597	26.2
507.785	26.2
507.972	26.1
508.159	26.1
508.347	26
508.534	25.9
508.722	25.9
508.909	25.8
509.097	25.8
509.284	25.7
509.471	25.6
509.659	25.6
509.846	25.5
510.034	25.4
510.221	25.4
510.409	25.3
510.596	25.2
510.784	25.1
510.971	25
511.159	25
511.346	24.9
511.534	24.8
511.721	24.7
511.909	24.6
512.096	24.5
512.284	24.4
512.471	24.4
512.659	24.3
512.846	24.2
513.034	24.1
513.221	24
513.409	23.9
513.596	23.8
513.784	23.7
513.972	23.6
514.159	23.5
514.347	23.4
514.534	23.3
514.722	23.2
514.909	23.1
515.097	23
515.285	22.9
515.472	22.8
515.66	22.7
515.847	22.6
516.035	22.5
516.222	22.4
516.41	22.3
516.598	22.2
516.785	22.1
516.973	22
517.161	21.9
517.348	21.8
517.536	21.6
517.723	21.5
517.911	21.4
518.099	21.3
518.286	21.2
518.474	21.1
518.662	21
518.849	20.9
519.037	20.8
519.225	20.6
519.412	20.5
519.6	20.4
519.787	20.3
519.975	20.2
520.163	20.1
520.35	20
520.538	19.9
520.726	19.7
520.914	19.6
521.101	19.5
521.289	19.4
521.477	19.3
521.664	19.2
521.852	19.1
522.04	18.9
522.227	18.8
522.415	18.7
522.603	18.6
522.79	18.5
522.978	18.4
523.166	18.2
523.354	18.1
523.541	18
523.729	17.9
523.917	17.8
524.104	17.7
524.292	17.6
524.48	17.4
524.668	17.3
524.855	17.2
525.043	17.1
525.231	17
525.418	16.9
525.606	16.8
525.794	16.6
525.982	16.5
526.169	16.4
526.357	16.3
526.545	16.2
526.733	16.1
526.92	16
527.108	15.9
527.296	15.8
527.484	15.7
527.671	15.5
527.859	15.4
528.047	15.3
528.235	15.2
528.422	15.1
528.61	15
528.798	14.9
528.986	14.8
529.173	14.7
529.361	14.6
529.549	14.5
529.737	14.4
529.924	14.3
530.112	14.2
530.3	14.1
530.488	14
530.675	13.9
530.863	13.7
531.051	13.6
531.239	13.5
531.426	13.4
531.614	13.3
531.802	13.2
531.99	13.1
532.177	13
532.365	13
532.553	12.9
532.741	12.8
532.928	12.7
533.116	12.6
533.304	12.5
533.492	12.4
533.679	12.3
533.867	12.2
534.055	12.1
534.243	12
534.431	11.9
534.618	11.8
534.806	11.7
534.994	11.6
535.182	11.6
535.369	11.5
535.557	11.4
535.745	11.3
535.933	11.2
536.12	11.1
536.308	11
536.496	11
536.684	10.9
536.871	10.8
537.059	10.7
537.247	10.6
537.435	10.5
537.622	10.5
537.81	10.4
537.998	10.3
538.186	10.2
538.373	10.1
538.561	10.1
538.749	10
538.937	9.9
539.124	9.8
539.312	9.8
539.5	9.7
539.688	9.6
539.875	9.5
540.063	9.5
540.251	9.4
540.439	9.3
540.626	9.2
540.814	9.2
541.002	9.1
541.19	9
541.377	9
541.565	8.9
541.753	8.8
541.941	8.7
542.128	8.7
542.316	8.6
542.504	8.5
542.691	8.5
542.879	8.4
543.067	8.3
543.255	8.3
543.442	8.2
543.63	8.1
543.818	8.1
544.005	8
544.193	7.9
544.381	7.9
544.568	7.8
544.756	7.7
544.944	7.7
545.132	7.6
545.319	7.5
545.507	7.5
545.695	7.4
545.882	7.4
546.07	7.3
546.258	7.3
546.445	7.2
546.633	7.1
546.821	7.1
547.008	7
547.196	7
547.384	6.9
547.571	6.8
547.759	6.8
547.947	6.7
548.134	6.7
548.322	6.6
548.51	6.6
548.697	6.5
548.885	6.5
549.073	6.4
549.26	6.4
549.448	6.3
549.636	6.3
549.823	6.2
550.011	6.2
550.199	6.1
550.386	6.1
550.574	6
550.762	6
550.949	5.9
551.137	5.9
551.325	5.8
551.512	5.8
551.7	5.8
551.888	5.7
552.075	5.7
552.263	5.6
552.451	5.6
552.639	5.6
552.826	5.5
553.014	5.5
553.202	5.4
553.389	5.4
553.577	5.4
553.765	5.3
553.953	5.3
554.14	5.3
554.328	5.2
554.516	5.2
554.704	5.2
554.891	5.1
555.079	5.1
555.267	5.1
555.455	5.1
555.643	5
555.83	5
556.018	5
556.206	4.9
556.394	4.9
556.582	4.9
556.77	4.9
556.957	4.9
557.145	4.8
557.333	4.8
557.521	4.8
557.709	4.8
557.897	4.7
558.085	4.7
558.273	4.7
558.461	4.7
558.649	4.7
558.837	4.7
559.025	4.6
559.213	4.6
559.4	4.6
559.588	4.6
559.777	4.6
559.965	4.6
560.153	4.5
560.341	4.5
560.529	4.5
560.717	4.5
560.905	4.5
561.093	4.5
561.281	4.5
561.469	4.5
561.657	4.5
561.845	4.4
562.034	4.4
562.222	4.4
562.41	4.4
562.598	4.4
562.786	4.4
562.975	4.4
563.163	4.4
563.351	4.4
563.539	4.4
563.728	4.3
563.916	4.3
564.104	4.3
564.293	4.3
564.481	4.3
564.67	4.3
564.858	4.3
565.046	4.3
565.235	4.3
565.423	4.3
565.612	4.3
565.8	4.3
565.989	4.3
566.177	4.2
566.366	4.2
566.554	4.2
566.743	4.2
566.932	4.2
567.12	4.2
567.309	4.2
567.497	4.2
567.686	4.2
567.875	4.2
568.064	4.2
568.252	4.2
568.441	4.1
568.63	4.1
568.819	4.1
569.007	4.1
569.196	4.1
569.385	4.1
569.574	4.1
569.763	4.1
569.952	4.1
570.141	4.1
570.33	4.1
570.519	4
570.708	4
570.897	4
571.086	4
571.275	4
571.464	4
571.653	4
571.843	4
572.032	4
572.221	4
572.41	3.9
572.599	3.9
572.789	3.9
572.978	3.9
573.167	3.9
573.357	3.9
573.546	3.9
573.736	3.9
573.925	3.9
574.115	3.9
574.304	3.9
574.494	3.8
574.683	3.8
574.873	3.8
575.062	3.8
575.252	3.8
575.442	3.8
575.631	3.8
575.821	3.8
576.011	3.8
576.201	3.8
576.39	3.8
576.58	3.7
576.77	3.7
576.96	3.7
577.15	3.7
577.34	3.7
577.53	3.7
577.72	3.7
577.91	3.7
578.1	3.7
578.29	3.7
578.48	3.7
578.67	3.6
578.861	3.6
579.051	3.6
579.241	3.6
579.431	3.6
579.622	3.6
579.812	3.6
580.002	3.6
580.193	3.6
580.383	3.6
580.574	3.5
580.764	3.5
580.955	3.5
581.145	3.5
581.336	3.5
581.526	3.5
581.717	3.5
581.908	3.5
582.098	3.5
582.289	3.5
582.48	3.5
582.671	3.4
582.862	3.4
583.052	3.4
583.243	3.4
583.434	3.4
583.625	3.4
583.816	3.4
584.007	3.4
584.198	3.4
584.389	3.4
584.58	3.4
584.771	3.4
584.962	3.3
585.154	3.3
585.345	3.3
585.536	3.3
585.727	3.3
585.918	3.3
586.11	3.3
586.301	3.3
586.492	3.3
586.684	3.3
586.875	3.3
587.067	3.3
587.258	3.3
587.45	3.3
587.641	3.3
587.833	3.2
588.024	3.2
588.216	3.2
588.408	3.2
588.599	3.2
588.791	3.2
588.983	3.2
589.174	3.2
589.366	3.2
589.558	3.2
589.75	3.2
589.942	3.2
590.134	3.2
590.326	3.2
590.518	3.2
590.71	3.2
590.902	3.2
591.094	3.2
591.286	3.1
591.478	3.1
591.67	3.1
591.862	3.1
592.054	3.1
592.246	3.1
592.439	3.1
592.631	3.1
592.823	3.1
593.016	3.1
593.208	3.1
593.4	3.1
593.593	3.1
593.785	3.1
593.978	3.1
594.17	3.1
594.363	3.1
594.555	3.1
594.748	3.1
594.94	3.1
595.133	3.1
595.326	3.1
595.518	3.1
595.711	3.1
595.904	3.1
596.096	3.1
596.289	3.1
596.482	3.1
596.675	3.1
596.868	3.1
597.061	3.1
597.254	3.1
597.447	3.1
597.64	3.1
597.833	3.1
598.026	3.1
598.219	3.1
598.412	3.1
598.605	3.1
598.798	3.1
598.991	3.1
599.184	3.1
599.378	3.1
599.571	3.1
599.764	3.1
599.957	3.1
600.151	3.1
600.344	3.1
600.538	3.1
600.731	3.1
600.924	3.1
601.118	3.1
601.311	3.1
601.505	3.1
601.698	3.1
601.892	3.1
602.086	3.1
602.279	3.1
602.473	3.1
602.667	3.1
602.86	3.1
603.054	3.1
603.248	3.1
603.442	3.1
603.635	3.1
603.829	3.1
604.023	3.1
604.217	3.1
604.411	3.1
604.605	3.2
604.799	3.2
604.993	3.2
605.187	3.2
605.381	3.2
605.575	3.2
605.769	3.2
605.963	3.2
606.157	3.2
606.352	3.2
606.546	3.2
606.74	3.2
606.934	3.2
607.129	3.2
607.323	3.2
607.517	3.2
607.712	3.2
607.906	3.2
608.1	3.2
608.295	3.2
608.489	3.2
608.684	3.2
608.878	3.2
609.073	3.3
609.267	3.3
609.462	3.3
609.657	3.3
609.851	3.3
610.046	3.3
610.241	3.3
610.435	3.3
610.63	3.3
610.825	3.3
611.02	3.3
611.215	3.3
611.41	3.3
611.604	3.3
611.799	3.3
611.994	3.3
612.189	3.3
612.384	3.3
612.579	3.3
612.774	3.3
612.969	3.4
613.164	3.4
613.359	3.4
613.555	3.4
613.75	3.4
613.945	3.4
614.14	3.4
614.335	3.4
614.531	3.4
614.726	3.4
614.921	3.4
615.117	3.4
615.312	3.4
615.507	3.4
615.703	3.4
615.898	3.4
616.094	3.4
616.289	3.4
616.485	3.4
616.68	3.4
616.876	3.4
617.071	3.4
617.267	3.4
617.463	3.4
617.658	3.4
617.854	3.4
618.05	3.4
618.245	3.4
618.441	3.4
618.637	3.4
618.833	3.4
619.029	3.4
619.225	3.4
619.42	3.4
619.616	3.4
619.812	3.4
620.008	3.4
620.204	3.4
620.4	3.4
620.596	3.4
620.792	3.4
620.988	3.4
621.184	3.4
621.381	3.4
621.577	3.4
621.773	3.4
621.969	3.4
622.165	3.4
622.362	3.4
622.558	3.4
622.754	3.4
622.951	3.4
623.147	3.4
623.343	3.4
623.54	3.4
623.736	3.4
623.933	3.4
624.129	3.4
624.326	3.4
624.522	3.4
624.719	3.4
624.915	3.4
625.112	3.4
625.308	3.4
625.505	3.4
625.702	3.4
625.898	3.4
626.095	3.4
626.292	3.4
626.489	3.4
626.685	3.4
626.882	3.4
627.079	3.4
627.276	3.4
627.473	3.4
627.67	3.4
627.866	3.4
628.063	3.4
628.26	3.4
628.457	3.4
628.654	3.4
628.851	3.4
629.048	3.4
629.246	3.4
629.443	3.4
629.64	3.4
629.837	3.4
630.034	3.4
630.231	3.4
630.429	3.4
630.626	3.4
630.823	3.4
631.02	3.4
631.218	3.4
631.415	3.4
631.612	3.4
631.81	3.4
632.007	3.4
632.205	3.4
632.402	3.4
632.6	3.4
632.797	3.4
632.995	3.4
633.192	3.4
633.39	3.4
633.587	3.4
633.785	3.4
633.983	3.4
634.18	3.4
634.378	3.4
634.576	3.4
634.773	3.4
634.971	3.4
635.169	3.4
635.367	3.4
635.565	3.4
635.762	3.4
635.96	3.4
636.158	3.4
636.356	3.4
636.554	3.4
636.752	3.4
636.95	3.4
637.148	3.4
637.346	3.4
637.544	3.4
637.742	3.4
637.94	3.4
638.138	3.4
638.337	3.4
638.535	3.4
638.733	3.4
638.931	3.4
639.129	3.4
639.328	3.4
639.526	3.4
639.724	3.4
639.922	3.4
640.121	3.4
640.319	3.4
640.518	3.4
640.716	3.4
640.914	3.4
641.113	3.4
641.311	3.4
641.51	3.4
641.708	3.4
641.907	3.4
642.105	3.4
642.304	3.4
642.503	3.4
642.701	3.4
642.9	3.4
643.098	3.4
643.297	3.4
643.496	3.4
643.695	3.5
643.893	3.5
644.092	3.5
644.291	3.5
644.49	3.5
644.689	3.5
644.887	3.5
645.086	3.5
645.285	3.5
645.484	3.5
645.683	3.5
645.882	3.5
646.081	3.5
646.28	3.5
646.479	3.5
646.678	3.6
646.877	3.6
647.076	3.6
647.276	3.6
647.475	3.6
647.674	3.6
647.873	3.6
648.072	3.6
648.271	3.6
648.471	3.6
648.67	3.6
648.869	3.7
649.069	3.7
649.268	3.7
649.467	3.7
649.667	3.7
649.866	3.7
650.065	3.7
650.265	3.7
650.464	3.8
650.664	3.8
650.863	3.8
651.063	3.8
651.262	3.8
651.462	3.8
651.662	3.8
651.861	3.9
652.061	3.9
652.26	3.9
652.46	3.9
652.66	3.9
652.859	3.9
653.059	4
653.259	4
653.459	4
653.658	4
653.858	4
654.058	4.1
654.258	4.1
654.458	4.1
654.658	4.1
654.858	4.2
655.058	4.2
655.258	4.2
655.457	4.2
655.657	4.3
655.857	4.3
656.058	4.3
656.258	4.3
656.458	4.4
656.658	4.4
656.858	4.4
657.058	4.4
657.258	4.5
657.458	4.5
657.659	4.5
657.859	4.6
658.059	4.6
658.259	4.6
658.459	4.7
658.66	4.7
658.86	4.8
659.06	4.8
659.261	4.8
659.461	4.9
659.662	4.9
659.862	4.9
660.062	5
660.263	5
660.463	5.1
660.664	5.1
660.864	5.2
661.065	5.2
661.265	5.2
661.466	5.3
661.667	5.3
661.867	5.4
662.068	5.4
662.268	5.5
662.469	5.5
662.67	5.6
662.87	5.6
663.071	5.7
663.272	5.8
663.473	5.8
663.674	5.9
663.874	5.9
664.075	6
664.276	6
664.477	6.1
664.678	6.2
664.879	6.2
665.08	6.3
665.28	6.4
665.481	6.4
665.682	6.5
665.883	6.6
666.084	6.6
666.285	6.7
666.486	6.8
666.688	6.8
666.889	6.9
667.09	7
667.291	7.1
667.492	7.2
667.693	7.2
667.894	7.3
668.096	7.4
668.297	7.5
668.498	7.6
668.699	7.7
668.901	7.7
669.102	7.8
669.303	7.9
669.505	8
669.706	8.1
669.907	8.2
670.109	8.3
670.31	8.4
670.511	8.5
670.713	8.6
670.914	8.7
671.116	8.8
671.317	8.9
671.519	9
671.72	9.1
671.922	9.2
672.124	9.3
672.325	9.4
672.527	9.6
672.728	9.7
672.93	9.8
673.132	9.9
673.333	10
673.535	10.2
673.737	10.3
673.939	10.4
674.14	10.5
674.342	10.7
674.544	10.8
674.746	10.9
674.948	11
675.149	11.2
675.351	11.3
675.553	11.4
675.755	11.6
675.957	11.7
676.159	11.9
676.361	12
676.563	12.1
676.765	12.3
676.967	12.4
677.169	12.6
677.371	12.7
677.573	12.9
677.775	13
677.977	13.2
678.179	13.4
678.381	13.5
678.583	13.7
678.786	13.8
678.988	14
679.19	14.2
679.392	14.3
679.594	14.5
679.797	14.7
679.999	14.8
680.201	15
680.404	15.2
680.606	15.4
680.808	15.5
681.011	15.7
681.213	15.9
681.415	16
681.618	16.2
681.82	16.4
682.023	16.6
682.225	16.8
682.428	16.9
682.63	17.1
682.833	17.3
683.035	17.5
683.238	17.7
683.44	17.9
683.643	18.1
683.845	18.3
684.048	18.5
684.251	18.7
684.453	18.9
684.656	19.1
684.859	19.3
685.061	19.4
685.264	19.6
685.467	19.8
685.67	20
685.872	20.2
686.075	20.4
686.278	20.7
686.481	20.9
686.684	21.1
686.886	21.3
687.089	21.5
687.292	21.7
687.495	21.9
687.698	22.1
687.901	22.3
688.104	22.5
688.307	22.7
688.51	22.9
688.713	23.1
688.916	23.3
689.119	23.6
689.322	23.8
689.525	24
689.728	24.2
689.931	24.4
690.134	24.6
690.337	24.9
690.54	25.1
690.744	25.3
690.947	25.5
691.15	25.7
691.353	25.9
691.556	26.2
691.76	26.4
691.963	26.6
692.166	26.8
692.37	27
692.573	27.2
692.776	27.5
692.979	27.7
693.183	27.9
693.386	28.1
693.59	28.3
693.793	28.6
693.996	28.8
694.2	29
694.403	29.2
694.607	29.5
694.81	29.7
695.014	29.9
695.217	30.1
695.421	30.3
695.624	30.6
695.828	30.8
696.031	31
696.235	31.3
696.439	31.5
696.642	31.7
696.846	31.9
697.049	32.2
697.253	32.4
697.457	32.6
697.661	32.8
697.864	33.1
698.068	33.3
698.272	33.5
698.475	33.8
698.679	34
698.883	34.2
699.087	34.4
699.291	34.7
699.494	34.9
699.698	35.1
699.902	35.3
700.106	35.5
700.31	35.8
700.514	36
700.718	36.2
700.922	36.4
701.126	36.6
701.33	36.9
701.534	37.1
701.738	37.3
701.942	37.5
702.146	37.7
702.35	37.9
702.554	38.1
702.758	38.4
702.962	38.6
703.166	38.8
703.37	39
703.574	39.2
703.778	39.4
703.983	39.6
704.187	39.8
704.391	40
704.595	40.2
704.799	40.4
705.004	40.6
705.208	40.8
705.412	41
705.616	41.2
705.821	41.4
706.025	41.6
706.229	41.8
706.434	42
706.638	42.2
706.842	42.4
707.047	42.5
707.251	42.7
707.455	42.9
707.66	43.1
707.864	43.3
708.069	43.5
708.273	43.7
708.478	43.9
708.682	44.1
708.887	44.2
709.091	44.4
709.296	44.6
709.5	44.8
709.705	44.9
709.909	45.1
710.114	45.3
710.319	45.5
710.523	45.6
710.728	45.8
710.932	46
711.137	46.1
711.342	46.3
711.546	46.5
711.751	46.6
711.956	46.8
712.161	46.9
712.365	47.1
712.57	47.3
712.775	47.4
712.98	47.6
713.184	47.7
713.389	47.9
713.594	48
713.799	48.2
714.004	48.3
714.209	48.4
714.413	48.6
714.618	48.7
714.823	48.9
715.028	49
715.233	49.1
715.438	49.3
715.643	49.4
715.848	49.5
716.053	49.7
716.258	49.8
716.463	49.9
716.668	50.1
716.873	50.2
717.078	50.3
717.283	50.4
717.488	50.6
717.693	50.7
717.898	50.8
718.103	50.9
718.308	51
718.514	51.1
718.719	51.2
718.924	51.4
719.129	51.5
719.334	51.6
719.539	51.7
719.745	51.8
719.95	51.9
720.155	52
720.36	52.1
720.566	52.2
720.771	52.3
720.976	52.4
721.182	52.5
721.387	52.6
721.592	52.7
721.798	52.8
722.003	52.9
722.208	53
722.414	53.1
722.619	53.2
722.824	53.3
723.03	53.4
723.235	53.5
723.441	53.5
723.646	53.6
723.852	53.7
724.057	53.8
724.263	53.9
724.468	54
724.674	54
724.879	54.1
725.085	54.2
725.29	54.3
725.496	54.4
725.701	54.4
725.907	54.5
726.112	54.6
726.318	54.7
726.524	54.8
726.729	54.8
726.935	54.9
727.141	55
727.346	55.1
727.552	55.2
727.758	55.2
727.963	55.3
728.169	55.4
728.375	55.5
728.581	55.5
728.786	55.6
728.992	55.7
729.198	55.7
729.404	55.8
729.609	55.9
729.815	55.9
730.021	56
730.227	56.1
730.433	56.1
730.639	56.2
730.844	56.3
731.05	56.3
731.256	56.4
731.462	56.5
731.668	56.5
731.874	56.6
732.08	56.7
732.286	56.7
732.492	56.8
732.698	56.9
732.904	56.9
733.11	57
733.316	57
733.522	57.1
733.728	57.1
733.934	57.2
734.14	57.3
734.346	57.3
734.552	57.4
734.758	57.4
734.964	57.5
735.17	57.5
735.376	57.6
735.583	57.6
735.789	57.7
735.995	57.7
736.201	57.7
736.407	57.8
736.613	57.8
736.819	57.9
737.026	57.9
737.232	58
737.438	58
737.644	58.1
737.851	58.1
738.057	58.2
738.263	58.2
738.469	58.2
738.676	58.3
738.882	58.3
739.088	58.3
739.295	58.4
739.501	58.4
739.707	58.5
739.914	58.5
740.12	58.6
740.326	58.6
740.533	58.6
740.739	58.7
740.946	58.7
741.152	58.7
741.358	58.8
741.565	58.8
741.771	58.8
741.978	58.9
742.184	58.9
742.391	58.9
742.597	59
742.804	59
743.01	59
743.217	59.1
743.423	59.1
743.63	59.1
743.836	59.2
744.043	59.2
744.249	59.3
744.456	59.3
744.663	59.3
744.869	59.3
745.076	59.4
745.282	59.4
745.489	59.4
745.696	59.5
745.902	59.5
746.109	59.5
746.316	59.6
746.522	59.6
746.729	59.7
746.936	59.7
747.142	59.7
747.349	59.8
747.556	59.8
747.762	59.8
747.969	59.8
748.176	59.9
748.383	59.9
748.589	59.9
748.796	59.9
749.003	60
749.21	60
749.417	60
749.623	60
749.83	60.1
750.037	60.1
750.244	60.1
750.451	60.1
750.658	60.2
750.865	60.2
751.071	60.2
751.278	60.2
751.485	60.3
751.692	60.3
751.899	60.3
752.106	60.3
752.313	60.4
752.52	60.4
752.727	60.4
752.934	60.4
753.141	60.4
753.348	60.5
753.555	60.5
753.762	60.5
753.969	60.5
754.176	60.5
754.383	60.6
754.59	60.6
754.797	60.6
755.004	60.6
755.211	60.7
755.418	60.7
755.625	60.7
755.832	60.7
756.039	60.8
756.246	60.8
756.453	60.8
756.66	60.8
756.868	60.8
757.075	60.9
757.282	60.9
757.489	60.9
757.696	60.9
757.903	61
758.111	61
758.318	61
758.525	61
758.732	61.1
758.939	61.1
759.147	61.1
759.354	61.1
759.561	61.1
759.768	61.2
759.976	61.2
760.183	61.2
760.39	61.2
760.597	61.2
760.805	61.3
761.012	61.3
761.219	61.3
761.426	61.3
761.634	61.4
761.841	61.4
762.048	61.4
762.256	61.4
762.463	61.4
762.67	61.5
762.878	61.5
763.085	61.5
763.293	61.5
763.5	61.6
763.707	61.6
763.915	61.6
764.122	61.6
764.33	61.6
764.537	61.6
764.744	61.6
764.952	61.7
765.159	61.7
765.367	61.7
765.574	61.7
765.782	61.8
765.989	61.8
766.197	61.8
766.404	61.8
766.612	61.8
766.819	61.8
767.027	61.9
767.234	61.9
767.442	61.9
767.649	61.9
767.857	61.9
768.064	62
768.272	62
768.479	62
768.687	62
768.895	62.1
769.102	62.1
769.31	62.1
769.517	62.1
769.725	62.1
769.933	62.2
770.14	62.2
770.348	62.2
770.555	62.2
770.763	62.3
770.971	62.3
771.178	62.3
771.386	62.3
771.594	62.3
771.801	62.3
772.009	62.3
772.217	62.4
772.424	62.4
772.632	62.4
772.84	62.4
773.047	62.5
773.255	62.5
773.463	62.5
773.671	62.5
773.878	62.5
774.086	62.5
774.294	62.6
774.502	62.6
774.709	62.6
774.917	62.6
775.125	62.6
775.333	62.6
775.54	62.6
775.748	62.6
775.956	62.7
776.164	62.7
776.371	62.7
776.579	62.7
776.787	62.7
776.995	62.7
777.203	62.7
777.41	62.8
777.618	62.8
777.826	62.8
778.034	62.8
778.242	62.8
778.45	62.9
778.657	62.9
778.865	62.9
779.073	62.9
779.281	62.9
779.489	62.9
779.697	62.9
779.905	62.9
780.112	63
780.32	63
780.528	63
780.736	63
780.944	63
781.152	63
781.36	63
781.568	63
781.776	63
781.984	63.1
782.191	63.1
782.399	63.1
782.607	63.1
782.815	63.1
783.023	63.2
783.231	63.2
783.439	63.2
783.647	63.2
783.855	63.2
784.063	63.2
784.271	63.3
784.479	63.3
784.687	63.3
784.895	63.3
785.103	63.3
785.311	63.4
785.519	63.4
785.727	63.4
785.935	63.4
786.143	63.4
786.351	63.4
786.559	63.4
786.767	63.4
786.975	63.4
787.183	63.5
787.391	63.5
787.599	63.5
787.807	63.5
788.015	63.5
788.223	63.5
788.431	63.5
788.639	63.5
788.847	63.5
789.055	63.5
789.263	63.5
789.471	63.6
789.679	63.6
789.887	63.6
790.095	63.6
790.303	63.6
790.511	63.6
790.719	63.6
790.927	63.7
791.135	63.7
791.343	63.7
791.551	63.7
791.76	63.7
791.968	63.7
792.176	63.7
792.384	63.7
792.592	63.7
792.8	63.7
793.008	63.8
793.216	63.8
793.424	63.8
793.632	63.8
793.84	63.8
794.048	63.8
794.256	63.8
794.465	63.8
794.673	63.9
794.881	63.9
795.089	63.9
795.297	63.9
795.505	63.9
795.713	63.9
795.921	63.9
796.129	64
796.337	64
796.546	64
796.754	64
796.962	64
797.17	64.1
797.378	64.1
797.586	64.1
797.794	64.1
798.002	64.1
798.21	64.2
798.419	64.2
798.627	64.2
798.835	64.2
799.043	64.2
799.251	64.2
799.459	64.2
799.667	64.3
799.875	64.3
800.083	64.3
800.292	64.3
800.5	64.3
800.708	64.3
800.916	64.4
801.124	64.4
801.332	64.4
801.54	64.4
801.748	64.4
801.957	64.4
802.165	64.4
802.373	64.4
802.581	64.4
802.789	64.5
802.997	64.5
803.205	64.5
803.414	64.5
803.622	64.5
803.83	64.6
804.038	64.6
804.246	64.6
804.454	64.6
804.662	64.6
804.87	64.6
805.079	64.6
805.287	64.7
805.495	64.7
805.703	64.7
805.911	64.7
806.119	64.7
806.327	64.7
806.535	64.7
806.743	64.7
806.952	64.7
807.16	64.7
807.368	64.7
807.576	64.7
807.784	64.8
807.992	64.8
808.2	64.8
808.408	64.8
808.617	64.9
808.825	64.9
809.033	64.9
809.241	64.9
809.449	64.9
809.657	64.9
809.865	64.9
810.073	65
810.281	65
810.49	65
810.698	65
810.906	65
811.114	65
811.322	65
811.53	65
811.738	65
811.946	65
812.154	65
812.362	65
812.57	65.1
812.779	65.1
812.987	65.1
813.195	65.1
813.403	65.1
813.611	65.1
813.819	65.1
814.027	65.1
814.235	65.1
814.443	65.2
814.651	65.2
814.859	65.2
815.067	65.2
815.275	65.2
815.484	65.2
815.692	65.3
815.9	65.3
816.108	65.3
816.316	65.3
816.524	65.3
816.732	65.3
816.94	65.3
817.148	65.3
817.356	65.3
817.564	65.3
817.772	65.3
817.98	65.3
818.188	65.4
818.397	65.4
818.605	65.4
818.813	65.4
819.021	65.4
819.229	65.4
819.437	65.5
819.645	65.5
819.853	65.5
820.061	65.5
820.269	65.5
820.477	65.6
820.685	65.6
820.893	65.6
821.102	65.6
821.31	65.6
821.518	65.6
821.726	65.7
821.934	65.7
822.142	65.7
822.35	65.7
822.558	65.7
822.766	65.7
822.974	65.7
823.182	65.7
823.39	65.7
823.599	65.8
823.807	65.8
824.015	65.8
824.223	65.8
824.431	65.8
824.639	65.8
824.847	65.8
825.055	65.8
825.263	65.8
825.472	65.8
825.68	65.8
825.888	65.8
826.096	65.8
826.304	65.8
826.512	65.9
826.72	65.9
826.928	65.9
827.137	65.9
827.345	65.9
827.553	65.9
827.761	65.9
827.969	65.9
828.177	65.9
828.385	65.9
828.594	65.9
828.802	65.9
829.01	65.9
829.218	65.9
829.426	65.9
829.634	65.9
829.843	65.9
830.051	65.9
830.259	65.9
830.467	65.9
830.675	66
830.883	66
831.092	66
831.3	66
831.508	66
831.716	66
831.924	66
832.133	66.1
832.341	66.1
832.549	66.1
832.757	66.1
832.966	66.1
833.174	66.1
833.382	66.1
833.59	66.1
833.799	66.1
834.007	66.1
834.215	66.1
834.423	66.1
834.632	66.1
834.84	66.2
835.048	66.1
835.256	66.2
835.465	66.2
835.673	66.2
835.881	66.2
836.09	66.2
836.298	66.2
836.506	66.2
836.715	66.2
836.923	66.2
837.131	66.3
837.34	66.3
837.548	66.3
837.756	66.3
837.965	66.4
838.173	66.4
838.381	66.4
838.59	66.4
838.798	66.4
839.006	66.4
839.215	66.4
839.423	66.4
839.632	66.4
839.84	66.5
840.048	66.5
840.257	66.5
840.465	66.5
840.674	66.5
840.882	66.5
841.091	66.5
841.299	66.5
841.508	66.6
841.716	66.6
841.924	66.6
842.133	66.6
842.341	66.6
842.55	66.7
842.758	66.7
842.967	66.7
843.175	66.7
843.384	66.8
843.593	66.8
843.801	66.8
844.01	66.8
844.218	66.8
844.427	66.8
844.635	66.8
844.844	66.9
845.052	66.9
845.261	66.9
845.47	66.9
845.678	66.9
845.887	66.9
846.095	66.9
846.304	66.9
846.513	67
846.721	67
846.93	67
847.139	67
847.347	67
847.556	67
847.765	67.1
847.973	67.1
848.182	67.1
848.391	67.1
848.6	67.1
848.808	67.1
849.017	67.1
849.226	67.1
849.435	67.1
849.643	67.1
849.852	67.2
850.061	67.2
850.27	67.2
850.478	67.1
850.687	67.1
850.896	67.1
851.105	67.2
851.314	67.2
851.523	67.2
851.731	67.2
851.94	67.2
852.149	67.2
852.358	67.2
852.567	67.2
852.776	67.2
852.985	67.2
853.194	67.2
853.403	67.2
853.612	67.3
853.821	67.3
854.03	67.3
854.239	67.3
854.447	67.3
854.656	67.3
854.865	67.3
855.075	67.3
855.284	67.3
855.493	67.4
855.702	67.4
855.911	67.4
856.12	67.3
856.329	67.3
856.538	67.4
856.747	67.4
856.956	67.4
857.165	67.4
857.374	67.4
857.584	67.4
857.793	67.4
858.002	67.4
858.211	67.4
858.42	67.4
858.629	67.4
858.839	67.5
859.048	67.5
859.257	67.5
859.466	67.5
859.676	67.5
859.885	67.5
860.094	67.5
860.304	67.5
860.513	67.5
860.722	67.5
860.932	67.5
861.141	67.5
861.35	67.6
861.56	67.6
861.769	67.6
861.978	67.6
862.188	67.6
862.397	67.6
862.607	67.6
862.816	67.6
863.026	67.6
863.235	67.6
863.445	67.6
863.654	67.6
863.864	67.6
864.073	67.6
864.283	67.6
864.492	67.6
864.702	67.6
864.911	67.7
865.121	67.7
865.33	67.7
865.54	67.7
865.75	67.7
865.959	67.7
866.169	67.7
866.379	67.7
866.588	67.7
866.798	67.7
867.008	67.7
867.218	67.8
867.427	67.7
867.637	67.7
867.847	67.8
868.057	67.8
868.266	67.8
868.476	67.8
868.686	67.8
868.896	67.8
869.106	67.8
869.316	67.9
869.525	67.9
869.735	67.9
869.945	67.9
870.155	67.9
870.365	67.9
870.575	67.9
870.785	68
870.995	68
871.205	68
871.415	68
871.625	68
871.835	68
872.045	68
872.255	68
872.465	68
872.675	68
872.886	68
873.096	68
873.306	68
873.516	68.1
873.726	68.1
873.936	68.1
874.147	68.1
874.357	68.1
874.567	68.1
874.777	68.2
874.988	68.2
875.198	68.2
875.408	68.2
875.619	68.2
875.829	68.2
876.039	68.2
876.25	68.2
876.46	68.2
876.67	68.2
876.881	68.2
877.091	68.2
877.302	68.2
877.512	68.2
877.723	68.2
877.933	68.1
878.144	68.1
878.354	68.1
878.565	68.1
878.775	68.1
878.986	68.1
879.197	68
879.407	68
879.618	68
879.829	68
880.039	68
880.25	68
880.461	68
880.671	68
880.882	68
881.093	67.9
881.304	67.9
881.515	67.9
881.725	67.9
881.936	67.9
882.147	67.9
882.358	67.9
882.569	67.9
882.78	67.9
882.991	67.9
883.202	67.9
883.413	67.9
883.624	67.9
883.835	67.9
884.046	67.9
884.257	67.9
884.468	67.9
884.679	67.9
884.89	67.9
885.101	67.9
885.312	67.9
885.523	68
885.735	68
885.946	68
886.157	68
886.368	68.1
886.579	68.1
886.791	68.1
887.002	68.1
887.213	68.2
887.425	68.2
887.636	68.2
887.847	68.3
888.059	68.3
888.27	68.3
888.481	68.4
888.693	68.4
888.904	68.4
889.116	68.4
889.327	68.5
889.539	68.5
889.75	68.5
889.962	68.6
890.174	68.6
890.385	68.6
890.597	68.6
890.808	68.7
891.02	68.7
891.232	68.7
891.444	68.7
891.655	68.7
891.867	68.7
892.079	68.7
892.291	68.7
892.502	68.7
892.714	68.8
892.926	68.8
893.138	68.8
893.35	68.8
893.562	68.8
893.774	68.8
893.986	68.8
894.198	68.8
894.41	68.8
894.622	68.8
894.834	68.8
895.046	68.8
895.258	68.8
895.47	68.8
895.682	68.8
895.894	68.8
896.106	68.8
896.319	68.8
896.531	68.8
896.743	68.8
896.955	68.9
897.168	68.9
897.38	68.9
897.592	68.9
897.805	68.9
898.017	68.9
898.229	68.9
898.442	68.9
898.654	68.9
898.867	68.9
899.079	68.9
899.292	68.9
899.504	68.9
899.717	68.8
899.929	68.8
900.142	68.8
900.355	68.8
900.567	68.8
900.78	68.9
900.993	68.9
901.205	68.9
901.418	68.9
901.631	68.9
901.844	68.9
902.056	68.9
902.269	68.9
902.482	68.9
902.695	68.9
902.908	68.8
903.121	68.8
903.334	68.8
903.547	68.8
903.76	68.8
903.973	68.8
904.186	68.8
904.399	68.8
904.612	68.8
904.825	68.8
905.038	68.8
905.251	68.8
905.465	68.8
905.678	68.8
905.891	68.8
906.104	68.8
906.318	68.8
906.531	68.8
906.744	68.8
906.958	68.8
907.171	68.8
907.384	68.8
907.598	68.8
907.811	68.8
908.025	68.8
908.238	68.8
908.452	68.8
908.665	68.8
908.879	68.8
909.093	68.8
909.306	68.8
909.52	68.8
909.734	68.8
909.947	68.8
910.161	68.8
910.375	68.8
910.589	68.8
910.803	68.7
911.016	68.7
911.23	68.7
911.444	68.7
911.658	68.7
911.872	68.7
912.086	68.7
912.3	68.8
912.514	68.8
912.728	68.7
912.942	68.7
913.156	68.7
913.37	68.7
913.585	68.7
913.799	68.7
914.013	68.7
914.227	68.7
914.442	68.7
914.656	68.7
914.87	68.7
915.084	68.7
915.299	68.7
915.513	68.7
915.728	68.7
915.942	68.7
916.157	68.7
916.371	68.7
916.586	68.7
916.8	68.7
917.015	68.7
917.229	68.7
917.444	68.6
917.659	68.6
917.874	68.6
918.088	68.6
918.303	68.7
918.518	68.7
918.733	68.7
918.947	68.7
919.162	68.7
919.377	68.7
919.592	68.7
919.807	68.7
920.022	68.7
920.237	68.7
920.452	68.7
920.667	68.7
920.882	68.7
921.097	68.7
921.313	68.7
921.528	68.7
921.743	68.7
921.958	68.7
922.174	68.8
922.389	68.8
922.604	68.8
922.82	68.8
923.035	68.7
923.25	68.7
923.466	68.7
923.681	68.7
923.897	68.7
924.112	68.7
924.328	68.8
924.544	68.8
924.759	68.8
924.975	68.8
925.19	68.8
925.406	68.8
925.622	68.7
925.838	68.8
926.054	68.8
926.269	68.8
926.485	68.9
926.701	68.9
926.917	68.9
927.133	68.9
927.349	68.9
927.565	68.9
927.781	68.9
927.997	68.9
928.213	68.9
928.429	68.9
928.646	68.9
928.862	69
929.078	69
929.294	69
929.511	69.1
929.727	69
929.943	69.1
930.16	69.1
930.376	69.1
930.592	69.2
930.809	69.2
931.025	69.2
931.242	69.2
931.459	69.3
931.675	69.3
931.892	69.3
932.108	69.4
932.325	69.4
932.542	69.4
932.759	69.4
932.975	69.4
933.192	69.4
933.409	69.4
933.626	69.4
933.843	69.4
934.06	69.3
934.277	69.3
934.494	69.3
934.711	69.2
934.928	69.2
935.145	69.1
935.362	69.1
935.58	69
935.797	69
936.014	68.9
936.231	68.7
936.449	68.7
936.666	68.6
936.883	68.5
937.101	68.4
937.318	68.4
937.536	68.3
937.753	68.1
937.971	68
938.188	67.9
938.406	67.8
938.624	67.7
938.841	67.6
939.059	67.5
939.277	67.5
939.494	67.3
939.712	67.2
939.93	67.2
