360.161	10.4
360.333	10.3
360.504	10.3
360.676	10.3
360.847	10.3
361.019	10.3
361.19	10.3
361.361	10.3
361.533	10.3
361.704	10.2
361.876	10.2
362.047	10.2
362.219	10.1
362.391	10.1
362.562	10.1
362.734	10.1
362.905	10.1
363.077	10
363.248	10
363.42	9.9
363.592	9.8
363.763	9.8
363.935	9.8
364.106	9.9
364.278	9.9
364.45	9.8
364.621	9.8
364.793	9.8
364.965	9.7
365.137	9.6
365.308	9.6
365.48	9.5
365.652	9.5
365.824	9.5
365.995	9.3
366.167	9.3
366.339	9.3
366.511	9.3
366.683	9.3
366.854	9.2
367.026	9.1
367.198	9
367.37	9
367.542	9
367.714	9
367.886	8.9
368.058	8.9
368.23	8.8
368.402	8.8
368.574	8.8
368.746	8.8
368.918	8.7
369.09	8.7
369.262	8.7
369.434	8.6
369.606	8.6
369.778	8.6
369.95	8.5
370.122	8.5
370.294	8.5
370.467	8.4
370.639	8.4
370.811	8.4
370.983	8.4
371.155	8.4
371.328	8.3
371.5	8.3
371.672	8.3
371.844	8.3
372.017	8.3
372.189	8.2
372.361	8.2
372.534	8.2
372.706	8.1
372.878	8.1
373.051	8.1
373.223	8
373.396	8
373.568	7.9
373.741	7.9
373.913	7.9
374.086	7.9
374.258	7.9
374.431	7.9
374.603	8
374.776	7.9
374.949	7.8
375.121	7.8
375.294	7.8
375.467	7.7
375.639	7.7
375.812	7.7
375.985	7.6
376.157	7.6
376.33	7.6
376.503	7.6
376.676	7.6
376.849	7.5
377.021	7.5
377.194	7.5
377.367	7.5
377.54	7.4
377.713	7.4
377.886	7.4
378.059	7.3
378.232	7.3
378.405	7.3
378.578	7.3
378.751	7.3
378.924	7.2
379.097	7.2
379.27	7.2
379.444	7.2
379.617	7.2
379.79	7.2
379.963	7.1
380.136	7.1
380.31	7
380.483	7
380.656	7
380.829	6.9
381.003	6.9
381.176	6.9
381.35	6.8
381.523	6.8
381.696	6.7
381.87	6.7
382.043	6.7
382.217	6.6
382.39	6.6
382.564	6.6
382.738	6.6
382.911	6.5
383.085	6.5
383.258	6.5
383.432	6.4
383.606	6.4
383.779	6.4
383.953	6.4
384.127	6.4
384.301	6.3
384.475	6.3
384.648	6.2
384.822	6.2
384.996	6.2
385.17	6.2
385.344	6.1
385.518	6.1
385.692	6.1
385.866	6
386.04	6
386.214	6
386.388	6
386.562	5.9
386.737	5.9
386.911	5.9
387.085	5.9
387.259	5.8
387.434	5.8
387.608	5.9
387.782	5.9
387.956	5.9
388.131	5.9
388.305	5.8
388.48	5.8
388.654	5.8
388.829	5.8
389.003	5.7
389.178	5.7
389.352	5.7
389.527	5.7
389.701	5.7
389.876	5.7
390.051	5.6
390.226	5.6
390.4	5.6
390.575	5.6
390.75	5.6
390.925	5.6
391.099	5.6
391.274	5.6
391.449	5.6
391.624	5.5
391.799	5.5
391.974	5.5
392.149	5.5
392.324	5.5
392.499	5.5
392.675	5.5
392.85	5.5
393.025	5.5
393.2	5.4
393.375	5.4
393.551	5.4
393.726	5.4
393.901	5.4
394.077	5.3
394.252	5.3
394.427	5.3
394.603	5.3
394.778	5.3
394.954	5.3
395.129	5.2
395.305	5.2
395.481	5.2
395.656	5.2
395.832	5.2
396.008	5.2
396.184	5.2
396.359	5.2
396.535	5.2
396.711	5.1
396.887	5.1
397.063	5.1
397.239	5.1
397.415	5.1
397.591	5.1
397.767	5.1
397.943	5.1
398.119	5
398.295	5
398.471	5
398.648	5
398.824	5
399	5
399.176	5
399.353	5
399.529	5
399.706	5
399.882	4.9
400.058	4.9
400.235	4.9
400.412	4.9
400.588	4.9
400.765	4.9
400.942	4.9
401.118	4.9
401.295	4.9
401.472	4.9
401.649	4.9
401.825	4.9
402.002	4.8
402.179	4.8
402.356	4.8
402.533	4.8
402.71	4.7
402.887	4.7
403.064	4.7
403.242	4.7
403.419	4.7
403.596	4.7
403.773	4.7
403.95	4.7
404.128	4.7
404.305	4.7
404.483	4.7
404.66	4.7
404.837	4.7
405.015	4.7
405.193	4.7
405.37	4.7
405.548	4.6
405.725	4.6
405.903	4.6
406.081	4.6
406.259	4.6
406.437	4.6
406.614	4.6
406.792	4.6
406.97	4.6
407.148	4.5
407.326	4.5
407.504	4.5
407.682	4.5
407.86	4.5
408.039	4.5
408.217	4.5
408.395	4.5
408.573	4.4
408.751	4.4
408.93	4.4
409.108	4.4
409.287	4.4
409.465	4.4
409.643	4.4
409.822	4.4
410	4.4
410.179	4.4
410.358	4.4
410.536	4.3
410.715	4.3
410.894	4.3
411.072	4.3
411.251	4.3
411.43	4.3
411.609	4.3
411.788	4.3
411.967	4.3
412.146	4.3
412.325	4.3
412.504	4.2
412.683	4.2
412.862	4.2
413.041	4.2
413.22	4.2
413.399	4.2
413.578	4.2
413.758	4.2
413.937	4.2
414.116	4.2
414.296	4.2
414.475	4.2
414.654	4.2
414.834	4.2
415.013	4.2
415.193	4.2
415.372	4.2
415.552	4.2
415.732	4.1
415.911	4.1
416.091	4.1
416.271	4.1
416.45	4.1
416.63	4.1
416.81	4.1
416.99	4.1
417.169	4.1
417.349	4.1
417.529	4.1
417.709	4.1
417.889	4.1
418.069	4.1
418.249	4.1
418.429	4.1
418.609	4.1
418.789	4.1
418.97	4
419.15	4
419.33	4
419.51	4
419.691	4
419.871	4
420.051	4
420.232	4
420.412	4
420.592	4
420.773	4
420.953	4
421.134	4
421.314	4
421.495	4
421.675	4
421.856	4
422.037	4
422.217	3.9
422.398	3.9
422.579	3.9
422.76	3.9
422.94	3.9
423.121	3.9
423.302	3.9
423.483	3.9
423.664	3.9
423.845	3.9
424.026	3.9
424.207	3.9
424.388	3.9
424.569	3.9
424.75	3.9
424.931	3.9
425.112	3.9
425.293	3.9
425.474	3.9
425.655	3.9
425.837	3.9
426.018	3.9
426.199	3.9
426.38	3.9
426.562	3.9
426.743	3.9
426.924	3.8
427.106	3.8
427.287	3.8
427.469	3.8
427.65	3.8
427.832	3.8
428.013	3.8
428.195	3.8
428.376	3.8
428.558	3.8
428.739	3.8
428.921	3.8
429.103	3.8
429.284	3.8
429.466	3.8
429.648	3.8
429.83	3.8
430.011	3.8
430.193	3.8
430.375	3.7
430.557	3.7
430.739	3.7
430.921	3.7
431.102	3.7
431.284	3.7
431.466	3.7
431.648	3.7
431.83	3.7
432.012	3.7
432.194	3.7
432.377	3.7
432.559	3.7
432.741	3.7
432.923	3.7
433.105	3.7
433.287	3.7
433.469	3.7
433.652	3.6
433.834	3.6
434.016	3.6
434.198	3.6
434.381	3.6
434.563	3.6
434.745	3.6
434.928	3.6
435.11	3.6
435.293	3.6
435.475	3.6
435.658	3.6
435.84	3.6
436.022	3.6
436.205	3.6
436.388	3.6
436.57	3.6
436.753	3.6
436.935	3.6
437.118	3.6
437.301	3.6
437.483	3.6
437.666	3.6
437.849	3.6
438.031	3.6
438.214	3.6
438.397	3.6
438.58	3.6
438.762	3.6
438.945	3.6
439.128	3.6
439.311	3.6
439.494	3.6
439.677	3.6
439.859	3.6
440.042	3.6
440.225	3.6
440.408	3.6
440.591	3.6
440.774	3.6
440.957	3.6
441.14	3.6
441.323	3.6
441.507	3.6
441.69	3.6
441.873	3.6
442.056	3.6
442.239	3.6
442.422	3.6
442.605	3.6
442.789	3.6
442.972	3.6
443.155	3.6
443.338	3.5
443.522	3.5
443.705	3.5
443.888	3.5
444.072	3.5
444.255	3.5
444.438	3.6
444.622	3.6
444.805	3.6
444.989	3.6
445.172	3.6
445.356	3.5
445.539	3.6
445.723	3.6
445.906	3.6
446.09	3.6
446.273	3.6
446.457	3.6
446.64	3.6
446.824	3.6
447.008	3.6
447.191	3.6
447.375	3.6
447.559	3.6
447.742	3.6
447.926	3.6
448.11	3.6
448.293	3.6
448.477	3.6
448.661	3.6
448.845	3.6
449.029	3.6
449.212	3.6
449.396	3.6
449.58	3.6
449.764	3.6
449.948	3.6
450.132	3.6
450.316	3.6
450.5	3.6
450.684	3.6
450.868	3.6
451.052	3.6
451.236	3.6
451.42	3.6
451.604	3.6
451.788	3.6
451.972	3.6
452.156	3.6
452.34	3.6
452.525	3.6
452.709	3.6
452.893	3.6
453.077	3.6
453.261	3.6
453.446	3.7
453.63	3.7
453.814	3.7
453.998	3.7
454.183	3.7
454.367	3.7
454.551	3.7
454.736	3.7
454.92	3.7
455.104	3.7
455.289	3.7
455.473	3.7
455.658	3.7
455.842	3.7
456.026	3.7
456.211	3.7
456.395	3.7
456.58	3.7
456.764	3.7
456.949	3.7
457.134	3.7
457.318	3.7
457.503	3.8
457.687	3.8
457.872	3.8
458.057	3.8
458.241	3.8
458.426	3.8
458.611	3.8
458.795	3.8
458.98	3.8
459.165	3.8
459.349	3.8
459.534	3.8
459.719	3.8
459.904	3.8
460.088	3.9
460.273	3.9
460.458	3.9
460.643	3.9
460.828	3.9
461.013	3.9
461.198	3.9
461.382	3.9
461.567	3.9
461.752	3.9
461.937	3.9
462.122	4
462.307	4
462.492	4
462.677	4
462.862	4
463.047	4
463.232	4
463.417	4
463.602	4
463.788	4
463.973	4
464.158	4.1
464.343	4.1
464.528	4.1
464.713	4.1
464.898	4.1
465.084	4.1
465.269	4.1
465.454	4.1
465.639	4.2
465.824	4.2
466.01	4.2
466.195	4.2
466.38	4.2
466.566	4.2
466.751	4.2
466.936	4.2
467.122	4.2
467.307	4.3
467.492	4.3
467.678	4.3
467.863	4.3
468.048	4.3
468.234	4.3
468.419	4.3
468.605	4.4
468.79	4.4
468.976	4.4
469.161	4.4
469.347	4.4
469.532	4.4
469.718	4.5
469.903	4.5
470.089	4.5
470.274	4.5
470.46	4.5
470.646	4.6
470.831	4.6
471.017	4.6
471.202	4.6
471.388	4.6
471.574	4.6
471.759	4.7
471.945	4.7
472.131	4.7
472.317	4.7
472.502	4.7
472.688	4.8
472.874	4.8
473.059	4.8
473.245	4.8
473.431	4.9
473.617	4.9
473.803	4.9
473.988	4.9
474.174	5
474.36	5
474.546	5
474.732	5
474.918	5.1
475.104	5.1
475.29	5.1
475.475	5.2
475.661	5.2
475.847	5.2
476.033	5.2
476.219	5.3
476.405	5.3
476.591	5.3
476.777	5.4
476.963	5.4
477.149	5.4
477.335	5.5
477.521	5.5
477.707	5.5
477.893	5.5
478.08	5.6
478.266	5.6
478.452	5.6
478.638	5.7
478.824	5.7
479.01	5.8
479.196	5.8
479.382	5.8
479.569	5.9
479.755	5.9
479.941	6
480.127	6
480.313	6
480.5	6.1
480.686	6.1
480.872	6.2
481.058	6.2
481.245	6.2
481.431	6.3
481.617	6.3
481.803	6.4
481.99	6.4
482.176	6.5
482.362	6.5
482.549	6.6
482.735	6.6
482.921	6.6
483.108	6.7
483.294	6.7
483.481	6.8
483.667	6.8
483.853	6.9
484.04	6.9
484.226	7
484.413	7
484.599	7.1
484.786	7.1
484.972	7.2
485.159	7.2
485.345	7.3
485.532	7.3
485.718	7.4
485.905	7.4
486.091	7.5
486.278	7.5
486.464	7.6
486.651	7.6
486.837	7.7
487.024	7.7
487.211	7.8
487.397	7.8
487.584	7.9
487.77	8
487.957	8
488.144	8.1
488.33	8.1
488.517	8.2
488.704	8.2
488.89	8.3
489.077	8.4
489.264	8.4
489.45	8.5
489.637	8.5
489.824	8.6
490.01	8.7
490.197	8.7
490.384	8.8
490.571	8.9
490.757	8.9
490.944	9
491.131	9
491.318	9.1
491.505	9.2
491.691	9.2
491.878	9.3
492.065	9.4
492.252	9.5
492.439	9.5
492.626	9.6
492.812	9.7
492.999	9.8
493.186	9.8
493.373	9.9
493.56	10
493.747	10
493.934	10.1
494.121	10.2
494.308	10.3
494.494	10.3
494.681	10.4
494.868	10.5
495.055	10.6
495.242	10.6
495.429	10.7
495.616	10.8
495.803	10.9
495.99	10.9
496.177	11
496.364	11.1
496.551	11.2
496.738	11.3
496.925	11.4
497.112	11.4
497.299	11.5
497.486	11.6
497.673	11.7
497.861	11.8
498.048	11.9
498.235	12
498.422	12
498.609	12.1
498.796	12.2
498.983	12.3
499.17	12.4
499.357	12.5
499.544	12.6
499.732	12.7
499.919	12.7
500.106	12.8
500.293	12.9
500.48	13
500.667	13.1
500.855	13.2
501.042	13.3
501.229	13.4
501.416	13.5
501.603	13.6
501.791	13.7
501.978	13.8
502.165	13.9
502.352	14
502.54	14.1
502.727	14.2
502.914	14.3
503.101	14.3
503.289	14.4
503.476	14.6
503.663	14.7
503.85	14.8
504.038	14.9
504.225	15
504.412	15.1
504.6	15.2
504.787	15.3
504.974	15.4
505.161	15.5
505.349	15.6
505.536	15.7
505.723	15.8
505.911	15.9
506.098	16
506.286	16.1
506.473	16.2
506.66	16.3
506.848	16.4
507.035	16.5
507.222	16.6
507.41	16.7
507.597	16.8
507.785	16.9
507.972	17.1
508.159	17.2
508.347	17.3
508.534	17.4
508.722	17.5
508.909	17.6
509.097	17.7
509.284	17.8
509.471	18
509.659	18.1
509.846	18.2
510.034	18.3
510.221	18.4
510.409	18.5
510.596	18.6
510.784	18.8
510.971	18.9
511.159	19
511.346	19.1
511.534	19.2
511.721	19.3
511.909	19.5
512.096	19.6
512.284	19.7
512.471	19.8
512.659	19.9
512.846	20
513.034	20.2
513.221	20.3
513.409	20.4
513.596	20.5
513.784	20.6
513.972	20.7
514.159	20.9
514.347	21
514.534	21.1
514.722	21.2
514.909	21.3
515.097	21.4
515.285	21.6
515.472	21.7
515.66	21.8
515.847	21.9
516.035	22
516.222	22.2
516.41	22.3
516.598	22.4
516.785	22.5
516.973	22.6
517.161	22.7
517.348	22.9
517.536	23
517.723	23.1
517.911	23.2
518.099	23.3
518.286	23.5
518.474	23.6
518.662	23.7
518.849	23.8
519.037	23.9
519.225	24
519.412	24.2
519.6	24.3
519.787	24.4
519.975	24.5
520.163	24.6
520.35	24.7
520.538	24.9
520.726	25
520.914	25.1
521.101	25.2
521.289	25.3
521.477	25.5
521.664	25.6
521.852	25.7
522.04	25.8
522.227	25.9
522.415	26
522.603	26.1
522.79	26.3
522.978	26.4
523.166	26.5
523.354	26.6
523.541	26.7
523.729	26.8
523.917	27
524.104	27.1
524.292	27.2
524.48	27.3
524.668	27.4
524.855	27.5
525.043	27.6
525.231	27.7
525.418	27.9
525.606	28
525.794	28.1
525.982	28.2
526.169	28.3
526.357	28.4
526.545	28.5
526.733	28.7
526.92	28.8
527.108	28.9
527.296	29
527.484	29.1
527.671	29.2
527.859	29.3
528.047	29.5
528.235	29.6
528.422	29.7
528.61	29.8
528.798	29.9
528.986	30
529.173	30.1
529.361	30.2
529.549	30.3
529.737	30.4
529.924	30.5
530.112	30.6
530.3	30.8
530.488	30.9
530.675	30.9
530.863	31
531.051	31.2
531.239	31.3
531.426	31.3
531.614	31.4
531.802	31.5
531.99	31.6
532.177	31.7
532.365	31.8
532.553	31.9
532.741	32
532.928	32.1
533.116	32.2
533.304	32.3
533.492	32.4
533.679	32.5
533.867	32.6
534.055	32.7
534.243	32.8
534.431	32.9
534.618	33
534.806	33
534.994	33.1
535.182	33.2
535.369	33.3
535.557	33.4
535.745	33.5
535.933	33.6
536.12	33.7
536.308	33.8
536.496	33.8
536.684	33.9
536.871	34
537.059	34.1
537.247	34.2
537.435	34.3
537.622	34.4
537.81	34.5
537.998	34.5
538.186	34.6
538.373	34.7
538.561	34.8
538.749	34.9
538.937	35
539.124	35.1
539.312	35.2
539.5	35.3
539.688	35.4
539.875	35.5
540.063	35.5
540.251	35.6
540.439	35.7
540.626	35.8
540.814	35.9
541.002	36
541.19	36.1
541.377	36.2
541.565	36.2
541.753	36.3
541.941	36.4
542.128	36.5
542.316	36.6
542.504	36.7
542.691	36.7
542.879	36.8
543.067	36.9
543.255	37
543.442	37.1
543.63	37.1
543.818	37.2
544.005	37.3
544.193	37.4
544.381	37.5
544.568	37.5
544.756	37.6
544.944	37.7
545.132	37.8
545.319	37.8
545.507	37.9
545.695	38
545.882	38.1
546.07	38.2
546.258	38.2
546.445	38.3
546.633	38.4
546.821	38.5
547.008	38.5
547.196	38.6
547.384	38.7
547.571	38.8
547.759	38.8
547.947	38.9
548.134	39
548.322	39
548.51	39.1
548.697	39.2
548.885	39.3
549.073	39.3
549.26	39.4
549.448	39.5
549.636	39.6
549.823	39.6
550.011	39.7
550.199	39.8
550.386	39.8
550.574	39.9
550.762	40
550.949	40.1
551.137	40.1
551.325	40.2
551.512	40.3
551.7	40.3
551.888	40.4
552.075	40.5
552.263	40.6
552.451	40.6
552.639	40.7
552.826	40.8
553.014	40.8
553.202	40.9
553.389	40.9
553.577	41
553.765	41.1
553.953	41.1
554.14	41.2
554.328	41.3
554.516	41.3
554.704	41.4
554.891	41.4
555.079	41.5
555.267	41.6
555.455	41.6
555.643	41.7
555.83	41.8
556.018	41.8
556.206	41.9
556.394	42
556.582	42
556.77	42.1
556.957	42.1
557.145	42.2
557.333	42.3
557.521	42.3
557.709	42.4
557.897	42.5
558.085	42.5
558.273	42.6
558.461	42.6
558.649	42.7
558.837	42.8
559.025	42.8
559.213	42.9
559.4	42.9
559.588	43
559.777	43
559.965	43.1
560.153	43.1
560.341	43.2
560.529	43.3
560.717	43.3
560.905	43.4
561.093	43.4
561.281	43.5
561.469	43.5
561.657	43.6
561.845	43.7
562.034	43.7
562.222	43.8
562.41	43.8
562.598	43.9
562.786	43.9
562.975	44
563.163	44
563.351	44.1
563.539	44.1
563.728	44.2
563.916	44.2
564.104	44.3
564.293	44.3
564.481	44.4
564.67	44.4
564.858	44.5
565.046	44.5
565.235	44.6
565.423	44.6
565.612	44.7
565.8	44.7
565.989	44.8
566.177	44.8
566.366	44.9
566.554	44.9
566.743	44.9
566.932	45
567.12	45
567.309	45.1
567.497	45.1
567.686	45.2
567.875	45.2
568.064	45.2
568.252	45.3
568.441	45.3
568.63	45.4
568.819	45.4
569.007	45.4
569.196	45.5
569.385	45.5
569.574	45.6
569.763	45.6
569.952	45.6
570.141	45.7
570.33	45.7
570.519	45.7
570.708	45.8
570.897	45.8
571.086	45.9
571.275	45.9
571.464	45.9
571.653	46
571.843	46
572.032	46
572.221	46.1
572.41	46.1
572.599	46.1
572.789	46.2
572.978	46.2
573.167	46.2
573.357	46.3
573.546	46.3
573.736	46.4
573.925	46.4
574.115	46.4
574.304	46.5
574.494	46.5
574.683	46.5
574.873	46.6
575.062	46.6
575.252	46.6
575.442	46.7
575.631	46.7
575.821	46.7
576.011	46.8
576.201	46.8
576.39	46.9
576.58	46.9
576.77	46.9
576.96	47
577.15	47
577.34	47
577.53	47.1
577.72	47.1
577.91	47.1
578.1	47.2
578.29	47.2
578.48	47.2
578.67	47.3
578.861	47.3
579.051	47.3
579.241	47.4
579.431	47.4
579.622	47.4
579.812	47.5
580.002	47.5
580.193	47.5
580.383	47.6
580.574	47.6
580.764	47.6
580.955	47.7
581.145	47.7
581.336	47.7
581.526	47.7
581.717	47.8
581.908	47.8
582.098	47.8
582.289	47.9
582.48	47.9
582.671	47.9
582.862	47.9
583.052	48
583.243	48
583.434	48
583.625	48.1
583.816	48.1
584.007	48.1
584.198	48.1
584.389	48.2
584.58	48.2
584.771	48.2
584.962	48.3
585.154	48.3
585.345	48.3
585.536	48.3
585.727	48.4
585.918	48.4
586.11	48.4
586.301	48.4
586.492	48.5
586.684	48.5
586.875	48.5
587.067	48.6
587.258	48.6
587.45	48.6
587.641	48.6
587.833	48.7
588.024	48.7
588.216	48.7
588.408	48.7
588.599	48.8
588.791	48.8
588.983	48.8
589.174	48.9
589.366	48.9
589.558	48.9
589.75	49
589.942	49
590.134	49
590.326	49
590.518	49.1
590.71	49.1
590.902	49.1
591.094	49.1
591.286	49.2
591.478	49.2
591.67	49.2
591.862	49.2
592.054	49.3
592.246	49.3
592.439	49.3
592.631	49.3
592.823	49.4
593.016	49.4
593.208	49.4
593.4	49.5
593.593	49.5
593.785	49.5
593.978	49.5
594.17	49.6
594.363	49.6
594.555	49.6
594.748	49.6
594.94	49.6
595.133	49.7
595.326	49.7
595.518	49.7
595.711	49.7
595.904	49.8
596.096	49.8
596.289	49.8
596.482	49.8
596.675	49.9
596.868	49.9
597.061	49.9
597.254	49.9
597.447	50
597.64	50
597.833	50
598.026	50
598.219	50.1
598.412	50.1
598.605	50.1
598.798	50.1
598.991	50.1
599.184	50.2
599.378	50.2
599.571	50.2
599.764	50.2
599.957	50.3
600.151	50.3
600.344	50.3
600.538	50.3
600.731	50.3
600.924	50.4
601.118	50.4
601.311	50.4
601.505	50.4
601.698	50.5
601.892	50.5
602.086	50.5
602.279	50.5
602.473	50.5
602.667	50.6
602.86	50.6
603.054	50.6
603.248	50.6
603.442	50.7
603.635	50.7
603.829	50.7
604.023	50.7
604.217	50.7
604.411	50.8
604.605	50.8
604.799	50.8
604.993	50.8
605.187	50.9
605.381	50.9
605.575	50.9
605.769	50.9
605.963	50.9
606.157	50.9
606.352	51
606.546	51
606.74	51
606.934	51
607.129	51.1
607.323	51.1
607.517	51.1
607.712	51.1
607.906	51.1
608.1	51.2
608.295	51.2
608.489	51.2
608.684	51.2
608.878	51.2
609.073	51.3
609.267	51.3
609.462	51.3
609.657	51.3
609.851	51.3
610.046	51.3
610.241	51.4
610.435	51.4
610.63	51.4
610.825	51.4
611.02	51.4
611.215	51.4
611.41	51.4
611.604	51.5
611.799	51.5
611.994	51.5
612.189	51.5
612.384	51.5
612.579	51.5
612.774	51.6
612.969	51.6
613.164	51.6
613.359	51.6
613.555	51.6
613.75	51.7
613.945	51.7
614.14	51.7
614.335	51.7
614.531	51.7
614.726	51.7
614.921	51.8
615.117	51.8
615.312	51.8
615.507	51.8
615.703	51.8
615.898	51.8
616.094	51.9
616.289	51.9
616.485	51.9
616.68	51.9
616.876	51.9
617.071	51.9
617.267	51.9
617.463	52
617.658	52
617.854	52
618.05	52
618.245	52
618.441	52.1
618.637	52.1
618.833	52.1
619.029	52.1
619.225	52.1
619.42	52.2
619.616	52.2
619.812	52.2
620.008	52.2
620.204	52.2
620.4	52.2
620.596	52.3
620.792	52.3
620.988	52.3
621.184	52.3
621.381	52.3
621.577	52.3
621.773	52.3
621.969	52.4
622.165	52.4
622.362	52.4
622.558	52.4
622.754	52.4
622.951	52.4
623.147	52.4
623.343	52.5
623.54	52.5
623.736	52.5
623.933	52.5
624.129	52.5
624.326	52.5
624.522	52.6
624.719	52.6
624.915	52.6
625.112	52.6
625.308	52.6
625.505	52.7
625.702	52.7
625.898	52.7
626.095	52.7
626.292	52.7
626.489	52.7
626.685	52.7
626.882	52.8
627.079	52.8
627.276	52.8
627.473	52.8
627.67	52.8
627.866	52.8
628.063	52.8
628.26	52.8
628.457	52.9
628.654	52.9
628.851	52.9
629.048	52.9
629.246	52.9
629.443	52.9
629.64	52.9
629.837	53
630.034	53
630.231	53
630.429	53
630.626	53
630.823	53.1
631.02	53.1
631.218	53.1
631.415	53.1
631.612	53.1
631.81	53.1
632.007	53.2
632.205	53.2
632.402	53.2
632.6	53.2
632.797	53.2
632.995	53.2
633.192	53.2
633.39	53.3
633.587	53.3
633.785	53.3
633.983	53.3
634.18	53.3
634.378	53.3
634.576	53.4
634.773	53.4
634.971	53.4
635.169	53.4
635.367	53.4
635.565	53.4
635.762	53.5
635.96	53.5
636.158	53.5
636.356	53.5
636.554	53.5
636.752	53.6
636.95	53.6
637.148	53.6
637.346	53.6
637.544	53.6
637.742	53.6
637.94	53.7
638.138	53.7
638.337	53.7
638.535	53.7
638.733	53.7
638.931	53.7
639.129	53.7
639.328	53.8
639.526	53.8
639.724	53.8
639.922	53.8
640.121	53.8
640.319	53.8
640.518	53.9
640.716	53.9
640.914	53.9
641.113	53.9
641.311	54
641.51	54
641.708	54
641.907	54
642.105	54
642.304	54.1
642.503	54.1
642.701	54.1
642.9	54.1
643.098	54.1
643.297	54.1
643.496	54.2
643.695	54.2
643.893	54.2
644.092	54.2
644.291	54.2
644.49	54.2
644.689	54.3
644.887	54.3
645.086	54.3
645.285	54.3
645.484	54.3
645.683	54.3
645.882	54.4
646.081	54.4
646.28	54.4
646.479	54.4
646.678	54.4
646.877	54.5
647.076	54.5
647.276	54.5
647.475	54.5
647.674	54.5
647.873	54.5
648.072	54.6
648.271	54.6
648.471	54.6
648.67	54.6
648.869	54.6
649.069	54.7
649.268	54.7
649.467	54.7
649.667	54.7
649.866	54.7
650.065	54.7
650.265	54.7
650.464	54.7
650.664	54.8
650.863	54.8
651.063	54.8
651.262	54.8
651.462	54.8
651.662	54.8
651.861	54.9
652.061	54.9
652.26	54.9
652.46	54.9
652.66	54.9
652.859	54.9
653.059	55
653.259	55
653.459	55
653.658	55
653.858	55
654.058	55
654.258	55
654.458	55
654.658	55.1
654.858	55.1
655.058	55.1
655.258	55.1
655.457	55.1
655.657	55.1
655.857	55.1
656.058	55.2
656.258	55.2
656.458	55.2
656.658	55.2
656.858	55.2
657.058	55.2
657.258	55.2
657.458	55.2
657.659	55.2
657.859	55.3
658.059	55.3
658.259	55.3
658.459	55.3
658.66	55.3
658.86	55.3
659.06	55.3
659.261	55.3
659.461	55.3
659.662	55.3
659.862	55.4
660.062	55.4
660.263	55.4
660.463	55.4
660.664	55.4
660.864	55.4
661.065	55.4
661.265	55.4
661.466	55.4
661.667	55.5
661.867	55.5
662.068	55.5
662.268	55.5
662.469	55.5
662.67	55.5
662.87	55.5
663.071	55.6
663.272	55.6
663.473	55.6
663.674	55.6
663.874	55.6
664.075	55.6
664.276	55.6
664.477	55.6
664.678	55.6
664.879	55.7
665.08	55.7
665.28	55.7
665.481	55.7
665.682	55.7
665.883	55.7
666.084	55.7
666.285	55.7
666.486	55.7
666.688	55.7
666.889	55.7
667.09	55.7
667.291	55.7
667.492	55.7
667.693	55.8
667.894	55.8
668.096	55.8
668.297	55.8
668.498	55.8
668.699	55.8
668.901	55.8
669.102	55.8
669.303	55.8
669.505	55.8
669.706	55.9
669.907	55.9
670.109	55.9
670.31	55.9
670.511	55.9
670.713	55.9
670.914	55.9
671.116	55.9
671.317	55.9
671.519	55.9
671.72	55.9
671.922	55.9
672.124	55.9
672.325	56
672.527	56
672.728	56
672.93	56
673.132	56
673.333	56
673.535	56
673.737	56
673.939	56
674.14	56.1
674.342	56.1
674.544	56.1
674.746	56.1
674.948	56.1
675.149	56.1
675.351	56.1
675.553	56.1
675.755	56.1
675.957	56.2
676.159	56.2
676.361	56.2
676.563	56.2
676.765	56.2
676.967	56.2
677.169	56.2
677.371	56.2
677.573	56.2
677.775	56.3
677.977	56.3
678.179	56.3
678.381	56.3
678.583	56.3
678.786	56.3
678.988	56.3
679.19	56.3
679.392	56.4
679.594	56.4
679.797	56.4
679.999	56.4
680.201	56.4
680.404	56.4
680.606	56.4
680.808	56.4
681.011	56.4
681.213	56.4
681.415	56.4
681.618	56.5
681.82	56.5
682.023	56.5
682.225	56.5
682.428	56.5
682.63	56.5
682.833	56.5
683.035	56.5
683.238	56.5
683.44	56.6
683.643	56.6
683.845	56.6
684.048	56.6
684.251	56.6
684.453	56.6
684.656	56.6
684.859	56.6
685.061	56.7
685.264	56.7
685.467	56.7
685.67	56.7
685.872	56.7
686.075	56.7
686.278	56.7
686.481	56.7
686.684	56.7
686.886	56.7
687.089	56.7
687.292	56.7
687.495	56.8
687.698	56.8
687.901	56.8
688.104	56.8
688.307	56.8
688.51	56.8
688.713	56.8
688.916	56.8
689.119	56.8
689.322	56.8
689.525	56.9
689.728	56.9
689.931	56.9
690.134	56.9
690.337	56.9
690.54	56.9
690.744	56.9
690.947	57
691.15	57
691.353	57
691.556	57
691.76	57
691.963	57
692.166	57
692.37	57
692.573	57
692.776	57
692.979	57.1
693.183	57.1
693.386	57.1
693.59	57.1
693.793	57.1
693.996	57.1
694.2	57.1
694.403	57.1
694.607	57.2
694.81	57.2
695.014	57.2
695.217	57.2
695.421	57.2
695.624	57.2
695.828	57.2
696.031	57.2
696.235	57.3
696.439	57.3
696.642	57.3
696.846	57.3
697.049	57.3
697.253	57.3
697.457	57.3
697.661	57.4
697.864	57.4
698.068	57.4
698.272	57.4
698.475	57.4
698.679	57.4
698.883	57.4
699.087	57.4
699.291	57.4
699.494	57.4
699.698	57.4
699.902	57.5
700.106	57.5
700.31	57.5
700.514	57.5
700.718	57.5
700.922	57.5
701.126	57.5
701.33	57.5
701.534	57.5
701.738	57.5
701.942	57.5
702.146	57.5
702.35	57.5
702.554	57.5
702.758	57.5
702.962	57.5
703.166	57.6
703.37	57.6
703.574	57.6
703.778	57.6
703.983	57.6
704.187	57.6
704.391	57.6
704.595	57.6
704.799	57.6
705.004	57.6
705.208	57.6
705.412	57.6
705.616	57.6
705.821	57.6
706.025	57.6
706.229	57.6
706.434	57.6
706.638	57.6
706.842	57.6
707.047	57.6
707.251	57.6
707.455	57.6
707.66	57.6
707.864	57.7
708.069	57.7
708.273	57.7
708.478	57.7
708.682	57.7
708.887	57.7
709.091	57.7
709.296	57.7
709.5	57.7
709.705	57.8
709.909	57.8
710.114	57.8
710.319	57.8
710.523	57.8
710.728	57.8
710.932	57.8
711.137	57.8
711.342	57.8
711.546	57.8
711.751	57.8
711.956	57.8
712.161	57.9
712.365	57.9
712.57	57.9
712.775	57.9
712.98	57.9
713.184	57.9
713.389	57.9
713.594	57.9
713.799	57.9
714.004	57.9
714.209	58
714.413	58
714.618	58
714.823	58
715.028	58
715.233	58
715.438	58
715.643	58
715.848	58
716.053	58.1
716.258	58.1
716.463	58.1
716.668	58.1
716.873	58.1
717.078	58.1
717.283	58.1
717.488	58.1
717.693	58.1
717.898	58.1
718.103	58.1
718.308	58.1
718.514	58.1
718.719	58.1
718.924	58.2
719.129	58.2
719.334	58.2
719.539	58.2
719.745	58.2
719.95	58.2
720.155	58.2
720.36	58.2
720.566	58.2
720.771	58.2
720.976	58.2
721.182	58.2
721.387	58.3
721.592	58.3
721.798	58.3
722.003	58.3
722.208	58.3
722.414	58.3
722.619	58.3
722.824	58.3
723.03	58.3
723.235	58.3
723.441	58.3
723.646	58.3
723.852	58.3
724.057	58.3
724.263	58.3
724.468	58.3
724.674	58.4
724.879	58.4
725.085	58.4
725.29	58.4
725.496	58.4
725.701	58.4
725.907	58.4
726.112	58.4
726.318	58.4
726.524	58.4
726.729	58.5
726.935	58.5
727.141	58.5
727.346	58.5
727.552	58.5
727.758	58.5
727.963	58.5
728.169	58.5
728.375	58.5
728.581	58.5
728.786	58.5
728.992	58.5
729.198	58.5
729.404	58.5
729.609	58.6
729.815	58.6
730.021	58.6
730.227	58.6
730.433	58.6
730.639	58.6
730.844	58.6
731.05	58.6
731.256	58.6
731.462	58.6
731.668	58.7
731.874	58.7
732.08	58.7
732.286	58.7
732.492	58.7
732.698	58.7
732.904	58.7
733.11	58.7
733.316	58.7
733.522	58.7
733.728	58.7
733.934	58.8
734.14	58.8
734.346	58.8
734.552	58.8
734.758	58.8
734.964	58.8
735.17	58.8
735.376	58.8
735.583	58.8
735.789	58.8
735.995	58.8
736.201	58.8
736.407	58.8
736.613	58.9
736.819	58.9
737.026	58.9
737.232	58.9
737.438	58.9
737.644	58.9
737.851	58.9
738.057	58.9
738.263	58.9
738.469	58.9
738.676	58.9
738.882	58.9
739.088	58.9
739.295	58.9
739.501	58.9
739.707	59
739.914	59
740.12	59
740.326	59
740.533	59
740.739	59
740.946	59
741.152	59
741.358	59
741.565	59
741.771	59
741.978	59
742.184	59
742.391	59
742.597	59
742.804	59
743.01	59
743.217	59.1
743.423	59.1
743.63	59.1
743.836	59.1
744.043	59.1
744.249	59.1
744.456	59.1
744.663	59.1
744.869	59.1
745.076	59.1
745.282	59.1
745.489	59.1
745.696	59.1
745.902	59.1
746.109	59.1
746.316	59.1
746.522	59.1
746.729	59.1
746.936	59.1
747.142	59.1
747.349	59.1
747.556	59.1
747.762	59.1
747.969	59.1
748.176	59.1
748.383	59.1
748.589	59.1
748.796	59.1
749.003	59.1
749.21	59.1
749.417	59.1
749.623	59.1
749.83	59.1
750.037	59.1
750.244	59.1
750.451	59.1
750.658	59.2
750.865	59.2
751.071	59.2
751.278	59.2
751.485	59.2
751.692	59.2
751.899	59.2
752.106	59.2
752.313	59.2
752.52	59.2
752.727	59.2
752.934	59.2
753.141	59.2
753.348	59.2
753.555	59.2
753.762	59.2
753.969	59.2
754.176	59.3
754.383	59.3
754.59	59.3
754.797	59.3
755.004	59.3
755.211	59.3
755.418	59.3
755.625	59.3
755.832	59.4
756.039	59.4
756.246	59.4
756.453	59.4
756.66	59.4
756.868	59.4
757.075	59.4
757.282	59.4
757.489	59.4
757.696	59.4
757.903	59.4
758.111	59.4
758.318	59.4
758.525	59.5
758.732	59.5
758.939	59.5
759.147	59.5
759.354	59.5
759.561	59.5
759.768	59.5
759.976	59.5
760.183	59.5
760.39	59.5
760.597	59.5
760.805	59.5
761.012	59.5
761.219	59.5
761.426	59.5
761.634	59.5
761.841	59.5
762.048	59.6
762.256	59.6
762.463	59.5
762.67	59.5
762.878	59.5
763.085	59.5
763.293	59.5
763.5	59.5
763.707	59.5
763.915	59.6
764.122	59.6
764.33	59.6
764.537	59.6
764.744	59.6
764.952	59.6
765.159	59.6
765.367	59.6
765.574	59.6
765.782	59.6
765.989	59.6
766.197	59.6
766.404	59.7
766.612	59.7
766.819	59.7
767.027	59.7
767.234	59.7
767.442	59.7
767.649	59.7
767.857	59.7
768.064	59.7
768.272	59.7
768.479	59.7
768.687	59.7
768.895	59.7
769.102	59.7
769.31	59.7
769.517	59.7
769.725	59.7
769.933	59.7
770.14	59.8
770.348	59.8
770.555	59.8
770.763	59.8
770.971	59.8
771.178	59.8
771.386	59.8
771.594	59.8
771.801	59.8
772.009	59.9
772.217	59.9
772.424	59.9
772.632	59.9
772.84	59.9
773.047	59.9
773.255	59.9
773.463	59.9
773.671	59.9
773.878	59.9
774.086	59.9
774.294	59.9
774.502	59.9
774.709	59.9
774.917	59.9
775.125	59.9
775.333	59.9
775.54	59.9
775.748	59.9
775.956	59.9
776.164	60
776.371	60
776.579	60
776.787	60
776.995	60
777.203	60
777.41	60
777.618	60
777.826	60
778.034	60
778.242	60
778.45	60
778.657	60
778.865	60
779.073	60.1
779.281	60.1
779.489	60.1
779.697	60.1
779.905	60.1
780.112	60.1
780.32	60.1
780.528	60.1
780.736	60.1
780.944	60.1
781.152	60.1
781.36	60.1
781.568	60.1
781.776	60.1
781.984	60.1
782.191	60.1
782.399	60.1
782.607	60.1
782.815	60.1
783.023	60.1
783.231	60.1
783.439	60.1
783.647	60.2
783.855	60.2
784.063	60.2
784.271	60.2
784.479	60.2
784.687	60.2
784.895	60.2
785.103	60.2
785.311	60.2
785.519	60.2
785.727	60.2
785.935	60.3
786.143	60.3
786.351	60.3
786.559	60.3
786.767	60.3
786.975	60.3
787.183	60.3
787.391	60.3
787.599	60.3
787.807	60.3
788.015	60.3
788.223	60.4
788.431	60.4
788.639	60.4
788.847	60.4
789.055	60.4
789.263	60.4
789.471	60.4
789.679	60.4
789.887	60.4
790.095	60.4
790.303	60.4
790.511	60.4
790.719	60.4
790.927	60.5
791.135	60.5
791.343	60.5
791.551	60.5
791.76	60.5
791.968	60.5
792.176	60.5
792.384	60.5
792.592	60.5
792.8	60.5
793.008	60.5
793.216	60.6
793.424	60.5
793.632	60.6
793.84	60.6
794.048	60.6
794.256	60.6
794.465	60.6
794.673	60.6
794.881	60.6
795.089	60.6
795.297	60.6
795.505	60.6
795.713	60.6
795.921	60.6
796.129	60.6
796.337	60.6
796.546	60.6
796.754	60.6
796.962	60.7
797.17	60.7
797.378	60.7
797.586	60.7
797.794	60.7
798.002	60.7
798.21	60.7
798.419	60.8
798.627	60.8
798.835	60.8
799.043	60.8
799.251	60.8
799.459	60.8
799.667	60.8
799.875	60.8
800.083	60.8
800.292	60.8
800.5	60.9
800.708	60.9
800.916	60.9
801.124	60.9
801.332	60.9
801.54	60.9
801.748	60.9
801.957	60.9
802.165	60.9
802.373	60.9
802.581	60.9
802.789	60.9
802.997	61
803.205	61
803.414	61
803.622	61
803.83	61
804.038	61
804.246	61.1
804.454	61.1
804.662	61.1
804.87	61.1
805.079	61.1
805.287	61.1
805.495	61.1
805.703	61.1
805.911	61.1
806.119	61.1
806.327	61.1
806.535	61.1
806.743	61.1
806.952	61.1
807.16	61.1
807.368	61.1
807.576	61.1
807.784	61.1
807.992	61.1
808.2	61.2
808.408	61.2
808.617	61.2
808.825	61.2
809.033	61.2
809.241	61.2
809.449	61.2
809.657	61.2
809.865	61.2
810.073	61.3
810.281	61.3
810.49	61.3
810.698	61.3
810.906	61.3
811.114	61.3
811.322	61.3
811.53	61.3
811.738	61.3
811.946	61.3
812.154	61.3
812.362	61.3
812.57	61.3
812.779	61.3
812.987	61.3
813.195	61.3
813.403	61.3
813.611	61.3
813.819	61.3
814.027	61.3
814.235	61.3
814.443	61.3
814.651	61.3
814.859	61.3
815.067	61.3
815.275	61.3
815.484	61.3
815.692	61.4
815.9	61.4
816.108	61.4
816.316	61.4
816.524	61.4
816.732	61.4
816.94	61.4
817.148	61.4
817.356	61.4
817.564	61.4
817.772	61.4
817.98	61.4
818.188	61.5
818.397	61.5
818.605	61.5
818.813	61.5
819.021	61.5
819.229	61.5
819.437	61.5
819.645	61.5
819.853	61.5
820.061	61.5
820.269	61.5
820.477	61.5
820.685	61.5
820.893	61.6
821.102	61.6
821.31	61.6
821.518	61.6
821.726	61.6
821.934	61.6
822.142	61.6
822.35	61.6
822.558	61.6
822.766	61.6
822.974	61.6
823.182	61.6
823.39	61.6
823.599	61.7
823.807	61.7
824.015	61.7
824.223	61.7
824.431	61.7
824.639	61.7
824.847	61.7
825.055	61.7
825.263	61.7
825.472	61.7
825.68	61.7
825.888	61.7
826.096	61.7
826.304	61.7
826.512	61.7
826.72	61.7
826.928	61.8
827.137	61.8
827.345	61.8
827.553	61.8
827.761	61.8
827.969	61.8
828.177	61.8
828.385	61.8
828.594	61.8
828.802	61.8
829.01	61.9
829.218	61.9
829.426	61.9
829.634	61.9
829.843	61.9
830.051	61.9
830.259	61.9
830.467	61.9
830.675	62
830.883	62
831.092	62
831.3	62
831.508	62
831.716	62
831.924	62
832.133	62
832.341	62
832.549	62
832.757	62
832.966	62
833.174	62
833.382	62
833.59	62
833.799	62
834.007	62
834.215	62
834.423	62
834.632	62
834.84	62
835.048	62
835.256	62
835.465	62
835.673	62.1
835.881	62.1
836.09	62.1
836.298	62.1
836.506	62.1
836.715	62.2
836.923	62.2
837.131	62.2
837.34	62.2
837.548	62.2
837.756	62.2
837.965	62.2
838.173	62.2
838.381	62.2
838.59	62.2
838.798	62.3
839.006	62.3
839.215	62.3
839.423	62.3
839.632	62.3
839.84	62.3
840.048	62.3
840.257	62.3
840.465	62.3
840.674	62.3
840.882	62.3
841.091	62.3
841.299	62.3
841.508	62.3
841.716	62.3
841.924	62.3
842.133	62.3
842.341	62.3
842.55	62.3
842.758	62.3
842.967	62.4
843.175	62.4
843.384	62.4
843.593	62.4
843.801	62.4
844.01	62.5
844.218	62.5
844.427	62.5
844.635	62.5
844.844	62.5
845.052	62.5
845.261	62.4
845.47	62.5
845.678	62.5
845.887	62.5
846.095	62.5
846.304	62.5
846.513	62.5
846.721	62.5
846.93	62.5
847.139	62.5
847.347	62.5
847.556	62.5
847.765	62.5
847.973	62.5
848.182	62.5
848.391	62.5
848.6	62.6
848.808	62.6
849.017	62.6
849.226	62.6
849.435	62.6
849.643	62.7
849.852	62.7
850.061	62.7
850.27	62.7
850.478	62.7
850.687	62.7
850.896	62.7
851.105	62.8
851.314	62.8
851.523	62.8
851.731	62.7
851.94	62.8
852.149	62.8
852.358	62.8
852.567	62.8
852.776	62.8
852.985	62.8
853.194	62.8
853.403	62.8
853.612	62.9
853.821	62.9
854.03	62.9
854.239	62.9
854.447	62.9
854.656	62.9
854.865	62.9
855.075	62.9
855.284	62.9
855.493	62.9
855.702	62.9
855.911	62.9
856.12	62.9
856.329	63
856.538	63
856.747	63
856.956	63
857.165	63
857.374	63
857.584	63
857.793	63
858.002	63
858.211	63
858.42	63
858.629	63
858.839	63
859.048	63
859.257	63
859.466	63
859.676	63
859.885	63
860.094	63.1
860.304	63.1
860.513	63.1
860.722	63.1
860.932	63.1
861.141	63.1
861.35	63.1
861.56	63.1
861.769	63.1
861.978	63.1
862.188	63.1
862.397	63.1
862.607	63.1
862.816	63.2
863.026	63.2
863.235	63.1
863.445	63.2
863.654	63.2
863.864	63.1
864.073	63.2
864.283	63.2
864.492	63.2
864.702	63.2
864.911	63.2
865.121	63.2
865.33	63.2
865.54	63.2
865.75	63.3
865.959	63.3
866.169	63.3
866.379	63.3
866.588	63.3
866.798	63.3
867.008	63.3
867.218	63.3
867.427	63.3
867.637	63.3
867.847	63.3
868.057	63.3
868.266	63.3
868.476	63.3
868.686	63.3
868.896	63.3
869.106	63.3
869.316	63.4
869.525	63.4
869.735	63.3
869.945	63.4
870.155	63.4
870.365	63.4
870.575	63.4
870.785	63.5
870.995	63.5
871.205	63.5
871.415	63.5
871.625	63.5
871.835	63.5
872.045	63.5
872.255	63.5
872.465	63.6
872.675	63.6
872.886	63.6
873.096	63.6
873.306	63.6
873.516	63.6
873.726	63.5
873.936	63.5
874.147	63.5
874.357	63.5
874.567	63.5
874.777	63.5
874.988	63.5
875.198	63.5
875.408	63.5
875.619	63.5
875.829	63.5
876.039	63.5
876.25	63.6
876.46	63.6
876.67	63.6
876.881	63.6
877.091	63.6
877.302	63.6
877.512	63.6
877.723	63.6
877.933	63.6
878.144	63.6
878.354	63.6
878.565	63.6
878.775	63.5
878.986	63.5
879.197	63.5
879.407	63.5
879.618	63.5
879.829	63.5
880.039	63.4
880.25	63.4
880.461	63.4
880.671	63.4
880.882	63.4
881.093	63.4
881.304	63.4
881.515	63.4
881.725	63.3
881.936	63.3
882.147	63.4
882.358	63.4
882.569	63.4
882.78	63.4
882.991	63.5
883.202	63.5
883.413	63.5
883.624	63.5
883.835	63.5
884.046	63.6
884.257	63.6
884.468	63.6
884.679	63.6
884.89	63.6
885.101	63.6
885.312	63.6
885.523	63.6
885.735	63.7
885.946	63.7
886.157	63.7
886.368	63.7
886.579	63.7
886.791	63.7
887.002	63.7
887.213	63.8
887.425	63.8
887.636	63.8
887.847	63.9
888.059	63.9
888.27	63.8
888.481	63.9
888.693	63.9
888.904	64
889.116	64
889.327	64
889.539	64
889.75	64.1
889.962	64.1
890.174	64.1
890.385	64.1
890.597	64.2
890.808	64.2
891.02	64.2
891.232	64.3
891.444	64.3
891.655	64.2
891.867	64.2
892.079	64.2
892.291	64.2
892.502	64.2
892.714	64.2
892.926	64.2
893.138	64.2
893.35	64.2
893.562	64.2
893.774	64.2
893.986	64.2
894.198	64.2
894.41	64.2
894.622	64.2
894.834	64.2
895.046	64.2
895.258	64.2
895.47	64.2
895.682	64.2
895.894	64.1
896.106	64.1
896.319	64.1
896.531	64.1
896.743	64.2
896.955	64.2
897.168	64.2
897.38	64.1
897.592	64.2
897.805	64.2
898.017	64.2
898.229	64.2
898.442	64.2
898.654	64.2
898.867	64.2
899.079	64.2
899.292	64.2
899.504	64.2
899.717	64.2
899.929	64.2
900.142	64.2
900.355	64.2
900.567	64.2
900.78	64.2
900.993	64.3
901.205	64.3
901.418	64.3
901.631	64.3
901.844	64.3
902.056	64.3
902.269	64.3
902.482	64.3
902.695	64.3
902.908	64.3
903.121	64.3
903.334	64.3
903.547	64.3
903.76	64.4
903.973	64.4
904.186	64.4
904.399	64.4
904.612	64.4
904.825	64.4
905.038	64.4
905.251	64.4
905.465	64.4
905.678	64.5
905.891	64.5
906.104	64.5
906.318	64.5
906.531	64.5
906.744	64.5
906.958	64.5
907.171	64.5
907.384	64.5
907.598	64.4
907.811	64.4
908.025	64.4
908.238	64.4
908.452	64.4
908.665	64.5
908.879	64.4
909.093	64.4
909.306	64.4
909.52	64.4
909.734	64.4
909.947	64.4
910.161	64.4
910.375	64.4
910.589	64.4
910.803	64.4
911.016	64.4
911.23	64.4
911.444	64.4
911.658	64.4
911.872	64.4
912.086	64.4
912.3	64.4
912.514	64.4
912.728	64.3
912.942	64.3
913.156	64.4
913.37	64.4
913.585	64.4
913.799	64.4
914.013	64.4
914.227	64.4
914.442	64.3
914.656	64.3
914.87	64.4
915.084	64.4
915.299	64.4
915.513	64.4
915.728	64.4
915.942	64.4
916.157	64.4
916.371	64.4
916.586	64.4
916.8	64.4
917.015	64.4
917.229	64.4
917.444	64.4
917.659	64.4
917.874	64.4
918.088	64.5
918.303	64.5
918.518	64.5
918.733	64.5
918.947	64.5
919.162	64.6
919.377	64.6
919.592	64.6
919.807	64.6
920.022	64.6
920.237	64.6
920.452	64.6
920.667	64.6
920.882	64.6
921.097	64.6
921.313	64.7
921.528	64.7
921.743	64.7
921.958	64.7
922.174	64.7
922.389	64.8
922.604	64.8
922.82	64.8
923.035	64.8
923.25	64.8
923.466	64.8
923.681	64.8
923.897	64.8
924.112	64.8
924.328	64.8
924.544	64.8
924.759	64.8
924.975	64.8
925.19	64.9
925.406	64.9
925.622	64.9
925.838	64.9
926.054	65
926.269	65
926.485	65
926.701	65
926.917	64.9
927.133	65
927.349	65
927.565	65
927.781	65
927.997	65
928.213	65.1
928.429	65.1
928.646	65.2
928.862	65.2
929.078	65.3
929.294	65.3
929.511	65.3
929.727	65.3
929.943	65.3
930.16	65.3
930.376	65.3
930.592	65.3
930.809	65.3
931.025	65.4
931.242	65.4
931.459	65.4
931.675	65.4
931.892	65.5
932.108	65.6
932.325	65.6
932.542	65.6
932.759	65.6
932.975	65.6
933.192	65.6
933.409	65.6
933.626	65.6
933.843	65.6
934.06	65.5
934.277	65.5
934.494	65.5
934.711	65.5
934.928	65.4
935.145	65.4
935.362	65.3
935.58	65.3
935.797	65.3
936.014	65.2
936.231	65.1
936.449	65
936.666	64.8
936.883	64.8
937.101	64.7
937.318	64.5
937.536	64.5
937.753	64.4
937.971	64.3
938.188	64.3
938.406	64.2
938.624	64.2
938.841	64.1
939.059	64
939.277	63.9
939.494	63.8
939.712	63.7
939.93	63.7
