360.161	23.5
360.333	23.5
360.504	23.6
360.676	23.7
360.847	23.7
361.019	23.6
361.19	23.6
361.361	23.7
361.533	23.7
361.704	23.6
361.876	23.6
362.047	23.6
362.219	23.7
362.391	23.7
362.562	23.7
362.734	23.8
362.905	23.8
363.077	23.8
363.248	23.7
363.42	23.8
363.592	23.8
363.763	23.8
363.935	24
364.106	24
364.278	24.1
364.45	24
364.621	24
364.793	24.1
364.965	24.2
365.137	24.2
365.308	24.2
365.48	24.2
365.652	24.3
365.824	24.3
365.995	24.3
366.167	24.3
366.339	24.3
366.511	24.4
366.683	24.3
366.854	24.3
367.026	24.3
367.198	24.4
367.37	24.5
367.542	24.6
367.714	24.6
367.886	24.6
368.058	24.6
368.23	24.7
368.402	24.7
368.574	24.7
368.746	24.7
368.918	24.8
369.09	24.8
369.262	24.8
369.434	24.9
369.606	24.9
369.778	24.9
369.95	24.9
370.122	25
370.294	25
370.467	25.1
370.639	25.1
370.811	25.1
370.983	25.1
371.155	25.1
371.328	25.1
371.5	25.2
371.672	25.2
371.844	25.2
372.017	25.3
372.189	25.3
372.361	25.3
372.534	25.2
372.706	25.2
372.878	25.2
373.051	25.2
373.223	25.2
373.396	25.2
373.568	25.1
373.741	25.2
373.913	25.2
374.086	25.2
374.258	25.3
374.431	25.3
374.603	25.3
374.776	25.3
374.949	25.2
375.121	25.3
375.294	25.3
375.467	25.3
375.639	25.3
375.812	25.3
375.985	25.3
376.157	25.4
376.33	25.4
376.503	25.4
376.676	25.4
376.849	25.4
377.021	25.4
377.194	25.4
377.367	25.4
377.54	25.4
377.713	25.4
377.886	25.4
378.059	25.4
378.232	25.5
378.405	25.5
378.578	25.5
378.751	25.6
378.924	25.6
379.097	25.6
379.27	25.6
379.444	25.6
379.617	25.7
379.79	25.7
379.963	25.7
380.136	25.7
380.31	25.7
380.483	25.7
380.656	25.8
380.829	25.8
381.003	25.7
381.176	25.7
381.35	25.7
381.523	25.7
381.696	25.7
381.87	25.8
382.043	25.8
382.217	25.8
382.39	25.8
382.564	25.7
382.738	25.7
382.911	25.7
383.085	25.8
383.258	25.8
383.432	25.8
383.606	25.8
383.779	25.8
383.953	25.8
384.127	25.8
384.301	25.8
384.475	25.8
384.648	25.9
384.822	25.9
384.996	25.9
385.17	25.8
385.344	25.8
385.518	25.9
385.692	25.8
385.866	25.8
386.04	25.8
386.214	25.8
386.388	25.8
386.562	25.8
386.737	25.8
386.911	25.8
387.085	25.8
387.259	25.8
387.434	25.8
387.608	25.8
387.782	25.8
387.956	25.8
388.131	25.8
388.305	25.8
388.48	25.8
388.654	25.8
388.829	25.8
389.003	25.8
389.178	25.8
389.352	25.8
389.527	25.8
389.701	25.9
389.876	25.9
390.051	25.9
390.226	25.8
390.4	25.9
390.575	25.9
390.75	25.9
390.925	25.9
391.099	25.9
391.274	25.9
391.449	25.9
391.624	25.9
391.799	25.9
391.974	25.8
392.149	25.8
392.324	25.8
392.499	25.8
392.675	25.9
392.85	25.9
393.025	25.9
393.2	25.9
393.375	25.9
393.551	25.9
393.726	25.9
393.901	25.9
394.077	25.9
394.252	25.9
394.427	25.9
394.603	25.9
394.778	25.9
394.954	25.9
395.129	25.8
395.305	25.9
395.481	25.9
395.656	25.9
395.832	25.9
396.008	25.9
396.184	25.9
396.359	25.9
396.535	25.9
396.711	25.8
396.887	25.8
397.063	25.8
397.239	25.8
397.415	25.8
397.591	25.8
397.767	25.8
397.943	25.7
398.119	25.7
398.295	25.7
398.471	25.7
398.648	25.7
398.824	25.7
399	25.7
399.176	25.7
399.353	25.7
399.529	25.7
399.706	25.7
399.882	25.7
400.058	25.7
400.235	25.7
400.412	25.7
400.588	25.7
400.765	25.7
400.942	25.7
401.118	25.7
401.295	25.7
401.472	25.7
401.649	25.7
401.825	25.7
402.002	25.6
402.179	25.6
402.356	25.6
402.533	25.6
402.71	25.5
402.887	25.5
403.064	25.5
403.242	25.5
403.419	25.5
403.596	25.5
403.773	25.4
403.95	25.4
404.128	25.5
404.305	25.5
404.483	25.4
404.66	25.4
404.837	25.4
405.015	25.4
405.193	25.4
405.37	25.4
405.548	25.4
405.725	25.4
405.903	25.3
406.081	25.3
406.259	25.3
406.437	25.3
406.614	25.3
406.792	25.3
406.97	25.3
407.148	25.3
407.326	25.3
407.504	25.3
407.682	25.3
407.86	25.2
408.039	25.2
408.217	25.2
408.395	25.2
408.573	25.2
408.751	25.2
408.93	25.2
409.108	25.2
409.287	25.3
409.465	25.3
409.643	25.3
409.822	25.3
410	25.3
410.179	25.3
410.358	25.3
410.536	25.3
410.715	25.3
410.894	25.3
411.072	25.3
411.251	25.3
411.43	25.3
411.609	25.3
411.788	25.4
411.967	25.4
412.146	25.4
412.325	25.4
412.504	25.4
412.683	25.4
412.862	25.4
413.041	25.5
413.22	25.5
413.399	25.5
413.578	25.5
413.758	25.5
413.937	25.5
414.116	25.5
414.296	25.5
414.475	25.6
414.654	25.6
414.834	25.6
415.013	25.6
415.193	25.6
415.372	25.6
415.552	25.6
415.732	25.6
415.911	25.6
416.091	25.6
416.271	25.6
416.45	25.6
416.63	25.6
416.81	25.6
416.99	25.6
417.169	25.6
417.349	25.6
417.529	25.6
417.709	25.6
417.889	25.6
418.069	25.6
418.249	25.7
418.429	25.7
418.609	25.7
418.789	25.7
418.97	25.7
419.15	25.7
419.33	25.7
419.51	25.7
419.691	25.7
419.871	25.8
420.051	25.8
420.232	25.8
420.412	25.8
420.592	25.8
420.773	25.8
420.953	25.8
421.134	25.8
421.314	25.8
421.495	25.9
421.675	25.9
421.856	25.9
422.037	25.9
422.217	26
422.398	26
422.579	26
422.76	26
422.94	26.1
423.121	26.1
423.302	26.1
423.483	26.2
423.664	26.2
423.845	26.2
424.026	26.3
424.207	26.3
424.388	26.3
424.569	26.4
424.75	26.4
424.931	26.4
425.112	26.5
425.293	26.5
425.474	26.6
425.655	26.6
425.837	26.6
426.018	26.7
426.199	26.7
426.38	26.8
426.562	26.8
426.743	26.8
426.924	26.9
427.106	26.9
427.287	26.9
427.469	27
427.65	27
427.832	27
428.013	27.1
428.195	27.1
428.376	27.2
428.558	27.2
428.739	27.2
428.921	27.2
429.103	27.3
429.284	27.3
429.466	27.3
429.648	27.4
429.83	27.4
430.011	27.4
430.193	27.4
430.375	27.5
430.557	27.5
430.739	27.5
430.921	27.6
431.102	27.6
431.284	27.6
431.466	27.6
431.648	27.6
431.83	27.7
432.012	27.7
432.194	27.7
432.377	27.7
432.559	27.7
432.741	27.8
432.923	27.8
433.105	27.8
433.287	27.8
433.469	27.8
433.652	27.8
433.834	27.9
434.016	27.9
434.198	27.9
434.381	27.9
434.563	28
434.745	28
434.928	28
435.11	28
435.293	28
435.475	28
435.658	28
435.84	28.1
436.022	28.1
436.205	28.1
436.388	28.1
436.57	28.2
436.753	28.2
436.935	28.2
437.118	28.2
437.301	28.2
437.483	28.2
437.666	28.3
437.849	28.3
438.031	28.3
438.214	28.3
438.397	28.3
438.58	28.3
438.762	28.4
438.945	28.4
439.128	28.4
439.311	28.4
439.494	28.4
439.677	28.4
439.859	28.5
440.042	28.5
440.225	28.5
440.408	28.5
440.591	28.5
440.774	28.5
440.957	28.6
441.14	28.6
441.323	28.6
441.507	28.6
441.69	28.6
441.873	28.6
442.056	28.6
442.239	28.6
442.422	28.6
442.605	28.6
442.789	28.7
442.972	28.7
443.155	28.7
443.338	28.7
443.522	28.7
443.705	28.7
443.888	28.7
444.072	28.7
444.255	28.7
444.438	28.8
444.622	28.8
444.805	28.8
444.989	28.8
445.172	28.8
445.356	28.8
445.539	28.8
445.723	28.8
445.906	28.8
446.09	28.8
446.273	28.8
446.457	28.8
446.64	28.8
446.824	28.9
447.008	28.9
447.191	28.9
447.375	28.9
447.559	28.9
447.742	28.9
447.926	28.9
448.11	28.9
448.293	28.9
448.477	28.9
448.661	28.9
448.845	28.9
449.029	28.9
449.212	28.9
449.396	28.9
449.58	29
449.764	29
449.948	29
450.132	29
450.316	29
450.5	29
450.684	29
450.868	29
451.052	29
451.236	29
451.42	29
451.604	29
451.788	29
451.972	29
452.156	29
452.34	29
452.525	29.1
452.709	29.1
452.893	29.1
453.077	29.1
453.261	29.1
453.446	29.1
453.63	29.1
453.814	29.1
453.998	29.1
454.183	29.1
454.367	29.1
454.551	29.1
454.736	29.1
454.92	29.2
455.104	29.2
455.289	29.2
455.473	29.2
455.658	29.2
455.842	29.2
456.026	29.2
456.211	29.2
456.395	29.2
456.58	29.2
456.764	29.2
456.949	29.2
457.134	29.2
457.318	29.3
457.503	29.3
457.687	29.3
457.872	29.3
458.057	29.3
458.241	29.3
458.426	29.3
458.611	29.3
458.795	29.3
458.98	29.3
459.165	29.3
459.349	29.3
459.534	29.3
459.719	29.3
459.904	29.3
460.088	29.3
460.273	29.3
460.458	29.3
460.643	29.3
460.828	29.3
461.013	29.3
461.198	29.3
461.382	29.3
461.567	29.2
461.752	29.2
461.937	29.2
462.122	29.2
462.307	29.2
462.492	29.2
462.677	29.2
462.862	29.2
463.047	29.2
463.232	29.1
463.417	29.1
463.602	29.1
463.788	29.1
463.973	29.1
464.158	29.1
464.343	29.1
464.528	29
464.713	29
464.898	29
465.084	29
465.269	29
465.454	29
465.639	29
465.824	28.9
466.01	28.9
466.195	28.9
466.38	28.9
466.566	28.9
466.751	28.8
466.936	28.8
467.122	28.8
467.307	28.8
467.492	28.8
467.678	28.7
467.863	28.7
468.048	28.7
468.234	28.7
468.419	28.7
468.605	28.6
468.79	28.6
468.976	28.6
469.161	28.6
469.347	28.6
469.532	28.5
469.718	28.5
469.903	28.5
470.089	28.5
470.274	28.5
470.46	28.4
470.646	28.4
470.831	28.4
471.017	28.3
471.202	28.3
471.388	28.3
471.574	28.2
471.759	28.2
471.945	28.2
472.131	28.1
472.317	28.1
472.502	28.1
472.688	28
472.874	28
473.059	27.9
473.245	27.9
473.431	27.9
473.617	27.8
473.803	27.8
473.988	27.7
474.174	27.7
474.36	27.7
474.546	27.6
474.732	27.6
474.918	27.5
475.104	27.5
475.29	27.4
475.475	27.4
475.661	27.4
475.847	27.3
476.033	27.3
476.219	27.2
476.405	27.2
476.591	27.1
476.777	27.1
476.963	27
477.149	27
477.335	27
477.521	26.9
477.707	26.9
477.893	26.8
478.08	26.8
478.266	26.8
478.452	26.8
478.638	26.7
478.824	26.7
479.01	26.7
479.196	26.6
479.382	26.6
479.569	26.6
479.755	26.6
479.941	26.5
480.127	26.5
480.313	26.5
480.5	26.5
480.686	26.5
480.872	26.5
481.058	26.5
481.245	26.5
481.431	26.5
481.617	26.4
481.803	26.4
481.99	26.4
482.176	26.4
482.362	26.4
482.549	26.4
482.735	26.4
482.921	26.4
483.108	26.4
483.294	26.4
483.481	26.4
483.667	26.4
483.853	26.4
484.04	26.4
484.226	26.4
484.413	26.4
484.599	26.4
484.786	26.4
484.972	26.4
485.159	26.4
485.345	26.4
485.532	26.4
485.718	26.4
485.905	26.3
486.091	26.3
486.278	26.3
486.464	26.3
486.651	26.3
486.837	26.3
487.024	26.3
487.211	26.2
487.397	26.2
487.584	26.2
487.77	26.2
487.957	26.2
488.144	26.1
488.33	26.1
488.517	26.1
488.704	26.1
488.89	26
489.077	26
489.264	26
489.45	25.9
489.637	25.9
489.824	25.9
490.01	25.9
490.197	25.8
490.384	25.8
490.571	25.8
490.757	25.7
490.944	25.7
491.131	25.7
491.318	25.6
491.505	25.6
491.691	25.5
491.878	25.5
492.065	25.5
492.252	25.4
492.439	25.4
492.626	25.4
492.812	25.3
492.999	25.3
493.186	25.3
493.373	25.3
493.56	25.2
493.747	25.2
493.934	25.2
494.121	25.1
494.308	25.1
494.494	25.1
494.681	25
494.868	25
495.055	25
495.242	25
495.429	25
495.616	24.9
495.803	24.9
495.99	24.9
496.177	24.9
496.364	24.9
496.551	24.8
496.738	24.8
496.925	24.8
497.112	24.8
497.299	24.8
497.486	24.8
497.673	24.7
497.861	24.7
498.048	24.7
498.235	24.7
498.422	24.7
498.609	24.7
498.796	24.7
498.983	24.7
499.17	24.7
499.357	24.7
499.544	24.7
499.732	24.7
499.919	24.7
500.106	24.6
500.293	24.6
500.48	24.6
500.667	24.6
500.855	24.6
501.042	24.6
501.229	24.6
501.416	24.6
501.603	24.6
501.791	24.6
501.978	24.5
502.165	24.5
502.352	24.5
502.54	24.5
502.727	24.5
502.914	24.4
503.101	24.4
503.289	24.4
503.476	24.4
503.663	24.4
503.85	24.3
504.038	24.3
504.225	24.3
504.412	24.2
504.6	24.2
504.787	24.2
504.974	24.2
505.161	24.1
505.349	24.1
505.536	24
505.723	24
505.911	23.9
506.098	23.9
506.286	23.8
506.473	23.8
506.66	23.7
506.848	23.7
507.035	23.6
507.222	23.6
507.41	23.5
507.597	23.5
507.785	23.4
507.972	23.3
508.159	23.3
508.347	23.2
508.534	23.2
508.722	23.1
508.909	23
509.097	22.9
509.284	22.9
509.471	22.8
509.659	22.7
509.846	22.6
510.034	22.6
510.221	22.5
510.409	22.4
510.596	22.3
510.784	22.3
510.971	22.2
511.159	22.1
511.346	22
511.534	21.9
511.721	21.8
511.909	21.7
512.096	21.6
512.284	21.6
512.471	21.5
512.659	21.4
512.846	21.3
513.034	21.2
513.221	21.1
513.409	21
513.596	20.9
513.784	20.8
513.972	20.7
514.159	20.6
514.347	20.5
514.534	20.4
514.722	20.3
514.909	20.2
515.097	20.1
515.285	20
515.472	19.9
515.66	19.8
515.847	19.7
516.035	19.6
516.222	19.5
516.41	19.3
516.598	19.2
516.785	19.1
516.973	19
517.161	18.9
517.348	18.8
517.536	18.7
517.723	18.6
517.911	18.5
518.099	18.4
518.286	18.3
518.474	18.1
518.662	18
518.849	17.9
519.037	17.8
519.225	17.7
519.412	17.6
519.6	17.5
519.787	17.4
519.975	17.3
520.163	17.2
520.35	17.1
520.538	17
520.726	16.8
520.914	16.7
521.101	16.6
521.289	16.5
521.477	16.4
521.664	16.3
521.852	16.2
522.04	16.1
522.227	16
522.415	15.9
522.603	15.8
522.79	15.7
522.978	15.6
523.166	15.5
523.354	15.4
523.541	15.3
523.729	15.2
523.917	15.1
524.104	15
524.292	14.9
524.48	14.8
524.668	14.7
524.855	14.6
525.043	14.5
525.231	14.4
525.418	14.3
525.606	14.2
525.794	14.1
525.982	14
526.169	13.9
526.357	13.8
526.545	13.7
526.733	13.6
526.92	13.5
527.108	13.4
527.296	13.3
527.484	13.2
527.671	13.1
527.859	13
528.047	12.9
528.235	12.8
528.422	12.7
528.61	12.6
528.798	12.6
528.986	12.5
529.173	12.4
529.361	12.3
529.549	12.2
529.737	12.1
529.924	12
530.112	11.9
530.3	11.9
530.488	11.8
530.675	11.7
530.863	11.6
531.051	11.5
531.239	11.4
531.426	11.4
531.614	11.3
531.802	11.2
531.99	11.1
532.177	11
532.365	10.9
532.553	10.9
532.741	10.8
532.928	10.7
533.116	10.6
533.304	10.6
533.492	10.5
533.679	10.4
533.867	10.3
534.055	10.3
534.243	10.2
534.431	10.1
534.618	10
534.806	10
534.994	9.9
535.182	9.8
535.369	9.8
535.557	9.7
535.745	9.6
535.933	9.6
536.12	9.5
536.308	9.4
536.496	9.4
536.684	9.3
536.871	9.2
537.059	9.2
537.247	9.1
537.435	9
537.622	9
537.81	8.9
537.998	8.8
538.186	8.8
538.373	8.7
538.561	8.7
538.749	8.6
538.937	8.5
539.124	8.5
539.312	8.4
539.5	8.4
539.688	8.3
539.875	8.3
540.063	8.2
540.251	8.2
540.439	8.1
540.626	8.1
540.814	8
541.002	8
541.19	7.9
541.377	7.9
541.565	7.8
541.753	7.8
541.941	7.7
542.128	7.7
542.316	7.6
542.504	7.6
542.691	7.5
542.879	7.5
543.067	7.5
543.255	7.4
543.442	7.4
543.63	7.3
543.818	7.3
544.005	7.2
544.193	7.2
544.381	7.2
544.568	7.1
544.756	7.1
544.944	7.1
545.132	7
545.319	7
545.507	7
545.695	6.9
545.882	6.9
546.07	6.9
546.258	6.8
546.445	6.8
546.633	6.8
546.821	6.7
547.008	6.7
547.196	6.7
547.384	6.6
547.571	6.6
547.759	6.6
547.947	6.5
548.134	6.5
548.322	6.5
548.51	6.5
548.697	6.4
548.885	6.4
549.073	6.4
549.26	6.3
549.448	6.3
549.636	6.3
549.823	6.3
550.011	6.2
550.199	6.2
550.386	6.2
550.574	6.1
550.762	6.1
550.949	6.1
551.137	6.1
551.325	6
551.512	6
551.7	6
551.888	6
552.075	5.9
552.263	5.9
552.451	5.9
552.639	5.9
552.826	5.8
553.014	5.8
553.202	5.8
553.389	5.8
553.577	5.7
553.765	5.7
553.953	5.7
554.14	5.7
554.328	5.6
554.516	5.6
554.704	5.6
554.891	5.6
555.079	5.5
555.267	5.5
555.455	5.5
555.643	5.5
555.83	5.4
556.018	5.4
556.206	5.4
556.394	5.4
556.582	5.3
556.77	5.3
556.957	5.3
557.145	5.3
557.333	5.2
557.521	5.2
557.709	5.2
557.897	5.2
558.085	5.2
558.273	5.1
558.461	5.1
558.649	5.1
558.837	5.1
559.025	5
559.213	5
559.4	5
559.588	5
559.777	5
559.965	4.9
560.153	4.9
560.341	4.9
560.529	4.9
560.717	4.9
560.905	4.9
561.093	4.8
561.281	4.8
561.469	4.8
561.657	4.8
561.845	4.8
562.034	4.8
562.222	4.8
562.41	4.7
562.598	4.7
562.786	4.7
562.975	4.7
563.163	4.7
563.351	4.7
563.539	4.7
563.728	4.7
563.916	4.7
564.104	4.6
564.293	4.6
564.481	4.6
564.67	4.6
564.858	4.6
565.046	4.6
565.235	4.6
565.423	4.6
565.612	4.6
565.8	4.6
565.989	4.6
566.177	4.6
566.366	4.5
566.554	4.5
566.743	4.5
566.932	4.5
567.12	4.5
567.309	4.5
567.497	4.5
567.686	4.5
567.875	4.5
568.064	4.5
568.252	4.5
568.441	4.5
568.63	4.5
568.819	4.5
569.007	4.4
569.196	4.4
569.385	4.4
569.574	4.4
569.763	4.4
569.952	4.4
570.141	4.4
570.33	4.4
570.519	4.4
570.708	4.4
570.897	4.4
571.086	4.4
571.275	4.4
571.464	4.4
571.653	4.4
571.843	4.4
572.032	4.4
572.221	4.4
572.41	4.3
572.599	4.3
572.789	4.3
572.978	4.3
573.167	4.3
573.357	4.3
573.546	4.3
573.736	4.3
573.925	4.3
574.115	4.3
574.304	4.3
574.494	4.3
574.683	4.3
574.873	4.3
575.062	4.3
575.252	4.3
575.442	4.3
575.631	4.3
575.821	4.3
576.011	4.3
576.201	4.3
576.39	4.3
576.58	4.3
576.77	4.2
576.96	4.2
577.15	4.2
577.34	4.2
577.53	4.2
577.72	4.2
577.91	4.2
578.1	4.2
578.29	4.2
578.48	4.2
578.67	4.2
578.861	4.2
579.051	4.2
579.241	4.2
579.431	4.2
579.622	4.2
579.812	4.2
580.002	4.2
580.193	4.2
580.383	4.2
580.574	4.2
580.764	4.2
580.955	4.1
581.145	4.1
581.336	4.1
581.526	4.1
581.717	4.1
581.908	4.1
582.098	4.1
582.289	4.1
582.48	4.1
582.671	4.1
582.862	4.1
583.052	4.1
583.243	4.1
583.434	4.1
583.625	4.1
583.816	4.1
584.007	4
584.198	4
584.389	4
584.58	4
584.771	4
584.962	4
585.154	4
585.345	4
585.536	4
585.727	4
585.918	4
586.11	4
586.301	3.9
586.492	3.9
586.684	3.9
586.875	3.9
587.067	3.9
587.258	3.9
587.45	3.9
587.641	3.9
587.833	3.9
588.024	3.9
588.216	3.8
588.408	3.8
588.599	3.8
588.791	3.8
588.983	3.8
589.174	3.8
589.366	3.8
589.558	3.8
589.75	3.8
589.942	3.8
590.134	3.8
590.326	3.7
590.518	3.7
590.71	3.7
590.902	3.7
591.094	3.7
591.286	3.7
591.478	3.7
591.67	3.7
591.862	3.7
592.054	3.7
592.246	3.6
592.439	3.6
592.631	3.6
592.823	3.6
593.016	3.6
593.208	3.6
593.4	3.6
593.593	3.6
593.785	3.6
593.978	3.6
594.17	3.5
594.363	3.5
594.555	3.5
594.748	3.5
594.94	3.5
595.133	3.5
595.326	3.5
595.518	3.5
595.711	3.5
595.904	3.5
596.096	3.5
596.289	3.5
596.482	3.5
596.675	3.5
596.868	3.4
597.061	3.4
597.254	3.4
597.447	3.4
597.64	3.4
597.833	3.4
598.026	3.4
598.219	3.4
598.412	3.4
598.605	3.4
598.798	3.4
598.991	3.4
599.184	3.4
599.378	3.4
599.571	3.4
599.764	3.4
599.957	3.4
600.151	3.4
600.344	3.4
600.538	3.4
600.731	3.4
600.924	3.4
601.118	3.4
601.311	3.4
601.505	3.4
601.698	3.4
601.892	3.4
602.086	3.4
602.279	3.4
602.473	3.4
602.667	3.4
602.86	3.4
603.054	3.4
603.248	3.4
603.442	3.4
603.635	3.4
603.829	3.4
604.023	3.4
604.217	3.4
604.411	3.4
604.605	3.4
604.799	3.4
604.993	3.4
605.187	3.4
605.381	3.4
605.575	3.4
605.769	3.4
605.963	3.5
606.157	3.5
606.352	3.5
606.546	3.5
606.74	3.5
606.934	3.5
607.129	3.5
607.323	3.5
607.517	3.5
607.712	3.5
607.906	3.5
608.1	3.5
608.295	3.5
608.489	3.5
608.684	3.5
608.878	3.5
609.073	3.5
609.267	3.5
609.462	3.5
609.657	3.5
609.851	3.5
610.046	3.5
610.241	3.5
610.435	3.5
610.63	3.5
610.825	3.5
611.02	3.5
611.215	3.5
611.41	3.5
611.604	3.5
611.799	3.5
611.994	3.6
612.189	3.6
612.384	3.6
612.579	3.6
612.774	3.6
612.969	3.6
613.164	3.6
613.359	3.6
613.555	3.6
613.75	3.6
613.945	3.6
614.14	3.6
614.335	3.6
614.531	3.6
614.726	3.6
614.921	3.6
615.117	3.6
615.312	3.6
615.507	3.6
615.703	3.6
615.898	3.6
616.094	3.6
616.289	3.6
616.485	3.6
616.68	3.6
616.876	3.6
617.071	3.6
617.267	3.6
617.463	3.6
617.658	3.6
617.854	3.6
618.05	3.6
618.245	3.6
618.441	3.6
618.637	3.6
618.833	3.6
619.029	3.6
619.225	3.6
619.42	3.6
619.616	3.6
619.812	3.6
620.008	3.6
620.204	3.6
620.4	3.6
620.596	3.6
620.792	3.6
620.988	3.6
621.184	3.6
621.381	3.6
621.577	3.6
621.773	3.6
621.969	3.6
622.165	3.6
622.362	3.6
622.558	3.6
622.754	3.6
622.951	3.6
623.147	3.6
623.343	3.6
623.54	3.6
623.736	3.6
623.933	3.6
624.129	3.6
624.326	3.6
624.522	3.6
624.719	3.6
624.915	3.6
625.112	3.6
625.308	3.6
625.505	3.7
625.702	3.7
625.898	3.6
626.095	3.6
626.292	3.7
626.489	3.7
626.685	3.7
626.882	3.7
627.079	3.7
627.276	3.7
627.473	3.7
627.67	3.7
627.866	3.7
628.063	3.7
628.26	3.7
628.457	3.7
628.654	3.7
628.851	3.7
629.048	3.7
629.246	3.7
629.443	3.7
629.64	3.7
629.837	3.7
630.034	3.7
630.231	3.7
630.429	3.7
630.626	3.7
630.823	3.7
631.02	3.7
631.218	3.7
631.415	3.7
631.612	3.7
631.81	3.7
632.007	3.7
632.205	3.7
632.402	3.7
632.6	3.7
632.797	3.7
632.995	3.7
633.192	3.7
633.39	3.7
633.587	3.7
633.785	3.7
633.983	3.7
634.18	3.7
634.378	3.7
634.576	3.7
634.773	3.7
634.971	3.7
635.169	3.7
635.367	3.7
635.565	3.7
635.762	3.7
635.96	3.7
636.158	3.7
636.356	3.7
636.554	3.7
636.752	3.8
636.95	3.8
637.148	3.8
637.346	3.8
637.544	3.8
637.742	3.8
637.94	3.8
638.138	3.8
638.337	3.8
638.535	3.8
638.733	3.8
638.931	3.8
639.129	3.8
639.328	3.8
639.526	3.8
639.724	3.8
639.922	3.8
640.121	3.8
640.319	3.8
640.518	3.8
640.716	3.8
640.914	3.8
641.113	3.8
641.311	3.8
641.51	3.8
641.708	3.8
641.907	3.9
642.105	3.9
642.304	3.9
642.503	3.9
642.701	3.9
642.9	3.9
643.098	3.9
643.297	3.9
643.496	3.9
643.695	3.9
643.893	3.9
644.092	3.9
644.291	3.9
644.49	3.9
644.689	3.9
644.887	3.9
645.086	3.9
645.285	3.9
645.484	4
645.683	4
645.882	4
646.081	4
646.28	4
646.479	4
646.678	4
646.877	4
647.076	4
647.276	4
647.475	4
647.674	4
647.873	4
648.072	4
648.271	4
648.471	4
648.67	4
648.869	4
649.069	4.1
649.268	4.1
649.467	4.1
649.667	4.1
649.866	4.1
650.065	4.1
650.265	4.1
650.464	4.1
650.664	4.1
650.863	4.1
651.063	4.1
651.262	4.1
651.462	4.1
651.662	4.1
651.861	4.2
652.061	4.2
652.26	4.2
652.46	4.2
652.66	4.2
652.859	4.2
653.059	4.2
653.259	4.2
653.459	4.2
653.658	4.2
653.858	4.2
654.058	4.3
654.258	4.3
654.458	4.3
654.658	4.3
654.858	4.3
655.058	4.3
655.258	4.3
655.457	4.3
655.657	4.3
655.857	4.3
656.058	4.3
656.258	4.3
656.458	4.4
656.658	4.4
656.858	4.4
657.058	4.4
657.258	4.4
657.458	4.4
657.659	4.4
657.859	4.4
658.059	4.4
658.259	4.5
658.459	4.5
658.66	4.5
658.86	4.5
659.06	4.5
659.261	4.5
659.461	4.5
659.662	4.5
659.862	4.5
660.062	4.6
660.263	4.6
660.463	4.6
660.664	4.6
660.864	4.6
661.065	4.6
661.265	4.6
661.466	4.6
661.667	4.7
661.867	4.7
662.068	4.7
662.268	4.7
662.469	4.7
662.67	4.7
662.87	4.7
663.071	4.8
663.272	4.8
663.473	4.8
663.674	4.8
663.874	4.8
664.075	4.9
664.276	4.9
664.477	4.9
664.678	4.9
664.879	4.9
665.08	4.9
665.28	5
665.481	5
665.682	5
665.883	5
666.084	5.1
666.285	5.1
666.486	5.1
666.688	5.1
666.889	5.1
667.09	5.2
667.291	5.2
667.492	5.2
667.693	5.2
667.894	5.3
668.096	5.3
668.297	5.3
668.498	5.3
668.699	5.4
668.901	5.4
669.102	5.4
669.303	5.4
669.505	5.5
669.706	5.5
669.907	5.5
670.109	5.6
670.31	5.6
670.511	5.6
670.713	5.7
670.914	5.7
671.116	5.7
671.317	5.7
671.519	5.8
671.72	5.8
671.922	5.9
672.124	5.9
672.325	5.9
672.527	6
672.728	6
672.93	6
673.132	6.1
673.333	6.1
673.535	6.2
673.737	6.2
673.939	6.2
674.14	6.3
674.342	6.3
674.544	6.4
674.746	6.4
674.948	6.5
675.149	6.5
675.351	6.6
675.553	6.6
675.755	6.7
675.957	6.7
676.159	6.8
676.361	6.8
676.563	6.9
676.765	7
676.967	7
677.169	7.1
677.371	7.1
677.573	7.2
677.775	7.3
677.977	7.3
678.179	7.4
678.381	7.4
678.583	7.5
678.786	7.6
678.988	7.6
679.19	7.7
679.392	7.8
679.594	7.9
679.797	7.9
679.999	8
680.201	8.1
680.404	8.2
680.606	8.3
680.808	8.3
681.011	8.4
681.213	8.5
681.415	8.6
681.618	8.7
681.82	8.8
682.023	8.9
682.225	9
682.428	9.1
682.63	9.2
682.833	9.3
683.035	9.4
683.238	9.5
683.44	9.6
683.643	9.7
683.845	9.8
684.048	9.9
684.251	10
684.453	10.1
684.656	10.2
684.859	10.3
685.061	10.5
685.264	10.6
685.467	10.7
685.67	10.9
685.872	11
686.075	11.1
686.278	11.2
686.481	11.4
686.684	11.5
686.886	11.7
687.089	11.8
687.292	11.9
687.495	12.1
687.698	12.2
687.901	12.4
688.104	12.5
688.307	12.7
688.51	12.8
688.713	13
688.916	13.2
689.119	13.3
689.322	13.5
689.525	13.7
689.728	13.8
689.931	14
690.134	14.2
690.337	14.4
690.54	14.5
690.744	14.7
690.947	14.9
691.15	15.1
691.353	15.3
691.556	15.5
691.76	15.6
691.963	15.8
692.166	16
692.37	16.2
692.573	16.4
692.776	16.7
692.979	16.9
693.183	17.1
693.386	17.3
693.59	17.5
693.793	17.7
693.996	17.9
694.2	18.1
694.403	18.3
694.607	18.6
694.81	18.8
695.014	19
695.217	19.3
695.421	19.5
695.624	19.7
695.828	20
696.031	20.2
696.235	20.4
696.439	20.7
696.642	20.9
696.846	21.2
697.049	21.4
697.253	21.7
697.457	21.9
697.661	22.2
697.864	22.4
698.068	22.7
698.272	22.9
698.475	23.2
698.679	23.4
698.883	23.7
699.087	24
699.291	24.2
699.494	24.5
699.698	24.8
699.902	25
700.106	25.3
700.31	25.6
700.514	25.8
700.718	26.1
700.922	26.4
701.126	26.6
701.33	26.9
701.534	27.2
701.738	27.5
701.942	27.7
702.146	28
702.35	28.3
702.554	28.5
702.758	28.8
702.962	29.1
703.166	29.3
703.37	29.6
703.574	29.9
703.778	30.2
703.983	30.4
704.187	30.7
704.391	31
704.595	31.2
704.799	31.5
705.004	31.8
705.208	32
705.412	32.3
705.616	32.6
705.821	32.8
706.025	33.1
706.229	33.4
706.434	33.6
706.638	33.9
706.842	34.1
707.047	34.4
707.251	34.7
707.455	34.9
707.66	35.2
707.864	35.4
708.069	35.7
708.273	35.9
708.478	36.2
708.682	36.4
708.887	36.7
709.091	36.9
709.296	37.2
709.5	37.4
709.705	37.7
709.909	37.9
710.114	38.1
710.319	38.4
710.523	38.6
710.728	38.8
710.932	39.1
711.137	39.3
711.342	39.5
711.546	39.7
711.751	40
711.956	40.2
712.161	40.4
712.365	40.6
712.57	40.9
712.775	41.1
712.98	41.3
713.184	41.5
713.389	41.7
713.594	41.9
713.799	42.1
714.004	42.4
714.209	42.6
714.413	42.8
714.618	43
714.823	43.2
715.028	43.4
715.233	43.6
715.438	43.8
715.643	44
715.848	44.2
716.053	44.5
716.258	44.6
716.463	44.8
716.668	45
716.873	45.2
717.078	45.4
717.283	45.6
717.488	45.8
717.693	46
717.898	46.2
718.103	46.4
718.308	46.6
718.514	46.8
718.719	47
718.924	47.2
719.129	47.3
719.334	47.5
719.539	47.7
719.745	47.9
719.95	48.1
720.155	48.3
720.36	48.4
720.566	48.6
720.771	48.8
720.976	49
721.182	49.1
721.387	49.3
721.592	49.5
721.798	49.6
722.003	49.8
722.208	50
722.414	50.1
722.619	50.3
722.824	50.4
723.03	50.6
723.235	50.7
723.441	50.9
723.646	51
723.852	51.1
724.057	51.3
724.263	51.4
724.468	51.6
724.674	51.7
724.879	51.8
725.085	52
725.29	52.1
725.496	52.2
725.701	52.3
725.907	52.5
726.112	52.6
726.318	52.7
726.524	52.8
726.729	52.9
726.935	53
727.141	53.2
727.346	53.3
727.552	53.4
727.758	53.5
727.963	53.6
728.169	53.7
728.375	53.8
728.581	53.9
728.786	54
728.992	54.1
729.198	54.2
729.404	54.3
729.609	54.4
729.815	54.5
730.021	54.6
730.227	54.6
730.433	54.7
730.639	54.8
730.844	54.9
731.05	55
731.256	55
731.462	55.1
731.668	55.2
731.874	55.3
732.08	55.4
732.286	55.4
732.492	55.5
732.698	55.6
732.904	55.6
733.11	55.7
733.316	55.8
733.522	55.8
733.728	55.9
733.934	56
734.14	56
734.346	56.1
734.552	56.1
734.758	56.2
734.964	56.2
735.17	56.3
735.376	56.3
735.583	56.4
735.789	56.4
735.995	56.5
736.201	56.5
736.407	56.5
736.613	56.6
736.819	56.6
737.026	56.7
737.232	56.7
737.438	56.8
737.644	56.8
737.851	56.9
738.057	56.9
738.263	56.9
738.469	57
738.676	57
738.882	57.1
739.088	57.1
739.295	57.1
739.501	57.2
739.707	57.2
739.914	57.3
740.12	57.3
740.326	57.3
740.533	57.3
740.739	57.4
740.946	57.4
741.152	57.4
741.358	57.4
741.565	57.5
741.771	57.5
741.978	57.5
742.184	57.6
742.391	57.6
742.597	57.6
742.804	57.6
743.01	57.6
743.217	57.7
743.423	57.7
743.63	57.7
743.836	57.7
744.043	57.8
744.249	57.8
744.456	57.8
744.663	57.8
744.869	57.9
745.076	57.9
745.282	57.9
745.489	57.9
745.696	57.9
745.902	57.9
746.109	57.9
746.316	58
746.522	58
746.729	58
746.936	58
747.142	58
747.349	58
747.556	58.1
747.762	58.1
747.969	58.1
748.176	58.1
748.383	58.1
748.589	58.1
748.796	58.1
749.003	58.1
749.21	58.2
749.417	58.2
749.623	58.2
749.83	58.2
750.037	58.2
750.244	58.3
750.451	58.3
750.658	58.3
750.865	58.3
751.071	58.3
751.278	58.4
751.485	58.4
751.692	58.4
751.899	58.4
752.106	58.4
752.313	58.4
752.52	58.5
752.727	58.5
752.934	58.5
753.141	58.5
753.348	58.5
753.555	58.5
753.762	58.5
753.969	58.6
754.176	58.6
754.383	58.6
754.59	58.6
754.797	58.6
755.004	58.6
755.211	58.6
755.418	58.7
755.625	58.7
755.832	58.7
756.039	58.7
756.246	58.7
756.453	58.7
756.66	58.8
756.868	58.8
757.075	58.8
757.282	58.8
757.489	58.8
757.696	58.8
757.903	58.8
758.111	58.8
758.318	58.8
758.525	58.8
758.732	58.8
758.939	58.8
759.147	58.8
759.354	58.9
759.561	58.9
759.768	58.9
759.976	58.9
760.183	58.9
760.39	58.9
760.597	58.9
760.805	58.9
761.012	59
761.219	59
761.426	59
761.634	59
761.841	59
762.048	59
762.256	59
762.463	59
762.67	59
762.878	59
763.085	59.1
763.293	59.1
763.5	59.1
763.707	59.1
763.915	59.1
764.122	59.1
764.33	59.1
764.537	59.1
764.744	59.1
764.952	59.1
765.159	59.1
765.367	59.2
765.574	59.2
765.782	59.2
765.989	59.2
766.197	59.2
766.404	59.2
766.612	59.3
766.819	59.3
767.027	59.3
767.234	59.3
767.442	59.3
767.649	59.3
767.857	59.3
768.064	59.3
768.272	59.3
768.479	59.3
768.687	59.3
768.895	59.3
769.102	59.3
769.31	59.3
769.517	59.3
769.725	59.3
769.933	59.4
770.14	59.4
770.348	59.4
770.555	59.4
770.763	59.4
770.971	59.4
771.178	59.4
771.386	59.4
771.594	59.5
771.801	59.5
772.009	59.5
772.217	59.5
772.424	59.5
772.632	59.5
772.84	59.5
773.047	59.5
773.255	59.5
773.463	59.5
773.671	59.6
773.878	59.6
774.086	59.6
774.294	59.6
774.502	59.6
774.709	59.6
774.917	59.6
775.125	59.6
775.333	59.6
775.54	59.6
775.748	59.6
775.956	59.6
776.164	59.6
776.371	59.6
776.579	59.7
776.787	59.7
776.995	59.7
777.203	59.7
777.41	59.7
777.618	59.7
777.826	59.8
778.034	59.8
778.242	59.8
778.45	59.8
778.657	59.8
778.865	59.8
779.073	59.8
779.281	59.8
779.489	59.8
779.697	59.8
779.905	59.8
780.112	59.9
780.32	59.9
780.528	59.9
780.736	59.9
780.944	59.9
781.152	59.9
781.36	59.9
781.568	59.9
781.776	59.9
781.984	59.9
782.191	59.9
782.399	60
782.607	60
782.815	60
783.023	60
783.231	60
783.439	60
783.647	60.1
783.855	60.1
784.063	60.1
784.271	60.1
784.479	60.1
784.687	60.1
784.895	60.2
785.103	60.2
785.311	60.2
785.519	60.2
785.727	60.2
785.935	60.2
786.143	60.2
786.351	60.2
786.559	60.2
786.767	60.3
786.975	60.3
787.183	60.3
787.391	60.3
787.599	60.3
787.807	60.3
788.015	60.3
788.223	60.3
788.431	60.4
788.639	60.4
788.847	60.4
789.055	60.4
789.263	60.4
789.471	60.4
789.679	60.4
789.887	60.4
790.095	60.5
790.303	60.5
790.511	60.5
790.719	60.5
790.927	60.5
791.135	60.5
791.343	60.5
791.551	60.5
791.76	60.6
791.968	60.6
792.176	60.6
792.384	60.6
792.592	60.6
792.8	60.6
793.008	60.6
793.216	60.6
793.424	60.6
793.632	60.7
793.84	60.7
794.048	60.7
794.256	60.7
794.465	60.7
794.673	60.7
794.881	60.7
795.089	60.7
795.297	60.7
795.505	60.7
795.713	60.7
795.921	60.7
796.129	60.8
796.337	60.8
796.546	60.8
796.754	60.8
796.962	60.8
797.17	60.8
797.378	60.8
797.586	60.8
797.794	60.9
798.002	60.9
798.21	60.8
798.419	60.8
798.627	60.9
798.835	60.9
799.043	60.9
799.251	60.9
799.459	60.9
799.667	60.9
799.875	60.9
800.083	60.9
800.292	60.9
800.5	61
800.708	61
800.916	61
801.124	61
801.332	61
801.54	61
801.748	61
801.957	61
802.165	61
802.373	61
802.581	61
802.789	61
802.997	61
803.205	61.1
803.414	61.1
803.622	61.1
803.83	61.1
804.038	61.1
804.246	61.2
804.454	61.2
804.662	61.2
804.87	61.2
805.079	61.2
805.287	61.2
805.495	61.2
805.703	61.2
805.911	61.2
806.119	61.2
806.327	61.2
806.535	61.2
806.743	61.3
806.952	61.3
807.16	61.3
807.368	61.3
807.576	61.3
807.784	61.3
807.992	61.3
808.2	61.3
808.408	61.4
808.617	61.4
808.825	61.4
809.033	61.4
809.241	61.4
809.449	61.4
809.657	61.4
809.865	61.4
810.073	61.4
810.281	61.5
810.49	61.5
810.698	61.5
810.906	61.5
811.114	61.5
811.322	61.5
811.53	61.5
811.738	61.5
811.946	61.5
812.154	61.5
812.362	61.5
812.57	61.5
812.779	61.5
812.987	61.5
813.195	61.5
813.403	61.5
813.611	61.6
813.819	61.6
814.027	61.6
814.235	61.6
814.443	61.6
814.651	61.6
814.859	61.6
815.067	61.6
815.275	61.6
815.484	61.6
815.692	61.6
815.9	61.7
816.108	61.7
816.316	61.7
816.524	61.7
816.732	61.7
816.94	61.7
817.148	61.7
817.356	61.7
817.564	61.7
817.772	61.8
817.98	61.8
818.188	61.8
818.397	61.8
818.605	61.8
818.813	61.8
819.021	61.8
819.229	61.8
819.437	61.8
819.645	61.8
819.853	61.8
820.061	61.8
820.269	61.8
820.477	61.8
820.685	61.8
820.893	61.9
821.102	61.9
821.31	61.9
821.518	61.9
821.726	61.9
821.934	61.9
822.142	62
822.35	62
822.558	62
822.766	62
822.974	62
823.182	62
823.39	62
823.599	62.1
823.807	62.1
824.015	62.1
824.223	62.1
824.431	62.1
824.639	62.1
824.847	62.1
825.055	62.1
825.263	62.1
825.472	62.1
825.68	62.1
825.888	62.1
826.096	62.2
826.304	62.2
826.512	62.2
826.72	62.2
826.928	62.2
827.137	62.2
827.345	62.2
827.553	62.2
827.761	62.3
827.969	62.3
828.177	62.3
828.385	62.3
828.594	62.3
828.802	62.3
829.01	62.4
829.218	62.4
829.426	62.3
829.634	62.4
829.843	62.4
830.051	62.4
830.259	62.4
830.467	62.4
830.675	62.4
830.883	62.4
831.092	62.4
831.3	62.4
831.508	62.4
831.716	62.4
831.924	62.4
832.133	62.4
832.341	62.5
832.549	62.5
832.757	62.5
832.966	62.5
833.174	62.5
833.382	62.5
833.59	62.5
833.799	62.5
834.007	62.5
834.215	62.5
834.423	62.5
834.632	62.5
834.84	62.5
835.048	62.5
835.256	62.5
835.465	62.5
835.673	62.5
835.881	62.6
836.09	62.6
836.298	62.6
836.506	62.6
836.715	62.6
836.923	62.6
837.131	62.6
837.34	62.6
837.548	62.6
837.756	62.6
837.965	62.6
838.173	62.7
838.381	62.6
838.59	62.7
838.798	62.7
839.006	62.7
839.215	62.7
839.423	62.7
839.632	62.7
839.84	62.7
840.048	62.7
840.257	62.7
840.465	62.7
840.674	62.7
840.882	62.7
841.091	62.7
841.299	62.7
841.508	62.7
841.716	62.7
841.924	62.7
842.133	62.7
842.341	62.8
842.55	62.8
842.758	62.8
842.967	62.8
843.175	62.8
843.384	62.8
843.593	62.8
843.801	62.8
844.01	62.8
844.218	62.8
844.427	62.8
844.635	62.8
844.844	62.8
845.052	62.9
845.261	62.9
845.47	62.9
845.678	62.9
845.887	62.9
846.095	62.9
846.304	62.9
846.513	62.9
846.721	62.9
846.93	62.9
847.139	62.9
847.347	62.9
847.556	62.9
847.765	62.9
847.973	63
848.182	63
848.391	63
848.6	63
848.808	63
849.017	63
849.226	63
849.435	63
849.643	63
849.852	63.1
850.061	63.1
850.27	63.1
850.478	63.1
850.687	63.1
850.896	63.1
851.105	63.1
851.314	63.1
851.523	63.1
851.731	63.1
851.94	63.1
852.149	63.1
852.358	63.2
852.567	63.2
852.776	63.2
852.985	63.2
853.194	63.2
853.403	63.2
853.612	63.2
853.821	63.2
854.03	63.2
854.239	63.2
854.447	63.2
854.656	63.2
854.865	63.3
855.075	63.3
855.284	63.3
855.493	63.3
855.702	63.3
855.911	63.3
856.12	63.3
856.329	63.3
856.538	63.3
856.747	63.3
856.956	63.3
857.165	63.3
857.374	63.3
857.584	63.4
857.793	63.4
858.002	63.4
858.211	63.4
858.42	63.4
858.629	63.4
858.839	63.4
859.048	63.4
859.257	63.4
859.466	63.5
859.676	63.5
859.885	63.5
860.094	63.6
860.304	63.6
860.513	63.6
860.722	63.6
860.932	63.6
861.141	63.6
861.35	63.6
861.56	63.6
861.769	63.7
861.978	63.7
862.188	63.7
862.397	63.7
862.607	63.7
862.816	63.7
863.026	63.7
863.235	63.8
863.445	63.8
863.654	63.8
863.864	63.8
864.073	63.8
864.283	63.8
864.492	63.8
864.702	63.8
864.911	63.9
865.121	63.9
865.33	63.9
865.54	63.9
865.75	63.9
865.959	63.9
866.169	63.9
866.379	64
866.588	64
866.798	64
867.008	64
867.218	64
867.427	64
867.637	64
867.847	64
868.057	64
868.266	64
868.476	64
868.686	64
868.896	64
869.106	64
869.316	64
869.525	64
869.735	64
869.945	64
870.155	64
870.365	64
870.575	64.1
870.785	64.1
870.995	64.1
871.205	64.1
871.415	64.1
871.625	64.1
871.835	64.1
872.045	64.1
872.255	64.1
872.465	64.1
872.675	64.1
872.886	64.1
873.096	64.1
873.306	64.1
873.516	64.1
873.726	64.1
873.936	64.1
874.147	64.1
874.357	64.1
874.567	64.1
874.777	64.1
874.988	64.1
875.198	64.1
875.408	64.1
875.619	64.1
875.829	64.1
876.039	64.1
876.25	64.2
876.46	64.2
876.67	64.2
876.881	64.2
877.091	64.2
877.302	64.2
877.512	64.2
877.723	64.2
877.933	64.2
878.144	64.2
878.354	64.2
878.565	64.1
878.775	64.1
878.986	64.1
879.197	64.1
879.407	64
879.618	64
879.829	64
880.039	64
880.25	64
880.461	64
880.671	64
880.882	64
881.093	64
881.304	64
881.515	64
881.725	64
881.936	63.9
882.147	63.9
882.358	64
882.569	64
882.78	64
882.991	64
883.202	64
883.413	64
883.624	64
883.835	64
884.046	64.1
884.257	64.1
884.468	64.1
884.679	64.1
884.89	64.1
885.101	64.1
885.312	64.1
885.523	64.1
885.735	64.1
885.946	64.1
886.157	64.1
886.368	64.2
886.579	64.2
886.791	64.2
887.002	64.2
887.213	64.2
887.425	64.3
887.636	64.3
887.847	64.3
888.059	64.4
888.27	64.4
888.481	64.4
888.693	64.4
888.904	64.4
889.116	64.4
889.327	64.4
889.539	64.4
889.75	64.5
889.962	64.5
890.174	64.5
890.385	64.6
890.597	64.6
890.808	64.6
891.02	64.6
891.232	64.7
891.444	64.7
891.655	64.7
891.867	64.7
892.079	64.7
892.291	64.6
892.502	64.6
892.714	64.6
892.926	64.6
893.138	64.7
893.35	64.7
893.562	64.7
893.774	64.7
893.986	64.7
894.198	64.7
894.41	64.7
894.622	64.7
894.834	64.7
895.046	64.7
895.258	64.7
895.47	64.7
895.682	64.7
895.894	64.7
896.106	64.7
896.319	64.7
896.531	64.7
896.743	64.8
896.955	64.8
897.168	64.8
897.38	64.8
897.592	64.8
897.805	64.8
898.017	64.9
898.229	64.9
898.442	64.9
898.654	64.9
898.867	64.9
899.079	64.9
899.292	64.9
899.504	64.9
899.717	64.9
899.929	64.9
900.142	64.9
900.355	64.9
900.567	64.9
900.78	64.9
900.993	64.9
901.205	64.9
901.418	64.9
901.631	64.9
901.844	64.9
902.056	64.9
902.269	64.9
902.482	64.9
902.695	64.9
902.908	64.8
903.121	64.8
903.334	64.8
903.547	64.8
903.76	64.9
903.973	64.9
904.186	64.9
904.399	64.8
904.612	64.8
904.825	64.8
905.038	64.8
905.251	64.8
905.465	64.8
905.678	64.8
905.891	64.8
906.104	64.8
906.318	64.8
906.531	64.7
906.744	64.7
906.958	64.7
907.171	64.8
907.384	64.8
907.598	64.8
907.811	64.7
908.025	64.7
908.238	64.7
908.452	64.7
908.665	64.7
908.879	64.6
909.093	64.6
909.306	64.6
909.52	64.6
909.734	64.6
909.947	64.6
910.161	64.6
910.375	64.6
910.589	64.6
910.803	64.6
911.016	64.6
911.23	64.6
911.444	64.6
911.658	64.6
911.872	64.6
912.086	64.6
912.3	64.6
912.514	64.6
912.728	64.6
912.942	64.6
913.156	64.6
913.37	64.6
913.585	64.6
913.799	64.6
914.013	64.6
914.227	64.6
914.442	64.6
914.656	64.6
914.87	64.6
915.084	64.7
915.299	64.7
915.513	64.7
915.728	64.6
915.942	64.6
916.157	64.6
916.371	64.6
916.586	64.6
916.8	64.6
917.015	64.6
917.229	64.6
917.444	64.6
917.659	64.6
917.874	64.6
918.088	64.6
918.303	64.6
918.518	64.6
918.733	64.6
918.947	64.6
919.162	64.7
919.377	64.7
919.592	64.7
919.807	64.7
920.022	64.7
920.237	64.7
920.452	64.7
920.667	64.7
920.882	64.7
921.097	64.7
921.313	64.7
921.528	64.7
921.743	64.7
921.958	64.7
922.174	64.7
922.389	64.8
922.604	64.8
922.82	64.8
923.035	64.8
923.25	64.7
923.466	64.7
923.681	64.7
923.897	64.7
924.112	64.7
924.328	64.7
924.544	64.7
924.759	64.7
924.975	64.8
925.19	64.8
925.406	64.9
925.622	64.9
925.838	65
926.054	65
926.269	65.1
926.485	65.1
926.701	65.1
926.917	65.1
927.133	65.2
927.349	65.2
927.565	65.2
927.781	65.2
927.997	65.2
928.213	65.2
928.429	65.2
928.646	65.2
928.862	65.3
929.078	65.3
929.294	65.3
929.511	65.3
929.727	65.3
929.943	65.3
930.16	65.4
930.376	65.4
930.592	65.4
930.809	65.4
931.025	65.4
931.242	65.4
931.459	65.4
931.675	65.5
931.892	65.5
932.108	65.6
932.325	65.7
932.542	65.7
932.759	65.7
932.975	65.7
933.192	65.7
933.409	65.7
933.626	65.7
933.843	65.7
934.06	65.6
934.277	65.5
934.494	65.5
934.711	65.4
934.928	65.3
935.145	65.3
935.362	65.2
935.58	65.2
935.797	65.1
936.014	65.1
936.231	65
936.449	64.9
936.666	64.9
936.883	64.8
937.101	64.7
937.318	64.6
937.536	64.5
937.753	64.5
937.971	64.5
938.188	64.4
938.406	64.3
938.624	64.3
938.841	64.3
939.059	64.2
939.277	64.2
939.494	64.1
939.712	64
939.93	64
