360.161	20.5
360.333	20.4
360.504	20.2
360.676	20.2
360.847	20.2
361.019	20.1
361.19	20.2
361.361	20.1
361.533	20.1
361.704	20.1
361.876	20
362.047	20
362.219	20
362.391	19.9
362.562	19.9
362.734	19.9
362.905	19.8
363.077	19.8
363.248	19.8
363.42	19.7
363.592	19.7
363.763	19.8
363.935	19.7
364.106	19.7
364.278	19.8
364.45	19.8
364.621	19.7
364.793	19.7
364.965	19.8
365.137	19.8
365.308	19.8
365.48	19.8
365.652	19.8
365.824	19.8
365.995	19.8
366.167	19.8
366.339	19.7
366.511	19.7
366.683	19.7
366.854	19.7
367.026	19.6
367.198	19.6
367.37	19.7
367.542	19.7
367.714	19.7
367.886	19.7
368.058	19.7
368.23	19.7
368.402	19.7
368.574	19.7
368.746	19.6
368.918	19.6
369.09	19.6
369.262	19.5
369.434	19.5
369.606	19.5
369.778	19.5
369.95	19.5
370.122	19.5
370.294	19.5
370.467	19.5
370.639	19.5
370.811	19.4
370.983	19.5
371.155	19.4
371.328	19.4
371.5	19.4
371.672	19.4
371.844	19.4
372.017	19.4
372.189	19.3
372.361	19.3
372.534	19.3
372.706	19.2
372.878	19.2
373.051	19.2
373.223	19.2
373.396	19.2
373.568	19.2
373.741	19.1
373.913	19.1
374.086	19.1
374.258	19.1
374.431	19.2
374.603	19.2
374.776	19.1
374.949	19.1
375.121	19
375.294	19.1
375.467	19
375.639	19
375.812	19
375.985	19
376.157	19
376.33	19.1
376.503	19.1
376.676	19.1
376.849	19.1
377.021	19.1
377.194	19.1
377.367	19.1
377.54	19
377.713	19
377.886	19
378.059	19
378.232	19
378.405	19
378.578	19.1
378.751	19.1
378.924	19.1
379.097	19.1
379.27	19.1
379.444	19.2
379.617	19.2
379.79	19.2
379.963	19.2
380.136	19.2
380.31	19.2
380.483	19.2
380.656	19.2
380.829	19.2
381.003	19.2
381.176	19.2
381.35	19.2
381.523	19.2
381.696	19.2
381.87	19.3
382.043	19.3
382.217	19.3
382.39	19.3
382.564	19.3
382.738	19.3
382.911	19.3
383.085	19.3
383.258	19.4
383.432	19.4
383.606	19.4
383.779	19.4
383.953	19.4
384.127	19.4
384.301	19.4
384.475	19.4
384.648	19.4
384.822	19.4
384.996	19.4
385.17	19.4
385.344	19.5
385.518	19.5
385.692	19.5
385.866	19.5
386.04	19.4
386.214	19.4
386.388	19.5
386.562	19.5
386.737	19.5
386.911	19.5
387.085	19.5
387.259	19.5
387.434	19.5
387.608	19.5
387.782	19.5
387.956	19.5
388.131	19.5
388.305	19.6
388.48	19.6
388.654	19.6
388.829	19.6
389.003	19.6
389.178	19.6
389.352	19.6
389.527	19.7
389.701	19.7
389.876	19.7
390.051	19.8
390.226	19.8
390.4	19.8
390.575	19.8
390.75	19.8
390.925	19.8
391.099	19.9
391.274	19.9
391.449	19.9
391.624	20
391.799	20
391.974	20
392.149	20
392.324	20
392.499	20.1
392.675	20.1
392.85	20.1
393.025	20.1
393.2	20.2
393.375	20.2
393.551	20.2
393.726	20.2
393.901	20.2
394.077	20.3
394.252	20.3
394.427	20.3
394.603	20.4
394.778	20.4
394.954	20.4
395.129	20.4
395.305	20.5
395.481	20.5
395.656	20.5
395.832	20.6
396.008	20.6
396.184	20.6
396.359	20.6
396.535	20.6
396.711	20.6
396.887	20.7
397.063	20.7
397.239	20.7
397.415	20.7
397.591	20.8
397.767	20.8
397.943	20.8
398.119	20.8
398.295	20.8
398.471	20.8
398.648	20.8
398.824	20.8
399	20.8
399.176	20.9
399.353	20.9
399.529	20.9
399.706	20.9
399.882	20.9
400.058	20.9
400.235	20.9
400.412	21
400.588	21
400.765	21
400.942	21
401.118	21
401.295	21
401.472	21.1
401.649	21.1
401.825	21.1
402.002	21.1
402.179	21.1
402.356	21.1
402.533	21.1
402.71	21.1
402.887	21.1
403.064	21.1
403.242	21.1
403.419	21.1
403.596	21.1
403.773	21.2
403.95	21.2
404.128	21.2
404.305	21.2
404.483	21.2
404.66	21.2
404.837	21.2
405.015	21.3
405.193	21.3
405.37	21.3
405.548	21.3
405.725	21.3
405.903	21.4
406.081	21.4
406.259	21.4
406.437	21.4
406.614	21.4
406.792	21.4
406.97	21.5
407.148	21.5
407.326	21.5
407.504	21.6
407.682	21.6
407.86	21.6
408.039	21.7
408.217	21.7
408.395	21.8
408.573	21.8
408.751	21.8
408.93	21.9
409.108	21.9
409.287	22
409.465	22
409.643	22.1
409.822	22.1
410	22.2
410.179	22.2
410.358	22.3
410.536	22.3
410.715	22.4
410.894	22.5
411.072	22.5
411.251	22.6
411.43	22.6
411.609	22.7
411.788	22.7
411.967	22.8
412.146	22.9
412.325	22.9
412.504	23
412.683	23.1
412.862	23.1
413.041	23.2
413.22	23.2
413.399	23.3
413.578	23.4
413.758	23.4
413.937	23.5
414.116	23.5
414.296	23.6
414.475	23.7
414.654	23.7
414.834	23.8
415.013	23.8
415.193	23.9
415.372	24
415.552	24
415.732	24.1
415.911	24.1
416.091	24.2
416.271	24.2
416.45	24.3
416.63	24.3
416.81	24.4
416.99	24.4
417.169	24.5
417.349	24.5
417.529	24.6
417.709	24.6
417.889	24.6
418.069	24.7
418.249	24.7
418.429	24.8
418.609	24.8
418.789	24.9
418.97	24.9
419.15	24.9
419.33	25
419.51	25
419.691	25.1
419.871	25.1
420.051	25.1
420.232	25.1
420.412	25.2
420.592	25.3
420.773	25.3
420.953	25.3
421.134	25.4
421.314	25.4
421.495	25.4
421.675	25.5
421.856	25.5
422.037	25.5
422.217	25.6
422.398	25.6
422.579	25.6
422.76	25.6
422.94	25.7
423.121	25.7
423.302	25.7
423.483	25.8
423.664	25.8
423.845	25.8
424.026	25.8
424.207	25.9
424.388	25.9
424.569	25.9
424.75	26
424.931	26
425.112	26
425.293	26
425.474	26.1
425.655	26.1
425.837	26.1
426.018	26.1
426.199	26.2
426.38	26.2
426.562	26.2
426.743	26.2
426.924	26.3
427.106	26.3
427.287	26.3
427.469	26.3
427.65	26.4
427.832	26.4
428.013	26.4
428.195	26.4
428.376	26.5
428.558	26.5
428.739	26.5
428.921	26.5
429.103	26.6
429.284	26.6
429.466	26.6
429.648	26.6
429.83	26.7
430.011	26.7
430.193	26.7
430.375	26.7
430.557	26.8
430.739	26.8
430.921	26.8
431.102	26.8
431.284	26.8
431.466	26.9
431.648	26.9
431.83	26.9
432.012	26.9
432.194	27
432.377	27
432.559	27
432.741	27
432.923	27
433.105	27.1
433.287	27.1
433.469	27.1
433.652	27.1
433.834	27.2
434.016	27.2
434.198	27.2
434.381	27.2
434.563	27.2
434.745	27.3
434.928	27.3
435.11	27.3
435.293	27.3
435.475	27.3
435.658	27.3
435.84	27.3
436.022	27.4
436.205	27.4
436.388	27.4
436.57	27.4
436.753	27.4
436.935	27.5
437.118	27.5
437.301	27.5
437.483	27.5
437.666	27.5
437.849	27.5
438.031	27.5
438.214	27.5
438.397	27.5
438.58	27.6
438.762	27.6
438.945	27.6
439.128	27.6
439.311	27.6
439.494	27.6
439.677	27.6
439.859	27.6
440.042	27.6
440.225	27.7
440.408	27.7
440.591	27.7
440.774	27.7
440.957	27.7
441.14	27.7
441.323	27.7
441.507	27.7
441.69	27.7
441.873	27.7
442.056	27.7
442.239	27.7
442.422	27.7
442.605	27.7
442.789	27.7
442.972	27.7
443.155	27.7
443.338	27.7
443.522	27.7
443.705	27.6
443.888	27.6
444.072	27.6
444.255	27.6
444.438	27.6
444.622	27.6
444.805	27.6
444.989	27.6
445.172	27.6
445.356	27.6
445.539	27.6
445.723	27.6
445.906	27.6
446.09	27.6
446.273	27.6
446.457	27.6
446.64	27.6
446.824	27.5
447.008	27.5
447.191	27.5
447.375	27.5
447.559	27.5
447.742	27.5
447.926	27.5
448.11	27.4
448.293	27.4
448.477	27.4
448.661	27.4
448.845	27.4
449.029	27.4
449.212	27.4
449.396	27.3
449.58	27.3
449.764	27.3
449.948	27.3
450.132	27.3
450.316	27.3
450.5	27.3
450.684	27.3
450.868	27.3
451.052	27.3
451.236	27.3
451.42	27.3
451.604	27.3
451.788	27.3
451.972	27.3
452.156	27.2
452.34	27.2
452.525	27.2
452.709	27.2
452.893	27.2
453.077	27.2
453.261	27.2
453.446	27.2
453.63	27.2
453.814	27.2
453.998	27.2
454.183	27.2
454.367	27.2
454.551	27.2
454.736	27.2
454.92	27.2
455.104	27.2
455.289	27.2
455.473	27.2
455.658	27.2
455.842	27.2
456.026	27.2
456.211	27.2
456.395	27.2
456.58	27.2
456.764	27.2
456.949	27.2
457.134	27.2
457.318	27.2
457.503	27.2
457.687	27.2
457.872	27.2
458.057	27.2
458.241	27.2
458.426	27.2
458.611	27.2
458.795	27.2
458.98	27.2
459.165	27.2
459.349	27.2
459.534	27.2
459.719	27.2
459.904	27.1
460.088	27.1
460.273	27.1
460.458	27.1
460.643	27.1
460.828	27.1
461.013	27.1
461.198	27.1
461.382	27.1
461.567	27.1
461.752	27.1
461.937	27.1
462.122	27.1
462.307	27
462.492	27
462.677	27
462.862	27
463.047	27
463.232	27
463.417	26.9
463.602	26.9
463.788	26.9
463.973	26.9
464.158	26.9
464.343	26.8
464.528	26.8
464.713	26.8
464.898	26.8
465.084	26.7
465.269	26.7
465.454	26.7
465.639	26.7
465.824	26.6
466.01	26.6
466.195	26.6
466.38	26.6
466.566	26.5
466.751	26.5
466.936	26.5
467.122	26.4
467.307	26.4
467.492	26.4
467.678	26.3
467.863	26.3
468.048	26.3
468.234	26.2
468.419	26.2
468.605	26.2
468.79	26.1
468.976	26.1
469.161	26
469.347	26
469.532	26
469.718	25.9
469.903	25.9
470.089	25.8
470.274	25.8
470.46	25.7
470.646	25.7
470.831	25.6
471.017	25.6
471.202	25.5
471.388	25.5
471.574	25.4
471.759	25.4
471.945	25.3
472.131	25.3
472.317	25.2
472.502	25.2
472.688	25.1
472.874	25
473.059	25
473.245	24.9
473.431	24.8
473.617	24.7
473.803	24.7
473.988	24.6
474.174	24.5
474.36	24.5
474.546	24.4
474.732	24.3
474.918	24.2
475.104	24.2
475.29	24.1
475.475	24
475.661	23.9
475.847	23.9
476.033	23.8
476.219	23.7
476.405	23.6
476.591	23.5
476.777	23.5
476.963	23.4
477.149	23.3
477.335	23.2
477.521	23.2
477.707	23.1
477.893	23
478.08	23
478.266	22.9
478.452	22.9
478.638	22.8
478.824	22.7
479.01	22.7
479.196	22.7
479.382	22.6
479.569	22.6
479.755	22.5
479.941	22.5
480.127	22.5
480.313	22.5
480.5	22.5
480.686	22.4
480.872	22.5
481.058	22.5
481.245	22.5
481.431	22.5
481.617	22.5
481.803	22.5
481.99	22.5
482.176	22.5
482.362	22.6
482.549	22.6
482.735	22.6
482.921	22.7
483.108	22.7
483.294	22.7
483.481	22.8
483.667	22.8
483.853	22.9
484.04	23
484.226	23
484.413	23.1
484.599	23.1
484.786	23.2
484.972	23.3
485.159	23.3
485.345	23.4
485.532	23.5
485.718	23.5
485.905	23.6
486.091	23.7
486.278	23.8
486.464	23.8
486.651	23.9
486.837	24
487.024	24
487.211	24.1
487.397	24.2
487.584	24.2
487.77	24.3
487.957	24.4
488.144	24.4
488.33	24.5
488.517	24.5
488.704	24.6
488.89	24.6
489.077	24.7
489.264	24.7
489.45	24.8
489.637	24.8
489.824	24.9
490.01	24.9
490.197	24.9
490.384	25
490.571	25
490.757	25
490.944	25
491.131	25.1
491.318	25.1
491.505	25.1
491.691	25.1
491.878	25.1
492.065	25.1
492.252	25.1
492.439	25.1
492.626	25.1
492.812	25.1
492.999	25.1
493.186	25.1
493.373	25.1
493.56	25.1
493.747	25.1
493.934	25.1
494.121	25.1
494.308	25
494.494	25
494.681	25
494.868	24.9
495.055	24.9
495.242	24.9
495.429	24.8
495.616	24.8
495.803	24.7
495.99	24.7
496.177	24.7
496.364	24.6
496.551	24.5
496.738	24.5
496.925	24.4
497.112	24.4
497.299	24.3
497.486	24.3
497.673	24.2
497.861	24.1
498.048	24.1
498.235	24
498.422	23.9
498.609	23.8
498.796	23.8
498.983	23.7
499.17	23.6
499.357	23.5
499.544	23.4
499.732	23.3
499.919	23.2
500.106	23.1
500.293	23
500.48	22.9
500.667	22.9
500.855	22.8
501.042	22.7
501.229	22.6
501.416	22.5
501.603	22.4
501.791	22.2
501.978	22.1
502.165	22
502.352	21.9
502.54	21.8
502.727	21.7
502.914	21.6
503.101	21.5
503.289	21.4
503.476	21.3
503.663	21.2
503.85	21
504.038	20.9
504.225	20.8
504.412	20.7
504.6	20.6
504.787	20.4
504.974	20.3
505.161	20.2
505.349	20.1
505.536	20
505.723	19.8
505.911	19.7
506.098	19.6
506.286	19.5
506.473	19.4
506.66	19.3
506.848	19.1
507.035	19
507.222	18.9
507.41	18.8
507.597	18.7
507.785	18.5
507.972	18.4
508.159	18.3
508.347	18.2
508.534	18.1
508.722	18
508.909	17.8
509.097	17.7
509.284	17.6
509.471	17.5
509.659	17.4
509.846	17.2
510.034	17.1
510.221	17
510.409	16.9
510.596	16.8
510.784	16.7
510.971	16.5
511.159	16.4
511.346	16.3
511.534	16.2
511.721	16.1
511.909	16
512.096	15.9
512.284	15.8
512.471	15.6
512.659	15.5
512.846	15.4
513.034	15.3
513.221	15.2
513.409	15.1
513.596	15
513.784	14.9
513.972	14.8
514.159	14.7
514.347	14.5
514.534	14.4
514.722	14.3
514.909	14.2
515.097	14.1
515.285	14
515.472	13.9
515.66	13.8
515.847	13.7
516.035	13.6
516.222	13.5
516.41	13.4
516.598	13.3
516.785	13.2
516.973	13.1
517.161	13
517.348	12.9
517.536	12.8
517.723	12.7
517.911	12.6
518.099	12.5
518.286	12.4
518.474	12.3
518.662	12.2
518.849	12.1
519.037	12
519.225	11.9
519.412	11.8
519.6	11.8
519.787	11.7
519.975	11.6
520.163	11.5
520.35	11.4
520.538	11.3
520.726	11.2
520.914	11.2
521.101	11.1
521.289	11
521.477	10.9
521.664	10.8
521.852	10.7
522.04	10.7
522.227	10.6
522.415	10.5
522.603	10.4
522.79	10.4
522.978	10.3
523.166	10.2
523.354	10.1
523.541	10.1
523.729	10
523.917	9.9
524.104	9.9
524.292	9.8
524.48	9.7
524.668	9.6
524.855	9.6
525.043	9.5
525.231	9.4
525.418	9.4
525.606	9.3
525.794	9.3
525.982	9.2
526.169	9.1
526.357	9.1
526.545	9
526.733	8.9
526.92	8.9
527.108	8.8
527.296	8.8
527.484	8.7
527.671	8.6
527.859	8.6
528.047	8.5
528.235	8.5
528.422	8.4
528.61	8.4
528.798	8.3
528.986	8.3
529.173	8.2
529.361	8.1
529.549	8.1
529.737	8
529.924	8
530.112	7.9
530.3	7.9
530.488	7.8
530.675	7.8
530.863	7.7
531.051	7.7
531.239	7.6
531.426	7.6
531.614	7.5
531.802	7.5
531.99	7.4
532.177	7.4
532.365	7.4
532.553	7.3
532.741	7.3
532.928	7.2
533.116	7.2
533.304	7.1
533.492	7.1
533.679	7.1
533.867	7
534.055	7
534.243	6.9
534.431	6.9
534.618	6.9
534.806	6.8
534.994	6.8
535.182	6.7
535.369	6.7
535.557	6.7
535.745	6.6
535.933	6.6
536.12	6.5
536.308	6.5
536.496	6.5
536.684	6.4
536.871	6.4
537.059	6.4
537.247	6.3
537.435	6.3
537.622	6.3
537.81	6.2
537.998	6.2
538.186	6.2
538.373	6.2
538.561	6.1
538.749	6.1
538.937	6.1
539.124	6
539.312	6
539.5	6
539.688	6
539.875	5.9
540.063	5.9
540.251	5.9
540.439	5.9
540.626	5.8
540.814	5.8
541.002	5.8
541.19	5.8
541.377	5.7
541.565	5.7
541.753	5.7
541.941	5.7
542.128	5.6
542.316	5.6
542.504	5.6
542.691	5.6
542.879	5.6
543.067	5.5
543.255	5.5
543.442	5.5
543.63	5.5
543.818	5.5
544.005	5.5
544.193	5.4
544.381	5.4
544.568	5.4
544.756	5.4
544.944	5.4
545.132	5.4
545.319	5.4
545.507	5.4
545.695	5.3
545.882	5.3
546.07	5.3
546.258	5.3
546.445	5.3
546.633	5.3
546.821	5.3
547.008	5.3
547.196	5.3
547.384	5.3
547.571	5.3
547.759	5.3
547.947	5.3
548.134	5.3
548.322	5.2
548.51	5.2
548.697	5.2
548.885	5.2
549.073	5.2
549.26	5.2
549.448	5.2
549.636	5.2
549.823	5.2
550.011	5.2
550.199	5.2
550.386	5.2
550.574	5.2
550.762	5.2
550.949	5.2
551.137	5.2
551.325	5.2
551.512	5.2
551.7	5.2
551.888	5.2
552.075	5.2
552.263	5.2
552.451	5.2
552.639	5.2
552.826	5.2
553.014	5.2
553.202	5.2
553.389	5.2
553.577	5.2
553.765	5.2
553.953	5.2
554.14	5.2
554.328	5.1
554.516	5.1
554.704	5.1
554.891	5.1
555.079	5.1
555.267	5.1
555.455	5.1
555.643	5.1
555.83	5.1
556.018	5.1
556.206	5.1
556.394	5.1
556.582	5.1
556.77	5.1
556.957	5.1
557.145	5
557.333	5
557.521	5
557.709	5
557.897	5
558.085	5
558.273	5
558.461	5
558.649	5
558.837	5
559.025	4.9
559.213	4.9
559.4	4.9
559.588	4.9
559.777	4.9
559.965	4.9
560.153	4.9
560.341	4.9
560.529	4.8
560.717	4.8
560.905	4.8
561.093	4.8
561.281	4.8
561.469	4.8
561.657	4.8
561.845	4.8
562.034	4.8
562.222	4.8
562.41	4.7
562.598	4.7
562.786	4.7
562.975	4.7
563.163	4.7
563.351	4.7
563.539	4.7
563.728	4.7
563.916	4.7
564.104	4.7
564.293	4.6
564.481	4.6
564.67	4.6
564.858	4.6
565.046	4.6
565.235	4.6
565.423	4.6
565.612	4.6
565.8	4.6
565.989	4.6
566.177	4.6
566.366	4.5
566.554	4.5
566.743	4.5
566.932	4.5
567.12	4.5
567.309	4.5
567.497	4.5
567.686	4.5
567.875	4.5
568.064	4.5
568.252	4.5
568.441	4.5
568.63	4.5
568.819	4.4
569.007	4.4
569.196	4.4
569.385	4.4
569.574	4.4
569.763	4.4
569.952	4.4
570.141	4.4
570.33	4.4
570.519	4.4
570.708	4.4
570.897	4.4
571.086	4.4
571.275	4.4
571.464	4.3
571.653	4.3
571.843	4.3
572.032	4.3
572.221	4.3
572.41	4.3
572.599	4.3
572.789	4.3
572.978	4.3
573.167	4.3
573.357	4.3
573.546	4.3
573.736	4.3
573.925	4.3
574.115	4.3
574.304	4.3
574.494	4.3
574.683	4.3
574.873	4.3
575.062	4.2
575.252	4.2
575.442	4.2
575.631	4.2
575.821	4.2
576.011	4.2
576.201	4.2
576.39	4.2
576.58	4.2
576.77	4.2
576.96	4.2
577.15	4.2
577.34	4.2
577.53	4.2
577.72	4.2
577.91	4.2
578.1	4.2
578.29	4.2
578.48	4.2
578.67	4.2
578.861	4.2
579.051	4.2
579.241	4.2
579.431	4.2
579.622	4.1
579.812	4.1
580.002	4.1
580.193	4.1
580.383	4.1
580.574	4.1
580.764	4.1
580.955	4.1
581.145	4.1
581.336	4.1
581.526	4.1
581.717	4.1
581.908	4.1
582.098	4.1
582.289	4.1
582.48	4.1
582.671	4.1
582.862	4.1
583.052	4.1
583.243	4.1
583.434	4.1
583.625	4.1
583.816	4.1
584.007	4.1
584.198	4.1
584.389	4.1
584.58	4.1
584.771	4.1
584.962	4.1
585.154	4.1
585.345	4.1
585.536	4.1
585.727	4.1
585.918	4.1
586.11	4.1
586.301	4.1
586.492	4.1
586.684	4.1
586.875	4.1
587.067	4.1
587.258	4.1
587.45	4.1
587.641	4.1
587.833	4.1
588.024	4.1
588.216	4.1
588.408	4.1
588.599	4.1
588.791	4.1
588.983	4.1
589.174	4.1
589.366	4.1
589.558	4.1
589.75	4.1
589.942	4.1
590.134	4.1
590.326	4.2
590.518	4.2
590.71	4.2
590.902	4.1
591.094	4.2
591.286	4.2
591.478	4.2
591.67	4.2
591.862	4.2
592.054	4.2
592.246	4.2
592.439	4.2
592.631	4.2
592.823	4.2
593.016	4.2
593.208	4.2
593.4	4.2
593.593	4.2
593.785	4.2
593.978	4.2
594.17	4.2
594.363	4.2
594.555	4.2
594.748	4.2
594.94	4.2
595.133	4.2
595.326	4.2
595.518	4.2
595.711	4.2
595.904	4.2
596.096	4.2
596.289	4.2
596.482	4.2
596.675	4.2
596.868	4.2
597.061	4.2
597.254	4.2
597.447	4.2
597.64	4.2
597.833	4.2
598.026	4.2
598.219	4.2
598.412	4.2
598.605	4.2
598.798	4.2
598.991	4.2
599.184	4.2
599.378	4.2
599.571	4.2
599.764	4.2
599.957	4.2
600.151	4.2
600.344	4.2
600.538	4.2
600.731	4.2
600.924	4.2
601.118	4.2
601.311	4.2
601.505	4.2
601.698	4.2
601.892	4.2
602.086	4.2
602.279	4.2
602.473	4.2
602.667	4.3
602.86	4.3
603.054	4.3
603.248	4.3
603.442	4.3
603.635	4.3
603.829	4.3
604.023	4.3
604.217	4.3
604.411	4.3
604.605	4.3
604.799	4.3
604.993	4.3
605.187	4.3
605.381	4.3
605.575	4.3
605.769	4.3
605.963	4.3
606.157	4.3
606.352	4.3
606.546	4.3
606.74	4.3
606.934	4.3
607.129	4.3
607.323	4.3
607.517	4.3
607.712	4.3
607.906	4.4
608.1	4.4
608.295	4.4
608.489	4.4
608.684	4.4
608.878	4.4
609.073	4.4
609.267	4.4
609.462	4.4
609.657	4.4
609.851	4.4
610.046	4.4
610.241	4.4
610.435	4.4
610.63	4.4
610.825	4.4
611.02	4.4
611.215	4.4
611.41	4.4
611.604	4.4
611.799	4.4
611.994	4.4
612.189	4.4
612.384	4.4
612.579	4.4
612.774	4.4
612.969	4.4
613.164	4.4
613.359	4.4
613.555	4.4
613.75	4.4
613.945	4.4
614.14	4.4
614.335	4.4
614.531	4.4
614.726	4.4
614.921	4.4
615.117	4.4
615.312	4.3
615.507	4.3
615.703	4.3
615.898	4.3
616.094	4.3
616.289	4.3
616.485	4.3
616.68	4.3
616.876	4.3
617.071	4.3
617.267	4.3
617.463	4.3
617.658	4.3
617.854	4.3
618.05	4.3
618.245	4.3
618.441	4.3
618.637	4.3
618.833	4.3
619.029	4.3
619.225	4.3
619.42	4.3
619.616	4.3
619.812	4.3
620.008	4.3
620.204	4.3
620.4	4.3
620.596	4.3
620.792	4.3
620.988	4.3
621.184	4.3
621.381	4.3
621.577	4.3
621.773	4.3
621.969	4.3
622.165	4.3
622.362	4.3
622.558	4.3
622.754	4.3
622.951	4.3
623.147	4.3
623.343	4.3
623.54	4.3
623.736	4.3
623.933	4.3
624.129	4.3
624.326	4.3
624.522	4.3
624.719	4.3
624.915	4.3
625.112	4.3
625.308	4.3
625.505	4.3
625.702	4.3
625.898	4.3
626.095	4.3
626.292	4.3
626.489	4.3
626.685	4.3
626.882	4.3
627.079	4.3
627.276	4.3
627.473	4.3
627.67	4.3
627.866	4.3
628.063	4.4
628.26	4.4
628.457	4.4
628.654	4.4
628.851	4.4
629.048	4.4
629.246	4.4
629.443	4.4
629.64	4.4
629.837	4.4
630.034	4.4
630.231	4.4
630.429	4.4
630.626	4.4
630.823	4.4
631.02	4.4
631.218	4.4
631.415	4.4
631.612	4.4
631.81	4.4
632.007	4.5
632.205	4.5
632.402	4.5
632.6	4.5
632.797	4.5
632.995	4.5
633.192	4.5
633.39	4.5
633.587	4.5
633.785	4.5
633.983	4.5
634.18	4.6
634.378	4.6
634.576	4.6
634.773	4.6
634.971	4.6
635.169	4.6
635.367	4.6
635.565	4.6
635.762	4.7
635.96	4.7
636.158	4.7
636.356	4.7
636.554	4.7
636.752	4.7
636.95	4.7
637.148	4.7
637.346	4.8
637.544	4.8
637.742	4.8
637.94	4.8
638.138	4.8
638.337	4.8
638.535	4.9
638.733	4.9
638.931	4.9
639.129	4.9
639.328	4.9
639.526	5
639.724	5
639.922	5
640.121	5
640.319	5
640.518	5.1
640.716	5.1
640.914	5.1
641.113	5.1
641.311	5.1
641.51	5.2
641.708	5.2
641.907	5.2
642.105	5.2
642.304	5.3
642.503	5.3
642.701	5.3
642.9	5.4
643.098	5.4
643.297	5.4
643.496	5.4
643.695	5.5
643.893	5.5
644.092	5.5
644.291	5.6
644.49	5.6
644.689	5.6
644.887	5.7
645.086	5.7
645.285	5.7
645.484	5.8
645.683	5.8
645.882	5.8
646.081	5.9
646.28	5.9
646.479	5.9
646.678	6
646.877	6
647.076	6.1
647.276	6.1
647.475	6.1
647.674	6.2
647.873	6.2
648.072	6.3
648.271	6.3
648.471	6.3
648.67	6.4
648.869	6.4
649.069	6.5
649.268	6.5
649.467	6.6
649.667	6.6
649.866	6.7
650.065	6.7
650.265	6.8
650.464	6.8
650.664	6.9
650.863	6.9
651.063	7
651.262	7
651.462	7.1
651.662	7.1
651.861	7.2
652.061	7.2
652.26	7.3
652.46	7.4
652.66	7.4
652.859	7.5
653.059	7.5
653.259	7.6
653.459	7.7
653.658	7.7
653.858	7.8
654.058	7.9
654.258	7.9
654.458	8
654.658	8.1
654.858	8.1
655.058	8.2
655.258	8.3
655.457	8.3
655.657	8.4
655.857	8.5
656.058	8.5
656.258	8.6
656.458	8.7
656.658	8.8
656.858	8.9
657.058	8.9
657.258	9
657.458	9.1
657.659	9.2
657.859	9.3
658.059	9.3
658.259	9.4
658.459	9.5
658.66	9.6
658.86	9.7
659.06	9.8
659.261	9.9
659.461	9.9
659.662	10
659.862	10.1
660.062	10.2
660.263	10.3
660.463	10.4
660.664	10.5
660.864	10.6
661.065	10.7
661.265	10.8
661.466	10.9
661.667	11
661.867	11.1
662.068	11.2
662.268	11.3
662.469	11.4
662.67	11.5
662.87	11.7
663.071	11.8
663.272	11.9
663.473	12
663.674	12.1
663.874	12.2
664.075	12.3
664.276	12.5
664.477	12.6
664.678	12.7
664.879	12.8
665.08	13
665.28	13.1
665.481	13.2
665.682	13.3
665.883	13.5
666.084	13.6
666.285	13.7
666.486	13.9
666.688	14
666.889	14.1
667.09	14.3
667.291	14.4
667.492	14.5
667.693	14.7
667.894	14.8
668.096	15
668.297	15.1
668.498	15.3
668.699	15.4
668.901	15.6
669.102	15.7
669.303	15.8
669.505	16
669.706	16.1
669.907	16.3
670.109	16.5
670.31	16.6
670.511	16.8
670.713	16.9
670.914	17.1
671.116	17.2
671.317	17.4
671.519	17.6
671.72	17.7
671.922	17.9
672.124	18
672.325	18.2
672.527	18.4
672.728	18.6
672.93	18.7
673.132	18.9
673.333	19.1
673.535	19.2
673.737	19.4
673.939	19.6
674.14	19.8
674.342	19.9
674.544	20.1
674.746	20.3
674.948	20.5
675.149	20.7
675.351	20.9
675.553	21.1
675.755	21.2
675.957	21.4
676.159	21.6
676.361	21.8
676.563	22
676.765	22.2
676.967	22.4
677.169	22.6
677.371	22.8
677.573	23
677.775	23.2
677.977	23.4
678.179	23.6
678.381	23.8
678.583	24
678.786	24.2
678.988	24.4
679.19	24.6
679.392	24.8
679.594	25
679.797	25.2
679.999	25.4
680.201	25.6
680.404	25.8
680.606	26.1
680.808	26.3
681.011	26.5
681.213	26.7
681.415	26.9
681.618	27.1
681.82	27.3
682.023	27.5
682.225	27.8
682.428	28
682.63	28.2
682.833	28.4
683.035	28.6
683.238	28.8
683.44	29
683.643	29.3
683.845	29.5
684.048	29.7
684.251	29.9
684.453	30.1
684.656	30.4
684.859	30.6
685.061	30.8
685.264	31
685.467	31.2
685.67	31.5
685.872	31.7
686.075	31.9
686.278	32.1
686.481	32.3
686.684	32.6
686.886	32.8
687.089	33
687.292	33.2
687.495	33.4
687.698	33.6
687.901	33.8
688.104	34
688.307	34.3
688.51	34.5
688.713	34.7
688.916	34.9
689.119	35.1
689.322	35.3
689.525	35.5
689.728	35.7
689.931	35.9
690.134	36.1
690.337	36.3
690.54	36.5
690.744	36.7
690.947	36.9
691.15	37.1
691.353	37.3
691.556	37.5
691.76	37.7
691.963	37.9
692.166	38.1
692.37	38.3
692.573	38.4
692.776	38.6
692.979	38.8
693.183	39
693.386	39.2
693.59	39.3
693.793	39.5
693.996	39.7
694.2	39.8
694.403	40
694.607	40.2
694.81	40.3
695.014	40.5
695.217	40.7
695.421	40.8
695.624	41
695.828	41.2
696.031	41.3
696.235	41.5
696.439	41.6
696.642	41.8
696.846	41.9
697.049	42.1
697.253	42.2
697.457	42.4
697.661	42.5
697.864	42.6
698.068	42.8
698.272	42.9
698.475	43.1
698.679	43.2
698.883	43.3
699.087	43.4
699.291	43.6
699.494	43.7
699.698	43.8
699.902	43.9
700.106	44
700.31	44.2
700.514	44.3
700.718	44.4
700.922	44.5
701.126	44.6
701.33	44.7
701.534	44.8
701.738	44.9
701.942	45
702.146	45.1
702.35	45.2
702.554	45.3
702.758	45.4
702.962	45.5
703.166	45.6
703.37	45.7
703.574	45.8
703.778	45.9
703.983	45.9
704.187	46
704.391	46.1
704.595	46.2
704.799	46.3
705.004	46.4
705.208	46.4
705.412	46.5
705.616	46.6
705.821	46.6
706.025	46.7
706.229	46.8
706.434	46.9
706.638	46.9
706.842	47
707.047	47.1
707.251	47.1
707.455	47.2
707.66	47.3
707.864	47.3
708.069	47.4
708.273	47.5
708.478	47.5
708.682	47.6
708.887	47.7
709.091	47.7
709.296	47.8
709.5	47.8
709.705	47.9
709.909	48
710.114	48
710.319	48.1
710.523	48.1
710.728	48.2
710.932	48.2
711.137	48.3
711.342	48.3
711.546	48.4
711.751	48.4
711.956	48.5
712.161	48.5
712.365	48.6
712.57	48.6
712.775	48.7
712.98	48.7
713.184	48.8
713.389	48.8
713.594	48.9
713.799	48.9
714.004	48.9
714.209	49
714.413	49
714.618	49.1
714.823	49.1
715.028	49.2
715.233	49.2
715.438	49.2
715.643	49.3
715.848	49.3
716.053	49.3
716.258	49.4
716.463	49.4
716.668	49.4
716.873	49.5
717.078	49.5
717.283	49.5
717.488	49.5
717.693	49.6
717.898	49.6
718.103	49.6
718.308	49.7
718.514	49.7
718.719	49.7
718.924	49.8
719.129	49.8
719.334	49.8
719.539	49.8
719.745	49.9
719.95	49.9
720.155	49.9
720.36	50
720.566	50
720.771	50
720.976	50
721.182	50.1
721.387	50.1
721.592	50.1
721.798	50.1
722.003	50.2
722.208	50.2
722.414	50.2
722.619	50.2
722.824	50.3
723.03	50.3
723.235	50.3
723.441	50.3
723.646	50.3
723.852	50.4
724.057	50.4
724.263	50.4
724.468	50.4
724.674	50.5
724.879	50.5
725.085	50.5
725.29	50.5
725.496	50.6
725.701	50.6
725.907	50.6
726.112	50.6
726.318	50.7
726.524	50.7
726.729	50.7
726.935	50.7
727.141	50.8
727.346	50.8
727.552	50.8
727.758	50.8
727.963	50.8
728.169	50.8
728.375	50.9
728.581	50.9
728.786	50.9
728.992	50.9
729.198	50.9
729.404	51
729.609	51
729.815	51
730.021	51
730.227	51.1
730.433	51.1
730.639	51.1
730.844	51.1
731.05	51.1
731.256	51.1
731.462	51.2
731.668	51.2
731.874	51.2
732.08	51.2
732.286	51.2
732.492	51.3
732.698	51.3
732.904	51.3
733.11	51.3
733.316	51.3
733.522	51.4
733.728	51.4
733.934	51.4
734.14	51.4
734.346	51.4
734.552	51.5
734.758	51.5
734.964	51.5
735.17	51.5
735.376	51.5
735.583	51.5
735.789	51.6
735.995	51.6
736.201	51.6
736.407	51.6
736.613	51.7
736.819	51.7
737.026	51.7
737.232	51.7
737.438	51.7
737.644	51.7
737.851	51.7
738.057	51.8
738.263	51.8
738.469	51.8
738.676	51.8
738.882	51.8
739.088	51.8
739.295	51.8
739.501	51.8
739.707	51.9
739.914	51.9
740.12	51.9
740.326	51.9
740.533	51.9
740.739	51.9
740.946	51.9
741.152	51.9
741.358	51.9
741.565	51.9
741.771	51.9
741.978	51.9
742.184	52
742.391	52
742.597	52
742.804	52
743.01	52
743.217	52
743.423	52
743.63	52
743.836	52
744.043	52
744.249	52
744.456	52
744.663	52
744.869	52
745.076	52.1
745.282	52.1
745.489	52.1
745.696	52.1
745.902	52.1
746.109	52.1
746.316	52.1
746.522	52.1
746.729	52.1
746.936	52.1
747.142	52.2
747.349	52.2
747.556	52.2
747.762	52.2
747.969	52.2
748.176	52.2
748.383	52.2
748.589	52.3
748.796	52.3
749.003	52.3
749.21	52.3
749.417	52.3
749.623	52.3
749.83	52.3
750.037	52.4
750.244	52.4
750.451	52.4
750.658	52.4
750.865	52.4
751.071	52.4
751.278	52.5
751.485	52.5
751.692	52.5
751.899	52.5
752.106	52.5
752.313	52.5
752.52	52.5
752.727	52.5
752.934	52.5
753.141	52.5
753.348	52.6
753.555	52.6
753.762	52.6
753.969	52.6
754.176	52.6
754.383	52.6
754.59	52.6
754.797	52.6
755.004	52.7
755.211	52.7
755.418	52.7
755.625	52.7
755.832	52.7
756.039	52.7
756.246	52.7
756.453	52.8
756.66	52.8
756.868	52.8
757.075	52.8
757.282	52.8
757.489	52.8
757.696	52.9
757.903	52.9
758.111	52.9
758.318	52.9
758.525	52.9
758.732	52.9
758.939	52.9
759.147	52.9
759.354	52.9
759.561	52.9
759.768	52.9
759.976	53
760.183	53
760.39	53
760.597	53
760.805	53
761.012	53
761.219	53.1
761.426	53.1
761.634	53.1
761.841	53.1
762.048	53.1
762.256	53.1
762.463	53.1
762.67	53.1
762.878	53.1
763.085	53.2
763.293	53.2
763.5	53.2
763.707	53.2
763.915	53.2
764.122	53.2
764.33	53.2
764.537	53.2
764.744	53.3
764.952	53.3
765.159	53.3
765.367	53.3
765.574	53.3
765.782	53.3
765.989	53.3
766.197	53.3
766.404	53.3
766.612	53.3
766.819	53.3
767.027	53.3
767.234	53.3
767.442	53.3
767.649	53.4
767.857	53.4
768.064	53.4
768.272	53.4
768.479	53.4
768.687	53.4
768.895	53.5
769.102	53.5
769.31	53.5
769.517	53.5
769.725	53.5
769.933	53.5
770.14	53.5
770.348	53.5
770.555	53.5
770.763	53.5
770.971	53.6
771.178	53.6
771.386	53.6
771.594	53.6
771.801	53.6
772.009	53.6
772.217	53.6
772.424	53.6
772.632	53.6
772.84	53.7
773.047	53.7
773.255	53.7
773.463	53.7
773.671	53.7
773.878	53.7
774.086	53.7
774.294	53.7
774.502	53.7
774.709	53.8
774.917	53.8
775.125	53.8
775.333	53.8
775.54	53.8
775.748	53.8
775.956	53.9
776.164	53.9
776.371	53.9
776.579	53.9
776.787	53.9
776.995	53.9
777.203	53.9
777.41	53.9
777.618	53.9
777.826	53.9
778.034	53.9
778.242	53.9
778.45	54
778.657	54
778.865	54
779.073	54
779.281	54
779.489	54
779.697	54
779.905	54
780.112	54
780.32	54.1
780.528	54.1
780.736	54.1
780.944	54.1
781.152	54.1
781.36	54.1
781.568	54.1
781.776	54.1
781.984	54.1
782.191	54.2
782.399	54.2
782.607	54.2
782.815	54.2
783.023	54.2
783.231	54.2
783.439	54.2
783.647	54.2
783.855	54.2
784.063	54.2
784.271	54.3
784.479	54.3
784.687	54.3
784.895	54.3
785.103	54.3
785.311	54.3
785.519	54.3
785.727	54.3
785.935	54.4
786.143	54.4
786.351	54.4
786.559	54.4
786.767	54.4
786.975	54.4
787.183	54.4
787.391	54.4
787.599	54.4
787.807	54.4
788.015	54.5
788.223	54.5
788.431	54.5
788.639	54.5
788.847	54.5
789.055	54.5
789.263	54.5
789.471	54.6
789.679	54.6
789.887	54.6
790.095	54.6
790.303	54.6
790.511	54.6
790.719	54.6
790.927	54.6
791.135	54.6
791.343	54.6
791.551	54.6
791.76	54.7
791.968	54.7
792.176	54.7
792.384	54.7
792.592	54.7
792.8	54.7
793.008	54.7
793.216	54.7
793.424	54.8
793.632	54.8
793.84	54.8
794.048	54.8
794.256	54.8
794.465	54.8
794.673	54.8
794.881	54.8
795.089	54.8
795.297	54.8
795.505	54.8
795.713	54.8
795.921	54.9
796.129	54.9
796.337	54.9
796.546	54.9
796.754	54.9
796.962	54.9
797.17	54.9
797.378	55
797.586	55
797.794	55
798.002	55
798.21	55
798.419	55
798.627	55
798.835	55
799.043	55
799.251	55.1
799.459	55.1
799.667	55.1
799.875	55.1
800.083	55.1
800.292	55.1
800.5	55.1
800.708	55.1
800.916	55.2
801.124	55.2
801.332	55.2
801.54	55.2
801.748	55.2
801.957	55.2
802.165	55.2
802.373	55.3
802.581	55.3
802.789	55.3
802.997	55.3
803.205	55.3
803.414	55.3
803.622	55.3
803.83	55.3
804.038	55.4
804.246	55.4
804.454	55.4
804.662	55.4
804.87	55.4
805.079	55.4
805.287	55.4
805.495	55.4
805.703	55.4
805.911	55.4
806.119	55.4
806.327	55.4
806.535	55.4
806.743	55.5
806.952	55.5
807.16	55.5
807.368	55.5
807.576	55.5
807.784	55.5
807.992	55.5
808.2	55.5
808.408	55.5
808.617	55.5
808.825	55.5
809.033	55.5
809.241	55.6
809.449	55.6
809.657	55.6
809.865	55.6
810.073	55.6
810.281	55.6
810.49	55.6
810.698	55.6
810.906	55.6
811.114	55.7
811.322	55.7
811.53	55.7
811.738	55.7
811.946	55.6
812.154	55.7
812.362	55.7
812.57	55.7
812.779	55.7
812.987	55.7
813.195	55.7
813.403	55.7
813.611	55.7
813.819	55.7
814.027	55.8
814.235	55.8
814.443	55.8
814.651	55.8
814.859	55.8
815.067	55.8
815.275	55.8
815.484	55.8
815.692	55.8
815.9	55.8
816.108	55.8
816.316	55.8
816.524	55.8
816.732	55.8
816.94	55.8
817.148	55.8
817.356	55.8
817.564	55.9
817.772	55.9
817.98	55.9
818.188	55.9
818.397	55.9
818.605	55.9
818.813	55.9
819.021	55.9
819.229	55.9
819.437	55.9
819.645	55.9
819.853	55.9
820.061	55.9
820.269	56
820.477	56
820.685	56
820.893	56
821.102	56
821.31	56
821.518	56
821.726	56
821.934	56
822.142	56.1
822.35	56.1
822.558	56.1
822.766	56.1
822.974	56.1
823.182	56.2
823.39	56.1
823.599	56.2
823.807	56.2
824.015	56.2
824.223	56.2
824.431	56.2
824.639	56.2
824.847	56.2
825.055	56.3
825.263	56.3
825.472	56.3
825.68	56.3
825.888	56.3
826.096	56.3
826.304	56.3
826.512	56.4
826.72	56.4
826.928	56.4
827.137	56.4
827.345	56.4
827.553	56.4
827.761	56.4
827.969	56.4
828.177	56.5
828.385	56.5
828.594	56.5
828.802	56.5
829.01	56.5
829.218	56.5
829.426	56.5
829.634	56.5
829.843	56.5
830.051	56.5
830.259	56.5
830.467	56.5
830.675	56.5
830.883	56.5
831.092	56.5
831.3	56.5
831.508	56.5
831.716	56.6
831.924	56.6
832.133	56.6
832.341	56.6
832.549	56.6
832.757	56.6
832.966	56.6
833.174	56.6
833.382	56.6
833.59	56.6
833.799	56.6
834.007	56.6
834.215	56.6
834.423	56.6
834.632	56.6
834.84	56.6
835.048	56.6
835.256	56.6
835.465	56.6
835.673	56.6
835.881	56.7
836.09	56.6
836.298	56.6
836.506	56.7
836.715	56.7
836.923	56.7
837.131	56.7
837.34	56.7
837.548	56.7
837.756	56.7
837.965	56.7
838.173	56.7
838.381	56.7
838.59	56.7
838.798	56.7
839.006	56.7
839.215	56.7
839.423	56.7
839.632	56.7
839.84	56.7
840.048	56.7
840.257	56.7
840.465	56.7
840.674	56.7
840.882	56.7
841.091	56.8
841.299	56.8
841.508	56.8
841.716	56.8
841.924	56.8
842.133	56.8
842.341	56.8
842.55	56.9
842.758	56.9
842.967	56.9
843.175	56.9
843.384	56.9
843.593	56.9
843.801	56.9
844.01	56.9
844.218	56.9
844.427	56.9
844.635	56.9
844.844	56.9
845.052	56.9
845.261	56.9
845.47	56.9
845.678	57
845.887	57
846.095	57
846.304	57.1
846.513	57.1
846.721	57.1
846.93	57.1
847.139	57.1
847.347	57.1
847.556	57.1
847.765	57.2
847.973	57.2
848.182	57.2
848.391	57.2
848.6	57.2
848.808	57.2
849.017	57.3
849.226	57.3
849.435	57.3
849.643	57.3
849.852	57.3
850.061	57.3
850.27	57.3
850.478	57.3
850.687	57.3
850.896	57.3
851.105	57.4
851.314	57.4
851.523	57.4
851.731	57.4
851.94	57.4
852.149	57.5
852.358	57.5
852.567	57.5
852.776	57.5
852.985	57.5
853.194	57.5
853.403	57.5
853.612	57.6
853.821	57.6
854.03	57.6
854.239	57.6
854.447	57.6
854.656	57.6
854.865	57.6
855.075	57.6
855.284	57.6
855.493	57.6
855.702	57.6
855.911	57.6
856.12	57.6
856.329	57.6
856.538	57.6
856.747	57.6
856.956	57.6
857.165	57.6
857.374	57.6
857.584	57.6
857.793	57.6
858.002	57.6
858.211	57.6
858.42	57.6
858.629	57.6
858.839	57.6
859.048	57.6
859.257	57.6
859.466	57.6
859.676	57.6
859.885	57.6
860.094	57.6
860.304	57.6
860.513	57.6
860.722	57.6
860.932	57.5
861.141	57.5
861.35	57.5
861.56	57.6
861.769	57.6
861.978	57.6
862.188	57.6
862.397	57.6
862.607	57.6
862.816	57.6
863.026	57.6
863.235	57.6
863.445	57.6
863.654	57.7
863.864	57.7
864.073	57.7
864.283	57.7
864.492	57.7
864.702	57.7
864.911	57.7
865.121	57.7
865.33	57.8
865.54	57.8
865.75	57.8
865.959	57.8
866.169	57.8
866.379	57.8
866.588	57.8
866.798	57.8
867.008	57.8
867.218	57.8
867.427	57.8
867.637	57.8
867.847	57.8
868.057	57.8
868.266	57.9
868.476	57.9
868.686	57.9
868.896	57.9
869.106	57.9
869.316	57.9
869.525	57.9
869.735	58
869.945	58
870.155	58
870.365	58
870.575	58
870.785	58
870.995	58
871.205	58
871.415	58
871.625	58
871.835	58
872.045	58
872.255	58
872.465	58
872.675	58
872.886	58
873.096	58
873.306	58
873.516	58
873.726	58
873.936	58
874.147	58
874.357	58
874.567	58
874.777	58
874.988	58
875.198	58
875.408	58
875.619	58
875.829	58
876.039	58
876.25	58
876.46	58
876.67	58
876.881	58
877.091	58
877.302	58
877.512	58
877.723	58
877.933	57.9
878.144	57.9
878.354	57.9
878.565	57.9
878.775	57.9
878.986	57.8
879.197	57.8
879.407	57.8
879.618	57.8
879.829	57.8
880.039	57.8
880.25	57.8
880.461	57.8
880.671	57.8
880.882	57.7
881.093	57.7
881.304	57.7
881.515	57.7
881.725	57.7
881.936	57.7
882.147	57.7
882.358	57.7
882.569	57.7
882.78	57.7
882.991	57.7
883.202	57.8
883.413	57.8
883.624	57.7
883.835	57.7
884.046	57.7
884.257	57.7
884.468	57.8
884.679	57.8
884.89	57.8
885.101	57.8
885.312	57.8
885.523	57.9
885.735	57.9
885.946	57.8
886.157	57.8
886.368	57.9
886.579	57.9
886.791	57.9
887.002	57.9
887.213	58
887.425	58
887.636	58
887.847	58
888.059	58
888.27	58.1
888.481	58.1
888.693	58.1
888.904	58.1
889.116	58.1
889.327	58.1
889.539	58.2
889.75	58.2
889.962	58.2
890.174	58.2
890.385	58.2
890.597	58.2
890.808	58.3
891.02	58.3
891.232	58.3
891.444	58.3
891.655	58.3
891.867	58.3
892.079	58.3
892.291	58.4
892.502	58.4
892.714	58.4
892.926	58.4
893.138	58.4
893.35	58.4
893.562	58.4
893.774	58.4
893.986	58.4
894.198	58.4
894.41	58.4
894.622	58.4
894.834	58.5
895.046	58.4
895.258	58.5
895.47	58.5
895.682	58.5
895.894	58.5
896.106	58.5
896.319	58.5
896.531	58.5
896.743	58.5
896.955	58.5
897.168	58.5
897.38	58.5
897.592	58.5
897.805	58.6
898.017	58.6
898.229	58.6
898.442	58.6
898.654	58.6
898.867	58.6
899.079	58.6
899.292	58.6
899.504	58.6
899.717	58.6
899.929	58.5
900.142	58.5
900.355	58.5
900.567	58.5
900.78	58.4
900.993	58.5
901.205	58.5
901.418	58.5
901.631	58.5
901.844	58.5
902.056	58.5
902.269	58.4
902.482	58.4
902.695	58.4
902.908	58.4
903.121	58.4
903.334	58.4
903.547	58.3
903.76	58.3
903.973	58.3
904.186	58.3
904.399	58.3
904.612	58.3
904.825	58.3
905.038	58.3
905.251	58.3
905.465	58.3
905.678	58.3
905.891	58.3
906.104	58.3
906.318	58.3
906.531	58.2
906.744	58.2
906.958	58.2
907.171	58.2
907.384	58.2
907.598	58.2
907.811	58.2
908.025	58.2
908.238	58.2
908.452	58.2
908.665	58.2
908.879	58.2
909.093	58.2
909.306	58.2
909.52	58.2
909.734	58.2
909.947	58.2
910.161	58.2
910.375	58.1
910.589	58.1
910.803	58.2
911.016	58.2
911.23	58.2
911.444	58.2
911.658	58.2
911.872	58.2
912.086	58.2
912.3	58.1
912.514	58.1
912.728	58.1
912.942	58.1
913.156	58.1
913.37	58.1
913.585	58.1
913.799	58.1
914.013	58.1
914.227	58.1
914.442	58.1
914.656	58
914.87	58
915.084	58
915.299	58
915.513	58
915.728	58
915.942	58
916.157	58
916.371	57.9
916.586	57.9
916.8	57.9
917.015	57.9
917.229	57.9
917.444	57.9
917.659	57.9
917.874	57.9
918.088	58
918.303	57.9
918.518	57.9
918.733	57.9
918.947	57.9
919.162	57.9
919.377	57.9
919.592	57.9
919.807	57.9
920.022	57.9
920.237	57.9
920.452	57.9
920.667	57.9
920.882	58
921.097	58
921.313	58
921.528	58
921.743	57.9
921.958	57.9
922.174	57.9
922.389	57.9
922.604	57.9
922.82	57.9
923.035	57.9
923.25	57.9
923.466	58
923.681	58
923.897	58
924.112	58
924.328	58
924.544	58
924.759	58
924.975	58
925.19	58
925.406	58.1
925.622	58.1
925.838	58.1
926.054	58.1
926.269	58.1
926.485	58.1
926.701	58.1
926.917	58.1
927.133	58.1
927.349	58.1
927.565	58.1
927.781	58.1
927.997	58.1
928.213	58.1
928.429	58.1
928.646	58.1
928.862	58
929.078	58
929.294	58.1
929.511	58.1
929.727	58.1
929.943	58.1
930.16	58.1
930.376	58.1
930.592	58.1
930.809	58.2
931.025	58.2
931.242	58.2
931.459	58.2
931.675	58.2
931.892	58.2
932.108	58.2
932.325	58.2
932.542	58.1
932.759	58.1
932.975	58.1
933.192	58.1
933.409	58.1
933.626	58
933.843	58
934.06	58
934.277	58
934.494	57.9
934.711	57.9
934.928	57.8
935.145	57.7
935.362	57.7
935.58	57.6
935.797	57.5
936.014	57.5
936.231	57.3
936.449	57.3
936.666	57.2
936.883	57.2
937.101	57.1
937.318	57.1
937.536	57
937.753	57
937.971	56.9
938.188	56.8
938.406	56.7
938.624	56.8
938.841	56.7
939.059	56.6
939.277	56.5
939.494	56.4
939.712	56.4
939.93	56.3
