360.161	30.6
360.333	30.5
360.504	30.5
360.676	30.5
360.847	30.4
361.019	30.4
361.19	30.4
361.361	30.4
361.533	30.5
361.704	30.4
361.876	30.4
362.047	30.4
362.219	30.3
362.391	30.3
362.562	30.3
362.734	30.4
362.905	30.4
363.077	30.4
363.248	30.4
363.42	30.4
363.592	30.4
363.763	30.4
363.935	30.4
364.106	30.4
364.278	30.4
364.45	30.3
364.621	30.3
364.793	30.4
364.965	30.4
365.137	30.3
365.308	30.3
365.48	30.3
365.652	30.4
365.824	30.3
365.995	30.3
366.167	30.3
366.339	30.3
366.511	30.3
366.683	30.3
366.854	30.3
367.026	30.3
367.198	30.3
367.37	30.3
367.542	30.3
367.714	30.3
367.886	30.3
368.058	30.3
368.23	30.3
368.402	30.3
368.574	30.3
368.746	30.3
368.918	30.3
369.09	30.2
369.262	30.2
369.434	30.2
369.606	30.2
369.778	30.2
369.95	30.1
370.122	30.1
370.294	30
370.467	30.1
370.639	30.1
370.811	30.1
370.983	30.1
371.155	30.1
371.328	30.1
371.5	30.1
371.672	30.1
371.844	30.1
372.017	30.2
372.189	30.2
372.361	30.2
372.534	30.1
372.706	30.1
372.878	30.1
373.051	30.1
373.223	30.1
373.396	30.1
373.568	30.1
373.741	30.1
373.913	30.1
374.086	30.2
374.258	30.2
374.431	30.3
374.603	30.3
374.776	30.3
374.949	30.3
375.121	30.4
375.294	30.4
375.467	30.4
375.639	30.4
375.812	30.4
375.985	30.4
376.157	30.4
376.33	30.5
376.503	30.5
376.676	30.5
376.849	30.6
377.021	30.6
377.194	30.6
377.367	30.7
377.54	30.7
377.713	30.7
377.886	30.7
378.059	30.7
378.232	30.7
378.405	30.8
378.578	30.8
378.751	30.8
378.924	30.8
379.097	30.8
379.27	30.8
379.444	30.8
379.617	30.8
379.79	30.9
379.963	30.8
380.136	30.9
380.31	30.9
380.483	30.9
380.656	30.9
380.829	31
381.003	30.9
381.176	30.9
381.35	30.9
381.523	30.9
381.696	30.9
381.87	30.9
382.043	31
382.217	30.9
382.39	30.9
382.564	31
382.738	31
382.911	31
383.085	31.1
383.258	31.1
383.432	31.1
383.606	31.1
383.779	31.2
383.953	31.2
384.127	31.2
384.301	31.2
384.475	31.2
384.648	31.2
384.822	31.2
384.996	31.2
385.17	31.3
385.344	31.3
385.518	31.3
385.692	31.3
385.866	31.3
386.04	31.4
386.214	31.4
386.388	31.4
386.562	31.4
386.737	31.4
386.911	31.4
387.085	31.5
387.259	31.5
387.434	31.5
387.608	31.5
387.782	31.5
387.956	31.5
388.131	31.6
388.305	31.6
388.48	31.6
388.654	31.6
388.829	31.6
389.003	31.6
389.178	31.6
389.352	31.7
389.527	31.7
389.701	31.7
389.876	31.7
390.051	31.7
390.226	31.7
390.4	31.7
390.575	31.7
390.75	31.7
390.925	31.7
391.099	31.7
391.274	31.7
391.449	31.8
391.624	31.7
391.799	31.7
391.974	31.8
392.149	31.7
392.324	31.7
392.499	31.7
392.675	31.7
392.85	31.7
393.025	31.7
393.2	31.7
393.375	31.7
393.551	31.7
393.726	31.7
393.901	31.7
394.077	31.7
394.252	31.7
394.427	31.7
394.603	31.7
394.778	31.7
394.954	31.7
395.129	31.6
395.305	31.6
395.481	31.6
395.656	31.6
395.832	31.6
396.008	31.6
396.184	31.5
396.359	31.5
396.535	31.5
396.711	31.5
396.887	31.5
397.063	31.4
397.239	31.4
397.415	31.4
397.591	31.4
397.767	31.3
397.943	31.3
398.119	31.3
398.295	31.2
398.471	31.2
398.648	31.2
398.824	31.2
399	31.1
399.176	31.1
399.353	31.1
399.529	31.1
399.706	31
399.882	31
400.058	31
400.235	30.9
400.412	30.9
400.588	30.9
400.765	30.9
400.942	30.8
401.118	30.8
401.295	30.7
401.472	30.7
401.649	30.7
401.825	30.7
402.002	30.6
402.179	30.6
402.356	30.6
402.533	30.5
402.71	30.5
402.887	30.5
403.064	30.4
403.242	30.4
403.419	30.4
403.596	30.3
403.773	30.3
403.95	30.3
404.128	30.3
404.305	30.3
404.483	30.3
404.66	30.2
404.837	30.2
405.015	30.2
405.193	30.2
405.37	30.2
405.548	30.2
405.725	30.1
405.903	30.1
406.081	30.1
406.259	30.1
406.437	30.1
406.614	30.1
406.792	30
406.97	30
407.148	30
407.326	30
407.504	30
407.682	30
407.86	30
408.039	30
408.217	30
408.395	30
408.573	30
408.751	30
408.93	30
409.108	30
409.287	30
409.465	30
409.643	30
409.822	30
410	30
410.179	30
410.358	30
410.536	30
410.715	30
410.894	30
411.072	30
411.251	30
411.43	30
411.609	30
411.788	30
411.967	30
412.146	30
412.325	30
412.504	30
412.683	30
412.862	30
413.041	30
413.22	30
413.399	30
413.578	30
413.758	30
413.937	30.1
414.116	30.1
414.296	30.1
414.475	30.1
414.654	30.1
414.834	30.1
415.013	30.1
415.193	30.1
415.372	30.1
415.552	30.1
415.732	30.1
415.911	30.1
416.091	30.1
416.271	30.1
416.45	30.1
416.63	30.1
416.81	30.1
416.99	30.1
417.169	30.1
417.349	30.1
417.529	30.1
417.709	30.1
417.889	30.1
418.069	30
418.249	30
418.429	30
418.609	30
418.789	30
418.97	30
419.15	30
419.33	30
419.51	30
419.691	30
419.871	30
420.051	29.9
420.232	29.9
420.412	29.9
420.592	29.9
420.773	29.8
420.953	29.8
421.134	29.8
421.314	29.7
421.495	29.7
421.675	29.7
421.856	29.6
422.037	29.6
422.217	29.5
422.398	29.5
422.579	29.4
422.76	29.4
422.94	29.4
423.121	29.3
423.302	29.3
423.483	29.2
423.664	29.2
423.845	29.1
424.026	29
424.207	29
424.388	28.9
424.569	28.9
424.75	28.8
424.931	28.7
425.112	28.6
425.293	28.6
425.474	28.5
425.655	28.4
425.837	28.3
426.018	28.2
426.199	28.2
426.38	28.1
426.562	28
426.743	27.9
426.924	27.8
427.106	27.7
427.287	27.6
427.469	27.5
427.65	27.4
427.832	27.2
428.013	27.1
428.195	27
428.376	26.9
428.558	26.8
428.739	26.6
428.921	26.5
429.103	26.4
429.284	26.3
429.466	26.2
429.648	26.1
429.83	25.9
430.011	25.8
430.193	25.7
430.375	25.6
430.557	25.5
430.739	25.3
430.921	25.2
431.102	25.1
431.284	25
431.466	24.9
431.648	24.7
431.83	24.6
432.012	24.5
432.194	24.4
432.377	24.3
432.559	24.1
432.741	24
432.923	23.9
433.105	23.8
433.287	23.7
433.469	23.5
433.652	23.4
433.834	23.3
434.016	23.2
434.198	23.1
434.381	23
434.563	22.8
434.745	22.7
434.928	22.6
435.11	22.5
435.293	22.4
435.475	22.3
435.658	22.1
435.84	22
436.022	21.9
436.205	21.8
436.388	21.7
436.57	21.5
436.753	21.4
436.935	21.3
437.118	21.2
437.301	21
437.483	20.9
437.666	20.8
437.849	20.6
438.031	20.5
438.214	20.3
438.397	20.2
438.58	20.1
438.762	19.9
438.945	19.8
439.128	19.6
439.311	19.5
439.494	19.3
439.677	19.2
439.859	19
440.042	18.9
440.225	18.7
440.408	18.6
440.591	18.4
440.774	18.3
440.957	18.1
441.14	17.9
441.323	17.8
441.507	17.6
441.69	17.4
441.873	17.3
442.056	17.1
442.239	16.9
442.422	16.8
442.605	16.6
442.789	16.4
442.972	16.2
443.155	16.1
443.338	15.9
443.522	15.7
443.705	15.6
443.888	15.4
444.072	15.2
444.255	15
444.438	14.9
444.622	14.7
444.805	14.5
444.989	14.4
445.172	14.2
445.356	14
445.539	13.8
445.723	13.7
445.906	13.5
446.09	13.3
446.273	13.2
446.457	13
446.64	12.8
446.824	12.7
447.008	12.5
447.191	12.3
447.375	12.2
447.559	12
447.742	11.8
447.926	11.7
448.11	11.5
448.293	11.4
448.477	11.2
448.661	11
448.845	10.9
449.029	10.7
449.212	10.6
449.396	10.4
449.58	10.3
449.764	10.1
449.948	10
450.132	9.8
450.316	9.7
450.5	9.5
450.684	9.4
450.868	9.3
451.052	9.1
451.236	9
451.42	8.8
451.604	8.7
451.788	8.6
451.972	8.4
452.156	8.3
452.34	8.2
452.525	8.1
452.709	7.9
452.893	7.8
453.077	7.7
453.261	7.6
453.446	7.4
453.63	7.3
453.814	7.2
453.998	7.1
454.183	7
454.367	6.9
454.551	6.7
454.736	6.6
454.92	6.5
455.104	6.4
455.289	6.3
455.473	6.2
455.658	6.1
455.842	6
456.026	5.9
456.211	5.9
456.395	5.8
456.58	5.7
456.764	5.6
456.949	5.5
457.134	5.4
457.318	5.3
457.503	5.2
457.687	5.2
457.872	5.1
458.057	5
458.241	4.9
458.426	4.9
458.611	4.8
458.795	4.7
458.98	4.7
459.165	4.6
459.349	4.5
459.534	4.5
459.719	4.4
459.904	4.4
460.088	4.3
460.273	4.2
460.458	4.2
460.643	4.1
460.828	4.1
461.013	4
461.198	4
461.382	3.9
461.567	3.9
461.752	3.8
461.937	3.8
462.122	3.8
462.307	3.7
462.492	3.7
462.677	3.7
462.862	3.6
463.047	3.6
463.232	3.5
463.417	3.5
463.602	3.5
463.788	3.4
463.973	3.4
464.158	3.4
464.343	3.4
464.528	3.3
464.713	3.3
464.898	3.3
465.084	3.3
465.269	3.2
465.454	3.2
465.639	3.2
465.824	3.2
466.01	3.1
466.195	3.1
466.38	3.1
466.566	3.1
466.751	3.1
466.936	3
467.122	3
467.307	3
467.492	3
467.678	2.9
467.863	2.9
468.048	2.9
468.234	2.9
468.419	2.9
468.605	2.9
468.79	2.8
468.976	2.8
469.161	2.8
469.347	2.8
469.532	2.8
469.718	2.7
469.903	2.7
470.089	2.7
470.274	2.7
470.46	2.7
470.646	2.7
470.831	2.6
471.017	2.6
471.202	2.6
471.388	2.6
471.574	2.6
471.759	2.5
471.945	2.5
472.131	2.5
472.317	2.5
472.502	2.5
472.688	2.5
472.874	2.5
473.059	2.4
473.245	2.4
473.431	2.4
473.617	2.4
473.803	2.4
473.988	2.4
474.174	2.4
474.36	2.3
474.546	2.3
474.732	2.3
474.918	2.3
475.104	2.3
475.29	2.3
475.475	2.3
475.661	2.3
475.847	2.3
476.033	2.2
476.219	2.2
476.405	2.2
476.591	2.2
476.777	2.2
476.963	2.2
477.149	2.2
477.335	2.2
477.521	2.1
477.707	2.1
477.893	2.1
478.08	2.1
478.266	2.1
478.452	2.1
478.638	2.1
478.824	2.1
479.01	2.1
479.196	2.1
479.382	2
479.569	2
479.755	2
479.941	2
480.127	2
480.313	2
480.5	2
480.686	2
480.872	2
481.058	2
481.245	2
481.431	1.9
481.617	1.9
481.803	1.9
481.99	1.9
482.176	1.9
482.362	1.9
482.549	1.9
482.735	1.9
482.921	1.9
483.108	1.9
483.294	1.9
483.481	1.9
483.667	1.9
483.853	1.9
484.04	1.9
484.226	1.9
484.413	1.9
484.599	1.8
484.786	1.8
484.972	1.8
485.159	1.8
485.345	1.8
485.532	1.8
485.718	1.8
485.905	1.8
486.091	1.8
486.278	1.8
486.464	1.8
486.651	1.8
486.837	1.8
487.024	1.8
487.211	1.8
487.397	1.8
487.584	1.8
487.77	1.8
487.957	1.8
488.144	1.8
488.33	1.8
488.517	1.8
488.704	1.8
488.89	1.8
489.077	1.8
489.264	1.8
489.45	1.8
489.637	1.8
489.824	1.8
490.01	1.8
490.197	1.8
490.384	1.8
490.571	1.8
490.757	1.8
490.944	1.8
491.131	1.8
491.318	1.8
491.505	1.8
491.691	1.8
491.878	1.8
492.065	1.8
492.252	1.8
492.439	1.8
492.626	1.8
492.812	1.8
492.999	1.8
493.186	1.8
493.373	1.8
493.56	1.8
493.747	1.8
493.934	1.8
494.121	1.8
494.308	1.8
494.494	1.8
494.681	1.8
494.868	1.8
495.055	1.8
495.242	1.8
495.429	1.8
495.616	1.8
495.803	1.8
495.99	1.8
496.177	1.8
496.364	1.8
496.551	1.8
496.738	1.8
496.925	1.8
497.112	1.8
497.299	1.8
497.486	1.8
497.673	1.8
497.861	1.8
498.048	1.8
498.235	1.8
498.422	1.8
498.609	1.8
498.796	1.8
498.983	1.8
499.17	1.8
499.357	1.8
499.544	1.8
499.732	1.8
499.919	1.8
500.106	1.8
500.293	1.8
500.48	1.9
500.667	1.9
500.855	1.9
501.042	1.9
501.229	1.9
501.416	1.9
501.603	1.9
501.791	1.9
501.978	1.9
502.165	1.9
502.352	1.9
502.54	1.9
502.727	1.9
502.914	1.9
503.101	1.9
503.289	1.9
503.476	1.9
503.663	1.9
503.85	1.9
504.038	1.9
504.225	1.9
504.412	1.9
504.6	2
504.787	2
504.974	2
505.161	2
505.349	2
505.536	2
505.723	2
505.911	2
506.098	2
506.286	2
506.473	2
506.66	2
506.848	2
507.035	2.1
507.222	2.1
507.41	2.1
507.597	2.1
507.785	2.1
507.972	2.1
508.159	2.1
508.347	2.1
508.534	2.1
508.722	2.2
508.909	2.2
509.097	2.2
509.284	2.2
509.471	2.2
509.659	2.2
509.846	2.2
510.034	2.2
510.221	2.3
510.409	2.3
510.596	2.3
510.784	2.3
510.971	2.3
511.159	2.3
511.346	2.3
511.534	2.4
511.721	2.4
511.909	2.4
512.096	2.4
512.284	2.4
512.471	2.4
512.659	2.4
512.846	2.4
513.034	2.5
513.221	2.5
513.409	2.5
513.596	2.5
513.784	2.5
513.972	2.5
514.159	2.5
514.347	2.5
514.534	2.5
514.722	2.6
514.909	2.6
515.097	2.6
515.285	2.6
515.472	2.6
515.66	2.6
515.847	2.6
516.035	2.6
516.222	2.6
516.41	2.6
516.598	2.6
516.785	2.6
516.973	2.7
517.161	2.7
517.348	2.7
517.536	2.7
517.723	2.7
517.911	2.7
518.099	2.7
518.286	2.7
518.474	2.7
518.662	2.7
518.849	2.7
519.037	2.7
519.225	2.7
519.412	2.7
519.6	2.7
519.787	2.7
519.975	2.7
520.163	2.7
520.35	2.7
520.538	2.7
520.726	2.7
520.914	2.7
521.101	2.7
521.289	2.7
521.477	2.7
521.664	2.7
521.852	2.7
522.04	2.7
522.227	2.6
522.415	2.6
522.603	2.6
522.79	2.6
522.978	2.6
523.166	2.6
523.354	2.6
523.541	2.6
523.729	2.6
523.917	2.6
524.104	2.6
524.292	2.6
524.48	2.5
524.668	2.5
524.855	2.5
525.043	2.5
525.231	2.5
525.418	2.5
525.606	2.5
525.794	2.5
525.982	2.5
526.169	2.4
526.357	2.4
526.545	2.4
526.733	2.4
526.92	2.4
527.108	2.4
527.296	2.4
527.484	2.3
527.671	2.3
527.859	2.3
528.047	2.3
528.235	2.3
528.422	2.3
528.61	2.3
528.798	2.2
528.986	2.2
529.173	2.2
529.361	2.2
529.549	2.2
529.737	2.2
529.924	2.1
530.112	2.1
530.3	2.1
530.488	2.1
530.675	2.1
530.863	2.1
531.051	2.1
531.239	2
531.426	2
531.614	2
531.802	2
531.99	2
532.177	2
532.365	2
532.553	1.9
532.741	1.9
532.928	1.9
533.116	1.9
533.304	1.9
533.492	1.9
533.679	1.8
533.867	1.8
534.055	1.8
534.243	1.8
534.431	1.8
534.618	1.8
534.806	1.8
534.994	1.7
535.182	1.7
535.369	1.7
535.557	1.7
535.745	1.7
535.933	1.7
536.12	1.7
536.308	1.7
536.496	1.6
536.684	1.6
536.871	1.6
537.059	1.6
537.247	1.6
537.435	1.6
537.622	1.6
537.81	1.6
537.998	1.6
538.186	1.6
538.373	1.5
538.561	1.5
538.749	1.5
538.937	1.5
539.124	1.5
539.312	1.5
539.5	1.5
539.688	1.5
539.875	1.5
540.063	1.5
540.251	1.5
540.439	1.4
540.626	1.4
540.814	1.4
541.002	1.4
541.19	1.4
541.377	1.4
541.565	1.4
541.753	1.4
541.941	1.4
542.128	1.4
542.316	1.4
542.504	1.4
542.691	1.4
542.879	1.3
543.067	1.3
543.255	1.3
543.442	1.3
543.63	1.3
543.818	1.3
544.005	1.3
544.193	1.3
544.381	1.3
544.568	1.3
544.756	1.3
544.944	1.3
545.132	1.3
545.319	1.3
545.507	1.3
545.695	1.3
545.882	1.2
546.07	1.2
546.258	1.2
546.445	1.2
546.633	1.2
546.821	1.2
547.008	1.2
547.196	1.2
547.384	1.2
547.571	1.2
547.759	1.2
547.947	1.2
548.134	1.2
548.322	1.2
548.51	1.2
548.697	1.2
548.885	1.2
549.073	1.2
549.26	1.2
549.448	1.2
549.636	1.2
549.823	1.2
550.011	1.1
550.199	1.1
550.386	1.1
550.574	1.1
550.762	1.1
550.949	1.1
551.137	1.1
551.325	1.1
551.512	1.1
551.7	1.1
551.888	1.1
552.075	1.1
552.263	1.1
552.451	1.1
552.639	1.1
552.826	1.1
553.014	1.1
553.202	1.1
553.389	1.1
553.577	1.1
553.765	1.1
553.953	1.1
554.14	1.1
554.328	1.1
554.516	1.1
554.704	1.1
554.891	1.1
555.079	1.1
555.267	1.1
555.455	1.1
555.643	1.1
555.83	1.1
556.018	1.1
556.206	1.1
556.394	1.1
556.582	1.1
556.77	1.1
556.957	1.1
557.145	1.1
557.333	1.1
557.521	1.1
557.709	1.1
557.897	1.1
558.085	1.1
558.273	1.1
558.461	1.1
558.649	1.1
558.837	1.1
559.025	1.1
559.213	1.1
559.4	1
559.588	1
559.777	1
559.965	1
560.153	1
560.341	1
560.529	1
560.717	1
560.905	1
561.093	1
561.281	1
561.469	1
561.657	1
561.845	1
562.034	1
562.222	1
562.41	1
562.598	1
562.786	1
562.975	1
563.163	1
563.351	1
563.539	1
563.728	1
563.916	1
564.104	1
564.293	1
564.481	1
564.67	1
564.858	1
565.046	1
565.235	1
565.423	1
565.612	1
565.8	1
565.989	1
566.177	1
566.366	1
566.554	1
566.743	1
566.932	1
567.12	1
567.309	1
567.497	1
567.686	1
567.875	1
568.064	1
568.252	1
568.441	1
568.63	1
568.819	1
569.007	1
569.196	1
569.385	1
569.574	1
569.763	1
569.952	1
570.141	1
570.33	1
570.519	1
570.708	1
570.897	1
571.086	1
571.275	1
571.464	1
571.653	1
571.843	1
572.032	1
572.221	1
572.41	1
572.599	1
572.789	1
572.978	1
573.167	1
573.357	1
573.546	1
573.736	1
573.925	1
574.115	1
574.304	1
574.494	1
574.683	1
574.873	1
575.062	1
575.252	1
575.442	1
575.631	1
575.821	1
576.011	1
576.201	1
576.39	1
576.58	1
576.77	1
576.96	1
577.15	1
577.34	1
577.53	1
577.72	1
577.91	1
578.1	1
578.29	1
578.48	1
578.67	1
578.861	1
579.051	1
579.241	1
579.431	1
579.622	1
579.812	1
580.002	1
580.193	1
580.383	1
580.574	1
580.764	1
580.955	1
581.145	1
581.336	1
581.526	1
581.717	1
581.908	1
582.098	1
582.289	1
582.48	1
582.671	1
582.862	1
583.052	1
583.243	1
583.434	1
583.625	1
583.816	1
584.007	1
584.198	1
584.389	1
584.58	1
584.771	1
584.962	1
585.154	1
585.345	1
585.536	1
585.727	1
585.918	1
586.11	1
586.301	1
586.492	1
586.684	1
586.875	1
587.067	1
587.258	1
587.45	1
587.641	1
587.833	1
588.024	1
588.216	1
588.408	1
588.599	1
588.791	1
588.983	1
589.174	1
589.366	1
589.558	1
589.75	1
589.942	1
590.134	1
590.326	1
590.518	1
590.71	1
590.902	1
591.094	1
591.286	1
591.478	1
591.67	1
591.862	1
592.054	1
592.246	1
592.439	1
592.631	1.1
592.823	1.1
593.016	1.1
593.208	1.1
593.4	1.1
593.593	1.1
593.785	1.1
593.978	1.1
594.17	1.1
594.363	1.1
594.555	1.1
594.748	1.1
594.94	1.1
595.133	1.1
595.326	1.1
595.518	1.1
595.711	1.1
595.904	1.1
596.096	1.1
596.289	1.1
596.482	1.1
596.675	1.1
596.868	1.1
597.061	1.1
597.254	1.1
597.447	1.1
597.64	1.1
597.833	1.1
598.026	1.1
598.219	1.1
598.412	1.1
598.605	1.1
598.798	1.1
598.991	1.2
599.184	1.2
599.378	1.2
599.571	1.2
599.764	1.2
599.957	1.2
600.151	1.2
600.344	1.2
600.538	1.2
600.731	1.2
600.924	1.2
601.118	1.2
601.311	1.2
601.505	1.2
601.698	1.2
601.892	1.2
602.086	1.2
602.279	1.2
602.473	1.2
602.667	1.2
602.86	1.3
603.054	1.3
603.248	1.3
603.442	1.3
603.635	1.3
603.829	1.3
604.023	1.3
604.217	1.3
604.411	1.3
604.605	1.3
604.799	1.3
604.993	1.3
605.187	1.3
605.381	1.3
605.575	1.4
605.769	1.4
605.963	1.4
606.157	1.4
606.352	1.4
606.546	1.4
606.74	1.4
606.934	1.4
607.129	1.4
607.323	1.4
607.517	1.4
607.712	1.5
607.906	1.5
608.1	1.5
608.295	1.5
608.489	1.5
608.684	1.5
608.878	1.5
609.073	1.5
609.267	1.5
609.462	1.6
609.657	1.6
609.851	1.6
610.046	1.6
610.241	1.6
610.435	1.6
610.63	1.7
610.825	1.7
611.02	1.7
611.215	1.7
611.41	1.7
611.604	1.7
611.799	1.8
611.994	1.8
612.189	1.8
612.384	1.8
612.579	1.8
612.774	1.9
612.969	1.9
613.164	1.9
613.359	1.9
613.555	2
613.75	2
613.945	2
614.14	2
614.335	2.1
614.531	2.1
614.726	2.1
614.921	2.1
615.117	2.2
615.312	2.2
615.507	2.2
615.703	2.3
615.898	2.3
616.094	2.3
616.289	2.4
616.485	2.4
616.68	2.4
616.876	2.5
617.071	2.5
617.267	2.5
617.463	2.6
617.658	2.6
617.854	2.7
618.05	2.7
618.245	2.7
618.441	2.8
618.637	2.8
618.833	2.9
619.029	2.9
619.225	3
619.42	3
619.616	3.1
619.812	3.1
620.008	3.2
620.204	3.2
620.4	3.2
620.596	3.3
620.792	3.4
620.988	3.4
621.184	3.5
621.381	3.5
621.577	3.6
621.773	3.6
621.969	3.7
622.165	3.8
622.362	3.8
622.558	3.9
622.754	3.9
622.951	4
623.147	4.1
623.343	4.2
623.54	4.2
623.736	4.3
623.933	4.4
624.129	4.4
624.326	4.5
624.522	4.6
624.719	4.7
624.915	4.8
625.112	4.8
625.308	4.9
625.505	5
625.702	5.1
625.898	5.2
626.095	5.3
626.292	5.4
626.489	5.4
626.685	5.5
626.882	5.6
627.079	5.7
627.276	5.8
627.473	5.9
627.67	6
627.866	6.1
628.063	6.2
628.26	6.3
628.457	6.5
628.654	6.6
628.851	6.7
629.048	6.8
629.246	6.9
629.443	7
629.64	7.1
629.837	7.3
630.034	7.4
630.231	7.5
630.429	7.6
630.626	7.8
630.823	7.9
631.02	8
631.218	8.1
631.415	8.3
631.612	8.4
631.81	8.5
632.007	8.7
632.205	8.8
632.402	9
632.6	9.1
632.797	9.3
632.995	9.4
633.192	9.5
633.39	9.7
633.587	9.8
633.785	10
633.983	10.2
634.18	10.3
634.378	10.5
634.576	10.6
634.773	10.8
634.971	11
635.169	11.1
635.367	11.3
635.565	11.5
635.762	11.6
635.96	11.8
636.158	12
636.356	12.1
636.554	12.3
636.752	12.5
636.95	12.7
637.148	12.8
637.346	13
637.544	13.2
637.742	13.4
637.94	13.6
638.138	13.7
638.337	13.9
638.535	14.1
638.733	14.3
638.931	14.5
639.129	14.7
639.328	14.9
639.526	15.1
639.724	15.3
639.922	15.4
640.121	15.6
640.319	15.8
640.518	16
640.716	16.2
640.914	16.4
641.113	16.6
641.311	16.8
641.51	17
641.708	17.2
641.907	17.4
642.105	17.6
642.304	17.8
642.503	18
642.701	18.2
642.9	18.4
643.098	18.6
643.297	18.8
643.496	19
643.695	19.3
643.893	19.5
644.092	19.7
644.291	19.9
644.49	20.1
644.689	20.3
644.887	20.5
645.086	20.7
645.285	20.9
645.484	21.1
645.683	21.3
645.882	21.5
646.081	21.7
646.28	21.9
646.479	22.1
646.678	22.3
646.877	22.5
647.076	22.7
647.276	22.9
647.475	23.1
647.674	23.3
647.873	23.5
648.072	23.7
648.271	23.9
648.471	24.1
648.67	24.3
648.869	24.5
649.069	24.7
649.268	24.9
649.467	25
649.667	25.2
649.866	25.4
650.065	25.6
650.265	25.8
650.464	26
650.664	26.2
650.863	26.4
651.063	26.6
651.262	26.7
651.462	26.9
651.662	27.1
651.861	27.3
652.061	27.5
652.26	27.6
652.46	27.8
652.66	28
652.859	28.2
653.059	28.4
653.259	28.5
653.459	28.7
653.658	28.9
653.858	29
654.058	29.2
654.258	29.4
654.458	29.5
654.658	29.7
654.858	29.9
655.058	30
655.258	30.2
655.457	30.3
655.657	30.5
655.857	30.7
656.058	30.8
656.258	31
656.458	31.1
656.658	31.3
656.858	31.4
657.058	31.6
657.258	31.7
657.458	31.9
657.659	32
657.859	32.2
658.059	32.3
658.259	32.4
658.459	32.6
658.66	32.7
658.86	32.9
659.06	33
659.261	33.1
659.461	33.3
659.662	33.4
659.862	33.5
660.062	33.6
660.263	33.8
660.463	33.9
660.664	34
660.864	34.1
661.065	34.3
661.265	34.4
661.466	34.5
661.667	34.6
661.867	34.7
662.068	34.9
662.268	35
662.469	35.1
662.67	35.2
662.87	35.3
663.071	35.4
663.272	35.5
663.473	35.7
663.674	35.8
663.874	35.9
664.075	36
664.276	36.1
664.477	36.2
664.678	36.3
664.879	36.4
665.08	36.5
665.28	36.6
665.481	36.7
665.682	36.8
665.883	36.9
666.084	37
666.285	37.1
666.486	37.2
666.688	37.3
666.889	37.3
667.09	37.4
667.291	37.5
667.492	37.6
667.693	37.7
667.894	37.8
668.096	37.9
668.297	38
668.498	38.1
668.699	38.2
668.901	38.2
669.102	38.3
669.303	38.4
669.505	38.5
669.706	38.6
669.907	38.7
670.109	38.7
670.31	38.8
670.511	38.9
670.713	39
670.914	39
671.116	39.1
671.317	39.2
671.519	39.2
671.72	39.3
671.922	39.4
672.124	39.5
672.325	39.5
672.527	39.6
672.728	39.6
672.93	39.7
673.132	39.8
673.333	39.8
673.535	39.9
673.737	40
673.939	40
674.14	40.1
674.342	40.1
674.544	40.2
674.746	40.2
674.948	40.3
675.149	40.4
675.351	40.4
675.553	40.5
675.755	40.5
675.957	40.6
676.159	40.6
676.361	40.7
676.563	40.7
676.765	40.8
676.967	40.8
677.169	40.9
677.371	40.9
677.573	41
677.775	41
677.977	41.1
678.179	41.1
678.381	41.2
678.583	41.2
678.786	41.3
678.988	41.3
679.19	41.4
679.392	41.4
679.594	41.5
679.797	41.5
679.999	41.6
680.201	41.6
680.404	41.6
680.606	41.7
680.808	41.7
681.011	41.8
681.213	41.8
681.415	41.9
681.618	41.9
681.82	41.9
682.023	42
682.225	42
682.428	42.1
682.63	42.1
682.833	42.1
683.035	42.2
683.238	42.2
683.44	42.2
683.643	42.3
683.845	42.3
684.048	42.4
684.251	42.4
684.453	42.4
684.656	42.4
684.859	42.5
685.061	42.5
685.264	42.5
685.467	42.6
685.67	42.6
685.872	42.6
686.075	42.7
686.278	42.7
686.481	42.7
686.684	42.7
686.886	42.8
687.089	42.8
687.292	42.8
687.495	42.8
687.698	42.9
687.901	42.9
688.104	42.9
688.307	42.9
688.51	43
688.713	43
688.916	43
689.119	43
689.322	43
689.525	43.1
689.728	43.1
689.931	43.1
690.134	43.1
690.337	43.2
690.54	43.2
690.744	43.2
690.947	43.2
691.15	43.2
691.353	43.2
691.556	43.3
691.76	43.3
691.963	43.3
692.166	43.3
692.37	43.3
692.573	43.3
692.776	43.3
692.979	43.4
693.183	43.4
693.386	43.4
693.59	43.4
693.793	43.4
693.996	43.4
694.2	43.4
694.403	43.4
694.607	43.4
694.81	43.4
695.014	43.4
695.217	43.4
695.421	43.4
695.624	43.4
695.828	43.4
696.031	43.4
696.235	43.4
696.439	43.4
696.642	43.4
696.846	43.4
697.049	43.5
697.253	43.5
697.457	43.5
697.661	43.5
697.864	43.5
698.068	43.5
698.272	43.5
698.475	43.5
698.679	43.4
698.883	43.4
699.087	43.4
699.291	43.4
699.494	43.4
699.698	43.4
699.902	43.4
700.106	43.4
700.31	43.4
700.514	43.4
700.718	43.4
700.922	43.4
701.126	43.3
701.33	43.3
701.534	43.3
701.738	43.3
701.942	43.3
702.146	43.3
702.35	43.3
702.554	43.3
702.758	43.3
702.962	43.2
703.166	43.2
703.37	43.2
703.574	43.2
703.778	43.2
703.983	43.2
704.187	43.2
704.391	43.2
704.595	43.1
704.799	43.1
705.004	43.1
705.208	43.1
705.412	43.1
705.616	43.1
705.821	43
706.025	43
706.229	43
706.434	43
706.638	43
706.842	42.9
707.047	42.9
707.251	42.9
707.455	42.9
707.66	42.9
707.864	42.9
708.069	42.8
708.273	42.8
708.478	42.8
708.682	42.8
708.887	42.8
709.091	42.8
709.296	42.7
709.5	42.7
709.705	42.7
709.909	42.7
710.114	42.7
710.319	42.6
710.523	42.6
710.728	42.6
710.932	42.6
711.137	42.5
711.342	42.5
711.546	42.5
711.751	42.5
711.956	42.5
712.161	42.4
712.365	42.4
712.57	42.4
712.775	42.3
712.98	42.3
713.184	42.3
713.389	42.3
713.594	42.3
713.799	42.2
714.004	42.2
714.209	42.2
714.413	42.2
714.618	42.1
714.823	42.1
715.028	42.1
715.233	42
715.438	42
715.643	42
715.848	41.9
716.053	41.9
716.258	41.9
716.463	41.8
716.668	41.8
716.873	41.8
717.078	41.7
717.283	41.7
717.488	41.7
717.693	41.6
717.898	41.6
718.103	41.6
718.308	41.5
718.514	41.5
718.719	41.5
718.924	41.5
719.129	41.4
719.334	41.4
719.539	41.4
719.745	41.3
719.95	41.3
720.155	41.2
720.36	41.2
720.566	41.2
720.771	41.1
720.976	41.1
721.182	41.1
721.387	41
721.592	41
721.798	41
722.003	40.9
722.208	40.9
722.414	40.8
722.619	40.8
722.824	40.8
723.03	40.7
723.235	40.7
723.441	40.7
723.646	40.6
723.852	40.6
724.057	40.6
724.263	40.5
724.468	40.5
724.674	40.5
724.879	40.4
725.085	40.4
725.29	40.3
725.496	40.3
725.701	40.3
725.907	40.2
726.112	40.2
726.318	40.2
726.524	40.1
726.729	40.1
726.935	40
727.141	40
727.346	40
727.552	39.9
727.758	39.9
727.963	39.9
728.169	39.8
728.375	39.8
728.581	39.7
728.786	39.7
728.992	39.7
729.198	39.6
729.404	39.6
729.609	39.5
729.815	39.5
730.021	39.5
730.227	39.4
730.433	39.4
730.639	39.3
730.844	39.3
731.05	39.3
731.256	39.2
731.462	39.2
731.668	39.1
731.874	39.1
732.08	39.1
732.286	39
732.492	39
732.698	38.9
732.904	38.9
733.11	38.8
733.316	38.8
733.522	38.7
733.728	38.7
733.934	38.6
734.14	38.6
734.346	38.5
734.552	38.5
734.758	38.4
734.964	38.4
735.17	38.3
735.376	38.3
735.583	38.3
735.789	38.2
735.995	38.2
736.201	38.1
736.407	38.1
736.613	38
736.819	38
737.026	37.9
737.232	37.9
737.438	37.8
737.644	37.8
737.851	37.7
738.057	37.7
738.263	37.6
738.469	37.6
738.676	37.5
738.882	37.5
739.088	37.4
739.295	37.4
739.501	37.3
739.707	37.2
739.914	37.2
740.12	37.1
740.326	37.1
740.533	37
740.739	37
740.946	36.9
741.152	36.9
741.358	36.8
741.565	36.8
741.771	36.7
741.978	36.6
742.184	36.6
742.391	36.5
742.597	36.5
742.804	36.4
743.01	36.4
743.217	36.3
743.423	36.3
743.63	36.2
743.836	36.2
744.043	36.1
744.249	36.1
744.456	36
744.663	35.9
744.869	35.9
745.076	35.8
745.282	35.8
745.489	35.7
745.696	35.6
745.902	35.6
746.109	35.5
746.316	35.5
746.522	35.4
746.729	35.4
746.936	35.3
747.142	35.3
747.349	35.2
747.556	35.1
747.762	35.1
747.969	35
748.176	34.9
748.383	34.9
748.589	34.8
748.796	34.8
749.003	34.7
749.21	34.7
749.417	34.6
749.623	34.5
749.83	34.5
750.037	34.4
750.244	34.4
750.451	34.3
750.658	34.3
750.865	34.2
751.071	34.1
751.278	34.1
751.485	34
751.692	34
751.899	33.9
752.106	33.9
752.313	33.8
752.52	33.7
752.727	33.7
752.934	33.6
753.141	33.6
753.348	33.5
753.555	33.4
753.762	33.4
753.969	33.3
754.176	33.3
754.383	33.2
754.59	33.2
754.797	33.1
755.004	33
755.211	33
755.418	32.9
755.625	32.9
755.832	32.8
756.039	32.8
756.246	32.7
756.453	32.7
756.66	32.6
756.868	32.5
757.075	32.5
757.282	32.4
757.489	32.4
757.696	32.3
757.903	32.2
758.111	32.2
758.318	32.1
758.525	32
758.732	32
758.939	31.9
759.147	31.9
759.354	31.8
759.561	31.7
759.768	31.7
759.976	31.6
760.183	31.6
760.39	31.5
760.597	31.4
760.805	31.4
761.012	31.3
761.219	31.2
761.426	31.2
761.634	31.1
761.841	31
762.048	31
762.256	30.9
762.463	30.8
762.67	30.8
762.878	30.7
763.085	30.6
763.293	30.6
763.5	30.5
763.707	30.5
763.915	30.4
764.122	30.3
764.33	30.3
764.537	30.2
764.744	30.1
764.952	30.1
765.159	30
765.367	30
765.574	29.9
765.782	29.8
765.989	29.8
766.197	29.7
766.404	29.7
766.612	29.6
766.819	29.5
767.027	29.5
767.234	29.4
767.442	29.3
767.649	29.3
767.857	29.2
768.064	29.2
768.272	29.1
768.479	29
768.687	29
768.895	28.9
769.102	28.9
769.31	28.8
769.517	28.7
769.725	28.7
769.933	28.6
770.14	28.6
770.348	28.5
770.555	28.4
770.763	28.4
770.971	28.3
771.178	28.2
771.386	28.2
771.594	28.1
771.801	28
772.009	28
772.217	27.9
772.424	27.8
772.632	27.8
772.84	27.7
773.047	27.6
773.255	27.5
773.463	27.5
773.671	27.4
773.878	27.3
774.086	27.3
774.294	27.2
774.502	27.1
774.709	27.1
774.917	27
775.125	27
775.333	26.9
775.54	26.8
775.748	26.8
775.956	26.7
776.164	26.6
776.371	26.6
776.579	26.5
776.787	26.4
776.995	26.4
777.203	26.3
777.41	26.2
777.618	26.2
777.826	26.1
778.034	26
778.242	26
778.45	25.9
778.657	25.8
778.865	25.8
779.073	25.7
779.281	25.7
779.489	25.6
779.697	25.5
779.905	25.5
780.112	25.4
780.32	25.3
780.528	25.3
780.736	25.2
780.944	25.2
781.152	25.1
781.36	25
781.568	25
781.776	24.9
781.984	24.9
782.191	24.8
782.399	24.7
782.607	24.7
782.815	24.6
783.023	24.5
783.231	24.5
783.439	24.4
783.647	24.3
783.855	24.3
784.063	24.2
784.271	24.1
784.479	24.1
784.687	24
784.895	24
785.103	23.9
785.311	23.8
785.519	23.8
785.727	23.7
785.935	23.7
786.143	23.6
786.351	23.5
786.559	23.5
786.767	23.4
786.975	23.3
787.183	23.3
787.391	23.2
787.599	23.1
787.807	23.1
788.015	23
788.223	23
788.431	22.9
788.639	22.8
788.847	22.8
789.055	22.7
789.263	22.6
789.471	22.6
789.679	22.5
789.887	22.5
790.095	22.4
790.303	22.3
790.511	22.3
790.719	22.2
790.927	22.2
791.135	22.1
791.343	22.1
791.551	22
791.76	22
791.968	21.9
792.176	21.8
792.384	21.8
792.592	21.7
792.8	21.7
793.008	21.6
793.216	21.5
793.424	21.5
793.632	21.4
793.84	21.4
794.048	21.3
794.256	21.2
794.465	21.2
794.673	21.1
794.881	21.1
795.089	21
795.297	20.9
795.505	20.9
795.713	20.8
795.921	20.8
796.129	20.7
796.337	20.7
796.546	20.6
796.754	20.6
796.962	20.5
797.17	20.5
797.378	20.4
797.586	20.3
797.794	20.3
798.002	20.2
798.21	20.2
798.419	20.1
798.627	20.1
798.835	20
799.043	20
799.251	19.9
799.459	19.8
799.667	19.8
799.875	19.7
800.083	19.6
800.292	19.6
800.5	19.5
800.708	19.5
800.916	19.4
801.124	19.4
801.332	19.3
801.54	19.2
801.748	19.2
801.957	19.1
802.165	19.1
802.373	19
802.581	19
802.789	18.9
802.997	18.9
803.205	18.8
803.414	18.8
803.622	18.7
803.83	18.7
804.038	18.6
804.246	18.5
804.454	18.5
804.662	18.4
804.87	18.4
805.079	18.3
805.287	18.3
805.495	18.2
805.703	18.2
805.911	18.1
806.119	18.1
806.327	18
806.535	18
806.743	17.9
806.952	17.9
807.16	17.8
807.368	17.8
807.576	17.7
807.784	17.7
807.992	17.6
808.2	17.6
808.408	17.5
808.617	17.5
808.825	17.4
809.033	17.4
809.241	17.3
809.449	17.3
809.657	17.2
809.865	17.2
810.073	17.1
810.281	17.1
810.49	17
810.698	17
810.906	17
811.114	16.9
811.322	16.9
811.53	16.8
811.738	16.8
811.946	16.7
812.154	16.7
812.362	16.6
812.57	16.6
812.779	16.5
812.987	16.5
813.195	16.4
813.403	16.4
813.611	16.3
813.819	16.3
814.027	16.3
814.235	16.2
814.443	16.2
814.651	16.1
814.859	16.1
815.067	16
815.275	16
815.484	15.9
815.692	15.9
815.9	15.8
816.108	15.8
816.316	15.8
816.524	15.7
816.732	15.7
816.94	15.6
817.148	15.6
817.356	15.6
817.564	15.5
817.772	15.5
817.98	15.4
818.188	15.4
818.397	15.4
818.605	15.3
818.813	15.3
819.021	15.2
819.229	15.2
819.437	15.1
819.645	15.1
819.853	15.1
820.061	15
820.269	15
820.477	14.9
820.685	14.9
820.893	14.9
821.102	14.8
821.31	14.8
821.518	14.7
821.726	14.7
821.934	14.7
822.142	14.6
822.35	14.6
822.558	14.5
822.766	14.5
822.974	14.4
823.182	14.4
823.39	14.4
823.599	14.4
823.807	14.3
824.015	14.3
824.223	14.2
824.431	14.2
824.639	14.2
824.847	14.1
825.055	14.1
825.263	14.1
825.472	14
825.68	14
825.888	13.9
826.096	13.9
826.304	13.9
826.512	13.8
826.72	13.8
826.928	13.8
827.137	13.7
827.345	13.7
827.553	13.7
827.761	13.6
827.969	13.6
828.177	13.5
828.385	13.5
828.594	13.5
828.802	13.4
829.01	13.4
829.218	13.4
829.426	13.3
829.634	13.3
829.843	13.3
830.051	13.2
830.259	13.2
830.467	13.2
830.675	13.1
830.883	13.1
831.092	13.1
831.3	13
831.508	13
831.716	13
831.924	12.9
832.133	12.9
832.341	12.9
832.549	12.9
832.757	12.8
832.966	12.8
833.174	12.8
833.382	12.7
833.59	12.7
833.799	12.7
834.007	12.6
834.215	12.6
834.423	12.6
834.632	12.6
834.84	12.5
835.048	12.5
835.256	12.5
835.465	12.4
835.673	12.4
835.881	12.4
836.09	12.3
836.298	12.3
836.506	12.3
836.715	12.3
836.923	12.3
837.131	12.2
837.34	12.2
837.548	12.2
837.756	12.2
837.965	12.1
838.173	12.1
838.381	12.1
838.59	12.1
838.798	12
839.006	12
839.215	12
839.423	12
839.632	11.9
839.84	11.9
840.048	11.9
840.257	11.9
840.465	11.8
840.674	11.8
840.882	11.8
841.091	11.7
841.299	11.7
841.508	11.7
841.716	11.7
841.924	11.6
842.133	11.6
842.341	11.6
842.55	11.6
842.758	11.6
842.967	11.5
843.175	11.5
843.384	11.5
843.593	11.5
843.801	11.4
844.01	11.4
844.218	11.4
844.427	11.3
844.635	11.3
844.844	11.3
845.052	11.3
845.261	11.2
845.47	11.2
845.678	11.2
845.887	11.2
846.095	11.1
846.304	11.1
846.513	11.1
846.721	11.1
846.93	11
847.139	11
847.347	11
847.556	11
847.765	11
847.973	10.9
848.182	10.9
848.391	10.9
848.6	10.8
848.808	10.8
849.017	10.8
849.226	10.8
849.435	10.8
849.643	10.8
849.852	10.7
850.061	10.7
850.27	10.7
850.478	10.7
850.687	10.7
850.896	10.6
851.105	10.6
851.314	10.6
851.523	10.6
851.731	10.5
851.94	10.5
852.149	10.5
852.358	10.5
852.567	10.5
852.776	10.5
852.985	10.4
853.194	10.4
853.403	10.4
853.612	10.4
853.821	10.4
854.03	10.3
854.239	10.3
854.447	10.3
854.656	10.3
854.865	10.3
855.075	10.3
855.284	10.3
855.493	10.3
855.702	10.2
855.911	10.2
856.12	10.2
856.329	10.2
856.538	10.2
856.747	10.1
856.956	10.1
857.165	10.1
857.374	10.1
857.584	10.1
857.793	10.1
858.002	10
858.211	10
858.42	10
858.629	10
858.839	10
859.048	10
859.257	10
859.466	9.9
859.676	9.9
859.885	9.9
860.094	9.9
860.304	9.9
860.513	9.9
860.722	9.9
860.932	9.9
861.141	9.9
861.35	9.9
861.56	9.8
861.769	9.8
861.978	9.8
862.188	9.8
862.397	9.8
862.607	9.8
862.816	9.8
863.026	9.8
863.235	9.8
863.445	9.8
863.654	9.8
863.864	9.7
864.073	9.7
864.283	9.7
864.492	9.7
864.702	9.7
864.911	9.7
865.121	9.7
865.33	9.7
865.54	9.7
865.75	9.7
865.959	9.6
866.169	9.6
866.379	9.6
866.588	9.6
866.798	9.6
867.008	9.6
867.218	9.6
867.427	9.6
867.637	9.6
867.847	9.6
868.057	9.6
868.266	9.5
868.476	9.5
868.686	9.5
868.896	9.5
869.106	9.5
869.316	9.6
869.525	9.5
869.735	9.5
869.945	9.5
870.155	9.5
870.365	9.5
870.575	9.4
870.785	9.4
870.995	9.4
871.205	9.4
871.415	9.4
871.625	9.4
871.835	9.4
872.045	9.4
872.255	9.3
872.465	9.3
872.675	9.3
872.886	9.3
873.096	9.3
873.306	9.3
873.516	9.3
873.726	9.3
873.936	9.3
874.147	9.3
874.357	9.3
874.567	9.3
874.777	9.3
874.988	9.3
875.198	9.3
875.408	9.3
875.619	9.3
875.829	9.2
876.039	9.2
876.25	9.2
876.46	9.2
876.67	9.2
876.881	9.2
877.091	9.2
877.302	9.2
877.512	9.2
877.723	9.2
877.933	9.2
878.144	9.2
878.354	9.2
878.565	9.2
878.775	9.2
878.986	9.2
879.197	9.2
879.407	9.1
879.618	9.1
879.829	9.1
880.039	9.2
880.25	9.2
880.461	9.1
880.671	9.1
880.882	9.1
881.093	9.1
881.304	9.1
881.515	9.1
881.725	9.1
881.936	9
882.147	9
882.358	9
882.569	9.1
882.78	9.1
882.991	9.1
883.202	9.1
883.413	9.1
883.624	9.1
883.835	9.1
884.046	9.1
884.257	9.1
884.468	9.1
884.679	9.1
884.89	9.1
885.101	9.1
885.312	9.1
885.523	9.1
885.735	9.1
885.946	9.1
886.157	9.1
886.368	9.1
886.579	9.1
886.791	9.1
887.002	9.1
887.213	9.1
887.425	9.1
887.636	9.1
887.847	9.1
888.059	9.1
888.27	9.1
888.481	9.1
888.693	9.1
888.904	9.1
889.116	9.1
889.327	9.1
889.539	9.1
889.75	9.1
889.962	9.1
890.174	9.1
890.385	9.1
890.597	9.1
890.808	9.1
891.02	9.1
891.232	9.1
891.444	9.1
891.655	9.1
891.867	9.1
892.079	9.1
892.291	9.1
892.502	9.1
892.714	9.1
892.926	9.1
893.138	9.1
893.35	9.1
893.562	9.1
893.774	9.1
893.986	9.1
894.198	9.1
894.41	9.1
894.622	9.1
894.834	9.1
895.046	9.1
895.258	9.1
895.47	9.1
895.682	9.1
895.894	9.1
896.106	9.1
896.319	9.1
896.531	9.1
896.743	9.1
896.955	9.1
897.168	9.1
897.38	9.1
897.592	9.1
897.805	9.2
898.017	9.2
898.229	9.2
898.442	9.2
898.654	9.2
898.867	9.2
899.079	9.3
899.292	9.3
899.504	9.3
899.717	9.3
899.929	9.3
900.142	9.3
900.355	9.3
900.567	9.3
900.78	9.3
900.993	9.3
901.205	9.4
901.418	9.4
901.631	9.4
901.844	9.4
902.056	9.4
902.269	9.4
902.482	9.3
902.695	9.3
902.908	9.3
903.121	9.4
903.334	9.4
903.547	9.4
903.76	9.4
903.973	9.4
904.186	9.4
904.399	9.4
904.612	9.4
904.825	9.4
905.038	9.4
905.251	9.4
905.465	9.4
905.678	9.4
905.891	9.4
906.104	9.4
906.318	9.4
906.531	9.4
906.744	9.4
906.958	9.4
907.171	9.4
907.384	9.4
907.598	9.4
907.811	9.4
908.025	9.4
908.238	9.4
908.452	9.4
908.665	9.4
908.879	9.4
909.093	9.4
909.306	9.4
909.52	9.4
909.734	9.4
909.947	9.4
910.161	9.4
910.375	9.4
910.589	9.4
910.803	9.4
911.016	9.4
911.23	9.4
911.444	9.4
911.658	9.4
911.872	9.4
912.086	9.4
912.3	9.4
912.514	9.4
912.728	9.4
912.942	9.5
913.156	9.5
913.37	9.5
913.585	9.5
913.799	9.5
914.013	9.5
914.227	9.5
914.442	9.5
914.656	9.5
914.87	9.6
915.084	9.6
915.299	9.6
915.513	9.6
915.728	9.6
915.942	9.6
916.157	9.6
916.371	9.6
916.586	9.6
916.8	9.6
917.015	9.6
917.229	9.6
917.444	9.6
917.659	9.6
917.874	9.6
918.088	9.7
918.303	9.7
918.518	9.7
918.733	9.7
918.947	9.7
919.162	9.8
919.377	9.8
919.592	9.7
919.807	9.8
920.022	9.8
920.237	9.8
920.452	9.8
920.667	9.8
920.882	9.8
921.097	9.8
921.313	9.9
921.528	9.9
921.743	9.9
921.958	9.9
922.174	9.9
922.389	9.9
922.604	10
922.82	10
923.035	10
923.25	10
923.466	10
923.681	10
923.897	10
924.112	10
924.328	10
924.544	10
924.759	10.1
924.975	10.1
925.19	10.1
925.406	10.1
925.622	10.1
925.838	10.1
926.054	10.2
926.269	10.2
926.485	10.2
926.701	10.3
926.917	10.3
927.133	10.3
927.349	10.3
927.565	10.3
927.781	10.3
927.997	10.4
928.213	10.4
928.429	10.4
928.646	10.4
928.862	10.4
929.078	10.5
929.294	10.5
929.511	10.5
929.727	10.5
929.943	10.5
930.16	10.5
930.376	10.5
930.592	10.6
930.809	10.5
931.025	10.6
931.242	10.6
931.459	10.6
931.675	10.6
931.892	10.7
932.108	10.7
932.325	10.8
932.542	10.8
932.759	10.8
932.975	10.8
933.192	10.9
933.409	10.9
933.626	10.9
933.843	10.9
934.06	10.9
934.277	10.9
934.494	10.9
934.711	10.9
934.928	10.9
935.145	10.9
935.362	10.9
935.58	11
935.797	11
936.014	11
936.231	11
936.449	11.1
936.666	11.1
936.883	11.1
937.101	11.1
937.318	11.1
937.536	11.1
937.753	11.2
937.971	11.2
938.188	11.2
938.406	11.3
938.624	11.4
938.841	11.4
939.059	11.5
939.277	11.4
939.494	11.5
939.712	11.6
939.93	11.6
