360.161	7.5
360.333	7.4
360.504	7.3
360.676	7.2
360.847	7.2
361.019	7.2
361.19	7.2
361.361	7.2
361.533	7.2
361.704	7.1
361.876	7
362.047	7
362.219	7
362.391	6.9
362.562	6.9
362.734	6.8
362.905	6.8
363.077	6.8
363.248	6.7
363.42	6.6
363.592	6.6
363.763	6.6
363.935	6.6
364.106	6.6
364.278	6.6
364.45	6.6
364.621	6.5
364.793	6.5
364.965	6.5
365.137	6.5
365.308	6.4
365.48	6.4
365.652	6.4
365.824	6.3
365.995	6.3
366.167	6.2
366.339	6.2
366.511	6.2
366.683	6.1
366.854	6.1
367.026	6
367.198	6
367.37	6.1
367.542	6
367.714	6
367.886	5.9
368.058	5.8
368.23	5.8
368.402	5.8
368.574	5.8
368.746	5.8
368.918	5.7
369.09	5.6
369.262	5.5
369.434	5.5
369.606	5.4
369.778	5.4
369.95	5.4
370.122	5.4
370.294	5.4
370.467	5.4
370.639	5.4
370.811	5.4
370.983	5.4
371.155	5.4
371.328	5.4
371.5	5.3
371.672	5.3
371.844	5.3
372.017	5.3
372.189	5.2
372.361	5.2
372.534	5.1
372.706	5.1
372.878	5.1
373.051	5.1
373.223	5
373.396	5
373.568	4.9
373.741	4.8
373.913	4.9
374.086	4.8
374.258	4.8
374.431	4.8
374.603	4.8
374.776	4.8
374.949	4.8
375.121	4.8
375.294	4.7
375.467	4.7
375.639	4.7
375.812	4.7
375.985	4.7
376.157	4.7
376.33	4.7
376.503	4.6
376.676	4.6
376.849	4.6
377.021	4.5
377.194	4.5
377.367	4.5
377.54	4.4
377.713	4.4
377.886	4.3
378.059	4.3
378.232	4.3
378.405	4.3
378.578	4.2
378.751	4.2
378.924	4.2
379.097	4.2
379.27	4.1
379.444	4.2
379.617	4.1
379.79	4.1
379.963	4.1
380.136	4
380.31	4
380.483	4
380.656	4
380.829	4.1
381.003	4
381.176	4
381.35	3.9
381.523	3.9
381.696	3.9
381.87	3.8
382.043	3.8
382.217	3.8
382.39	3.7
382.564	3.7
382.738	3.7
382.911	3.7
383.085	3.7
383.258	3.7
383.432	3.6
383.606	3.6
383.779	3.6
383.953	3.6
384.127	3.6
384.301	3.6
384.475	3.6
384.648	3.6
384.822	3.5
384.996	3.5
385.17	3.5
385.344	3.5
385.518	3.4
385.692	3.4
385.866	3.4
386.04	3.4
386.214	3.3
386.388	3.3
386.562	3.3
386.737	3.3
386.911	3.3
387.085	3.3
387.259	3.3
387.434	3.3
387.608	3.2
387.782	3.2
387.956	3.2
388.131	3.2
388.305	3.2
388.48	3.2
388.654	3.2
388.829	3.2
389.003	3.2
389.178	3.2
389.352	3.2
389.527	3.2
389.701	3.2
389.876	3.2
390.051	3.2
390.226	3.2
390.4	3.2
390.575	3.2
390.75	3.2
390.925	3.2
391.099	3.2
391.274	3.2
391.449	3.2
391.624	3.2
391.799	3.1
391.974	3.1
392.149	3.1
392.324	3.1
392.499	3.1
392.675	3.1
392.85	3.2
393.025	3.2
393.2	3.1
393.375	3.2
393.551	3.2
393.726	3.2
393.901	3.2
394.077	3.1
394.252	3.1
394.427	3.1
394.603	3.1
394.778	3.1
394.954	3.1
395.129	3.1
395.305	3.1
395.481	3.1
395.656	3.1
395.832	3.1
396.008	3.1
396.184	3
396.359	3
396.535	3
396.711	3
396.887	3
397.063	3
397.239	3
397.415	3
397.591	3
397.767	3
397.943	3
398.119	3
398.295	2.9
398.471	2.9
398.648	3
398.824	3
399	3
399.176	3
399.353	3
399.529	3
399.706	3
399.882	2.9
400.058	2.9
400.235	2.9
400.412	2.9
400.588	2.9
400.765	2.9
400.942	2.9
401.118	2.9
401.295	2.9
401.472	2.9
401.649	2.9
401.825	2.9
402.002	2.9
402.179	2.9
402.356	2.9
402.533	2.9
402.71	2.9
402.887	2.9
403.064	2.9
403.242	2.9
403.419	2.9
403.596	2.9
403.773	2.9
403.95	2.9
404.128	2.9
404.305	2.9
404.483	2.9
404.66	2.9
404.837	2.9
405.015	2.9
405.193	2.9
405.37	2.9
405.548	2.9
405.725	2.9
405.903	2.9
406.081	2.9
406.259	2.9
406.437	2.9
406.614	2.9
406.792	2.9
406.97	2.9
407.148	2.9
407.326	2.9
407.504	2.9
407.682	2.9
407.86	2.9
408.039	2.9
408.217	2.9
408.395	2.9
408.573	2.9
408.751	2.9
408.93	2.9
409.108	2.8
409.287	2.9
409.465	2.9
409.643	2.9
409.822	2.9
410	2.9
410.179	2.9
410.358	2.9
410.536	2.8
410.715	2.8
410.894	2.8
411.072	2.8
411.251	2.8
411.43	2.8
411.609	2.8
411.788	2.8
411.967	2.8
412.146	2.8
412.325	2.8
412.504	2.8
412.683	2.8
412.862	2.8
413.041	2.8
413.22	2.8
413.399	2.8
413.578	2.8
413.758	2.8
413.937	2.8
414.116	2.8
414.296	2.8
414.475	2.8
414.654	2.8
414.834	2.8
415.013	2.8
415.193	2.8
415.372	2.8
415.552	2.8
415.732	2.8
415.911	2.8
416.091	2.8
416.271	2.8
416.45	2.8
416.63	2.8
416.81	2.8
416.99	2.8
417.169	2.8
417.349	2.8
417.529	2.8
417.709	2.8
417.889	2.8
418.069	2.8
418.249	2.8
418.429	2.8
418.609	2.8
418.789	2.8
418.97	2.8
419.15	2.8
419.33	2.8
419.51	2.8
419.691	2.8
419.871	2.8
420.051	2.8
420.232	2.8
420.412	2.8
420.592	2.8
420.773	2.8
420.953	2.8
421.134	2.8
421.314	2.8
421.495	2.8
421.675	2.8
421.856	2.8
422.037	2.8
422.217	2.8
422.398	2.8
422.579	2.8
422.76	2.8
422.94	2.8
423.121	2.8
423.302	2.8
423.483	2.8
423.664	2.8
423.845	2.8
424.026	2.8
424.207	2.8
424.388	2.8
424.569	2.8
424.75	2.8
424.931	2.8
425.112	2.8
425.293	2.8
425.474	2.8
425.655	2.8
425.837	2.8
426.018	2.8
426.199	2.8
426.38	2.8
426.562	2.8
426.743	2.8
426.924	2.8
427.106	2.8
427.287	2.8
427.469	2.9
427.65	2.9
427.832	2.9
428.013	2.9
428.195	2.9
428.376	2.8
428.558	2.8
428.739	2.8
428.921	2.8
429.103	2.8
429.284	2.9
429.466	2.9
429.648	2.9
429.83	2.9
430.011	2.9
430.193	2.9
430.375	2.9
430.557	2.9
430.739	2.9
430.921	2.9
431.102	2.9
431.284	2.9
431.466	2.9
431.648	2.9
431.83	2.9
432.012	2.9
432.194	2.9
432.377	2.9
432.559	2.9
432.741	2.9
432.923	2.9
433.105	2.9
433.287	2.9
433.469	2.9
433.652	2.9
433.834	2.9
434.016	2.9
434.198	3
434.381	3
434.563	3
434.745	3
434.928	3
435.11	3
435.293	3
435.475	3
435.658	3
435.84	3
436.022	3
436.205	3
436.388	3
436.57	3
436.753	3
436.935	3.1
437.118	3.1
437.301	3.1
437.483	3.1
437.666	3.1
437.849	3.1
438.031	3.1
438.214	3.1
438.397	3.1
438.58	3.1
438.762	3.1
438.945	3.1
439.128	3.2
439.311	3.2
439.494	3.2
439.677	3.2
439.859	3.2
440.042	3.2
440.225	3.2
440.408	3.2
440.591	3.2
440.774	3.2
440.957	3.2
441.14	3.3
441.323	3.3
441.507	3.3
441.69	3.3
441.873	3.3
442.056	3.3
442.239	3.3
442.422	3.3
442.605	3.4
442.789	3.4
442.972	3.4
443.155	3.4
443.338	3.4
443.522	3.4
443.705	3.4
443.888	3.4
444.072	3.4
444.255	3.4
444.438	3.5
444.622	3.5
444.805	3.5
444.989	3.5
445.172	3.5
445.356	3.5
445.539	3.5
445.723	3.5
445.906	3.6
446.09	3.6
446.273	3.6
446.457	3.6
446.64	3.6
446.824	3.6
447.008	3.6
447.191	3.6
447.375	3.7
447.559	3.7
447.742	3.7
447.926	3.7
448.11	3.7
448.293	3.7
448.477	3.7
448.661	3.7
448.845	3.8
449.029	3.8
449.212	3.8
449.396	3.8
449.58	3.8
449.764	3.8
449.948	3.8
450.132	3.8
450.316	3.9
450.5	3.9
450.684	3.9
450.868	3.9
451.052	3.9
451.236	3.9
451.42	4
451.604	4
451.788	4
451.972	4
452.156	4
452.34	4
452.525	4
452.709	4.1
452.893	4.1
453.077	4.1
453.261	4.1
453.446	4.1
453.63	4.1
453.814	4.2
453.998	4.2
454.183	4.2
454.367	4.2
454.551	4.2
454.736	4.2
454.92	4.3
455.104	4.3
455.289	4.3
455.473	4.3
455.658	4.3
455.842	4.3
456.026	4.3
456.211	4.4
456.395	4.4
456.58	4.4
456.764	4.4
456.949	4.4
457.134	4.5
457.318	4.5
457.503	4.5
457.687	4.5
457.872	4.5
458.057	4.5
458.241	4.6
458.426	4.6
458.611	4.6
458.795	4.6
458.98	4.6
459.165	4.6
459.349	4.7
459.534	4.7
459.719	4.7
459.904	4.7
460.088	4.7
460.273	4.8
460.458	4.8
460.643	4.8
460.828	4.8
461.013	4.8
461.198	4.8
461.382	4.9
461.567	4.9
461.752	4.9
461.937	4.9
462.122	4.9
462.307	5
462.492	5
462.677	5
462.862	5
463.047	5
463.232	5.1
463.417	5.1
463.602	5.1
463.788	5.1
463.973	5.1
464.158	5.1
464.343	5.2
464.528	5.2
464.713	5.2
464.898	5.2
465.084	5.2
465.269	5.3
465.454	5.3
465.639	5.3
465.824	5.3
466.01	5.3
466.195	5.4
466.38	5.4
466.566	5.4
466.751	5.4
466.936	5.4
467.122	5.4
467.307	5.5
467.492	5.5
467.678	5.5
467.863	5.5
468.048	5.6
468.234	5.6
468.419	5.6
468.605	5.6
468.79	5.6
468.976	5.7
469.161	5.7
469.347	5.7
469.532	5.7
469.718	5.7
469.903	5.8
470.089	5.8
470.274	5.8
470.46	5.8
470.646	5.8
470.831	5.9
471.017	5.9
471.202	5.9
471.388	5.9
471.574	5.9
471.759	6
471.945	6
472.131	6
472.317	6
472.502	6
472.688	6.1
472.874	6.1
473.059	6.1
473.245	6.1
473.431	6.1
473.617	6.2
473.803	6.2
473.988	6.2
474.174	6.2
474.36	6.3
474.546	6.3
474.732	6.3
474.918	6.3
475.104	6.3
475.29	6.4
475.475	6.4
475.661	6.4
475.847	6.4
476.033	6.4
476.219	6.5
476.405	6.5
476.591	6.5
476.777	6.5
476.963	6.6
477.149	6.6
477.335	6.6
477.521	6.6
477.707	6.6
477.893	6.7
478.08	6.7
478.266	6.7
478.452	6.7
478.638	6.8
478.824	6.8
479.01	6.8
479.196	6.8
479.382	6.8
479.569	6.9
479.755	6.9
479.941	6.9
480.127	6.9
480.313	7
480.5	7
480.686	7
480.872	7
481.058	7.1
481.245	7.1
481.431	7.1
481.617	7.1
481.803	7.2
481.99	7.2
482.176	7.2
482.362	7.2
482.549	7.3
482.735	7.3
482.921	7.3
483.108	7.3
483.294	7.3
483.481	7.4
483.667	7.4
483.853	7.4
484.04	7.4
484.226	7.4
484.413	7.5
484.599	7.5
484.786	7.5
484.972	7.5
485.159	7.6
485.345	7.6
485.532	7.6
485.718	7.6
485.905	7.7
486.091	7.7
486.278	7.7
486.464	7.7
486.651	7.8
486.837	7.8
487.024	7.8
487.211	7.8
487.397	7.9
487.584	7.9
487.77	7.9
487.957	7.9
488.144	7.9
488.33	8
488.517	8
488.704	8
488.89	8
489.077	8.1
489.264	8.1
489.45	8.1
489.637	8.1
489.824	8.2
490.01	8.2
490.197	8.2
490.384	8.2
490.571	8.3
490.757	8.3
490.944	8.3
491.131	8.3
491.318	8.4
491.505	8.4
491.691	8.4
491.878	8.4
492.065	8.5
492.252	8.5
492.439	8.5
492.626	8.5
492.812	8.5
492.999	8.6
493.186	8.6
493.373	8.6
493.56	8.6
493.747	8.7
493.934	8.7
494.121	8.7
494.308	8.7
494.494	8.7
494.681	8.8
494.868	8.8
495.055	8.8
495.242	8.8
495.429	8.9
495.616	8.9
495.803	8.9
495.99	8.9
496.177	8.9
496.364	9
496.551	9
496.738	9
496.925	9
497.112	9.1
497.299	9.1
497.486	9.1
497.673	9.1
497.861	9.2
498.048	9.2
498.235	9.2
498.422	9.2
498.609	9.2
498.796	9.3
498.983	9.3
499.17	9.3
499.357	9.3
499.544	9.3
499.732	9.4
499.919	9.4
500.106	9.4
500.293	9.4
500.48	9.5
500.667	9.5
500.855	9.5
501.042	9.5
501.229	9.6
501.416	9.6
501.603	9.6
501.791	9.6
501.978	9.6
502.165	9.7
502.352	9.7
502.54	9.7
502.727	9.7
502.914	9.7
503.101	9.8
503.289	9.8
503.476	9.8
503.663	9.8
503.85	9.9
504.038	9.9
504.225	9.9
504.412	9.9
504.6	9.9
504.787	10
504.974	10
505.161	10
505.349	10
505.536	10
505.723	10.1
505.911	10.1
506.098	10.1
506.286	10.1
506.473	10.2
506.66	10.2
506.848	10.2
507.035	10.2
507.222	10.3
507.41	10.3
507.597	10.3
507.785	10.3
507.972	10.3
508.159	10.4
508.347	10.4
508.534	10.4
508.722	10.4
508.909	10.5
509.097	10.5
509.284	10.5
509.471	10.5
509.659	10.6
509.846	10.6
510.034	10.6
510.221	10.7
510.409	10.7
510.596	10.7
510.784	10.7
510.971	10.8
511.159	10.8
511.346	10.8
511.534	10.9
511.721	10.9
511.909	10.9
512.096	10.9
512.284	11
512.471	11
512.659	11
512.846	11.1
513.034	11.1
513.221	11.1
513.409	11.1
513.596	11.2
513.784	11.2
513.972	11.2
514.159	11.3
514.347	11.3
514.534	11.4
514.722	11.4
514.909	11.4
515.097	11.5
515.285	11.5
515.472	11.5
515.66	11.6
515.847	11.6
516.035	11.6
516.222	11.7
516.41	11.7
516.598	11.7
516.785	11.8
516.973	11.8
517.161	11.9
517.348	11.9
517.536	11.9
517.723	12
517.911	12
518.099	12
518.286	12.1
518.474	12.1
518.662	12.2
518.849	12.2
519.037	12.2
519.225	12.3
519.412	12.3
519.6	12.4
519.787	12.4
519.975	12.4
520.163	12.5
520.35	12.5
520.538	12.6
520.726	12.6
520.914	12.6
521.101	12.7
521.289	12.7
521.477	12.7
521.664	12.8
521.852	12.8
522.04	12.8
522.227	12.9
522.415	12.9
522.603	13
522.79	13
522.978	13
523.166	13.1
523.354	13.1
523.541	13.1
523.729	13.2
523.917	13.2
524.104	13.2
524.292	13.3
524.48	13.3
524.668	13.3
524.855	13.4
525.043	13.4
525.231	13.4
525.418	13.5
525.606	13.5
525.794	13.5
525.982	13.6
526.169	13.6
526.357	13.6
526.545	13.6
526.733	13.7
526.92	13.7
527.108	13.7
527.296	13.8
527.484	13.8
527.671	13.8
527.859	13.8
528.047	13.9
528.235	13.9
528.422	13.9
528.61	13.9
528.798	14
528.986	14
529.173	14
529.361	14
529.549	14
529.737	14.1
529.924	14.1
530.112	14.1
530.3	14.1
530.488	14.1
530.675	14.2
530.863	14.2
531.051	14.2
531.239	14.2
531.426	14.2
531.614	14.2
531.802	14.2
531.99	14.2
532.177	14.2
532.365	14.2
532.553	14.3
532.741	14.3
532.928	14.3
533.116	14.3
533.304	14.3
533.492	14.3
533.679	14.3
533.867	14.3
534.055	14.3
534.243	14.3
534.431	14.3
534.618	14.3
534.806	14.3
534.994	14.2
535.182	14.2
535.369	14.2
535.557	14.2
535.745	14.2
535.933	14.2
536.12	14.2
536.308	14.2
536.496	14.2
536.684	14.2
536.871	14.2
537.059	14.2
537.247	14.2
537.435	14.2
537.622	14.1
537.81	14.1
537.998	14.1
538.186	14.1
538.373	14.1
538.561	14.1
538.749	14.1
538.937	14.1
539.124	14
539.312	14
539.5	14
539.688	14
539.875	14
540.063	14
540.251	14
540.439	13.9
540.626	13.9
540.814	13.9
541.002	13.9
541.19	13.9
541.377	13.8
541.565	13.8
541.753	13.8
541.941	13.8
542.128	13.8
542.316	13.7
542.504	13.7
542.691	13.7
542.879	13.7
543.067	13.6
543.255	13.6
543.442	13.6
543.63	13.5
543.818	13.5
544.005	13.5
544.193	13.5
544.381	13.4
544.568	13.4
544.756	13.4
544.944	13.3
545.132	13.3
545.319	13.3
545.507	13.2
545.695	13.2
545.882	13.2
546.07	13.1
546.258	13.1
546.445	13.1
546.633	13
546.821	13
547.008	13
547.196	12.9
547.384	12.9
547.571	12.9
547.759	12.8
547.947	12.8
548.134	12.7
548.322	12.7
548.51	12.7
548.697	12.6
548.885	12.6
549.073	12.5
549.26	12.5
549.448	12.5
549.636	12.4
549.823	12.4
550.011	12.3
550.199	12.3
550.386	12.2
550.574	12.2
550.762	12.2
550.949	12.1
551.137	12.1
551.325	12
551.512	12
551.7	11.9
551.888	11.9
552.075	11.8
552.263	11.8
552.451	11.8
552.639	11.7
552.826	11.7
553.014	11.6
553.202	11.6
553.389	11.5
553.577	11.5
553.765	11.4
553.953	11.4
554.14	11.3
554.328	11.3
554.516	11.3
554.704	11.2
554.891	11.2
555.079	11.1
555.267	11.1
555.455	11
555.643	11
555.83	10.9
556.018	10.9
556.206	10.8
556.394	10.8
556.582	10.7
556.77	10.7
556.957	10.6
557.145	10.6
557.333	10.6
557.521	10.5
557.709	10.5
557.897	10.4
558.085	10.4
558.273	10.3
558.461	10.3
558.649	10.2
558.837	10.2
559.025	10.1
559.213	10.1
559.4	10
559.588	10
559.777	9.9
559.965	9.9
560.153	9.8
560.341	9.8
560.529	9.7
560.717	9.7
560.905	9.6
561.093	9.6
561.281	9.6
561.469	9.5
561.657	9.5
561.845	9.4
562.034	9.4
562.222	9.3
562.41	9.3
562.598	9.2
562.786	9.2
562.975	9.1
563.163	9.1
563.351	9
563.539	9
563.728	8.9
563.916	8.9
564.104	8.8
564.293	8.8
564.481	8.7
564.67	8.7
564.858	8.6
565.046	8.6
565.235	8.5
565.423	8.5
565.612	8.4
565.8	8.4
565.989	8.3
566.177	8.3
566.366	8.2
566.554	8.2
566.743	8.1
566.932	8.1
567.12	8
567.309	8
567.497	7.9
567.686	7.9
567.875	7.9
568.064	7.8
568.252	7.8
568.441	7.7
568.63	7.7
568.819	7.6
569.007	7.6
569.196	7.5
569.385	7.5
569.574	7.4
569.763	7.4
569.952	7.3
570.141	7.3
570.33	7.2
570.519	7.2
570.708	7.1
570.897	7.1
571.086	7.1
571.275	7
571.464	7
571.653	6.9
571.843	6.9
572.032	6.8
572.221	6.8
572.41	6.7
572.599	6.7
572.789	6.7
572.978	6.6
573.167	6.6
573.357	6.5
573.546	6.5
573.736	6.4
573.925	6.4
574.115	6.4
574.304	6.3
574.494	6.3
574.683	6.2
574.873	6.2
575.062	6.2
575.252	6.1
575.442	6.1
575.631	6
575.821	6
576.011	6
576.201	5.9
576.39	5.9
576.58	5.9
576.77	5.8
576.96	5.8
577.15	5.8
577.34	5.8
577.53	5.7
577.72	5.7
577.91	5.7
578.1	5.6
578.29	5.6
578.48	5.6
578.67	5.5
578.861	5.5
579.051	5.5
579.241	5.5
579.431	5.4
579.622	5.4
579.812	5.4
580.002	5.4
580.193	5.3
580.383	5.3
580.574	5.3
580.764	5.3
580.955	5.2
581.145	5.2
581.336	5.2
581.526	5.2
581.717	5.2
581.908	5.1
582.098	5.1
582.289	5.1
582.48	5.1
582.671	5.1
582.862	5.1
583.052	5
583.243	5
583.434	5
583.625	5
583.816	5
584.007	4.9
584.198	4.9
584.389	4.9
584.58	4.9
584.771	4.9
584.962	4.9
585.154	4.8
585.345	4.8
585.536	4.8
585.727	4.8
585.918	4.8
586.11	4.8
586.301	4.7
586.492	4.7
586.684	4.7
586.875	4.7
587.067	4.7
587.258	4.7
587.45	4.6
587.641	4.6
587.833	4.6
588.024	4.6
588.216	4.6
588.408	4.6
588.599	4.6
588.791	4.6
588.983	4.5
589.174	4.5
589.366	4.5
589.558	4.5
589.75	4.5
589.942	4.5
590.134	4.5
590.326	4.5
590.518	4.4
590.71	4.4
590.902	4.4
591.094	4.4
591.286	4.4
591.478	4.4
591.67	4.4
591.862	4.4
592.054	4.4
592.246	4.3
592.439	4.3
592.631	4.3
592.823	4.3
593.016	4.3
593.208	4.3
593.4	4.3
593.593	4.3
593.785	4.3
593.978	4.3
594.17	4.3
594.363	4.3
594.555	4.3
594.748	4.3
594.94	4.3
595.133	4.3
595.326	4.2
595.518	4.2
595.711	4.2
595.904	4.2
596.096	4.2
596.289	4.2
596.482	4.2
596.675	4.2
596.868	4.2
597.061	4.2
597.254	4.2
597.447	4.2
597.64	4.2
597.833	4.2
598.026	4.2
598.219	4.2
598.412	4.2
598.605	4.2
598.798	4.1
598.991	4.1
599.184	4.1
599.378	4.1
599.571	4.1
599.764	4.1
599.957	4.1
600.151	4.1
600.344	4.1
600.538	4.1
600.731	4.1
600.924	4.1
601.118	4.1
601.311	4.1
601.505	4.1
601.698	4.1
601.892	4.1
602.086	4
602.279	4
602.473	4
602.667	4
602.86	4
603.054	4
603.248	4
603.442	4
603.635	4
603.829	4
604.023	4
604.217	4
604.411	3.9
604.605	3.9
604.799	3.9
604.993	3.9
605.187	3.9
605.381	3.9
605.575	3.9
605.769	3.9
605.963	3.9
606.157	3.9
606.352	3.9
606.546	3.8
606.74	3.8
606.934	3.8
607.129	3.8
607.323	3.8
607.517	3.8
607.712	3.8
607.906	3.8
608.1	3.8
608.295	3.8
608.489	3.7
608.684	3.7
608.878	3.7
609.073	3.7
609.267	3.7
609.462	3.7
609.657	3.7
609.851	3.7
610.046	3.7
610.241	3.6
610.435	3.6
610.63	3.6
610.825	3.6
611.02	3.6
611.215	3.6
611.41	3.6
611.604	3.6
611.799	3.5
611.994	3.5
612.189	3.5
612.384	3.5
612.579	3.5
612.774	3.5
612.969	3.5
613.164	3.5
613.359	3.5
613.555	3.4
613.75	3.4
613.945	3.4
614.14	3.4
614.335	3.4
614.531	3.4
614.726	3.4
614.921	3.4
615.117	3.3
615.312	3.3
615.507	3.3
615.703	3.3
615.898	3.3
616.094	3.3
616.289	3.3
616.485	3.3
616.68	3.3
616.876	3.3
617.071	3.2
617.267	3.2
617.463	3.2
617.658	3.2
617.854	3.2
618.05	3.2
618.245	3.2
618.441	3.2
618.637	3.2
618.833	3.2
619.029	3.2
619.225	3.2
619.42	3.2
619.616	3.1
619.812	3.1
620.008	3.1
620.204	3.1
620.4	3.1
620.596	3.1
620.792	3.1
620.988	3.1
621.184	3.1
621.381	3.1
621.577	3.1
621.773	3.1
621.969	3.1
622.165	3.1
622.362	3.1
622.558	3.1
622.754	3.1
622.951	3.1
623.147	3.1
623.343	3.1
623.54	3.1
623.736	3.1
623.933	3.1
624.129	3.1
624.326	3
624.522	3
624.719	3
624.915	3
625.112	3
625.308	3
625.505	3
625.702	3
625.898	3
626.095	3
626.292	3
626.489	3
626.685	3
626.882	3
627.079	3
627.276	3
627.473	3
627.67	3
627.866	3
628.063	3
628.26	3
628.457	3
628.654	3
628.851	3
629.048	3
629.246	3
629.443	3
629.64	3
629.837	3
630.034	3
630.231	3
630.429	3
630.626	3
630.823	3
631.02	3
631.218	3
631.415	3
631.612	3
631.81	3
632.007	3
632.205	3
632.402	3
632.6	3
632.797	3
632.995	3
633.192	3
633.39	3
633.587	3
633.785	3
633.983	3
634.18	3
634.378	3
634.576	3
634.773	3
634.971	3
635.169	3
635.367	3
635.565	3
635.762	3
635.96	3
636.158	3
636.356	3
636.554	3
636.752	3
636.95	3
637.148	3
637.346	3
637.544	3
637.742	3.1
637.94	3.1
638.138	3.1
638.337	3.1
638.535	3.1
638.733	3.1
638.931	3.1
639.129	3.1
639.328	3.1
639.526	3.1
639.724	3.1
639.922	3.1
640.121	3.1
640.319	3.1
640.518	3.1
640.716	3.1
640.914	3.1
641.113	3.1
641.311	3.1
641.51	3.1
641.708	3.1
641.907	3.1
642.105	3.1
642.304	3.1
642.503	3.1
642.701	3.1
642.9	3.2
643.098	3.2
643.297	3.2
643.496	3.2
643.695	3.2
643.893	3.2
644.092	3.2
644.291	3.2
644.49	3.2
644.689	3.2
644.887	3.2
645.086	3.2
645.285	3.2
645.484	3.2
645.683	3.2
645.882	3.2
646.081	3.2
646.28	3.2
646.479	3.2
646.678	3.2
646.877	3.2
647.076	3.2
647.276	3.2
647.475	3.2
647.674	3.2
647.873	3.2
648.072	3.2
648.271	3.2
648.471	3.2
648.67	3.2
648.869	3.2
649.069	3.2
649.268	3.2
649.467	3.2
649.667	3.3
649.866	3.3
650.065	3.3
650.265	3.3
650.464	3.3
650.664	3.3
650.863	3.3
651.063	3.3
651.262	3.3
651.462	3.3
651.662	3.3
651.861	3.3
652.061	3.3
652.26	3.3
652.46	3.3
652.66	3.3
652.859	3.3
653.059	3.3
653.259	3.3
653.459	3.3
653.658	3.3
653.858	3.3
654.058	3.3
654.258	3.3
654.458	3.3
654.658	3.3
654.858	3.3
655.058	3.3
655.258	3.3
655.457	3.3
655.657	3.3
655.857	3.3
656.058	3.3
656.258	3.3
656.458	3.3
656.658	3.3
656.858	3.3
657.058	3.3
657.258	3.3
657.458	3.3
657.659	3.3
657.859	3.3
658.059	3.3
658.259	3.3
658.459	3.3
658.66	3.3
658.86	3.3
659.06	3.3
659.261	3.3
659.461	3.3
659.662	3.3
659.862	3.3
660.062	3.3
660.263	3.3
660.463	3.3
660.664	3.3
660.864	3.3
661.065	3.3
661.265	3.3
661.466	3.3
661.667	3.3
661.867	3.3
662.068	3.3
662.268	3.3
662.469	3.3
662.67	3.3
662.87	3.3
663.071	3.3
663.272	3.3
663.473	3.3
663.674	3.3
663.874	3.3
664.075	3.3
664.276	3.3
664.477	3.3
664.678	3.3
664.879	3.3
665.08	3.3
665.28	3.3
665.481	3.3
665.682	3.3
665.883	3.3
666.084	3.3
666.285	3.3
666.486	3.3
666.688	3.3
666.889	3.3
667.09	3.3
667.291	3.3
667.492	3.3
667.693	3.3
667.894	3.3
668.096	3.3
668.297	3.3
668.498	3.3
668.699	3.3
668.901	3.3
669.102	3.3
669.303	3.3
669.505	3.3
669.706	3.3
669.907	3.2
670.109	3.2
670.31	3.2
670.511	3.2
670.713	3.2
670.914	3.2
671.116	3.2
671.317	3.2
671.519	3.2
671.72	3.2
671.922	3.2
672.124	3.2
672.325	3.2
672.527	3.2
672.728	3.2
672.93	3.2
673.132	3.2
673.333	3.2
673.535	3.2
673.737	3.2
673.939	3.2
674.14	3.2
674.342	3.2
674.544	3.2
674.746	3.2
674.948	3.2
675.149	3.2
675.351	3.2
675.553	3.2
675.755	3.2
675.957	3.2
676.159	3.2
676.361	3.2
676.563	3.2
676.765	3.2
676.967	3.2
677.169	3.2
677.371	3.2
677.573	3.2
677.775	3.2
677.977	3.2
678.179	3.2
678.381	3.2
678.583	3.2
678.786	3.2
678.988	3.2
679.19	3.2
679.392	3.2
679.594	3.2
679.797	3.2
679.999	3.2
680.201	3.2
680.404	3.2
680.606	3.2
680.808	3.2
681.011	3.2
681.213	3.2
681.415	3.2
681.618	3.2
681.82	3.2
682.023	3.2
682.225	3.2
682.428	3.2
682.63	3.2
682.833	3.2
683.035	3.2
683.238	3.2
683.44	3.2
683.643	3.2
683.845	3.2
684.048	3.2
684.251	3.2
684.453	3.2
684.656	3.2
684.859	3.2
685.061	3.2
685.264	3.2
685.467	3.2
685.67	3.2
685.872	3.2
686.075	3.2
686.278	3.2
686.481	3.2
686.684	3.2
686.886	3.2
687.089	3.2
687.292	3.2
687.495	3.2
687.698	3.2
687.901	3.2
688.104	3.3
688.307	3.3
688.51	3.3
688.713	3.3
688.916	3.3
689.119	3.3
689.322	3.3
689.525	3.3
689.728	3.3
689.931	3.3
690.134	3.3
690.337	3.3
690.54	3.3
690.744	3.3
690.947	3.3
691.15	3.3
691.353	3.3
691.556	3.3
691.76	3.3
691.963	3.4
692.166	3.4
692.37	3.4
692.573	3.4
692.776	3.4
692.979	3.4
693.183	3.4
693.386	3.4
693.59	3.4
693.793	3.4
693.996	3.4
694.2	3.4
694.403	3.5
694.607	3.5
694.81	3.5
695.014	3.5
695.217	3.5
695.421	3.5
695.624	3.5
695.828	3.5
696.031	3.5
696.235	3.5
696.439	3.6
696.642	3.6
696.846	3.6
697.049	3.6
697.253	3.6
697.457	3.6
697.661	3.6
697.864	3.7
698.068	3.7
698.272	3.7
698.475	3.7
698.679	3.7
698.883	3.7
699.087	3.7
699.291	3.7
699.494	3.8
699.698	3.8
699.902	3.8
700.106	3.8
700.31	3.8
700.514	3.8
700.718	3.9
700.922	3.9
701.126	3.9
701.33	3.9
701.534	3.9
701.738	4
701.942	4
702.146	4
702.35	4
702.554	4
702.758	4.1
702.962	4.1
703.166	4.1
703.37	4.1
703.574	4.1
703.778	4.2
703.983	4.2
704.187	4.2
704.391	4.2
704.595	4.3
704.799	4.3
705.004	4.3
705.208	4.3
705.412	4.4
705.616	4.4
705.821	4.4
706.025	4.4
706.229	4.5
706.434	4.5
706.638	4.5
706.842	4.5
707.047	4.6
707.251	4.6
707.455	4.6
707.66	4.7
707.864	4.7
708.069	4.7
708.273	4.8
708.478	4.8
708.682	4.8
708.887	4.8
709.091	4.9
709.296	4.9
709.5	4.9
709.705	5
709.909	5
710.114	5
710.319	5.1
710.523	5.1
710.728	5.1
710.932	5.2
711.137	5.2
711.342	5.3
711.546	5.3
711.751	5.3
711.956	5.4
712.161	5.4
712.365	5.4
712.57	5.5
712.775	5.5
712.98	5.6
713.184	5.6
713.389	5.6
713.594	5.7
713.799	5.7
714.004	5.8
714.209	5.8
714.413	5.9
714.618	5.9
714.823	5.9
715.028	6
715.233	6
715.438	6.1
715.643	6.1
715.848	6.2
716.053	6.2
716.258	6.3
716.463	6.3
716.668	6.4
716.873	6.4
717.078	6.5
717.283	6.5
717.488	6.6
717.693	6.6
717.898	6.7
718.103	6.7
718.308	6.8
718.514	6.8
718.719	6.9
718.924	6.9
719.129	7
719.334	7
719.539	7.1
719.745	7.2
719.95	7.2
720.155	7.3
720.36	7.3
720.566	7.4
720.771	7.5
720.976	7.5
721.182	7.6
721.387	7.6
721.592	7.7
721.798	7.7
722.003	7.8
722.208	7.9
722.414	7.9
722.619	8
722.824	8.1
723.03	8.1
723.235	8.2
723.441	8.3
723.646	8.3
723.852	8.4
724.057	8.4
724.263	8.5
724.468	8.6
724.674	8.6
724.879	8.7
725.085	8.8
725.29	8.8
725.496	8.9
725.701	9
725.907	9
726.112	9.1
726.318	9.2
726.524	9.3
726.729	9.3
726.935	9.4
727.141	9.5
727.346	9.5
727.552	9.6
727.758	9.7
727.963	9.8
728.169	9.8
728.375	9.9
728.581	10
728.786	10.1
728.992	10.1
729.198	10.2
729.404	10.2
729.609	10.3
729.815	10.4
730.021	10.5
730.227	10.5
730.433	10.6
730.639	10.7
730.844	10.8
731.05	10.8
731.256	10.9
731.462	11
731.668	11
731.874	11.1
732.08	11.2
732.286	11.2
732.492	11.3
732.698	11.4
732.904	11.4
733.11	11.5
733.316	11.6
733.522	11.7
733.728	11.7
733.934	11.8
734.14	11.9
734.346	11.9
734.552	12
734.758	12.1
734.964	12.1
735.17	12.2
735.376	12.3
735.583	12.3
735.789	12.4
735.995	12.5
736.201	12.5
736.407	12.6
736.613	12.7
736.819	12.7
737.026	12.8
737.232	12.8
737.438	12.9
737.644	13
737.851	13
738.057	13.1
738.263	13.2
738.469	13.2
738.676	13.3
738.882	13.3
739.088	13.4
739.295	13.5
739.501	13.5
739.707	13.6
739.914	13.6
740.12	13.7
740.326	13.8
740.533	13.8
740.739	13.9
740.946	13.9
741.152	14
741.358	14.1
741.565	14.1
741.771	14.2
741.978	14.2
742.184	14.3
742.391	14.3
742.597	14.4
742.804	14.5
743.01	14.5
743.217	14.6
743.423	14.6
743.63	14.7
743.836	14.8
744.043	14.8
744.249	14.9
744.456	14.9
744.663	15
744.869	15
745.076	15.1
745.282	15.1
745.489	15.2
745.696	15.2
745.902	15.3
746.109	15.3
746.316	15.4
746.522	15.4
746.729	15.5
746.936	15.6
747.142	15.6
747.349	15.7
747.556	15.7
747.762	15.8
747.969	15.8
748.176	15.9
748.383	15.9
748.589	16
748.796	16
749.003	16.1
749.21	16.2
749.417	16.2
749.623	16.3
749.83	16.3
750.037	16.4
750.244	16.4
750.451	16.5
750.658	16.5
750.865	16.6
751.071	16.6
751.278	16.7
751.485	16.7
751.692	16.8
751.899	16.8
752.106	16.9
752.313	17
752.52	17
752.727	17.1
752.934	17.1
753.141	17.2
753.348	17.2
753.555	17.3
753.762	17.3
753.969	17.4
754.176	17.5
754.383	17.5
754.59	17.6
754.797	17.6
755.004	17.7
755.211	17.8
755.418	17.8
755.625	17.9
755.832	17.9
756.039	18
756.246	18.1
756.453	18.1
756.66	18.2
756.868	18.3
757.075	18.3
757.282	18.4
757.489	18.5
757.696	18.5
757.903	18.6
758.111	18.7
758.318	18.7
758.525	18.8
758.732	18.9
758.939	18.9
759.147	19
759.354	19.1
759.561	19.1
759.768	19.2
759.976	19.3
760.183	19.4
760.39	19.4
760.597	19.5
760.805	19.6
761.012	19.7
761.219	19.8
761.426	19.8
761.634	19.9
761.841	20
762.048	20.1
762.256	20.1
762.463	20.2
762.67	20.3
762.878	20.4
763.085	20.4
763.293	20.5
763.5	20.6
763.707	20.7
763.915	20.8
764.122	20.8
764.33	20.9
764.537	21
764.744	21.1
764.952	21.2
765.159	21.2
765.367	21.3
765.574	21.4
765.782	21.5
765.989	21.6
766.197	21.6
766.404	21.7
766.612	21.8
766.819	21.9
767.027	22
767.234	22.1
767.442	22.1
767.649	22.2
767.857	22.3
768.064	22.4
768.272	22.5
768.479	22.5
768.687	22.6
768.895	22.7
769.102	22.8
769.31	22.8
769.517	22.9
769.725	23
769.933	23.1
770.14	23.2
770.348	23.2
770.555	23.3
770.763	23.4
770.971	23.5
771.178	23.5
771.386	23.6
771.594	23.7
771.801	23.8
772.009	23.8
772.217	23.9
772.424	24
772.632	24.1
772.84	24.1
773.047	24.2
773.255	24.3
773.463	24.4
773.671	24.4
773.878	24.5
774.086	24.6
774.294	24.6
774.502	24.7
774.709	24.8
774.917	24.9
775.125	24.9
775.333	25
775.54	25.1
775.748	25.1
775.956	25.2
776.164	25.3
776.371	25.3
776.579	25.4
776.787	25.4
776.995	25.5
777.203	25.6
777.41	25.6
777.618	25.7
777.826	25.8
778.034	25.8
778.242	25.9
778.45	25.9
778.657	26
778.865	26.1
779.073	26.1
779.281	26.2
779.489	26.3
779.697	26.3
779.905	26.4
780.112	26.4
780.32	26.5
780.528	26.5
780.736	26.6
780.944	26.6
781.152	26.7
781.36	26.7
781.568	26.8
781.776	26.8
781.984	26.9
782.191	26.9
782.399	27
782.607	27
782.815	27.1
783.023	27.1
783.231	27.2
783.439	27.2
783.647	27.2
783.855	27.3
784.063	27.3
784.271	27.4
784.479	27.4
784.687	27.5
784.895	27.5
785.103	27.5
785.311	27.6
785.519	27.6
785.727	27.7
785.935	27.7
786.143	27.8
786.351	27.8
786.559	27.8
786.767	27.9
786.975	27.9
787.183	28
787.391	28
787.599	28
787.807	28.1
788.015	28.1
788.223	28.2
788.431	28.2
788.639	28.2
788.847	28.3
789.055	28.3
789.263	28.3
789.471	28.4
789.679	28.4
789.887	28.4
790.095	28.5
790.303	28.5
790.511	28.5
790.719	28.5
790.927	28.6
791.135	28.6
791.343	28.7
791.551	28.7
791.76	28.7
791.968	28.7
792.176	28.8
792.384	28.8
792.592	28.8
792.8	28.9
793.008	28.9
793.216	28.9
793.424	28.9
793.632	29
793.84	29
794.048	29
794.256	29.1
794.465	29.1
794.673	29.1
794.881	29.1
795.089	29.2
795.297	29.2
795.505	29.2
795.713	29.2
795.921	29.3
796.129	29.3
796.337	29.3
796.546	29.4
796.754	29.4
796.962	29.4
797.17	29.4
797.378	29.5
797.586	29.5
797.794	29.5
798.002	29.6
798.21	29.6
798.419	29.6
798.627	29.7
798.835	29.7
799.043	29.7
799.251	29.7
799.459	29.8
799.667	29.8
799.875	29.8
800.083	29.8
800.292	29.9
800.5	29.9
800.708	29.9
800.916	30
801.124	30
801.332	30
801.54	30
801.748	30.1
801.957	30.1
802.165	30.1
802.373	30.1
802.581	30.2
802.789	30.2
802.997	30.2
803.205	30.2
803.414	30.3
803.622	30.3
803.83	30.3
804.038	30.4
804.246	30.4
804.454	30.4
804.662	30.4
804.87	30.4
805.079	30.5
805.287	30.5
805.495	30.5
805.703	30.5
805.911	30.5
806.119	30.6
806.327	30.6
806.535	30.6
806.743	30.6
806.952	30.6
807.16	30.7
807.368	30.7
807.576	30.7
807.784	30.7
807.992	30.7
808.2	30.8
808.408	30.8
808.617	30.8
808.825	30.8
809.033	30.8
809.241	30.9
809.449	30.9
809.657	30.9
809.865	30.9
810.073	30.9
810.281	30.9
810.49	31
810.698	31
810.906	31
811.114	31
811.322	31
811.53	31
811.738	31
811.946	31.1
812.154	31.1
812.362	31.1
812.57	31.1
812.779	31.1
812.987	31.1
813.195	31.2
813.403	31.2
813.611	31.2
813.819	31.2
814.027	31.2
814.235	31.2
814.443	31.3
814.651	31.3
814.859	31.3
815.067	31.3
815.275	31.3
815.484	31.4
815.692	31.4
815.9	31.4
816.108	31.4
816.316	31.4
816.524	31.5
816.732	31.5
816.94	31.5
817.148	31.5
817.356	31.5
817.564	31.6
817.772	31.6
817.98	31.6
818.188	31.6
818.397	31.6
818.605	31.6
818.813	31.7
819.021	31.7
819.229	31.7
819.437	31.7
819.645	31.8
819.853	31.8
820.061	31.8
820.269	31.8
820.477	31.9
820.685	31.9
820.893	31.9
821.102	31.9
821.31	32
821.518	32
821.726	32
821.934	32
822.142	32
822.35	32.1
822.558	32.1
822.766	32.1
822.974	32.2
823.182	32.2
823.39	32.2
823.599	32.2
823.807	32.3
824.015	32.3
824.223	32.3
824.431	32.3
824.639	32.3
824.847	32.3
825.055	32.4
825.263	32.4
825.472	32.4
825.68	32.4
825.888	32.4
826.096	32.5
826.304	32.5
826.512	32.5
826.72	32.6
826.928	32.6
827.137	32.6
827.345	32.6
827.553	32.7
827.761	32.7
827.969	32.7
828.177	32.7
828.385	32.7
828.594	32.8
828.802	32.8
829.01	32.8
829.218	32.8
829.426	32.8
829.634	32.9
829.843	32.9
830.051	32.9
830.259	32.9
830.467	33
830.675	33
830.883	33
831.092	33
831.3	33.1
831.508	33.1
831.716	33.1
831.924	33.2
832.133	33.2
832.341	33.2
832.549	33.2
832.757	33.2
832.966	33.3
833.174	33.3
833.382	33.4
833.59	33.4
833.799	33.4
834.007	33.4
834.215	33.5
834.423	33.5
834.632	33.5
834.84	33.5
835.048	33.5
835.256	33.6
835.465	33.6
835.673	33.6
835.881	33.7
836.09	33.7
836.298	33.7
836.506	33.8
836.715	33.8
836.923	33.8
837.131	33.9
837.34	33.9
837.548	33.9
837.756	33.9
837.965	34
838.173	34
838.381	34.1
838.59	34.1
838.798	34.1
839.006	34.2
839.215	34.2
839.423	34.2
839.632	34.3
839.84	34.3
840.048	34.3
840.257	34.3
840.465	34.4
840.674	34.4
840.882	34.4
841.091	34.4
841.299	34.5
841.508	34.5
841.716	34.5
841.924	34.6
842.133	34.6
842.341	34.6
842.55	34.7
842.758	34.7
842.967	34.7
843.175	34.8
843.384	34.8
843.593	34.9
843.801	34.9
844.01	34.9
844.218	35
844.427	35
844.635	35
844.844	35.1
845.052	35.1
845.261	35.1
845.47	35.2
845.678	35.2
845.887	35.2
846.095	35.2
846.304	35.3
846.513	35.3
846.721	35.4
846.93	35.4
847.139	35.4
847.347	35.4
847.556	35.5
847.765	35.5
847.973	35.5
848.182	35.6
848.391	35.6
848.6	35.6
848.808	35.7
849.017	35.7
849.226	35.8
849.435	35.8
849.643	35.9
849.852	35.9
850.061	35.9
850.27	35.9
850.478	36
850.687	36
850.896	36.1
851.105	36.1
851.314	36.2
851.523	36.2
851.731	36.2
851.94	36.3
852.149	36.3
852.358	36.4
852.567	36.4
852.776	36.5
852.985	36.5
853.194	36.6
853.403	36.6
853.612	36.6
853.821	36.7
854.03	36.7
854.239	36.8
854.447	36.8
854.656	36.9
854.865	36.9
855.075	37
855.284	37
855.493	37
855.702	37.1
855.911	37.1
856.12	37.1
856.329	37.2
856.538	37.2
856.747	37.2
856.956	37.3
857.165	37.3
857.374	37.4
857.584	37.4
857.793	37.5
858.002	37.5
858.211	37.5
858.42	37.6
858.629	37.6
858.839	37.7
859.048	37.7
859.257	37.8
859.466	37.8
859.676	37.8
859.885	37.9
860.094	37.9
860.304	37.9
860.513	37.9
860.722	38
860.932	38
861.141	38
861.35	38.1
861.56	38.1
861.769	38.1
861.978	38.2
862.188	38.2
862.397	38.2
862.607	38.3
862.816	38.3
863.026	38.4
863.235	38.4
863.445	38.5
863.654	38.5
863.864	38.5
864.073	38.6
864.283	38.6
864.492	38.6
864.702	38.7
864.911	38.7
865.121	38.8
865.33	38.8
865.54	38.9
865.75	38.9
865.959	38.9
866.169	39
866.379	39
866.588	39.1
866.798	39.1
867.008	39.1
867.218	39.2
867.427	39.2
867.637	39.2
867.847	39.3
868.057	39.3
868.266	39.4
868.476	39.4
868.686	39.4
868.896	39.5
869.106	39.5
869.316	39.6
869.525	39.6
869.735	39.7
869.945	39.7
870.155	39.8
870.365	39.8
870.575	39.8
870.785	39.9
870.995	39.9
871.205	39.9
871.415	40
871.625	40
871.835	40
872.045	40
872.255	40.1
872.465	40.1
872.675	40.1
872.886	40.2
873.096	40.2
873.306	40.2
873.516	40.2
873.726	40.3
873.936	40.3
874.147	40.3
874.357	40.3
874.567	40.4
874.777	40.4
874.988	40.4
875.198	40.4
875.408	40.4
875.619	40.5
875.829	40.5
876.039	40.5
876.25	40.6
876.46	40.6
876.67	40.6
876.881	40.6
877.091	40.7
877.302	40.7
877.512	40.7
877.723	40.7
877.933	40.8
878.144	40.8
878.354	40.8
878.565	40.8
878.775	40.8
878.986	40.9
879.197	40.9
879.407	40.9
879.618	40.9
879.829	40.9
880.039	41
880.25	41
880.461	41
880.671	41
880.882	41
881.093	41
881.304	41
881.515	41.1
881.725	41.1
881.936	41.1
882.147	41.1
882.358	41.2
882.569	41.2
882.78	41.2
882.991	41.3
883.202	41.3
883.413	41.3
883.624	41.4
883.835	41.4
884.046	41.4
884.257	41.5
884.468	41.5
884.679	41.5
884.89	41.6
885.101	41.6
885.312	41.6
885.523	41.6
885.735	41.7
885.946	41.7
886.157	41.7
886.368	41.7
886.579	41.8
886.791	41.8
887.002	41.8
887.213	41.9
887.425	41.9
887.636	42
887.847	42
888.059	42
888.27	42.1
888.481	42.1
888.693	42.2
888.904	42.2
889.116	42.3
889.327	42.3
889.539	42.3
889.75	42.4
889.962	42.5
890.174	42.5
890.385	42.5
890.597	42.5
890.808	42.6
891.02	42.6
891.232	42.6
891.444	42.6
891.655	42.6
891.867	42.7
892.079	42.7
892.291	42.7
892.502	42.7
892.714	42.8
892.926	42.8
893.138	42.8
893.35	42.8
893.562	42.9
893.774	42.9
893.986	42.9
894.198	42.9
894.41	42.9
894.622	43
894.834	43
895.046	43
895.258	43
895.47	43.1
895.682	43.1
895.894	43.1
896.106	43.1
896.319	43.1
896.531	43.1
896.743	43.2
896.955	43.2
897.168	43.2
897.38	43.2
897.592	43.2
897.805	43.2
898.017	43.3
898.229	43.3
898.442	43.3
898.654	43.3
898.867	43.3
899.079	43.3
899.292	43.3
899.504	43.3
899.717	43.4
899.929	43.4
900.142	43.4
900.355	43.4
900.567	43.4
900.78	43.4
900.993	43.4
901.205	43.4
901.418	43.5
901.631	43.5
901.844	43.5
902.056	43.5
902.269	43.5
902.482	43.5
902.695	43.5
902.908	43.5
903.121	43.5
903.334	43.5
903.547	43.6
903.76	43.6
903.973	43.6
904.186	43.6
904.399	43.6
904.612	43.6
904.825	43.6
905.038	43.6
905.251	43.6
905.465	43.6
905.678	43.6
905.891	43.6
906.104	43.7
906.318	43.7
906.531	43.7
906.744	43.7
906.958	43.7
907.171	43.7
907.384	43.8
907.598	43.8
907.811	43.8
908.025	43.8
908.238	43.9
908.452	43.9
908.665	43.9
908.879	43.9
909.093	43.9
909.306	43.9
909.52	43.9
909.734	43.9
909.947	43.9
910.161	43.9
910.375	43.9
910.589	44
910.803	44
911.016	44
911.23	44
911.444	44
911.658	44
911.872	44
912.086	44
912.3	44
912.514	44
912.728	44
912.942	44.1
913.156	44.1
913.37	44.1
913.585	44.1
913.799	44.1
914.013	44.2
914.227	44.2
914.442	44.2
914.656	44.2
914.87	44.2
915.084	44.3
915.299	44.3
915.513	44.3
915.728	44.3
915.942	44.3
916.157	44.3
916.371	44.3
916.586	44.3
916.8	44.3
917.015	44.3
917.229	44.3
917.444	44.3
917.659	44.3
917.874	44.3
918.088	44.3
918.303	44.3
918.518	44.3
918.733	44.3
918.947	44.3
919.162	44.4
919.377	44.4
919.592	44.4
919.807	44.4
920.022	44.4
920.237	44.4
920.452	44.4
920.667	44.5
920.882	44.5
921.097	44.5
921.313	44.5
921.528	44.5
921.743	44.5
921.958	44.5
922.174	44.4
922.389	44.4
922.604	44.4
922.82	44.5
923.035	44.5
923.25	44.5
923.466	44.5
923.681	44.5
923.897	44.5
924.112	44.5
924.328	44.5
924.544	44.5
924.759	44.5
924.975	44.6
925.19	44.6
925.406	44.6
925.622	44.7
925.838	44.7
926.054	44.7
926.269	44.8
926.485	44.8
926.701	44.8
926.917	44.8
927.133	44.9
927.349	44.9
927.565	44.9
927.781	44.9
927.997	44.9
928.213	44.9
928.429	44.9
928.646	45
928.862	45
929.078	45
929.294	45.1
929.511	45.1
929.727	45.1
929.943	45.1
930.16	45.2
930.376	45.2
930.592	45.2
930.809	45.3
931.025	45.3
931.242	45.3
931.459	45.3
931.675	45.3
931.892	45.3
932.108	45.4
932.325	45.3
932.542	45.4
932.759	45.4
932.975	45.4
933.192	45.4
933.409	45.4
933.626	45.4
933.843	45.3
934.06	45.3
934.277	45.3
934.494	45.3
934.711	45.3
934.928	45.2
935.145	45.2
935.362	45.2
935.58	45.2
935.797	45.1
936.014	45
936.231	45
936.449	44.9
936.666	44.8
936.883	44.8
937.101	44.7
937.318	44.7
937.536	44.6
937.753	44.6
937.971	44.5
938.188	44.4
938.406	44.4
938.624	44.3
938.841	44.3
939.059	44.3
939.277	44.2
939.494	44.2
939.712	44.2
939.93	44.1
