290.982 78.295
291.167 78.524
291.352 77.201
291.537 76.200
291.722 75.550
291.907 75.291
292.091 74.032
292.276 72.491
292.461 72.010
292.646 72.445
292.831 74.711
293.016 74.118
293.201 73.882
293.386 73.866
293.571 73.418
293.756 72.924
293.940 71.744
294.125 70.381
294.310 68.662
294.495 67.059
294.680 66.007
294.865 66.569
295.050 65.909
295.235 65.660
295.420 65.674
295.605 65.713
295.789 65.527
295.974 65.895
296.159 67.101
296.344 67.028
296.529 66.318
296.714 66.128
296.899 66.455
297.084 66.105
297.269 65.661
297.454 65.238
297.638 65.253
297.823 66.198
298.008 66.389
298.193 66.349
298.378 66.521
298.563 66.240
298.748 65.038
298.933 64.257
299.118 64.684
299.303 64.404
299.487 63.807
299.672 63.406
299.857 63.196
300.042 62.885
300.227 62.888
300.412 62.620
300.597 62.167
300.782 62.036
300.967 62.175
301.152 62.299
301.336 62.118
301.521 62.368
301.706 61.355
301.891 62.076
302.076 62.513
302.261 61.528
302.446 60.946
302.631 60.714
302.816 60.805
303.001 60.280
303.185 60.020
303.370 60.431
303.555 60.665
303.740 60.514
303.925 60.334
304.110 59.953
304.295 59.521
304.480 59.009
304.665 58.365
304.850 57.846
305.034 57.402
305.219 56.789
305.404 55.387
305.589 54.671
305.774 53.153
305.959 52.557
306.144 53.122
306.329 53.344
306.514 53.692
306.699 53.774
306.883 53.329
307.068 52.961
307.253 52.080
307.438 51.247
307.623 51.746
307.808 52.166
307.993 52.298
308.178 52.200
308.363 52.051
308.548 52.088
308.732 52.344
308.917 51.541
309.102 50.762
309.287 50.731
309.472 50.628
309.657 50.531
309.842 50.524
310.027 50.512
310.212 50.206
310.397 49.629
310.581 49.165
310.766 49.411
310.951 49.388
311.136 49.274
311.321 49.953
311.506 49.788
311.691 49.094
311.876 48.605
312.061 48.156
312.245 47.777
312.430 47.329
312.615 46.306
312.800 46.392
312.985 46.612
313.170 46.835
313.347 47.092
313.523 46.771
313.700 46.453
313.877 46.151
314.054 45.989
314.230 46.013
314.407 46.103
314.584 45.682
314.761 45.136
314.937 44.798
315.114 43.720
315.291 42.761
315.467 42.249
315.644 42.104
315.821 42.002
315.998 41.867
316.174 41.766
316.351 42.303
316.528 42.391
316.704 42.626
316.881 42.261
317.058 41.919
317.235 42.290
317.411 41.931
317.588 41.430
317.765 41.338
317.942 40.767
318.118 40.097
318.295 39.965
318.472 40.529
318.648 41.024
318.825 40.913
319.002 41.183
319.179 41.316
319.355 41.056
319.532 41.307
319.709 41.562
319.885 41.277
320.062 40.607
320.239 40.163
320.416 39.614
320.592 39.342
320.769 39.014
320.946 38.321
321.123 38.046
321.299 38.162
321.476 37.953
321.653 37.983
321.829 38.375
322.006 38.428
322.183 38.060
322.360 37.845
322.536 38.627
322.713 38.295
322.890 37.522
323.066 37.628
323.243 37.667
323.420 37.438
323.597 37.035
323.773 37.029
323.950 36.932
324.127 36.841
324.304 36.879
324.480 36.961
324.657 36.785
324.834 36.753
325.010 36.477
325.187 36.209
325.364 35.993
325.541 35.667
325.717 35.586
325.894 35.360
326.071 34.843
326.248 33.774
326.424 33.357
326.601 33.501
326.778 33.180
326.954 32.583
327.131 32.244
327.308 32.138
327.485 31.773
327.661 31.287
327.838 30.967
328.015 31.154
328.191 31.092
328.368 31.042
328.545 30.791
328.722 30.902
328.898 31.182
329.075 31.158
329.252 30.927
329.429 30.821
329.605 30.888
329.782 30.748
329.959 30.649
330.135 30.665
330.312 30.544
330.489 30.315
330.666 30.025
330.842 29.920
331.019 29.938
331.196 29.920
331.372 29.913
331.549 29.646
331.726 28.843
331.903 28.581
332.079 28.682
332.256 28.746
332.433 28.869
332.610 28.609
332.786 28.487
332.963 28.850
333.140 28.571
333.316 28.062
333.493 27.773
333.670 27.629
333.847 27.410
334.023 27.079
334.200 27.106
334.377 27.308
334.553 27.226
334.730 27.207
334.907 27.087
335.084 27.103
335.260 27.308
335.437 27.369
335.614 27.014
335.791 26.717
335.967 26.605
336.144 26.008
336.321 25.831
336.497 26.000
336.674 25.833
336.851 25.646
337.028 25.611
337.204 25.877
337.381 26.214
337.558 26.078
337.734 25.816
337.911 25.489
338.088 25.319
338.265 25.307
338.441 25.077
338.618 24.775
338.795 24.673
338.972 24.577
339.148 24.467
339.325 24.480
339.502 24.420
339.678 24.138
339.855 23.964
340.032 23.875
340.209 23.660
340.385 23.329
340.562 23.216
340.739 23.233
340.916 23.094
341.092 22.731
341.269 22.865
341.446 23.138
341.622 23.189
341.799 22.852
341.976 22.451
342.153 22.308
342.329 22.280
342.506 21.984
342.683 21.868
342.859 21.856
343.036 21.632
343.213 21.421
343.390 21.435
343.566 21.299
343.743 21.127
343.920 21.107
344.097 20.925
344.273 20.796
344.450 20.653
344.627 20.443
344.803 20.185
344.980 20.043
345.157 20.015
345.334 19.934
345.510 19.894
345.687 19.843
345.864 19.459
346.040 19.370
346.217 19.698
346.394 19.697
346.571 19.860
346.747 19.856
346.924 19.674
347.101 19.746
347.278 20.012
347.454 20.023
347.631 19.569
347.808 19.277
347.984 19.168
348.161 18.990
348.338 18.875
348.515 18.812
348.691 18.623
348.868 18.465
349.045 18.291
349.221 18.228
349.398 18.120
349.575 18.381
349.752 18.412
349.928 18.061
350.105 18.050
350.282 18.012
350.459 18.004
350.635 18.001
350.812 17.812
350.989 17.556
351.165 17.404
351.342 17.458
351.519 17.500
351.696 17.536
351.872 17.682
352.049 17.640
352.226 17.432
352.402 17.148
352.579 16.934
352.756 16.835
352.933 16.632
353.109 16.591
353.286 16.359
353.463 16.278
353.640 16.350
353.816 16.085
353.993 15.803
354.170 15.607
354.346 15.608
354.523 15.576
354.700 15.619
354.877 15.683
355.053 15.604
355.230 15.519
355.407 15.370
355.584 15.289
355.760 15.198
355.937 15.240
356.114 15.440
356.290 15.478
356.467 15.459
356.644 15.674
356.821 15.738
356.997 15.862
357.174 15.921
357.351 15.820
357.527 15.796
357.704 15.626
357.881 15.620
358.058 15.576
358.234 15.441
358.411 15.212
358.588 15.012
358.765 14.982
358.941 14.957
359.118 14.911
359.295 14.892
359.471 14.970
359.648 14.945
359.825 14.766
360.002 14.665
360.178 14.487
360.355 14.196
360.532 14.100
360.708 13.915
360.885 13.648
361.062 13.614
361.239 13.614
361.415 13.513
361.592 13.483
361.769 13.454
361.946 13.522
362.122 13.438
362.299 13.524
362.476 13.473
362.652 13.259
362.829 13.204
363.006 13.106
363.183 12.877
363.359 12.714
363.536 12.603
363.713 12.489
363.889 12.487
364.066 12.590
364.243 12.629
364.420 12.634
364.596 12.718
364.773 12.640
364.950 12.543
365.127 12.556
365.303 12.498
365.480 12.343
365.661 12.183
365.841 12.212
366.022 12.079
366.202 11.991
366.383 11.925
366.563 11.764
366.744 11.710
366.924 11.732
367.105 11.850
367.286 11.876
367.466 11.827
367.647 11.840
367.827 11.609
368.008 11.410
368.188 11.361
368.369 11.169
368.549 11.058
368.730 10.921
368.911 10.874
369.091 10.955
369.272 10.952
369.452 10.786
369.633 10.674
369.813 10.645
369.994 10.554
370.174 10.571
370.355 10.722
370.535 10.834
370.716 10.895
370.897 10.787
371.077 10.669
371.258 10.596
371.438 10.517
371.619 10.619
371.799 10.652
371.980 10.536
372.160 10.503
372.341 10.481
372.522 10.498
372.702 10.535
372.883 10.362
373.063 10.284
373.244 10.337
373.424 10.367
373.605 10.364
373.785 10.347
373.966 10.394
374.147 10.400
374.327 10.369
374.508 10.305
374.688 10.260
374.869 10.310
375.049 10.402
375.230 10.388
375.410 10.311
375.591 10.179
375.772 10.149
375.952 10.165
376.133 10.063
376.313 10.071
376.494 10.075
376.674 10.084
376.855 10.100
377.035 10.099
377.216 10.018
377.397 9.875
377.577 9.835
377.758 9.800
377.938 9.670
378.119 9.330
378.299 9.141
378.480 9.101
378.660 9.024
378.841 8.858
379.021 8.761
379.202 8.757
379.383 8.735
379.563 8.612
379.744 8.476
379.924 8.429
380.105 8.290
380.285 8.184
380.466 8.196
380.646 8.124
380.827 7.994
381.008 7.969
381.188 7.946
381.369 7.889
381.549 7.782
381.730 7.693
381.910 7.806
382.091 7.927
382.271 7.915
382.452 7.899
382.633 7.939
382.813 7.960
382.994 7.883
383.174 7.879
383.355 7.943
383.535 7.965
383.716 7.956
383.896 7.923
384.077 7.869
384.258 7.724
384.438 7.700
384.619 7.707
384.799 7.620
384.980 7.618
385.160 7.606
385.341 7.583
385.521 7.561
385.702 7.425
385.882 7.281
386.063 7.226
386.244 7.157
386.424 7.085
386.605 7.033
386.785 7.041
386.966 7.047
387.146 7.060
387.327 7.024
387.507 7.017
387.688 6.975
387.869 6.920
388.049 6.909
388.230 6.874
388.410 6.860
388.591 6.814
388.771 6.691
388.952 6.630
389.132 6.647
389.313 6.636
389.494 6.705
389.674 6.702
389.855 6.631
390.035 6.614
390.216 6.588
390.396 6.567
390.577 6.536
390.757 6.494
390.938 6.424
391.119 6.405
391.299 6.350
391.480 6.354
391.660 6.323
391.841 6.279
392.021 6.276
392.202 6.237
392.382 6.271
392.563 6.330
392.743 6.340
392.924 6.297
393.105 6.193
393.285 6.118
393.466 6.130
393.646 6.152
393.827 6.138
394.007 6.156
394.188 6.141
394.368 6.193
394.549 6.241
394.730 6.156
394.910 6.103
395.091 6.103
395.271 6.082
395.452 6.076
395.632 6.093
395.813 6.143
395.993 6.231
396.174 6.220
396.355 6.191
396.535 6.125
396.716 6.043
396.896 6.089
397.077 6.102
397.257 6.073
397.438 6.082
397.618 6.085
397.799 6.039
397.980 6.008
398.160 5.921
398.341 5.886
398.521 5.930
398.702 5.968
398.882 5.954
399.063 5.925
399.243 5.909
399.424 5.925
399.605 5.917
399.785 5.809
399.966 5.779
400.146 5.774
400.327 5.786
400.507 5.837
400.688 5.871
400.868 5.888
401.049 5.884
401.229 5.856
401.410 5.870
401.591 5.913
401.771 5.954
401.952 5.971
402.132 5.963
402.313 5.924
402.493 5.914
402.674 5.940
402.854 5.940
403.035 5.925
403.216 5.862
403.396 5.788
403.577 5.787
403.757 5.780
403.938 5.789
404.118 5.817
404.299 5.780
404.479 5.748
404.660 5.716
404.841 5.673
405.023 5.690
405.204 5.736
405.385 5.746
405.566 5.760
405.748 5.753
405.929 5.704
406.110 5.703
406.292 5.671
406.473 5.632
406.654 5.619
406.835 5.602
407.017 5.607
407.198 5.594
407.379 5.602
407.560 5.622
407.742 5.642
407.923 5.681
408.104 5.727
408.286 5.703
408.467 5.673
408.648 5.702
408.829 5.726
409.011 5.701
409.192 5.676
409.373 5.646
409.555 5.636
409.736 5.632
409.917 5.620
410.098 5.621
410.280 5.666
410.461 5.742
410.642 5.807
410.823 5.853
411.005 5.890
411.186 5.907
411.367 5.937
411.549 5.917
411.730 5.873
411.911 5.882
412.092 5.900
412.274 5.935
412.455 5.960
412.636 5.960
412.818 5.948
412.999 5.941
413.180 5.940
413.361 5.947
413.543 5.971
413.724 6.034
413.905 6.101
414.087 6.107
414.268 6.061
414.449 6.051
414.630 6.050
414.812 6.098
414.993 6.125
415.174 6.100
415.355 6.096
415.537 6.108
415.718 6.107
415.899 6.133
416.081 6.119
416.262 6.090
416.443 6.081
416.624 6.090
416.806 6.120
416.987 6.149
417.168 6.193
417.350 6.193
417.531 6.162
417.712 6.109
417.893 6.098
418.075 6.147
418.256 6.160
418.437 6.188
418.618 6.204
418.800 6.219
418.981 6.241
419.162 6.273
419.344 6.302
419.525 6.318
419.706 6.339
419.887 6.374
420.069 6.399
420.250 6.432
420.431 6.458
420.613 6.462
420.794 6.464
420.975 6.446
421.156 6.467
421.338 6.521
421.519 6.572
421.700 6.576
421.882 6.583
422.063 6.617
422.244 6.665
422.425 6.728
422.607 6.767
422.788 6.781
422.969 6.800
423.150 6.818
423.332 6.838
423.513 6.860
423.694 6.904
423.876 6.977
424.057 7.024
424.238 7.051
424.419 7.095
424.601 7.127
424.782 7.177
424.963 7.204
425.145 7.211
425.326 7.236
425.507 7.291
425.688 7.305
425.870 7.304
426.051 7.279
426.232 7.229
426.413 7.227
426.595 7.256
426.776 7.256
426.957 7.277
427.139 7.308
427.320 7.332
427.501 7.348
427.682 7.343
427.864 7.347
428.045 7.354
428.226 7.368
428.408 7.405
428.589 7.416
428.770 7.460
428.951 7.511
429.133 7.529
429.314 7.555
429.495 7.603
429.677 7.671
429.858 7.724
430.039 7.775
430.220 7.807
430.402 7.864
430.583 7.942
430.764 7.982
430.945 8.011
431.127 8.037
431.308 8.063
431.489 8.104
431.671 8.131
431.852 8.173
432.033 8.223
432.214 8.251
432.396 8.283
432.577 8.349
432.758 8.424
432.940 8.505
433.121 8.546
433.302 8.581
433.483 8.622
433.665 8.662
433.846 8.700
434.027 8.763
434.208 8.814
434.390 8.853
434.571 8.905
434.752 8.976
434.934 9.053
435.115 9.120
435.296 9.157
435.477 9.214
435.659 9.268
435.840 9.316
436.030 9.394
436.220 9.457
436.410 9.488
436.600 9.517
436.790 9.568
436.980 9.630
437.170 9.699
437.360 9.741
437.550 9.792
437.741 9.866
437.931 9.919
438.121 9.968
438.311 10.016
438.501 10.053
438.691 10.086
438.881 10.107
439.071 10.129
439.261 10.190
439.451 10.258
439.641 10.323
439.831 10.381
440.021 10.416
440.211 10.456
440.401 10.498
440.591 10.542
440.781 10.581
440.971 10.633
441.161 10.684
441.351 10.749
441.542 10.809
441.732 10.839
441.922 10.876
442.112 10.922
442.302 10.981
442.492 11.065
442.682 11.130
442.872 11.198
443.062 11.251
443.252 11.307
443.442 11.361
443.632 11.410
443.822 11.451
444.012 11.506
444.202 11.586
444.392 11.655
444.582 11.705
444.772 11.758
444.962 11.811
445.153 11.862
445.343 11.922
445.533 11.991
445.723 12.073
445.913 12.154
446.103 12.229
446.293 12.312
446.483 12.369
446.673 12.437
446.863 12.508
447.053 12.614
447.243 12.693
447.433 12.759
447.623 12.834
447.813 12.893
448.003 12.963
448.193 13.029
448.383 13.104
448.573 13.191
448.764 13.272
448.954 13.357
449.144 13.454
449.334 13.528
449.524 13.596
449.714 13.664
449.904 13.733
450.094 13.809
450.284 13.870
450.474 13.928
450.664 13.999
450.854 14.096
451.044 14.157
451.234 14.239
451.424 14.333
451.614 14.416
451.804 14.517
451.994 14.605
452.184 14.698
452.375 14.791
452.565 14.889
452.755 14.984
452.945 15.075
453.135 15.146
453.325 15.243
453.515 15.343
453.705 15.423
453.895 15.504
454.085 15.594
454.275 15.682
454.465 15.779
454.655 15.888
454.845 15.983
455.035 16.072
455.225 16.149
455.415 16.235
455.605 16.333
455.795 16.426
455.985 16.516
456.176 16.611
456.366 16.701
456.556 16.783
456.746 16.867
456.936 16.948
457.126 17.033
457.316 17.106
457.506 17.191
457.696 17.296
457.886 17.415
458.076 17.530
458.266 17.644
458.456 17.754
458.646 17.841
458.836 17.922
459.026 18.030
459.216 18.150
459.406 18.234
459.596 18.332
459.787 18.438
459.977 18.545
460.167 18.629
460.357 18.740
460.547 18.858
460.737 18.967
460.927 19.091
461.117 19.223
461.307 19.362
461.497 19.471
461.687 19.571
461.877 19.668
462.067 19.770
462.257 19.893
462.447 20.017
462.637 20.134
462.827 20.259
463.017 20.374
463.207 20.485
463.397 20.615
463.588 20.740
463.778 20.853
463.968 20.965
464.158 21.102
464.348 21.220
464.538 21.326
464.728 21.445
464.918 21.565
465.108 21.673
465.298 21.763
465.488 21.889
465.678 22.030
465.868 22.158
466.058 22.281
466.248 22.392
466.438 22.497
466.628 22.611
466.818 22.735
467.008 22.857
467.199 22.966
467.389 23.092
467.579 23.226
467.769 23.381
467.959 23.512
468.149 23.622
468.339 23.747
468.529 23.878
468.719 23.996
468.909 24.110
469.099 24.233
469.289 24.369
469.479 24.508
469.669 24.636
469.859 24.768
470.049 24.899
470.239 25.038
470.429 25.186
470.619 25.334
470.810 25.465
471.000 25.607
471.190 25.761
471.380 25.907
471.570 26.033
471.760 26.142
471.950 26.281
472.140 26.430
472.330 26.570
472.520 26.711
472.710 26.867
472.900 27.018
473.090 27.176
473.280 27.329
473.470 27.468
473.660 27.606
473.850 27.755
474.040 27.914
474.230 28.055
474.421 28.195
474.611 28.341
474.801 28.473
474.991 28.605
475.181 28.752
475.371 28.893
475.561 29.040
475.751 29.199
475.941 29.341
476.131 29.486
476.321 29.624
476.511 29.759
476.701 29.902
476.891 30.042
477.081 30.177
477.271 30.318
477.461 30.467
477.651 30.624
477.841 30.780
478.031 30.909
478.222 31.037
478.412 31.181
478.602 31.330
478.792 31.487
478.982 31.646
479.172 31.799
479.362 31.950
479.552 32.108
479.742 32.256
479.932 32.404
480.122 32.557
480.312 32.723
480.502 32.885
480.692 33.042
480.882 33.205
481.072 33.368
481.262 33.530
481.452 33.688
481.642 33.842
481.833 33.994
482.023 34.148
482.213 34.299
482.403 34.445
482.593 34.593
482.783 34.749
482.973 34.896
483.163 35.047
483.353 35.196
483.543 35.334
483.733 35.493
483.923 35.666
484.113 35.821
484.303 35.963
484.493 36.111
484.683 36.250
484.873 36.389
485.063 36.534
485.253 36.679
485.443 36.834
485.634 36.986
485.824 37.128
486.014 37.286
486.204 37.451
486.394 37.612
486.584 37.755
486.774 37.891
486.964 38.039
487.154 38.183
487.344 38.333
487.534 38.481
487.724 38.613
487.914 38.748
488.104 38.898
488.294 39.045
488.484 39.195
488.674 39.353
488.864 39.506
489.054 39.662
489.245 39.805
489.435 39.935
489.625 40.077
489.815 40.233
490.005 40.383
490.195 40.529
490.385 40.676
490.575 40.824
490.765 40.975
490.955 41.127
491.145 41.277
491.335 41.405
491.525 41.543
491.715 41.687
491.905 41.837
492.095 41.973
492.285 42.115
492.475 42.254
492.665 42.378
492.856 42.512
493.046 42.634
493.236 42.772
493.426 42.916
493.616 43.043
493.806 43.161
493.996 43.282
494.186 43.412
494.376 43.539
494.566 43.684
494.756 43.819
494.946 43.945
495.136 44.071
495.326 44.213
495.516 44.343
495.706 44.471
495.896 44.587
496.086 44.709
496.276 44.840
496.467 44.961
496.657 45.091
496.847 45.213
497.037 45.336
497.227 45.443
497.417 45.551
497.607 45.667
497.797 45.792
497.987 45.903
498.177 46.007
498.367 46.117
498.557 46.212
498.747 46.318
498.937 46.438
499.127 46.542
499.317 46.640
499.507 46.745
499.697 46.848
499.887 46.946
500.077 47.044
500.268 47.137
500.458 47.234
500.648 47.342
500.838 47.436
501.028 47.526
501.218 47.620
501.408 47.707
501.598 47.795
501.788 47.880
501.978 47.970
502.168 48.064
502.358 48.156
502.548 48.248
502.738 48.337
502.928 48.409
503.118 48.492
503.308 48.582
503.498 48.663
503.688 48.740
503.879 48.826
504.069 48.904
504.259 48.977
504.449 49.054
504.639 49.118
504.829 49.189
505.019 49.257
505.209 49.337
505.399 49.412
505.589 49.480
505.779 49.542
505.969 49.607
506.159 49.668
506.349 49.716
506.539 49.764
506.729 49.813
506.919 49.860
507.109 49.906
507.299 49.949
507.490 49.998
507.680 50.039
507.870 50.076
508.060 50.115
508.250 50.156
508.440 50.191
508.630 50.223
508.820 50.263
509.010 50.303
509.200 50.321
509.390 50.345
509.580 50.378
509.770 50.410
509.960 50.433
510.150 50.465
510.340 50.491
510.530 50.512
510.720 50.534
510.910 50.582
511.100 50.648
511.291 50.660
511.481 50.675
511.671 50.695
511.861 50.705
512.051 50.720
512.241 50.725
512.431 50.725
512.621 50.725
512.811 50.719
513.001 50.716
513.191 50.719
513.381 50.719
513.571 50.707
513.761 50.700
513.951 50.700
514.141 50.684
514.331 50.679
514.521 50.668
514.711 50.641
514.902 50.597
515.092 50.526
515.282 50.499
515.472 50.472
515.662 50.441
515.852 50.410
516.042 50.368
516.232 50.335
516.422 50.308
516.612 50.284
516.802 50.254
516.992 50.218
517.182 50.187
517.372 50.150
517.562 50.110
517.752 50.069
517.942 50.016
518.132 49.976
518.322 49.931
518.513 49.869
518.703 49.823
518.893 49.767
519.083 49.710
519.273 49.651
519.463 49.592
519.653 49.534
519.843 49.472
520.033 49.416
520.223 49.354
520.413 49.284
520.603 49.199
520.793 49.114
520.983 49.034
521.173 48.955
521.363 48.879
521.553 48.790
521.743 48.689
521.933 48.593
522.123 48.489
522.314 48.392
522.504 48.314
522.694 48.227
522.884 48.136
523.074 48.052
523.264 47.954
523.454 47.848
523.644 47.745
523.834 47.645
524.024 47.535
524.214 47.425
524.404 47.313
524.594 47.215
524.784 47.109
524.974 46.989
525.164 46.869
525.354 46.759
525.544 46.665
525.734 46.562
525.925 46.445
526.115 46.326
526.305 46.200
526.495 46.074
526.685 45.945
526.875 45.824
527.065 45.699
527.255 45.577
527.445 45.451
527.635 45.328
527.825 45.202
528.015 45.080
528.205 44.955
528.395 44.828
528.585 44.687
528.775 44.550
528.965 44.422
529.155 44.293
529.345 44.149
529.535 44.000
529.726 43.861
529.916 43.725
530.106 43.594
530.296 43.459
530.486 43.317
530.676 43.177
530.866 43.023
531.056 42.869
531.246 42.725
531.436 42.576
531.626 42.419
531.816 42.262
532.006 42.105
532.196 41.955
532.386 41.801
532.576 41.652
532.766 41.499
532.956 41.349
533.146 41.196
533.337 41.034
533.527 40.870
533.717 40.709
533.907 40.549
534.097 40.389
534.287 40.231
534.477 40.069
534.667 39.899
534.857 39.739
535.047 39.576
535.237 39.410
535.427 39.251
535.617 39.095
535.807 38.937
535.997 38.780
536.187 38.609
536.377 38.447
536.567 38.288
536.757 38.128
536.948 37.961
537.138 37.788
537.328 37.619
537.518 37.452
537.708 37.282
537.898 37.114
538.088 36.944
538.278 36.771
538.468 36.607
538.658 36.449
538.848 36.278
539.038 36.107
539.228 35.935
539.418 35.765
539.608 35.594
539.798 35.417
539.988 35.241
540.178 35.076
540.368 34.908
540.558 34.735
540.749 34.570
540.939 34.404
541.129 34.237
541.319 34.064
541.509 33.896
541.699 33.727
541.889 33.553
542.079 33.381
542.269 33.217
542.459 33.041
542.649 32.857
542.839 32.694
543.029 32.526
543.219 32.361
543.409 32.193
543.599 32.019
543.789 31.842
543.979 31.664
544.169 31.485
544.360 31.305
544.550 31.132
544.740 30.951
544.930 30.773
545.120 30.592
545.310 30.414
545.500 30.240
545.690 30.070
545.880 29.897
546.070 29.720
546.267 29.533
546.463 29.358
546.660 29.187
546.857 29.004
547.054 28.828
547.251 28.652
547.447 28.478
547.644 28.307
547.841 28.146
548.038 27.979
548.234 27.804
548.431 27.631
548.628 27.458
548.825 27.290
549.021 27.124
549.218 26.955
549.415 26.792
549.612 26.625
549.808 26.456
550.005 26.285
550.202 26.121
550.399 25.967
550.595 25.806
550.792 25.648
550.989 25.487
551.186 25.324
551.382 25.160
551.579 24.992
551.776 24.831
551.973 24.673
552.169 24.520
552.366 24.369
552.563 24.218
552.760 24.060
552.956 23.899
553.153 23.739
553.350 23.584
553.547 23.429
553.743 23.270
553.940 23.116
554.137 22.965
554.334 22.805
554.530 22.645
554.727 22.489
554.924 22.330
555.121 22.173
555.317 22.019
555.514 21.867
555.711 21.719
555.908 21.562
556.104 21.401
556.301 21.241
556.498 21.087
556.695 20.933
556.891 20.783
557.088 20.639
557.285 20.498
557.482 20.354
557.678 20.204
557.875 20.052
558.072 19.899
558.269 19.751
558.465 19.614
558.662 19.474
558.859 19.331
559.056 19.187
559.252 19.045
559.449 18.901
559.646 18.757
559.843 18.616
560.039 18.478
560.236 18.347
560.433 18.213
560.630 18.076
560.826 17.938
561.023 17.801
561.220 17.656
561.417 17.515
561.613 17.384
561.810 17.257
562.007 17.135
562.204 17.008
562.400 16.876
562.597 16.749
562.794 16.618
562.991 16.489
563.187 16.362
563.384 16.235
563.581 16.111
563.778 15.992
563.974 15.876
564.171 15.758
564.368 15.632
564.565 15.514
564.761 15.401
564.958 15.283
565.155 15.163
565.352 15.053
565.548 14.938
565.745 14.822
565.942 14.708
566.139 14.591
566.335 14.478
566.532 14.370
566.729 14.257
566.926 14.146
567.122 14.037
567.319 13.930
567.516 13.825
567.713 13.721
567.909 13.614
568.106 13.504
568.303 13.395
568.500 13.299
568.696 13.194
568.893 13.085
569.090 12.984
569.287 12.880
569.483 12.778
569.680 12.678
569.877 12.571
570.074 12.463
570.270 12.358
570.467 12.259
570.664 12.162
570.861 12.065
571.057 11.974
571.254 11.884
571.451 11.789
571.648 11.698
571.844 11.611
572.041 11.512
572.238 11.421
572.435 11.337
572.631 11.237
572.828 11.145
573.025 11.058
573.222 10.970
573.418 10.886
573.615 10.797
573.812 10.710
574.009 10.631
574.205 10.553
574.402 10.468
574.599 10.383
574.796 10.296
574.992 10.206
575.189 10.118
575.386 10.037
575.583 9.959
575.779 9.879
575.976 9.797
576.173 9.720
576.370 9.640
576.567 9.551
576.763 9.476
576.960 9.400
577.158 9.319
577.356 9.238
577.554 9.163
577.752 9.092
577.950 9.016
578.148 8.938
578.346 8.862
578.544 8.798
578.742 8.728
578.940 8.659
579.138 8.599
579.336 8.529
579.534 8.451
579.732 8.377
579.930 8.303
580.128 8.234
580.326 8.170
580.524 8.094
580.722 8.026
580.920 7.964
581.118 7.904
581.316 7.842
581.514 7.783
581.712 7.716
581.909 7.646
582.107 7.577
582.305 7.516
582.503 7.463
582.701 7.402
582.899 7.343
583.097 7.284
583.295 7.217
583.493 7.155
583.691 7.100
583.889 7.044
584.087 6.982
584.285 6.919
584.483 6.864
584.681 6.820
584.879 6.770
585.077 6.711
585.275 6.649
585.473 6.593
585.671 6.540
585.869 6.490
586.067 6.441
586.265 6.394
586.463 6.338
586.661 6.276
586.859 6.222
587.057 6.172
587.255 6.118
587.453 6.074
587.651 6.031
587.849 5.988
588.047 5.942
588.245 5.903
588.443 5.863
588.641 5.817
588.839 5.766
589.037 5.716
589.235 5.669
589.433 5.625
589.631 5.580
589.829 5.534
590.027 5.490
590.225 5.443
590.423 5.402
590.621 5.365
590.819 5.329
591.017 5.291
591.215 5.250
591.413 5.211
591.611 5.168
591.809 5.126
592.006 5.078
592.204 5.039
592.402 5.005
592.600 4.966
592.798 4.928
592.996 4.898
593.194 4.867
593.392 4.838
593.590 4.809
593.788 4.773
593.986 4.738
594.184 4.703
594.382 4.670
594.580 4.632
594.778 4.593
594.976 4.552
595.174 4.515
595.372 4.484
595.570 4.456
595.768 4.425
595.966 4.391
596.164 4.366
596.362 4.335
596.560 4.301
596.758 4.279
596.956 4.251
597.154 4.221
597.352 4.190
597.550 4.154
597.748 4.117
597.946 4.091
598.144 4.061
598.342 4.034
598.540 4.012
598.738 3.993
598.936 3.972
599.134 3.949
599.332 3.932
599.530 3.914
599.728 3.881
599.926 3.853
600.124 3.836
600.322 3.812
600.520 3.783
600.718 3.760
600.916 3.734
601.114 3.711
601.312 3.689
601.510 3.668
601.708 3.654
601.905 3.634
602.103 3.614
602.301 3.599
602.499 3.584
602.697 3.560
602.895 3.538
603.093 3.520
603.291 3.497
603.489 3.468
603.687 3.443
603.885 3.435
604.083 3.419
604.281 3.391
604.479 3.368
604.677 3.354
604.875 3.336
605.073 3.323
605.271 3.324
605.469 3.302
605.667 3.282
605.865 3.267
606.063 3.253
606.261 3.235
606.459 3.216
606.657 3.194
606.855 3.180
607.053 3.162
607.251 3.145
607.449 3.136
607.647 3.126
607.845 3.113
608.043 3.096
608.241 3.080
608.439 3.070
608.637 3.060
608.835 3.055
609.033 3.046
609.231 3.020
609.429 2.985
609.627 2.971
609.825 2.956
610.023 2.939
610.221 2.926
610.419 2.917
610.617 2.909
610.815 2.901
611.013 2.893
611.211 2.888
611.409 2.881
611.607 2.867
611.804 2.849
612.002 2.833
612.200 2.824
612.398 2.816
612.596 2.811
612.794 2.801
612.992 2.788
613.190 2.780
613.388 2.776
613.586 2.766
613.784 2.757
613.982 2.746
614.180 2.735
614.378 2.724
614.576 2.707
614.774 2.690
614.972 2.675
615.170 2.659
615.368 2.641
615.566 2.629
615.764 2.620
615.962 2.614
616.160 2.603
616.358 2.589
616.556 2.576
616.754 2.559
616.952 2.547
617.150 2.534
617.348 2.519
617.546 2.508
617.744 2.500
617.942 2.496
618.140 2.491
618.338 2.481
618.536 2.468
618.734 2.462
618.932 2.463
619.130 2.461
619.328 2.460
619.526 2.464
619.724 2.459
619.922 2.456
620.120 2.453
620.318 2.444
620.516 2.437
620.714 2.441
620.912 2.448
621.110 2.441
621.308 2.438
621.506 2.435
621.704 2.432
621.901 2.422
622.099 2.412
622.297 2.410
622.495 2.408
622.693 2.405
622.891 2.398
623.089 2.391
623.287 2.390
623.485 2.384
623.683 2.375
623.881 2.375
624.079 2.372
624.277 2.370
624.475 2.370
624.673 2.367
624.871 2.356
625.069 2.343
625.267 2.345
625.465 2.345
625.663 2.343
625.861 2.332
626.059 2.332
626.257 2.330
626.455 2.328
626.653 2.327
626.851 2.334
627.049 2.340
627.247 2.332
627.445 2.322
627.643 2.311
627.841 2.299
628.039 2.287
628.237 2.277
628.435 2.275
628.633 2.271
628.831 2.269
629.029 2.264
629.227 2.257
629.425 2.251
629.623 2.249
629.821 2.249
630.019 2.248
630.217 2.241
630.415 2.239
630.613 2.236
630.811 2.240
631.009 2.234
631.207 2.229
631.405 2.236
631.603 2.238
631.801 2.246
631.998 2.257
632.196 2.263
632.394 2.259
632.592 2.255
632.790 2.256
632.988 2.248
633.186 2.248
633.384 2.246
633.582 2.235
633.780 2.221
633.978 2.217
634.176 2.225
634.374 2.224
634.572 2.217
634.770 2.212
634.968 2.203
635.166 2.198
635.364 2.194
635.562 2.184
635.760 2.179
635.958 2.175
636.156 2.170
636.354 2.168
636.552 2.167
636.750 2.164
636.948 2.161
637.146 2.248
637.344 2.394
637.542 2.395
637.740 2.404
637.938 2.408
638.136 2.398
638.334 2.388
638.532 2.394
638.730 2.401
638.928 2.398
639.126 2.394
639.324 2.392
639.522 2.388
639.720 2.409
639.918 2.443
640.116 2.444
640.314 2.437
640.512 2.433
640.710 2.437
640.908 2.437
641.106 2.436
641.304 2.351
641.502 2.201
641.699 2.197
641.897 2.193
642.095 2.191
642.293 2.194
642.491 2.192
642.689 2.189
642.887 2.188
643.085 2.193
643.283 2.195
643.481 2.193
643.679 2.194
643.877 2.171
644.075 2.132
644.273 2.124
644.471 2.126
644.669 2.129
644.867 2.133
645.065 2.137
645.263 2.139
645.461 2.136
645.659 2.133
645.857 2.130
646.055 2.132
646.253 2.140
646.451 2.150
646.649 2.161
646.847 2.166
647.045 2.165
647.243 2.166
647.441 2.173
647.639 2.175
647.837 2.176
648.035 2.187
648.233 2.190
648.431 2.193
648.629 2.196
648.827 2.195
649.025 2.196
649.223 2.188
649.421 2.182
649.619 2.177
649.817 2.179
650.015 2.184
650.213 2.186
650.411 2.180
650.609 2.167
650.807 2.160
651.005 2.153
651.203 2.147
651.401 2.143
651.599 2.133
651.796 2.128
651.994 2.126
652.192 2.121
652.390 2.123
652.588 2.119
652.786 2.113
652.984 2.115
653.182 2.106
653.380 2.102
653.578 2.100
653.776 2.102
653.974 2.104
654.172 2.100
654.370 2.096
654.568 2.096
654.766 2.103
654.964 2.104
655.162 2.111
655.360 2.116
655.558 2.109
655.756 2.106
655.954 2.103
656.152 2.101
656.350 2.103
656.548 2.105
656.746 2.110
656.944 2.115
657.142 2.115
657.340 2.113
657.538 2.113
657.736 2.120
657.934 2.122
658.132 2.127
658.330 2.132
658.528 2.126
658.726 2.122
658.924 2.121
659.122 2.120
659.320 2.113
659.518 2.111
659.716 2.120
659.914 2.126
660.112 2.131
660.310 2.136
660.508 2.133
660.706 2.129
660.904 2.128
661.102 2.124
661.300 2.121
661.498 2.129
661.696 2.131
661.893 2.123
662.091 2.126
662.289 2.131
662.487 2.137
662.685 2.146
662.883 2.154
663.081 2.161
663.279 2.164
663.477 2.167
663.675 2.176
663.873 2.183
664.071 2.188
664.269 2.192
664.467 2.202
664.665 2.207
664.863 2.206
665.061 2.210
665.259 2.222
665.457 2.227
665.655 2.229
665.853 2.236
666.051 2.248
666.249 2.250
666.447 2.248
666.645 2.248
666.843 2.249
667.041 2.246
667.239 2.248
667.437 2.256
667.635 2.263
667.833 2.255
668.031 2.249
668.229 2.251
668.427 2.252
668.625 2.243
668.823 2.242
669.021 2.250
669.219 2.251
669.417 2.249
669.615 2.242
669.813 2.243
670.011 2.254
670.209 2.265
670.407 2.268
670.605 2.278
670.803 2.287
671.001 2.284
671.199 2.283
671.397 2.281
671.595 2.278
671.792 2.275
671.990 2.283
672.188 2.293
672.386 2.298
672.584 2.299
672.782 2.298
672.980 2.302
673.178 2.310
673.376 2.318
673.574 2.323
673.772 2.330
673.970 2.330
674.168 2.322
674.366 2.317
674.564 2.324
674.762 2.313
674.960 2.309
675.158 2.328
675.356 2.338
675.554 2.335
675.752 2.332
675.950 2.339
676.148 2.344
676.346 2.349
676.544 2.350
676.742 2.359
676.940 2.375
677.138 2.382
677.336 2.386
677.534 2.385
677.732 2.390
677.930 2.403
678.128 2.416
678.326 2.426
678.524 2.437
678.722 2.434
678.920 2.438
679.118 2.438
679.316 2.433
679.514 2.438
679.712 2.449
679.910 2.460
680.108 2.464
680.306 2.465
680.504 2.472
680.702 2.483
680.900 2.492
681.098 2.491
681.296 2.487
681.494 2.485
681.691 2.500
681.889 2.510
682.087 2.515
682.285 2.515
682.483 2.516
682.681 2.518
682.879 2.534
683.077 2.553
683.275 2.573
683.473 2.597
683.671 2.609
683.869 2.616
684.067 2.620
684.265 2.631
684.463 2.643
684.661 2.652
684.859 2.662
685.057 2.672
685.255 2.686
685.453 2.703
685.651 2.723
685.849 2.735
686.047 2.737
686.245 2.740
686.443 2.752
686.641 2.768
686.839 2.786
687.037 2.796
687.235 2.812
687.433 2.817
687.631 2.812
687.829 2.822
688.027 2.838
688.225 2.851
688.423 2.857
688.621 2.864
688.819 2.866
689.017 2.870
689.215 2.876
689.413 2.891
689.611 2.904
689.809 2.914
690.007 2.923
690.205 2.940
690.403 2.958
690.601 2.973
690.799 2.985
690.997 3.000
691.195 3.015
691.393 3.030
691.591 3.051
691.788 3.067
691.986 3.078
692.184 3.087
692.382 3.104
692.580 3.125
692.778 3.146
692.976 3.169
693.174 3.185
693.372 3.203
693.570 3.219
693.768 3.235
693.966 3.245
694.164 3.259
694.362 3.275
694.560 3.286
694.758 3.293
694.956 3.298
695.154 3.305
695.352 3.315
695.550 3.318
695.748 3.322
695.946 3.347
696.144 3.361
696.342 3.382
696.540 3.398
696.744 3.417
696.948 3.433
697.152 3.447
697.357 3.465
697.561 3.487
697.765 3.505
697.969 3.523
698.173 3.535
698.377 3.543
698.581 3.550
698.786 3.565
698.990 3.590
699.194 3.609
699.398 3.623
699.602 3.638
699.806 3.651
700.010 3.664
700.215 3.676
700.419 3.691
700.623 3.699
700.827 3.717
701.031 3.723
701.235 3.723
701.440 3.728
701.644 3.737
701.848 3.744
702.052 3.759
702.256 3.782
702.460 3.809
702.664 3.835
702.869 3.847
703.073 3.860
703.277 3.872
703.481 3.889
703.685 3.909
703.889 3.927
704.093 3.944
704.298 3.963
704.502 3.972
704.706 3.991
704.910 4.009
705.114 4.009
705.318 4.027
705.522 4.059
705.727 4.089
705.931 4.112
706.135 4.126
706.339 4.140
706.543 4.149
706.747 4.148
706.951 4.154
707.156 4.180
707.360 4.196
707.564 4.210
707.768 4.217
707.972 4.222
708.176 4.231
708.380 4.245
708.585 4.263
708.789 4.286
708.993 4.304
709.197 4.323
709.401 4.345
709.605 4.368
709.810 4.376
710.014 4.375
710.218 4.385
710.422 4.400
710.626 4.409
710.830 4.413
711.034 4.431
711.239 4.449
711.443 4.461
711.647 4.477
711.851 4.494
712.055 4.522
712.259 4.560
712.463 4.583
712.668 4.600
712.872 4.604
713.076 4.609
713.280 4.624
713.484 4.632
713.688 4.643
713.892 4.651
714.097 4.664
714.301 4.686
714.505 4.703
714.709 4.719
714.913 4.736
715.117 4.756
715.321 4.778
715.526 4.788
715.730 4.807
715.934 4.821
716.138 4.839
716.342 4.849
716.546 4.849
716.750 4.861
716.955 4.877
717.159 4.901
717.363 4.915
717.567 4.924
717.771 4.950
717.975 4.981
718.180 4.996
718.384 5.011
718.588 5.029
718.792 5.039
718.996 5.049
719.200 5.063
719.404 5.079
719.609 5.091
719.813 5.109
720.017 5.114
720.221 5.125
720.425 5.137
720.629 5.148
720.833 5.158
721.038 5.172
721.242 5.187
721.446 5.195
721.650 5.211
721.854 5.225
722.058 5.237
722.262 5.243
722.467 5.260
722.671 5.281
722.875 5.293
723.079 5.301
723.283 5.311
723.487 5.319
723.691 5.319
723.896 5.330
724.100 5.350
724.304 5.378
724.508 5.398
724.712 5.410
724.916 5.429
725.120 5.439
725.325 5.439
725.529 5.440
725.733 5.450
725.937 5.465
726.141 5.473
726.345 5.471
726.550 5.477
726.754 5.493
726.958 5.496
727.162 5.500
727.366 5.518
727.570 5.529
727.774 5.548
727.979 5.571
728.183 5.579
728.387 5.582
728.591 5.593
728.795 5.599
728.999 5.601
729.203 5.608
729.408 5.621
729.612 5.633
729.816 5.654
730.020 5.666
730.224 5.669
730.428 5.676
730.632 5.696
730.837 5.699
731.041 5.700
731.245 5.706
731.449 5.710
731.653 5.721
731.857 5.739
732.061 5.749
732.266 5.761
732.470 5.778
732.674 5.787
732.878 5.783
733.082 5.805
733.286 5.831
733.490 5.839
733.695 5.852
733.899 5.873
734.103 5.881
734.307 5.895
734.511 5.918
734.715 5.945
734.920 5.957
735.124 5.984
735.328 6.006
735.532 6.028
735.736 6.052
735.940 6.069
736.144 6.082
736.349 6.089
736.553 6.090
736.757 6.094
736.961 6.098
737.165 6.106
737.369 6.106
737.573 6.102
737.778 6.114
737.982 6.125
738.186 6.128
738.390 6.137
738.594 6.142
738.798 6.145
739.002 6.134
739.207 6.132
739.411 6.133
739.615 6.126
739.819 6.130
740.023 6.137
740.227 6.140
740.431 6.137
740.636 6.140
740.840 6.143
741.044 6.145
741.248 6.163
741.452 6.184
741.656 6.192
741.860 6.205
742.065 6.211
742.269 6.218
742.473 6.237
742.677 6.255
742.881 6.265
743.085 6.276
743.290 6.282
743.494 6.290
743.698 6.297
743.902 6.311
744.106 6.324
744.310 6.354
744.514 6.364
744.719 6.365
744.923 6.368
745.127 6.381
745.331 6.398
745.535 6.411
745.739 6.401
745.943 6.408
746.148 6.427
746.352 6.446
746.556 6.448
746.760 6.443
746.964 6.447
747.168 6.449
747.372 6.454
747.577 6.490
747.781 6.518
747.985 6.525
748.189 6.524
748.393 6.514
748.597 6.491
748.801 6.492
749.006 6.512
749.210 6.536
749.414 6.557
749.618 6.576
749.822 6.580
750.026 6.595
750.230 6.591
750.435 6.576
750.639 6.562
750.843 6.572
751.047 6.582
751.251 6.589
751.455 6.609
751.660 6.623
751.864 6.611
752.068 6.600
752.272 6.605
752.476 6.617
752.680 6.630
752.884 6.649
753.089 6.653
753.293 6.655
753.497 6.655
753.701 6.655
753.905 6.654
754.109 6.660
754.313 6.673
754.518 6.693
754.722 6.710
754.926 6.737
755.130 6.756
755.334 6.782
755.538 6.792
755.742 6.784
755.947 6.782
756.151 6.782
756.355 6.781
756.559 6.785
756.763 6.790
756.967 6.789
757.171 6.785
757.376 6.812
757.580 6.834
757.784 6.846
757.988 6.874
758.192 6.905
758.396 6.931
758.600 6.932
758.805 6.932
759.009 6.955
759.213 6.972
759.417 6.970
759.621 6.960
759.825 6.961
760.030 6.971
760.234 6.979
760.438 6.996
760.642 7.009
760.846 7.012
761.050 7.011
761.254 7.021
761.459 7.039
761.663 7.043
761.867 7.040
762.071 7.033
762.275 7.021
762.479 7.005
762.683 6.987
762.888 7.003
763.092 7.020
763.296 7.021
763.500 7.028
763.709 7.055
763.918 7.067
764.126 7.070
764.335 7.087
764.544 7.107
764.753 7.111
764.962 7.121
765.171 7.139
765.379 7.157
765.588 7.179
765.797 7.189
766.006 7.186
766.215 7.194
766.424 7.222
766.632 7.226
766.841 7.226
767.050 7.239
767.259 7.253
767.468 7.262
767.677 7.257
767.885 7.244
768.094 7.233
768.303 7.222
768.512 7.227
768.721 7.231
768.929 7.230
769.138 7.236
769.347 7.246
769.556 7.244
769.765 7.241
769.974 7.229
770.182 7.217
770.391 7.228
770.600 7.245
770.809 7.238
771.018 7.236
771.227 7.226
771.435 7.221
771.644 7.223
771.853 7.226
772.062 7.239
772.271 7.249
772.480 7.258
772.688 7.281
772.897 7.295
773.106 7.299
773.315 7.304
773.524 7.312
773.732 7.320
773.941 7.334
774.150 7.346
774.359 7.355
774.568 7.369
774.777 7.361
774.985 7.349
775.194 7.361
775.403 7.371
775.612 7.404
775.821 7.429
776.030 7.438
776.238 7.461
776.447 7.482
776.656 7.502
776.865 7.510
777.074 7.525
777.283 7.533
777.491 7.546
777.700 7.560
777.909 7.568
778.118 7.560
778.327 7.556
778.535 7.576
778.744 7.607
778.953 7.630
779.162 7.650
779.371 7.657
779.580 7.653
779.788 7.663
779.997 7.666
780.206 7.666
780.415 7.666
780.624 7.657
780.833 7.643
781.041 7.628
781.250 7.632
781.459 7.636
781.668 7.642
781.877 7.642
782.086 7.653
782.294 7.677
782.503 7.705
782.712 7.733
782.921 7.746
783.130 7.752
783.338 7.759
783.547 7.763
783.756 7.789
783.965 7.813
784.174 7.823
784.383 7.824
784.591 7.824
784.800 7.820
785.009 7.816
785.218 7.841
785.427 7.869
785.636 7.879
785.844 7.886
786.053 7.900
786.262 7.922
786.471 7.941
786.680 7.940
786.889 7.950
787.097 7.950
787.306 7.954
787.515 7.953
787.724 7.961
787.933 7.978
788.141 7.967
788.350 7.951
788.559 7.951
788.768 7.955
788.977 7.960
789.186 7.977
789.394 8.003
789.603 7.998
789.812 7.976
790.021 7.980
790.230 7.993
790.439 8.005
790.647 8.013
790.856 7.993
791.065 7.990
791.274 8.004
791.483 8.024
791.692 8.025
791.900 8.028
792.109 8.032
792.318 8.038
792.527 8.052
792.736 8.080
792.944 8.105
793.153 8.125
793.362 8.141
793.571 8.144
793.780 8.155
793.989 8.175
794.197 8.220
794.406 8.225
794.615 8.217
794.824 8.198
795.033 8.200
795.242 8.225
795.450 8.230
795.659 8.239
795.868 8.240
796.077 8.246
796.286 8.261
796.495 8.254
796.703 8.241
796.912 8.258
797.121 8.285
797.330 8.296
797.539 8.289
797.747 8.304
797.956 8.335
798.165 8.342
798.374 8.345
798.583 8.327
798.792 8.342
799.000 8.380
799.209 8.397
799.418 8.400
799.627 8.399
799.836 8.413
800.045 8.427
800.253 8.442
800.462 8.443
800.671 8.454
800.880 8.480
801.089 8.503
801.298 8.525
801.506 8.536
801.715 8.574
801.924 8.618
802.133 8.628
802.342 8.647
802.550 8.644
802.759 8.637
802.968 8.649
803.177 8.650
803.386 8.628
803.595 8.642
803.803 8.664
804.012 8.692
804.221 8.712
804.430 8.713
804.639 8.729
804.848 8.767
805.056 8.795
805.265 8.792
805.474 8.805
805.683 8.812
805.892 8.820
806.101 8.810
806.309 8.795
806.518 8.795
806.727 8.816
806.936 8.872
807.145 8.891
807.353 8.896
807.562 8.907
807.771 8.931
807.980 8.930
808.189 8.929
808.398 8.942
808.606 8.946
808.815 8.951
809.024 8.961
809.233 8.955
809.442 8.942
809.651 8.968
809.859 9.003
810.068 9.029
810.277 9.017
810.486 9.029
810.695 9.046
810.904 9.069
811.112 9.044
811.321 9.012
811.530 9.035
811.740 9.116
811.949 9.236
812.159 9.271
812.368 9.320
812.578 9.344
812.787 9.324
812.997 9.345
813.206 9.390
813.416 9.398
813.625 9.414
813.835 9.447
814.044 9.460
814.254 9.447
814.463 9.437
814.673 9.460
814.882 9.467
815.092 9.493
815.301 9.486
815.511 9.500
815.720 9.536
815.930 9.547
816.139 9.502
816.349 9.384
816.558 9.374
816.768 9.389
816.977 9.382
817.187 9.388
817.396 9.386
817.606 9.372
817.815 9.371
818.025 9.393
818.234 9.427
818.444 9.457
818.653 9.476
818.863 9.501
819.072 9.530
819.282 9.566
819.491 9.578
819.701 9.617
819.910 9.661
820.120 9.682
820.329 9.714
820.539 9.731
820.748 9.763
820.958 9.803
821.167 9.830
821.377 9.865
821.586 9.915
821.796 9.959
822.005 9.982
822.215 10.035
822.424 10.064
822.634 10.040
822.843 10.034
823.053 10.075
823.262 10.090
823.472 10.063
823.681 10.027
823.891 10.011
824.100 10.011
824.310 10.017
824.519 10.032
824.729 10.055
824.938 10.071
825.148 10.089
825.357 10.077
825.567 10.069
825.776 10.090
825.986 10.108
826.195 10.106
826.405 10.119
826.614 10.116
826.824 10.116
827.033 10.152
827.243 10.204
827.452 10.184
827.662 10.188
827.871 10.239
828.081 10.264
828.290 10.291
828.500 10.327
828.709 10.324
828.919 10.290
829.128 10.252
829.338 10.275
829.547 10.323
829.757 10.333
829.966 10.329
830.176 10.356
830.385 10.367
830.595 10.361
830.804 10.352
831.014 10.329
831.223 10.335
831.433 10.373
831.642 10.349
831.852 10.375
832.061 10.437
832.271 10.469
832.480 10.510
832.690 10.526
832.899 10.541
833.109 10.583
833.318 10.651
833.528 10.689
833.737 10.698
833.947 10.699
834.156 10.718
834.366 10.750
834.575 10.763
834.785 10.776
834.994 10.818
835.204 10.895
835.413 10.930
835.623 10.934
835.832 10.910
836.042 10.960
836.251 10.995
836.461 10.996
836.670 11.024
836.880 11.067
837.089 11.117
837.299 11.124
837.508 11.137
837.718 11.139
837.927 11.159
838.137 11.182
838.346 11.186
838.556 11.212
838.765 11.236
838.975 11.240
839.184 11.249
839.394 11.273
839.603 11.289
839.813 11.330
840.022 11.387
840.232 11.438
840.441 11.442
840.651 11.446
840.860 11.409
841.070 11.354
841.279 11.300
841.489 11.315
841.698 11.342
841.908 11.379
842.117 11.434
842.327 11.496
842.536 11.546
842.746 11.591
842.955 11.636
843.165 11.668
843.374 11.672
843.584 11.643
843.793 11.627
844.003 11.606
844.212 11.619
844.422 11.625
844.631 11.612
844.841 11.633
845.050 11.682
845.260 11.751
845.469 11.815
845.679 11.883
845.888 11.952
846.098 12.012
846.307 12.034
846.517 12.032
846.726 12.146
846.936 12.315
847.145 12.371
847.355 12.418
847.564 12.431
847.774 12.466
847.983 12.546
848.193 12.585
848.402 12.598
848.612 12.586
848.821 12.572
849.031 12.586
849.240 12.625
849.450 12.620
849.659 12.599
849.869 12.592
850.078 12.592
850.288 12.545
850.497 12.514
850.707 12.528
850.916 12.550
851.126 12.443
851.335 12.275
851.545 12.258
851.754 12.259
851.964 12.278
852.173 12.287
852.383 12.294
852.592 12.337
852.802 12.413
853.011 12.480
853.221 12.546
853.430 12.610
853.640 12.617
853.849 12.659
854.059 12.736
854.268 12.782
854.478 12.795
854.687 12.804
854.897 12.823
855.106 12.864
855.316 12.897
855.525 12.945
855.735 12.952
855.944 12.923
856.154 12.914
856.363 12.921
856.573 12.962
856.782 12.993
856.992 12.973
857.201 12.932
857.411 12.947
857.620 12.980
857.830 12.982
858.039 13.026
858.249 13.053
858.458 13.040
858.668 13.048
858.877 13.067
859.087 13.102
859.296 13.127
859.506 13.116
859.715 13.124
859.925 13.125
860.134 13.181
860.344 13.257
860.553 13.244
860.763 13.263
860.972 13.280
861.182 13.279
861.391 13.332
861.601 13.421
861.810 13.446
862.020 13.413
862.229 13.424
862.439 13.455
862.648 13.464
862.858 13.455
863.067 13.500
863.277 13.555
863.486 13.588
863.696 13.618
863.905 13.644
864.115 13.651
864.324 13.637
864.534 13.636
864.743 13.703
864.953 13.770
865.162 13.820
865.372 13.880
865.581 13.927
865.791 13.939
866.000 13.948
866.210 14.028
866.419 14.138
866.629 14.223
866.838 14.222
867.048 14.239
867.257 14.272
867.467 14.263
867.676 14.273
867.886 14.325
868.095 14.331
868.305 14.314
868.514 14.374
868.724 14.477
868.933 14.527
869.143 14.500
869.352 14.545
869.562 14.601
869.771 14.634
869.981 14.737
870.190 14.841
870.400 14.854
870.609 14.820
870.819 14.771
871.028 14.795
871.238 14.806
871.447 14.840
871.657 14.892
871.866 14.970
872.076 15.045
872.285 15.076
872.495 15.141
872.704 15.201
872.914 15.210
873.123 15.164
873.333 15.132
873.542 15.161
873.752 15.224
873.961 15.262
874.171 15.345
874.380 15.250
874.590 15.209
874.799 15.324
875.009 15.390
875.218 15.452
875.428 15.431
875.637 15.494
875.847 15.559
876.056 15.567
876.266 15.584
876.475 15.629
876.685 15.637
876.894 15.646
877.104 15.655
877.313 15.629
877.523 15.656
877.732 15.726
877.942 15.782
878.151 15.837
878.361 15.824
878.570 15.706
878.780 15.782
878.989 15.871
879.199 15.859
879.408 15.868
879.618 15.871
879.827 15.915
880.037 15.970
880.246 15.948
880.456 15.947
880.665 15.958
880.875 15.929
881.084 15.905
881.294 15.896
881.503 15.957
881.713 16.068
881.922 16.116
882.132 16.224
882.341 16.255
882.551 16.181
882.760 16.212
882.970 16.327
883.179 16.315
883.389 16.251
883.598 16.207
883.808 16.186
884.017 16.196
884.227 16.205
884.436 16.260
884.646 16.359
884.855 16.376
885.065 16.392
885.274 16.461
885.484 16.566
885.693 16.660
885.903 16.704
886.112 16.697
886.322 16.667
886.531 16.586
886.741 16.532
886.950 16.595
887.160 16.602
887.369 16.582
887.579 16.633
887.788 16.624
887.998 16.592
888.207 16.619
888.417 16.732
888.626 16.756
888.836 16.626
889.045 16.558
889.255 16.608
889.464 16.639
889.674 16.676
889.883 16.645
890.093 16.608
890.302 16.549
890.512 16.552
890.721 16.700
890.931 16.784
891.140 16.869
891.350 16.858
891.559 16.867
891.769 16.934
891.978 16.926
892.188 16.969
892.397 17.096
892.607 17.187
892.816 17.188
893.026 17.222
893.235 17.302
893.445 17.304
893.654 17.314
893.864 17.341
894.073 17.309
894.283 17.317
894.492 17.399
894.702 17.563
894.911 17.645
895.121 17.677
895.330 17.757
895.540 17.886
895.749 17.934
895.959 17.956
896.168 17.976
896.378 17.978
896.587 17.971
896.797 17.973
897.006 17.962
897.216 17.919
897.425 17.882
897.635 17.861
897.844 17.960
898.054 18.069
898.263 18.071
898.473 18.078
898.682 18.160
898.892 18.173
899.101 18.098
899.311 18.075
899.520 18.077
899.730 18.094
899.939 17.986
900.149 17.931
900.358 17.926
900.568 17.891
900.777 17.982
900.987 18.021
901.196 18.004
901.406 18.016
901.615 18.058
901.825 18.126
902.034 18.265
902.244 18.323
902.453 18.328
902.663 18.378
902.872 18.511
903.082 18.516
903.291 18.513
903.501 18.505
903.710 18.466
903.920 18.442
904.129 18.425
904.339 18.559
904.548 18.702
904.758 18.827
904.967 18.945
905.177 18.985
905.386 19.071
905.596 19.110
905.805 19.081
906.015 19.125
906.224 19.136
906.434 19.088
906.643 19.135
906.853 19.161
907.062 19.206
907.272 19.139
907.481 19.100
907.691 19.109
907.900 19.172
908.110 19.173
908.319 19.147
908.529 19.220
908.738 19.169
908.948 19.139
909.157 19.100
909.367 19.016
909.576 19.058
909.786 19.147
909.995 19.212
910.205 19.352
910.414 19.469
910.624 19.553
910.833 19.612
911.043 19.530
911.252 19.613
911.462 19.677
911.672 19.772
911.881 19.932
912.091 20.109
912.300 20.283
912.512 20.416
912.724 20.516
912.937 20.517
913.149 20.471
913.361 20.553
913.573 20.612
913.786 20.655
913.998 20.629
914.210 20.629
914.422 20.646
914.634 20.674
914.847 20.716
915.059 20.747
915.271 20.812
915.483 20.989
915.696 21.047
915.908 21.054
916.120 21.069
916.332 21.048
916.544 20.959
916.757 20.849
916.969 20.872
917.181 20.941
917.393 20.913
917.606 21.041
917.818 21.082
918.030 21.118
918.242 21.147
918.454 21.190
918.667 21.253
918.879 21.390
919.091 21.419
919.303 21.369
919.516 21.369
919.728 21.286
919.940 21.212
920.152 21.303
920.364 21.442
920.577 21.501
920.789 21.430
921.001 21.396
921.213 21.464
921.426 21.587
921.638 21.614
921.850 21.757
922.062 21.855
922.274 21.926
922.487 21.979
922.699 22.110
922.911 22.211
923.123 22.135
923.336 22.007
923.548 22.042
923.760 22.186
923.972 22.266
924.184 22.398
924.397 22.485
924.609 22.443
924.821 22.414
925.033 22.367
925.246 22.484
925.458 22.611
925.670 22.662
925.882 22.665
926.094 22.698
926.307 22.681
926.519 22.693
926.731 22.761
926.943 22.930
927.156 23.014
927.368 23.193
927.580 23.489
927.792 23.723
928.004 23.843
928.217 23.861
928.429 23.920
928.641 23.992
928.853 24.030
929.066 24.071
929.278 24.130
929.490 24.268
929.702 24.393
929.914 24.493
930.127 24.550
930.339 24.523
930.551 24.582
930.763 24.742
930.976 24.830
931.188 24.954
931.400 24.996
931.612 25.079
931.824 25.105
932.037 25.052
932.249 25.111
932.461 25.228
932.673 25.358
932.886 25.440
933.098 25.476
933.310 25.547
933.522 25.524
933.734 25.487
933.947 25.503
934.159 25.648
934.371 25.615
934.583 25.626
934.796 25.809
935.008 25.880
935.220 25.875
935.432 25.790
935.644 25.914
935.857 26.190
936.069 26.234
936.281 26.253
936.493 26.363
936.706 26.529
936.918 26.573
937.130 26.548
937.342 26.642
937.554 26.720
937.767 26.926
937.979 27.333
938.191 27.656
938.403 27.774
938.616 27.908
938.828 28.179
939.040 28.473
939.252 28.811
939.464 29.056
939.677 29.215
939.889 29.489
940.101 29.394
940.313 29.373
940.526 29.871
940.738 30.126
940.950 30.292
941.162 30.289
941.374 30.314
941.587 30.429
941.799 30.579
942.011 30.538
942.223 30.478
942.436 30.318
942.648 30.329
942.860 30.443
943.072 30.614
943.284 30.855
943.497 31.032
943.709 31.038
943.921 31.125
944.133 31.245
944.346 31.299
944.558 31.305
944.770 31.275
944.982 31.096
945.194 31.150
945.407 31.190
945.619 31.166
945.831 31.256
946.043 31.342
946.256 31.298
946.468 31.499
946.680 31.819
946.892 32.051
947.104 31.915
947.317 32.125
947.529 32.405
947.741 32.292
947.953 32.210
948.166 32.048
948.378 31.945
948.590 32.105
948.802 32.503
949.014 32.837
949.227 33.060
949.439 33.161
949.651 33.049
949.863 33.076
950.076 33.338
950.288 33.502
950.500 33.715
950.712 34.240
950.924 34.822
951.137 34.631
951.349 34.382
951.561 34.375
951.773 34.219
951.986 34.025
952.198 33.828
952.410 33.540
952.622 33.478
952.834 33.868
953.047 34.110
953.259 33.673
953.471 33.392
953.683 33.333
953.896 33.298
954.108 33.351
954.320 33.572
954.532 33.361
954.744 33.016
954.957 32.813
955.169 32.583
955.381 32.166
955.593 32.289
955.806 32.364
956.018 32.618
956.230 32.941
956.442 33.024
956.654 33.277
956.867 33.730
957.079 33.864
957.291 33.648
957.503 33.403
957.716 33.405
957.928 33.338
958.140 33.355
958.352 33.375
958.564 33.235
958.777 32.833
958.989 32.853
959.201 33.167
959.413 33.563
959.626 34.036
959.838 34.456
960.050 34.612
960.262 34.995
960.474 35.149
960.687 35.190
960.899 35.154
961.111 34.924
961.323 34.482
961.536 34.551
961.748 34.836
961.960 34.809
962.172 34.816
962.384 34.920
962.597 34.685
962.809 34.741
963.021 35.238
963.233 35.678
963.446 35.567
963.658 35.460
963.870 35.361
964.082 34.979
964.294 34.809
964.507 34.773
964.719 34.777
964.931 34.703
965.143 34.377
965.356 34.410
965.568 35.045
965.780 35.646
966.000 35.591
966.221 35.054
966.441 35.003
966.662 35.300
966.882 35.396
967.103 35.519
967.323 35.599
967.543 35.165
967.764 34.792
967.984 35.208
968.205 35.464
968.425 35.435
968.645 35.297
968.866 35.171
969.086 35.034
969.307 34.625
969.527 34.699
969.748 35.376
969.968 35.337
970.188 35.212
970.409 35.039
970.629 35.437
970.850 36.083
971.070 35.982
971.290 36.027
971.511 36.498
971.731 36.825
971.952 37.055
972.172 37.438
972.393 37.594
972.613 37.721
972.833 37.929
973.054 38.048
973.274 38.255
973.495 38.430
973.715 38.545
973.936 38.924
974.156 39.022
974.376 38.833
974.597 39.044
974.817 39.106
975.038 39.648
975.258 39.834
975.478 39.723
975.699 40.225
975.919 40.354
976.140 39.738
976.360 39.616
976.581 40.117
976.801 40.221
977.021 40.817
977.242 40.917
977.462 40.903
977.683 41.066
977.903 41.363
978.123 41.608
978.344 42.014
978.564 42.199
978.785 42.278
979.005 42.340
979.226 42.319
979.446 42.570
979.666 42.022
979.887 41.286
980.107 41.278
980.328 41.654
980.548 41.772
980.769 42.305
980.989 42.204
981.209 41.663
981.430 41.464
981.650 41.145
981.871 41.201
982.091 41.370
982.311 41.383
982.532 41.357
982.752 40.978
982.973 40.880
983.193 41.038
983.414 40.887
983.634 40.877
983.854 41.010
984.075 40.846
984.295 40.866
984.516 41.562
984.736 41.966
984.956 41.635
985.177 41.652
985.397 41.762
985.618 42.210
985.838 42.626
986.059 42.625
986.279 42.377
986.499 42.324
986.720 42.422
986.940 42.048
987.161 41.553
987.381 41.582
987.602 41.188
987.822 40.609
988.042 40.883
988.263 41.177
988.483 41.814
988.704 41.833
988.924 41.947
989.144 41.828
989.365 41.445
989.585 41.576
989.806 41.666
990.026 41.766
990.247 42.246
990.467 42.221
990.687 42.973
990.908 43.792
991.128 43.917
991.349 43.465
991.569 43.873
991.789 45.258
992.010 46.251
992.230 46.714
992.451 47.155
992.671 47.690
992.892 47.414
993.112 46.847
993.332 46.961
993.553 47.494
993.773 47.564
993.994 48.176
994.214 48.558
994.435 47.957
994.655 47.008
994.875 46.190
995.096 45.106
995.316 43.925
995.537 43.422
995.757 43.469
995.977 43.613
996.198 43.820
996.418 42.775
996.639 41.310
996.859 41.033
997.080 40.868
997.300 40.033
997.520 40.438
997.741 40.987
997.961 41.169
998.182 40.960
998.402 40.604
998.622 40.157
998.843 40.246
999.063 41.869
999.284 43.218
999.504 43.789
999.725 44.794
999.945 45.608
1000.165 45.295
1000.386 44.902
1000.606 45.680
1000.827 45.984
1001.047 46.320
1001.268 46.450
1001.488 46.743
1001.708 47.940
1001.929 47.923
1002.149 47.062
1002.370 47.018
1002.590 47.278
1002.810 47.685
1003.031 47.995
1003.251 48.575
1003.472 48.797
1003.692 48.431
1003.913 48.850
1004.133 48.284
1004.353 47.860
1004.574 47.992
1004.794 48.386
1005.015 48.334
1005.235 47.769
1005.455 48.531
1005.676 48.282
1005.896 48.259
1006.117 48.023
1006.337 46.659
1006.558 47.115
1006.778 48.047
1006.998 47.580
1007.219 46.292
1007.439 45.547
1007.660 46.480
1007.880 47.101
1008.101 47.339
1008.321 46.756
1008.541 45.440
1008.762 46.085
1008.982 45.488
1009.203 45.397
1009.423 46.175
1009.643 45.857
1009.864 44.237
1010.084 41.853
1010.305 41.417
1010.525 41.720
1010.746 41.547
1010.966 41.871
1011.186 41.679
1011.407 41.020
1011.627 40.747
1011.848 41.583
1012.068 41.807
1012.288 40.406
1012.509 38.209
1012.729 35.941
1012.950 34.995
