360.161	16.6
360.333	16.6
360.504	16.6
360.676	16.5
360.847	16.5
361.019	16.5
361.19	16.6
361.361	16.6
361.533	16.7
361.704	16.7
361.876	16.7
362.047	16.7
362.219	16.7
362.391	16.7
362.562	16.8
362.734	16.8
362.905	16.7
363.077	16.7
363.248	16.6
363.42	16.6
363.592	16.6
363.763	16.6
363.935	16.6
364.106	16.6
364.278	16.7
364.45	16.6
364.621	16.6
364.793	16.7
364.965	16.8
365.137	16.7
365.308	16.7
365.48	16.7
365.652	16.7
365.824	16.7
365.995	16.7
366.167	16.7
366.339	16.7
366.511	16.7
366.683	16.7
366.854	16.7
367.026	16.7
367.198	16.7
367.37	16.7
367.542	16.7
367.714	16.8
367.886	16.8
368.058	16.7
368.23	16.8
368.402	16.7
368.574	16.7
368.746	16.7
368.918	16.6
369.09	16.6
369.262	16.6
369.434	16.6
369.606	16.5
369.778	16.5
369.95	16.5
370.122	16.5
370.294	16.5
370.467	16.5
370.639	16.5
370.811	16.5
370.983	16.5
371.155	16.5
371.328	16.4
371.5	16.5
371.672	16.6
371.844	16.6
372.017	16.5
372.189	16.5
372.361	16.5
372.534	16.5
372.706	16.5
372.878	16.5
373.051	16.5
373.223	16.5
373.396	16.5
373.568	16.4
373.741	16.4
373.913	16.4
374.086	16.3
374.258	16.4
374.431	16.4
374.603	16.4
374.776	16.4
374.949	16.3
375.121	16.3
375.294	16.4
375.467	16.4
375.639	16.3
375.812	16.3
375.985	16.4
376.157	16.4
376.33	16.4
376.503	16.3
376.676	16.4
376.849	16.4
377.021	16.3
377.194	16.3
377.367	16.3
377.54	16.3
377.713	16.2
377.886	16.2
378.059	16.2
378.232	16.2
378.405	16.2
378.578	16.2
378.751	16.2
378.924	16.1
379.097	16.1
379.27	16.1
379.444	16.1
379.617	16.1
379.79	16.1
379.963	16.1
380.136	16.1
380.31	16.1
380.483	16.1
380.656	16.1
380.829	16.1
381.003	16.1
381.176	16.1
381.35	16
381.523	16
381.696	16
381.87	16
382.043	16
382.217	16
382.39	15.9
382.564	15.9
382.738	15.9
382.911	15.9
383.085	15.9
383.258	15.9
383.432	15.9
383.606	15.9
383.779	15.9
383.953	15.9
384.127	15.9
384.301	15.9
384.475	15.9
384.648	15.9
384.822	15.9
384.996	15.9
385.17	15.9
385.344	15.9
385.518	15.9
385.692	15.8
385.866	15.8
386.04	15.8
386.214	15.8
386.388	15.7
386.562	15.7
386.737	15.7
386.911	15.7
387.085	15.7
387.259	15.6
387.434	15.6
387.608	15.6
387.782	15.6
387.956	15.6
388.131	15.6
388.305	15.6
388.48	15.6
388.654	15.7
388.829	15.7
389.003	15.7
389.178	15.7
389.352	15.7
389.527	15.7
389.701	15.7
389.876	15.7
390.051	15.7
390.226	15.6
390.4	15.6
390.575	15.6
390.75	15.6
390.925	15.6
391.099	15.6
391.274	15.6
391.449	15.6
391.624	15.6
391.799	15.6
391.974	15.6
392.149	15.6
392.324	15.6
392.499	15.6
392.675	15.6
392.85	15.6
393.025	15.6
393.2	15.7
393.375	15.7
393.551	15.7
393.726	15.7
393.901	15.7
394.077	15.7
394.252	15.7
394.427	15.7
394.603	15.7
394.778	15.7
394.954	15.7
395.129	15.7
395.305	15.7
395.481	15.7
395.656	15.7
395.832	15.7
396.008	15.7
396.184	15.7
396.359	15.7
396.535	15.7
396.711	15.7
396.887	15.7
397.063	15.7
397.239	15.7
397.415	15.7
397.591	15.7
397.767	15.7
397.943	15.7
398.119	15.7
398.295	15.7
398.471	15.7
398.648	15.7
398.824	15.7
399	15.7
399.176	15.7
399.353	15.7
399.529	15.7
399.706	15.7
399.882	15.7
400.058	15.7
400.235	15.7
400.412	15.7
400.588	15.7
400.765	15.7
400.942	15.7
401.118	15.7
401.295	15.8
401.472	15.8
401.649	15.8
401.825	15.8
402.002	15.8
402.179	15.8
402.356	15.8
402.533	15.8
402.71	15.8
402.887	15.8
403.064	15.8
403.242	15.8
403.419	15.8
403.596	15.8
403.773	15.9
403.95	15.9
404.128	15.9
404.305	15.9
404.483	15.9
404.66	15.9
404.837	15.9
405.015	15.9
405.193	16
405.37	16
405.548	16
405.725	16
405.903	16
406.081	16
406.259	16
406.437	16
406.614	16
406.792	16
406.97	16.1
407.148	16.1
407.326	16.1
407.504	16.1
407.682	16.1
407.86	16.1
408.039	16.1
408.217	16.1
408.395	16.1
408.573	16.1
408.751	16.1
408.93	16.1
409.108	16.2
409.287	16.2
409.465	16.2
409.643	16.2
409.822	16.2
410	16.2
410.179	16.2
410.358	16.2
410.536	16.2
410.715	16.2
410.894	16.2
411.072	16.2
411.251	16.2
411.43	16.2
411.609	16.2
411.788	16.2
411.967	16.3
412.146	16.3
412.325	16.3
412.504	16.3
412.683	16.3
412.862	16.3
413.041	16.3
413.22	16.3
413.399	16.3
413.578	16.3
413.758	16.3
413.937	16.3
414.116	16.3
414.296	16.3
414.475	16.3
414.654	16.3
414.834	16.3
415.013	16.3
415.193	16.3
415.372	16.3
415.552	16.3
415.732	16.3
415.911	16.4
416.091	16.4
416.271	16.3
416.45	16.3
416.63	16.4
416.81	16.4
416.99	16.4
417.169	16.4
417.349	16.4
417.529	16.4
417.709	16.4
417.889	16.4
418.069	16.4
418.249	16.5
418.429	16.5
418.609	16.5
418.789	16.5
418.97	16.5
419.15	16.5
419.33	16.5
419.51	16.5
419.691	16.5
419.871	16.5
420.051	16.5
420.232	16.5
420.412	16.5
420.592	16.5
420.773	16.5
420.953	16.5
421.134	16.5
421.314	16.5
421.495	16.5
421.675	16.5
421.856	16.5
422.037	16.5
422.217	16.5
422.398	16.5
422.579	16.5
422.76	16.5
422.94	16.5
423.121	16.5
423.302	16.6
423.483	16.6
423.664	16.6
423.845	16.6
424.026	16.6
424.207	16.6
424.388	16.6
424.569	16.6
424.75	16.6
424.931	16.6
425.112	16.6
425.293	16.6
425.474	16.6
425.655	16.6
425.837	16.6
426.018	16.6
426.199	16.6
426.38	16.7
426.562	16.7
426.743	16.7
426.924	16.7
427.106	16.7
427.287	16.7
427.469	16.7
427.65	16.7
427.832	16.7
428.013	16.7
428.195	16.7
428.376	16.8
428.558	16.8
428.739	16.8
428.921	16.8
429.103	16.8
429.284	16.8
429.466	16.8
429.648	16.8
429.83	16.8
430.011	16.9
430.193	16.9
430.375	16.9
430.557	16.9
430.739	16.9
430.921	16.9
431.102	16.9
431.284	16.9
431.466	16.9
431.648	16.9
431.83	17
432.012	17
432.194	17
432.377	17
432.559	17
432.741	17
432.923	17
433.105	17
433.287	17
433.469	17
433.652	17
433.834	17
434.016	17
434.198	17.1
434.381	17.1
434.563	17.1
434.745	17.1
434.928	17.1
435.11	17.1
435.293	17.1
435.475	17.1
435.658	17.1
435.84	17.1
436.022	17.1
436.205	17.2
436.388	17.2
436.57	17.2
436.753	17.2
436.935	17.2
437.118	17.2
437.301	17.2
437.483	17.2
437.666	17.2
437.849	17.3
438.031	17.3
438.214	17.3
438.397	17.3
438.58	17.3
438.762	17.3
438.945	17.3
439.128	17.3
439.311	17.3
439.494	17.4
439.677	17.4
439.859	17.4
440.042	17.4
440.225	17.4
440.408	17.4
440.591	17.4
440.774	17.5
440.957	17.5
441.14	17.5
441.323	17.5
441.507	17.5
441.69	17.5
441.873	17.5
442.056	17.5
442.239	17.5
442.422	17.5
442.605	17.6
442.789	17.6
442.972	17.6
443.155	17.6
443.338	17.6
443.522	17.6
443.705	17.6
443.888	17.6
444.072	17.7
444.255	17.7
444.438	17.7
444.622	17.7
444.805	17.7
444.989	17.7
445.172	17.7
445.356	17.7
445.539	17.8
445.723	17.8
445.906	17.8
446.09	17.8
446.273	17.8
446.457	17.8
446.64	17.8
446.824	17.9
447.008	17.9
447.191	17.9
447.375	17.9
447.559	17.9
447.742	17.9
447.926	17.9
448.11	18
448.293	18
448.477	18
448.661	18
448.845	18
449.029	18
449.212	18.1
449.396	18.1
449.58	18.1
449.764	18.1
449.948	18.1
450.132	18.1
450.316	18.2
450.5	18.2
450.684	18.2
450.868	18.2
451.052	18.3
451.236	18.3
451.42	18.3
451.604	18.3
451.788	18.3
451.972	18.3
452.156	18.4
452.34	18.4
452.525	18.4
452.709	18.4
452.893	18.4
453.077	18.5
453.261	18.5
453.446	18.5
453.63	18.5
453.814	18.6
453.998	18.6
454.183	18.6
454.367	18.6
454.551	18.7
454.736	18.7
454.92	18.7
455.104	18.7
455.289	18.7
455.473	18.8
455.658	18.8
455.842	18.8
456.026	18.9
456.211	18.9
456.395	18.9
456.58	18.9
456.764	19
456.949	19
457.134	19
457.318	19.1
457.503	19.1
457.687	19.1
457.872	19.1
458.057	19.2
458.241	19.2
458.426	19.2
458.611	19.2
458.795	19.3
458.98	19.3
459.165	19.3
459.349	19.4
459.534	19.4
459.719	19.4
459.904	19.5
460.088	19.5
460.273	19.5
460.458	19.6
460.643	19.6
460.828	19.6
461.013	19.7
461.198	19.7
461.382	19.7
461.567	19.8
461.752	19.8
461.937	19.8
462.122	19.9
462.307	19.9
462.492	19.9
462.677	20
462.862	20
463.047	20
463.232	20
463.417	20.1
463.602	20.1
463.788	20.2
463.973	20.2
464.158	20.2
464.343	20.3
464.528	20.3
464.713	20.3
464.898	20.3
465.084	20.4
465.269	20.4
465.454	20.5
465.639	20.5
465.824	20.5
466.01	20.6
466.195	20.6
466.38	20.6
466.566	20.7
466.751	20.7
466.936	20.7
467.122	20.8
467.307	20.8
467.492	20.8
467.678	20.9
467.863	20.9
468.048	21
468.234	21
468.419	21
468.605	21.1
468.79	21.1
468.976	21.1
469.161	21.2
469.347	21.2
469.532	21.2
469.718	21.3
469.903	21.3
470.089	21.3
470.274	21.4
470.46	21.4
470.646	21.4
470.831	21.5
471.017	21.5
471.202	21.5
471.388	21.6
471.574	21.6
471.759	21.6
471.945	21.7
472.131	21.7
472.317	21.7
472.502	21.8
472.688	21.8
472.874	21.8
473.059	21.9
473.245	21.9
473.431	22
473.617	22
473.803	22
473.988	22.1
474.174	22.1
474.36	22.1
474.546	22.1
474.732	22.2
474.918	22.2
475.104	22.2
475.29	22.3
475.475	22.3
475.661	22.3
475.847	22.4
476.033	22.4
476.219	22.4
476.405	22.5
476.591	22.5
476.777	22.5
476.963	22.6
477.149	22.6
477.335	22.6
477.521	22.7
477.707	22.7
477.893	22.7
478.08	22.7
478.266	22.8
478.452	22.8
478.638	22.8
478.824	22.9
479.01	22.9
479.196	22.9
479.382	23
479.569	23
479.755	23
479.941	23.1
480.127	23.1
480.313	23.1
480.5	23.2
480.686	23.2
480.872	23.2
481.058	23.3
481.245	23.3
481.431	23.3
481.617	23.4
481.803	23.4
481.99	23.4
482.176	23.5
482.362	23.5
482.549	23.5
482.735	23.6
482.921	23.6
483.108	23.6
483.294	23.7
483.481	23.7
483.667	23.7
483.853	23.8
484.04	23.8
484.226	23.8
484.413	23.9
484.599	23.9
484.786	23.9
484.972	24
485.159	24
485.345	24
485.532	24.1
485.718	24.1
485.905	24.2
486.091	24.2
486.278	24.2
486.464	24.3
486.651	24.3
486.837	24.4
487.024	24.4
487.211	24.4
487.397	24.5
487.584	24.5
487.77	24.5
487.957	24.6
488.144	24.6
488.33	24.7
488.517	24.7
488.704	24.7
488.89	24.8
489.077	24.8
489.264	24.9
489.45	24.9
489.637	24.9
489.824	25
490.01	25
490.197	25.1
490.384	25.1
490.571	25.1
490.757	25.2
490.944	25.2
491.131	25.3
491.318	25.3
491.505	25.4
491.691	25.4
491.878	25.4
492.065	25.5
492.252	25.5
492.439	25.6
492.626	25.6
492.812	25.7
492.999	25.7
493.186	25.8
493.373	25.8
493.56	25.8
493.747	25.9
493.934	25.9
494.121	26
494.308	26
494.494	26.1
494.681	26.1
494.868	26.2
495.055	26.2
495.242	26.2
495.429	26.3
495.616	26.4
495.803	26.4
495.99	26.5
496.177	26.5
496.364	26.6
496.551	26.6
496.738	26.6
496.925	26.7
497.112	26.8
497.299	26.8
497.486	26.8
497.673	26.9
497.861	27
498.048	27
498.235	27.1
498.422	27.2
498.609	27.2
498.796	27.3
498.983	27.3
499.17	27.4
499.357	27.5
499.544	27.5
499.732	27.6
499.919	27.6
500.106	27.7
500.293	27.8
500.48	27.8
500.667	27.9
500.855	28
501.042	28.1
501.229	28.1
501.416	28.2
501.603	28.3
501.791	28.4
501.978	28.4
502.165	28.5
502.352	28.6
502.54	28.7
502.727	28.7
502.914	28.8
503.101	28.9
503.289	29
503.476	29
503.663	29.1
503.85	29.2
504.038	29.3
504.225	29.4
504.412	29.5
504.6	29.6
504.787	29.7
504.974	29.8
505.161	29.9
505.349	30
505.536	30
505.723	30.1
505.911	30.2
506.098	30.3
506.286	30.4
506.473	30.5
506.66	30.6
506.848	30.7
507.035	30.8
507.222	30.9
507.41	31
507.597	31.1
507.785	31.2
507.972	31.3
508.159	31.5
508.347	31.6
508.534	31.7
508.722	31.8
508.909	31.9
509.097	32
509.284	32.1
509.471	32.2
509.659	32.4
509.846	32.5
510.034	32.6
510.221	32.7
510.409	32.8
510.596	33
510.784	33.1
510.971	33.2
511.159	33.3
511.346	33.5
511.534	33.6
511.721	33.7
511.909	33.9
512.096	34
512.284	34.1
512.471	34.3
512.659	34.4
512.846	34.5
513.034	34.7
513.221	34.8
513.409	34.9
513.596	35.1
513.784	35.2
513.972	35.4
514.159	35.5
514.347	35.7
514.534	35.8
514.722	35.9
514.909	36.1
515.097	36.2
515.285	36.4
515.472	36.5
515.66	36.7
515.847	36.8
516.035	37
516.222	37.1
516.41	37.3
516.598	37.4
516.785	37.6
516.973	37.7
517.161	37.9
517.348	38
517.536	38.2
517.723	38.3
517.911	38.5
518.099	38.6
518.286	38.8
518.474	39
518.662	39.1
518.849	39.3
519.037	39.4
519.225	39.6
519.412	39.7
519.6	39.9
519.787	40
519.975	40.2
520.163	40.3
520.35	40.5
520.538	40.6
520.726	40.8
520.914	40.9
521.101	41.1
521.289	41.2
521.477	41.4
521.664	41.5
521.852	41.7
522.04	41.8
522.227	42
522.415	42.1
522.603	42.3
522.79	42.4
522.978	42.5
523.166	42.7
523.354	42.8
523.541	43
523.729	43.1
523.917	43.2
524.104	43.4
524.292	43.5
524.48	43.6
524.668	43.8
524.855	43.9
525.043	44
525.231	44.2
525.418	44.3
525.606	44.4
525.794	44.6
525.982	44.7
526.169	44.8
526.357	45
526.545	45.1
526.733	45.2
526.92	45.3
527.108	45.5
527.296	45.6
527.484	45.7
527.671	45.9
527.859	46
528.047	46.1
528.235	46.2
528.422	46.3
528.61	46.4
528.798	46.5
528.986	46.6
529.173	46.8
529.361	46.9
529.549	47
529.737	47.1
529.924	47.2
530.112	47.3
530.3	47.3
530.488	47.4
530.675	47.5
530.863	47.6
531.051	47.7
531.239	47.8
531.426	47.9
531.614	48
531.802	48
531.99	48.1
532.177	48.2
532.365	48.3
532.553	48.3
532.741	48.4
532.928	48.5
533.116	48.6
533.304	48.6
533.492	48.7
533.679	48.7
533.867	48.8
534.055	48.9
534.243	48.9
534.431	49
534.618	49
534.806	49.1
534.994	49.1
535.182	49.2
535.369	49.2
535.557	49.3
535.745	49.4
535.933	49.4
536.12	49.5
536.308	49.5
536.496	49.6
536.684	49.6
536.871	49.7
537.059	49.7
537.247	49.8
537.435	49.8
537.622	49.9
537.81	49.9
537.998	50
538.186	50
538.373	50.1
538.561	50.1
538.749	50.2
538.937	50.2
539.124	50.3
539.312	50.3
539.5	50.4
539.688	50.4
539.875	50.5
540.063	50.5
540.251	50.6
540.439	50.6
540.626	50.7
540.814	50.7
541.002	50.8
541.19	50.8
541.377	50.8
541.565	50.9
541.753	50.9
541.941	51
542.128	51
542.316	51.1
542.504	51.1
542.691	51.2
542.879	51.2
543.067	51.2
543.255	51.3
543.442	51.3
543.63	51.3
543.818	51.4
544.005	51.4
544.193	51.4
544.381	51.5
544.568	51.5
544.756	51.6
544.944	51.6
545.132	51.6
545.319	51.7
545.507	51.7
545.695	51.7
545.882	51.8
546.07	51.8
546.258	51.8
546.445	51.9
546.633	51.9
546.821	51.9
547.008	51.9
547.196	52
547.384	52
547.571	52
547.759	52.1
547.947	52.1
548.134	52.1
548.322	52.1
548.51	52.2
548.697	52.2
548.885	52.2
549.073	52.3
549.26	52.3
549.448	52.3
549.636	52.3
549.823	52.4
550.011	52.4
550.199	52.4
550.386	52.4
550.574	52.5
550.762	52.5
550.949	52.5
551.137	52.5
551.325	52.6
551.512	52.6
551.7	52.6
551.888	52.6
552.075	52.7
552.263	52.7
552.451	52.7
552.639	52.7
552.826	52.8
553.014	52.8
553.202	52.8
553.389	52.8
553.577	52.9
553.765	52.9
553.953	52.9
554.14	52.9
554.328	52.9
554.516	53
554.704	53
554.891	53
555.079	53
555.267	53.1
555.455	53.1
555.643	53.1
555.83	53.1
556.018	53.2
556.206	53.2
556.394	53.2
556.582	53.2
556.77	53.3
556.957	53.3
557.145	53.3
557.333	53.3
557.521	53.3
557.709	53.4
557.897	53.4
558.085	53.4
558.273	53.4
558.461	53.4
558.649	53.5
558.837	53.5
559.025	53.5
559.213	53.5
559.4	53.5
559.588	53.6
559.777	53.6
559.965	53.6
560.153	53.6
560.341	53.6
560.529	53.6
560.717	53.7
560.905	53.7
561.093	53.7
561.281	53.7
561.469	53.7
561.657	53.7
561.845	53.7
562.034	53.8
562.222	53.8
562.41	53.8
562.598	53.8
562.786	53.8
562.975	53.8
563.163	53.8
563.351	53.8
563.539	53.9
563.728	53.9
563.916	53.9
564.104	53.9
564.293	53.9
564.481	53.9
564.67	53.9
564.858	53.9
565.046	53.9
565.235	53.9
565.423	54
565.612	54
565.8	54
565.989	54
566.177	54
566.366	54
566.554	54
566.743	54
566.932	54
567.12	54
567.309	54
567.497	54
567.686	54
567.875	54
568.064	54.1
568.252	54.1
568.441	54.1
568.63	54.1
568.819	54.1
569.007	54.1
569.196	54.1
569.385	54.1
569.574	54.1
569.763	54.1
569.952	54.2
570.141	54.2
570.33	54.2
570.519	54.2
570.708	54.2
570.897	54.2
571.086	54.2
571.275	54.2
571.464	54.2
571.653	54.2
571.843	54.2
572.032	54.2
572.221	54.2
572.41	54.2
572.599	54.2
572.789	54.2
572.978	54.2
573.167	54.2
573.357	54.3
573.546	54.3
573.736	54.3
573.925	54.3
574.115	54.3
574.304	54.3
574.494	54.3
574.683	54.3
574.873	54.3
575.062	54.3
575.252	54.3
575.442	54.3
575.631	54.3
575.821	54.3
576.011	54.3
576.201	54.3
576.39	54.3
576.58	54.3
576.77	54.3
576.96	54.3
577.15	54.3
577.34	54.3
577.53	54.3
577.72	54.3
577.91	54.3
578.1	54.4
578.29	54.4
578.48	54.4
578.67	54.4
578.861	54.4
579.051	54.4
579.241	54.4
579.431	54.4
579.622	54.4
579.812	54.4
580.002	54.4
580.193	54.4
580.383	54.4
580.574	54.4
580.764	54.4
580.955	54.4
581.145	54.4
581.336	54.4
581.526	54.4
581.717	54.4
581.908	54.5
582.098	54.5
582.289	54.5
582.48	54.5
582.671	54.5
582.862	54.5
583.052	54.5
583.243	54.5
583.434	54.5
583.625	54.5
583.816	54.5
584.007	54.5
584.198	54.5
584.389	54.5
584.58	54.5
584.771	54.6
584.962	54.6
585.154	54.6
585.345	54.6
585.536	54.6
585.727	54.6
585.918	54.6
586.11	54.6
586.301	54.6
586.492	54.6
586.684	54.6
586.875	54.6
587.067	54.6
587.258	54.6
587.45	54.6
587.641	54.7
587.833	54.7
588.024	54.7
588.216	54.7
588.408	54.7
588.599	54.7
588.791	54.7
588.983	54.7
589.174	54.7
589.366	54.7
589.558	54.7
589.75	54.7
589.942	54.7
590.134	54.7
590.326	54.7
590.518	54.7
590.71	54.7
590.902	54.7
591.094	54.7
591.286	54.7
591.478	54.7
591.67	54.7
591.862	54.8
592.054	54.8
592.246	54.8
592.439	54.8
592.631	54.8
592.823	54.8
593.016	54.8
593.208	54.8
593.4	54.8
593.593	54.8
593.785	54.8
593.978	54.8
594.17	54.8
594.363	54.8
594.555	54.8
594.748	54.8
594.94	54.8
595.133	54.8
595.326	54.8
595.518	54.8
595.711	54.8
595.904	54.8
596.096	54.8
596.289	54.9
596.482	54.9
596.675	54.9
596.868	54.9
597.061	54.9
597.254	54.9
597.447	54.9
597.64	54.9
597.833	54.9
598.026	54.9
598.219	54.9
598.412	54.9
598.605	54.9
598.798	54.9
598.991	54.9
599.184	54.9
599.378	54.9
599.571	54.9
599.764	54.9
599.957	55
600.151	55
600.344	55
600.538	55
600.731	55
600.924	55
601.118	55
601.311	55
601.505	55
601.698	55
601.892	55
602.086	55
602.279	55
602.473	55
602.667	55
602.86	55
603.054	55
603.248	55
603.442	55
603.635	55
603.829	55
604.023	55
604.217	55
604.411	55
604.605	55
604.799	55
604.993	55
605.187	55
605.381	55
605.575	55
605.769	55
605.963	55.1
606.157	55.1
606.352	55.1
606.546	55.1
606.74	55.1
606.934	55.1
607.129	55.1
607.323	55.1
607.517	55.1
607.712	55.1
607.906	55.1
608.1	55.1
608.295	55.1
608.489	55.1
608.684	55.1
608.878	55.1
609.073	55.1
609.267	55.1
609.462	55.1
609.657	55.1
609.851	55.1
610.046	55.1
610.241	55.1
610.435	55.1
610.63	55.1
610.825	55.1
611.02	55.1
611.215	55.1
611.41	55.1
611.604	55.1
611.799	55.1
611.994	55.1
612.189	55.1
612.384	55.1
612.579	55.1
612.774	55.1
612.969	55.1
613.164	55.1
613.359	55.1
613.555	55.1
613.75	55.1
613.945	55.1
614.14	55.1
614.335	55.1
614.531	55.1
614.726	55.1
614.921	55.1
615.117	55.1
615.312	55.1
615.507	55.1
615.703	55.1
615.898	55.1
616.094	55.1
616.289	55.1
616.485	55.1
616.68	55.1
616.876	55.1
617.071	55.1
617.267	55.1
617.463	55.1
617.658	55.1
617.854	55.1
618.05	55.1
618.245	55.1
618.441	55.1
618.637	55.1
618.833	55.1
619.029	55.1
619.225	55.1
619.42	55.1
619.616	55.1
619.812	55.1
620.008	55.1
620.204	55.1
620.4	55.1
620.596	55.1
620.792	55.1
620.988	55.1
621.184	55.1
621.381	55.1
621.577	55.1
621.773	55.1
621.969	55.1
622.165	55.1
622.362	55.1
622.558	55.1
622.754	55.1
622.951	55.1
623.147	55.2
623.343	55.2
623.54	55.2
623.736	55.2
623.933	55.2
624.129	55.2
624.326	55.2
624.522	55.2
624.719	55.2
624.915	55.2
625.112	55.2
625.308	55.2
625.505	55.2
625.702	55.2
625.898	55.2
626.095	55.2
626.292	55.2
626.489	55.2
626.685	55.2
626.882	55.2
627.079	55.2
627.276	55.2
627.473	55.2
627.67	55.2
627.866	55.2
628.063	55.2
628.26	55.2
628.457	55.2
628.654	55.2
628.851	55.2
629.048	55.2
629.246	55.2
629.443	55.2
629.64	55.2
629.837	55.2
630.034	55.2
630.231	55.2
630.429	55.2
630.626	55.2
630.823	55.2
631.02	55.2
631.218	55.2
631.415	55.2
631.612	55.2
631.81	55.2
632.007	55.2
632.205	55.2
632.402	55.2
632.6	55.2
632.797	55.2
632.995	55.2
633.192	55.2
633.39	55.2
633.587	55.2
633.785	55.2
633.983	55.2
634.18	55.2
634.378	55.2
634.576	55.2
634.773	55.2
634.971	55.2
635.169	55.3
635.367	55.3
635.565	55.3
635.762	55.3
635.96	55.3
636.158	55.3
636.356	55.3
636.554	55.3
636.752	55.3
636.95	55.3
637.148	55.3
637.346	55.3
637.544	55.3
637.742	55.3
637.94	55.3
638.138	55.3
638.337	55.3
638.535	55.3
638.733	55.3
638.931	55.3
639.129	55.3
639.328	55.3
639.526	55.3
639.724	55.3
639.922	55.3
640.121	55.3
640.319	55.3
640.518	55.4
640.716	55.4
640.914	55.4
641.113	55.4
641.311	55.4
641.51	55.4
641.708	55.4
641.907	55.4
642.105	55.4
642.304	55.4
642.503	55.4
642.701	55.4
642.9	55.4
643.098	55.4
643.297	55.4
643.496	55.4
643.695	55.4
643.893	55.5
644.092	55.5
644.291	55.5
644.49	55.5
644.689	55.5
644.887	55.5
645.086	55.5
645.285	55.5
645.484	55.5
645.683	55.5
645.882	55.5
646.081	55.5
646.28	55.5
646.479	55.5
646.678	55.5
646.877	55.5
647.076	55.5
647.276	55.5
647.475	55.5
647.674	55.5
647.873	55.5
648.072	55.6
648.271	55.6
648.471	55.6
648.67	55.6
648.869	55.6
649.069	55.6
649.268	55.6
649.467	55.6
649.667	55.6
649.866	55.6
650.065	55.6
650.265	55.6
650.464	55.6
650.664	55.6
650.863	55.6
651.063	55.6
651.262	55.6
651.462	55.6
651.662	55.6
651.861	55.6
652.061	55.6
652.26	55.6
652.46	55.6
652.66	55.6
652.859	55.6
653.059	55.6
653.259	55.6
653.459	55.6
653.658	55.6
653.858	55.6
654.058	55.6
654.258	55.6
654.458	55.6
654.658	55.6
654.858	55.6
655.058	55.6
655.258	55.6
655.457	55.6
655.657	55.6
655.857	55.6
656.058	55.6
656.258	55.6
656.458	55.6
656.658	55.6
656.858	55.6
657.058	55.6
657.258	55.6
657.458	55.6
657.659	55.6
657.859	55.6
658.059	55.6
658.259	55.6
658.459	55.6
658.66	55.6
658.86	55.6
659.06	55.6
659.261	55.6
659.461	55.6
659.662	55.6
659.862	55.6
660.062	55.6
660.263	55.6
660.463	55.6
660.664	55.6
660.864	55.6
661.065	55.6
661.265	55.6
661.466	55.6
661.667	55.6
661.867	55.6
662.068	55.6
662.268	55.6
662.469	55.6
662.67	55.6
662.87	55.6
663.071	55.6
663.272	55.6
663.473	55.6
663.674	55.6
663.874	55.6
664.075	55.6
664.276	55.6
664.477	55.6
664.678	55.6
664.879	55.6
665.08	55.6
665.28	55.6
665.481	55.6
665.682	55.6
665.883	55.6
666.084	55.6
666.285	55.6
666.486	55.6
666.688	55.6
666.889	55.5
667.09	55.5
667.291	55.5
667.492	55.5
667.693	55.5
667.894	55.5
668.096	55.5
668.297	55.5
668.498	55.5
668.699	55.5
668.901	55.5
669.102	55.5
669.303	55.5
669.505	55.5
669.706	55.5
669.907	55.5
670.109	55.5
670.31	55.5
670.511	55.5
670.713	55.5
670.914	55.5
671.116	55.5
671.317	55.5
671.519	55.5
671.72	55.4
671.922	55.4
672.124	55.4
672.325	55.4
672.527	55.4
672.728	55.4
672.93	55.4
673.132	55.4
673.333	55.4
673.535	55.4
673.737	55.4
673.939	55.4
674.14	55.4
674.342	55.4
674.544	55.4
674.746	55.4
674.948	55.4
675.149	55.4
675.351	55.4
675.553	55.4
675.755	55.4
675.957	55.4
676.159	55.4
676.361	55.4
676.563	55.4
676.765	55.4
676.967	55.4
677.169	55.4
677.371	55.4
677.573	55.4
677.775	55.4
677.977	55.4
678.179	55.4
678.381	55.4
678.583	55.4
678.786	55.4
678.988	55.4
679.19	55.4
679.392	55.4
679.594	55.4
679.797	55.4
679.999	55.4
680.201	55.4
680.404	55.4
680.606	55.4
680.808	55.4
681.011	55.4
681.213	55.4
681.415	55.4
681.618	55.4
681.82	55.4
682.023	55.4
682.225	55.4
682.428	55.4
682.63	55.4
682.833	55.4
683.035	55.4
683.238	55.4
683.44	55.4
683.643	55.4
683.845	55.4
684.048	55.4
684.251	55.4
684.453	55.4
684.656	55.4
684.859	55.4
685.061	55.4
685.264	55.4
685.467	55.4
685.67	55.4
685.872	55.4
686.075	55.4
686.278	55.4
686.481	55.4
686.684	55.4
686.886	55.4
687.089	55.4
687.292	55.4
687.495	55.4
687.698	55.4
687.901	55.4
688.104	55.4
688.307	55.4
688.51	55.4
688.713	55.4
688.916	55.4
689.119	55.4
689.322	55.4
689.525	55.5
689.728	55.5
689.931	55.5
690.134	55.5
690.337	55.5
690.54	55.5
690.744	55.5
690.947	55.5
691.15	55.5
691.353	55.5
691.556	55.5
691.76	55.5
691.963	55.5
692.166	55.5
692.37	55.5
692.573	55.5
692.776	55.5
692.979	55.5
693.183	55.5
693.386	55.5
693.59	55.5
693.793	55.5
693.996	55.5
694.2	55.5
694.403	55.5
694.607	55.5
694.81	55.6
695.014	55.6
695.217	55.6
695.421	55.6
695.624	55.6
695.828	55.6
696.031	55.6
696.235	55.6
696.439	55.6
696.642	55.6
696.846	55.6
697.049	55.6
697.253	55.6
697.457	55.6
697.661	55.6
697.864	55.6
698.068	55.6
698.272	55.6
698.475	55.6
698.679	55.6
698.883	55.6
699.087	55.6
699.291	55.6
699.494	55.7
699.698	55.7
699.902	55.7
700.106	55.7
700.31	55.7
700.514	55.7
700.718	55.7
700.922	55.7
701.126	55.7
701.33	55.7
701.534	55.7
701.738	55.7
701.942	55.7
702.146	55.7
702.35	55.7
702.554	55.7
702.758	55.7
702.962	55.7
703.166	55.7
703.37	55.7
703.574	55.7
703.778	55.7
703.983	55.7
704.187	55.7
704.391	55.7
704.595	55.7
704.799	55.7
705.004	55.7
705.208	55.7
705.412	55.7
705.616	55.7
705.821	55.7
706.025	55.7
706.229	55.7
706.434	55.7
706.638	55.7
706.842	55.7
707.047	55.7
707.251	55.7
707.455	55.7
707.66	55.7
707.864	55.7
708.069	55.7
708.273	55.7
708.478	55.7
708.682	55.7
708.887	55.7
709.091	55.8
709.296	55.8
709.5	55.8
709.705	55.8
709.909	55.8
710.114	55.8
710.319	55.8
710.523	55.8
710.728	55.8
710.932	55.8
711.137	55.8
711.342	55.8
711.546	55.8
711.751	55.8
711.956	55.8
712.161	55.8
712.365	55.8
712.57	55.8
712.775	55.8
712.98	55.8
713.184	55.9
713.389	55.9
713.594	55.9
713.799	55.9
714.004	55.9
714.209	55.9
714.413	55.9
714.618	55.9
714.823	55.9
715.028	55.9
715.233	55.9
715.438	55.9
715.643	55.9
715.848	55.9
716.053	56
716.258	56
716.463	56
716.668	56
716.873	56
717.078	56
717.283	56
717.488	56
717.693	56
717.898	56
718.103	56
718.308	56
718.514	56
718.719	56
718.924	56
719.129	56
719.334	56
719.539	56
719.745	56
719.95	56
720.155	56.1
720.36	56.1
720.566	56.1
720.771	56.1
720.976	56.1
721.182	56.1
721.387	56.1
721.592	56.1
721.798	56.1
722.003	56.1
722.208	56.1
722.414	56.1
722.619	56.1
722.824	56.1
723.03	56.1
723.235	56.1
723.441	56.1
723.646	56.1
723.852	56.1
724.057	56.1
724.263	56.1
724.468	56.1
724.674	56.1
724.879	56.1
725.085	56.1
725.29	56.1
725.496	56.1
725.701	56.1
725.907	56.1
726.112	56.1
726.318	56.1
726.524	56.1
726.729	56.1
726.935	56.1
727.141	56.1
727.346	56.2
727.552	56.2
727.758	56.2
727.963	56.2
728.169	56.2
728.375	56.2
728.581	56.2
728.786	56.2
728.992	56.2
729.198	56.2
729.404	56.2
729.609	56.2
729.815	56.2
730.021	56.2
730.227	56.2
730.433	56.2
730.639	56.3
730.844	56.3
731.05	56.3
731.256	56.3
731.462	56.3
731.668	56.3
731.874	56.3
732.08	56.3
732.286	56.3
732.492	56.3
732.698	56.4
732.904	56.4
733.11	56.4
733.316	56.4
733.522	56.4
733.728	56.4
733.934	56.4
734.14	56.4
734.346	56.4
734.552	56.4
734.758	56.4
734.964	56.4
735.17	56.4
735.376	56.4
735.583	56.4
735.789	56.4
735.995	56.5
736.201	56.5
736.407	56.5
736.613	56.5
736.819	56.5
737.026	56.5
737.232	56.5
737.438	56.5
737.644	56.5
737.851	56.5
738.057	56.5
738.263	56.5
738.469	56.5
738.676	56.5
738.882	56.5
739.088	56.5
739.295	56.5
739.501	56.5
739.707	56.6
739.914	56.6
740.12	56.6
740.326	56.6
740.533	56.5
740.739	56.5
740.946	56.5
741.152	56.5
741.358	56.5
741.565	56.6
741.771	56.6
741.978	56.6
742.184	56.6
742.391	56.6
742.597	56.6
742.804	56.6
743.01	56.6
743.217	56.6
743.423	56.6
743.63	56.6
743.836	56.6
744.043	56.6
744.249	56.6
744.456	56.6
744.663	56.6
744.869	56.6
745.076	56.6
745.282	56.6
745.489	56.6
745.696	56.6
745.902	56.6
746.109	56.6
746.316	56.6
746.522	56.6
746.729	56.6
746.936	56.6
747.142	56.6
747.349	56.6
747.556	56.7
747.762	56.7
747.969	56.7
748.176	56.7
748.383	56.6
748.589	56.7
748.796	56.7
749.003	56.7
749.21	56.7
749.417	56.7
749.623	56.7
749.83	56.7
750.037	56.7
750.244	56.7
750.451	56.7
750.658	56.7
750.865	56.7
751.071	56.7
751.278	56.7
751.485	56.7
751.692	56.7
751.899	56.8
752.106	56.8
752.313	56.8
752.52	56.8
752.727	56.8
752.934	56.8
753.141	56.8
753.348	56.8
753.555	56.8
753.762	56.8
753.969	56.8
754.176	56.8
754.383	56.9
754.59	56.9
754.797	56.9
755.004	56.9
755.211	56.9
755.418	56.9
755.625	56.9
755.832	56.9
756.039	56.9
756.246	56.9
756.453	56.9
756.66	56.9
756.868	57
757.075	57
757.282	57
757.489	57
757.696	57
757.903	57
758.111	57
758.318	57
758.525	57
758.732	57
758.939	57
759.147	57.1
759.354	57.1
759.561	57.1
759.768	57.1
759.976	57.1
760.183	57.1
760.39	57.1
760.597	57.1
760.805	57.1
761.012	57.1
761.219	57.1
761.426	57.2
761.634	57.2
761.841	57.1
762.048	57.2
762.256	57.2
762.463	57.2
762.67	57.2
762.878	57.2
763.085	57.2
763.293	57.2
763.5	57.2
763.707	57.2
763.915	57.2
764.122	57.2
764.33	57.2
764.537	57.2
764.744	57.2
764.952	57.2
765.159	57.2
765.367	57.2
765.574	57.2
765.782	57.2
765.989	57.2
766.197	57.2
766.404	57.2
766.612	57.3
766.819	57.3
767.027	57.3
767.234	57.3
767.442	57.3
767.649	57.3
767.857	57.3
768.064	57.3
768.272	57.3
768.479	57.3
768.687	57.3
768.895	57.3
769.102	57.3
769.31	57.3
769.517	57.3
769.725	57.3
769.933	57.3
770.14	57.3
770.348	57.3
770.555	57.3
770.763	57.3
770.971	57.4
771.178	57.4
771.386	57.4
771.594	57.4
771.801	57.4
772.009	57.4
772.217	57.4
772.424	57.4
772.632	57.5
772.84	57.5
773.047	57.5
773.255	57.5
773.463	57.5
773.671	57.5
773.878	57.5
774.086	57.5
774.294	57.5
774.502	57.5
774.709	57.5
774.917	57.5
775.125	57.5
775.333	57.5
775.54	57.5
775.748	57.5
775.956	57.5
776.164	57.6
776.371	57.6
776.579	57.6
776.787	57.6
776.995	57.6
777.203	57.6
777.41	57.6
777.618	57.6
777.826	57.6
778.034	57.6
778.242	57.7
778.45	57.7
778.657	57.7
778.865	57.7
779.073	57.7
779.281	57.7
779.489	57.7
779.697	57.7
779.905	57.7
780.112	57.7
780.32	57.7
780.528	57.7
780.736	57.7
780.944	57.7
781.152	57.7
781.36	57.7
781.568	57.7
781.776	57.7
781.984	57.7
782.191	57.7
782.399	57.7
782.607	57.7
782.815	57.8
783.023	57.8
783.231	57.8
783.439	57.8
783.647	57.8
783.855	57.8
784.063	57.8
784.271	57.8
784.479	57.8
784.687	57.8
784.895	57.8
785.103	57.8
785.311	57.8
785.519	57.8
785.727	57.8
785.935	57.9
786.143	57.9
786.351	57.9
786.559	57.9
786.767	57.9
786.975	57.9
787.183	57.9
787.391	57.9
787.599	57.9
787.807	57.9
788.015	57.9
788.223	57.9
788.431	57.9
788.639	58
788.847	58
789.055	58
789.263	58
789.471	58
789.679	58
789.887	58
790.095	58
790.303	58
790.511	58
790.719	58
790.927	58
791.135	58.1
791.343	58.1
791.551	58.1
791.76	58.1
791.968	58.1
792.176	58.1
792.384	58.1
792.592	58.1
792.8	58.1
793.008	58.1
793.216	58.1
793.424	58.1
793.632	58.1
793.84	58.2
794.048	58.2
794.256	58.2
794.465	58.2
794.673	58.2
794.881	58.2
795.089	58.2
795.297	58.2
795.505	58.2
795.713	58.2
795.921	58.2
796.129	58.3
796.337	58.3
796.546	58.3
796.754	58.3
796.962	58.3
797.17	58.3
797.378	58.3
797.586	58.3
797.794	58.3
798.002	58.3
798.21	58.3
798.419	58.4
798.627	58.4
798.835	58.4
799.043	58.4
799.251	58.4
799.459	58.4
799.667	58.4
799.875	58.4
800.083	58.4
800.292	58.4
800.5	58.4
800.708	58.4
800.916	58.4
801.124	58.4
801.332	58.4
801.54	58.5
801.748	58.5
801.957	58.5
802.165	58.5
802.373	58.5
802.581	58.5
802.789	58.5
802.997	58.5
803.205	58.5
803.414	58.5
803.622	58.5
803.83	58.5
804.038	58.5
804.246	58.5
804.454	58.5
804.662	58.5
804.87	58.5
805.079	58.5
805.287	58.5
805.495	58.5
805.703	58.5
805.911	58.5
806.119	58.5
806.327	58.5
806.535	58.5
806.743	58.5
806.952	58.6
807.16	58.5
807.368	58.5
807.576	58.6
807.784	58.6
807.992	58.6
808.2	58.6
808.408	58.6
808.617	58.6
808.825	58.6
809.033	58.6
809.241	58.6
809.449	58.6
809.657	58.6
809.865	58.7
810.073	58.7
810.281	58.7
810.49	58.7
810.698	58.7
810.906	58.7
811.114	58.7
811.322	58.7
811.53	58.7
811.738	58.7
811.946	58.8
812.154	58.8
812.362	58.7
812.57	58.7
812.779	58.7
812.987	58.7
813.195	58.7
813.403	58.8
813.611	58.8
813.819	58.8
814.027	58.8
814.235	58.8
814.443	58.8
814.651	58.8
814.859	58.8
815.067	58.9
815.275	58.9
815.484	58.9
815.692	58.9
815.9	58.9
816.108	58.9
816.316	58.9
816.524	58.9
816.732	58.9
816.94	58.9
817.148	58.9
817.356	58.9
817.564	58.9
817.772	58.9
817.98	59
818.188	59
818.397	59
818.605	59
818.813	59
819.021	59
819.229	59
819.437	58.9
819.645	58.9
819.853	59
820.061	59
820.269	59
820.477	59
820.685	59
820.893	59
821.102	59.1
821.31	59.1
821.518	59.1
821.726	59.1
821.934	59.1
822.142	59.1
822.35	59.1
822.558	59.1
822.766	59.1
822.974	59.1
823.182	59.1
823.39	59.1
823.599	59.2
823.807	59.2
824.015	59.2
824.223	59.2
824.431	59.2
824.639	59.2
824.847	59.2
825.055	59.2
825.263	59.2
825.472	59.2
825.68	59.2
825.888	59.2
826.096	59.3
826.304	59.2
826.512	59.2
826.72	59.2
826.928	59.3
827.137	59.3
827.345	59.3
827.553	59.3
827.761	59.3
827.969	59.3
828.177	59.3
828.385	59.3
828.594	59.3
828.802	59.4
829.01	59.4
829.218	59.3
829.426	59.3
829.634	59.3
829.843	59.3
830.051	59.3
830.259	59.3
830.467	59.4
830.675	59.4
830.883	59.4
831.092	59.4
831.3	59.4
831.508	59.4
831.716	59.4
831.924	59.4
832.133	59.4
832.341	59.4
832.549	59.4
832.757	59.4
832.966	59.4
833.174	59.5
833.382	59.5
833.59	59.5
833.799	59.5
834.007	59.5
834.215	59.5
834.423	59.4
834.632	59.4
834.84	59.4
835.048	59.4
835.256	59.4
835.465	59.4
835.673	59.4
835.881	59.4
836.09	59.4
836.298	59.4
836.506	59.5
836.715	59.5
836.923	59.5
837.131	59.5
837.34	59.5
837.548	59.5
837.756	59.5
837.965	59.5
838.173	59.5
838.381	59.5
838.59	59.5
838.798	59.5
839.006	59.5
839.215	59.6
839.423	59.6
839.632	59.6
839.84	59.6
840.048	59.6
840.257	59.6
840.465	59.6
840.674	59.6
840.882	59.6
841.091	59.6
841.299	59.6
841.508	59.6
841.716	59.6
841.924	59.6
842.133	59.7
842.341	59.7
842.55	59.7
842.758	59.7
842.967	59.7
843.175	59.7
843.384	59.7
843.593	59.7
843.801	59.7
844.01	59.8
844.218	59.8
844.427	59.8
844.635	59.8
844.844	59.8
845.052	59.8
845.261	59.8
845.47	59.8
845.678	59.9
845.887	59.9
846.095	59.9
846.304	59.9
846.513	59.9
846.721	59.9
846.93	59.9
847.139	59.9
847.347	59.9
847.556	59.9
847.765	59.9
847.973	60
848.182	60
848.391	60
848.6	60
848.808	60
849.017	60
849.226	60
849.435	60
849.643	60
849.852	60
850.061	60.1
850.27	60.1
850.478	60.1
850.687	60.1
850.896	60.1
851.105	60.1
851.314	60.1
851.523	60.2
851.731	60.2
851.94	60.2
852.149	60.2
852.358	60.3
852.567	60.2
852.776	60.3
852.985	60.3
853.194	60.3
853.403	60.3
853.612	60.3
853.821	60.3
854.03	60.3
854.239	60.3
854.447	60.3
854.656	60.4
854.865	60.4
855.075	60.4
855.284	60.4
855.493	60.4
855.702	60.2
855.911	60.2
856.12	60.2
856.329	60.3
856.538	60.3
856.747	60.3
856.956	60.3
857.165	60.3
857.374	60.3
857.584	60.4
857.793	60.4
858.002	60.4
858.211	60.3
858.42	60.3
858.629	60.3
858.839	60.3
859.048	60.3
859.257	60.3
859.466	60.3
859.676	60.3
859.885	60.4
860.094	60.4
860.304	60.4
860.513	60.4
860.722	60.4
860.932	60.4
861.141	60.4
861.35	60.4
861.56	60.4
861.769	60.4
861.978	60.4
862.188	60.5
862.397	60.5
862.607	60.5
862.816	60.5
863.026	60.5
863.235	60.5
863.445	60.5
863.654	60.5
863.864	60.6
864.073	60.6
864.283	60.6
864.492	60.6
864.702	60.6
864.911	60.6
865.121	60.6
865.33	60.6
865.54	60.6
865.75	60.6
865.959	60.6
866.169	60.6
866.379	60.6
866.588	60.6
866.798	60.6
867.008	60.6
867.218	60.6
867.427	60.7
867.637	60.7
867.847	60.7
868.057	60.7
868.266	60.7
868.476	60.7
868.686	60.7
868.896	60.7
869.106	60.7
869.316	60.7
869.525	60.7
869.735	60.7
869.945	60.7
870.155	60.7
870.365	60.7
870.575	60.7
870.785	60.7
870.995	60.7
871.205	60.7
871.415	60.7
871.625	60.7
871.835	60.7
872.045	60.7
872.255	60.7
872.465	60.7
872.675	60.7
872.886	60.7
873.096	60.8
873.306	60.8
873.516	60.8
873.726	60.8
873.936	60.8
874.147	60.8
874.357	60.8
874.567	60.8
874.777	60.8
874.988	60.8
875.198	60.8
875.408	60.8
875.619	60.8
875.829	60.8
876.039	60.8
876.25	60.8
876.46	60.8
876.67	60.8
876.881	60.8
877.091	60.8
877.302	60.8
877.512	60.8
877.723	60.8
877.933	60.8
878.144	60.8
878.354	60.7
878.565	60.7
878.775	60.7
878.986	60.7
879.197	60.7
879.407	60.7
879.618	60.6
879.829	60.6
880.039	60.6
880.25	60.6
880.461	60.6
880.671	60.6
880.882	60.6
881.093	60.6
881.304	60.6
881.515	60.6
881.725	60.6
881.936	60.6
882.147	60.6
882.358	60.6
882.569	60.6
882.78	60.6
882.991	60.6
883.202	60.6
883.413	60.6
883.624	60.6
883.835	60.6
884.046	60.6
884.257	60.6
884.468	60.6
884.679	60.7
884.89	60.7
885.101	60.7
885.312	60.7
885.523	60.7
885.735	60.8
885.946	60.8
886.157	60.8
886.368	60.8
886.579	60.9
886.791	60.9
887.002	60.9
887.213	60.9
887.425	60.9
887.636	60.9
887.847	61
888.059	61
888.27	61
888.481	61.1
888.693	61.1
888.904	61.1
889.116	61.1
889.327	61.1
889.539	61.1
889.75	61.1
889.962	61.2
890.174	61.2
890.385	61.2
890.597	61.2
890.808	61.2
891.02	61.2
891.232	61.2
891.444	61.2
891.655	61.2
891.867	61.2
892.079	61.2
892.291	61.2
892.502	61.2
892.714	61.2
892.926	61.2
893.138	61.2
893.35	61.3
893.562	61.3
893.774	61.3
893.986	61.3
894.198	61.2
894.41	61.2
894.622	61.2
894.834	61.2
895.046	61.2
895.258	61.2
895.47	61.2
895.682	61.2
895.894	61.2
896.106	61.2
896.319	61.2
896.531	61.2
896.743	61.2
896.955	61.2
897.168	61.3
897.38	61.3
897.592	61.3
897.805	61.3
898.017	61.4
898.229	61.4
898.442	61.4
898.654	61.4
898.867	61.4
899.079	61.3
899.292	61.4
899.504	61.4
899.717	61.4
899.929	61.4
900.142	61.4
900.355	61.4
900.567	61.4
900.78	61.4
900.993	61.4
901.205	61.4
901.418	61.4
901.631	61.4
901.844	61.3
902.056	61.3
902.269	61.3
902.482	61.3
902.695	61.3
902.908	61.3
903.121	61.3
903.334	61.2
903.547	61.2
903.76	61.2
903.973	61.2
904.186	61.2
904.399	61.2
904.612	61.2
904.825	61.2
905.038	61.3
905.251	61.3
905.465	61.3
905.678	61.3
905.891	61.2
906.104	61.2
906.318	61.2
906.531	61.2
906.744	61.2
906.958	61.2
907.171	61.2
907.384	61.2
907.598	61.2
907.811	61.2
908.025	61.2
908.238	61.2
908.452	61.1
908.665	61.1
908.879	61.1
909.093	61.1
909.306	61.1
909.52	61.1
909.734	61.1
909.947	61.1
910.161	61
910.375	61
910.589	61
910.803	61.1
911.016	61.1
911.23	61.1
911.444	61.1
911.658	61.1
911.872	61.1
912.086	61.1
912.3	61.1
912.514	61.1
912.728	61.1
912.942	61.1
913.156	61.1
913.37	61.1
913.585	61
913.799	61
914.013	61
914.227	61
914.442	61
914.656	61
914.87	61
915.084	61
915.299	61
915.513	61
915.728	61
915.942	61
916.157	61
916.371	61
916.586	61
916.8	61
917.015	61
917.229	61
917.444	61
917.659	61
917.874	60.9
918.088	61
918.303	61
918.518	61
918.733	61
918.947	61
919.162	61.1
919.377	61.1
919.592	61.1
919.807	61.1
920.022	61.1
920.237	61
920.452	61.1
920.667	61
920.882	61
921.097	61
921.313	61
921.528	61
921.743	61
921.958	61
922.174	61
922.389	61.1
922.604	61.1
922.82	61.1
923.035	61.1
923.25	61.1
923.466	61.1
923.681	61.1
923.897	61.1
924.112	61.1
924.328	61.1
924.544	61.1
924.759	61.1
924.975	61.2
925.19	61.2
925.406	61.2
925.622	61.2
925.838	61.3
926.054	61.3
926.269	61.3
926.485	61.3
926.701	61.3
926.917	61.2
927.133	61.3
927.349	61.3
927.565	61.3
927.781	61.3
927.997	61.3
928.213	61.3
928.429	61.3
928.646	61.4
928.862	61.4
929.078	61.5
929.294	61.5
929.511	61.5
929.727	61.5
929.943	61.6
930.16	61.6
930.376	61.6
930.592	61.6
930.809	61.6
931.025	61.7
931.242	61.7
931.459	61.7
931.675	61.7
931.892	61.7
932.108	61.8
932.325	61.8
932.542	61.8
932.759	61.8
932.975	61.8
933.192	61.8
933.409	61.8
933.626	61.7
933.843	61.7
934.06	61.6
934.277	61.5
934.494	61.5
934.711	61.4
934.928	61.4
935.145	61.3
935.362	61.3
935.58	61.3
935.797	61.2
936.014	61.2
936.231	61.1
936.449	61
936.666	60.9
936.883	60.8
937.101	60.7
937.318	60.7
937.536	60.6
937.753	60.5
937.971	60.4
938.188	60.3
938.406	60.3
938.624	60.3
938.841	60.2
939.059	60.1
939.277	60.1
939.494	60
939.712	59.9
939.93	59.8
