360.161	12.4
360.333	12.3
360.504	12.3
360.676	12.3
360.847	12.2
361.019	12.2
361.19	12.3
361.361	12.3
361.533	12.3
361.704	12.2
361.876	12.2
362.047	12.3
362.219	12.3
362.391	12.3
362.562	12.3
362.734	12.3
362.905	12.3
363.077	12.3
363.248	12.2
363.42	12.2
363.592	12.2
363.763	12.2
363.935	12.1
364.106	12.2
364.278	12.2
364.45	12.2
364.621	12.2
364.793	12.2
364.965	12.3
365.137	12.2
365.308	12.2
365.48	12.2
365.652	12.3
365.824	12.2
365.995	12.2
366.167	12.1
366.339	12.2
366.511	12.1
366.683	12.2
366.854	12.2
367.026	12.1
367.198	12.2
367.37	12.2
367.542	12.2
367.714	12.2
367.886	12.2
368.058	12.1
368.23	12.2
368.402	12.2
368.574	12.2
368.746	12.2
368.918	12.2
369.09	12.1
369.262	12.1
369.434	12.1
369.606	12.1
369.778	12.1
369.95	12.1
370.122	12.1
370.294	12.1
370.467	12.1
370.639	12.1
370.811	12.1
370.983	12.2
371.155	12.1
371.328	12.1
371.5	12.1
371.672	12.1
371.844	12.1
372.017	12.1
372.189	12.1
372.361	12.1
372.534	12
372.706	12
372.878	12
373.051	12
373.223	11.9
373.396	11.9
373.568	11.9
373.741	11.8
373.913	11.8
374.086	11.8
374.258	11.8
374.431	11.9
374.603	11.9
374.776	11.9
374.949	11.9
375.121	11.9
375.294	11.9
375.467	11.9
375.639	11.8
375.812	11.8
375.985	11.8
376.157	11.8
376.33	11.9
376.503	11.9
376.676	11.9
376.849	11.8
377.021	11.8
377.194	11.8
377.367	11.8
377.54	11.8
377.713	11.8
377.886	11.8
378.059	11.8
378.232	11.8
378.405	11.8
378.578	11.8
378.751	11.8
378.924	11.8
379.097	11.8
379.27	11.8
379.444	11.9
379.617	11.9
379.79	11.9
379.963	11.9
380.136	11.9
380.31	11.9
380.483	11.9
380.656	11.9
380.829	11.9
381.003	11.8
381.176	11.9
381.35	11.9
381.523	11.9
381.696	11.8
381.87	11.9
382.043	11.9
382.217	11.9
382.39	11.9
382.564	11.9
382.738	11.9
382.911	11.9
383.085	11.9
383.258	11.8
383.432	11.9
383.606	11.9
383.779	11.9
383.953	11.9
384.127	11.9
384.301	11.9
384.475	11.9
384.648	11.9
384.822	11.9
384.996	11.9
385.17	11.9
385.344	11.9
385.518	11.9
385.692	11.8
385.866	11.9
386.04	11.9
386.214	11.9
386.388	11.9
386.562	11.9
386.737	11.9
386.911	11.9
387.085	12
387.259	12
387.434	12
387.608	12
387.782	12
387.956	12.1
388.131	12.1
388.305	12.1
388.48	12.1
388.654	12.1
388.829	12.1
389.003	12.1
389.178	12.1
389.352	12.2
389.527	12.2
389.701	12.2
389.876	12.2
390.051	12.3
390.226	12.3
390.4	12.3
390.575	12.3
390.75	12.4
390.925	12.4
391.099	12.4
391.274	12.4
391.449	12.4
391.624	12.4
391.799	12.5
391.974	12.5
392.149	12.5
392.324	12.5
392.499	12.5
392.675	12.6
392.85	12.6
393.025	12.6
393.2	12.6
393.375	12.6
393.551	12.6
393.726	12.6
393.901	12.6
394.077	12.7
394.252	12.7
394.427	12.7
394.603	12.7
394.778	12.7
394.954	12.7
395.129	12.7
395.305	12.8
395.481	12.8
395.656	12.8
395.832	12.8
396.008	12.8
396.184	12.8
396.359	12.8
396.535	12.8
396.711	12.8
396.887	12.8
397.063	12.8
397.239	12.8
397.415	12.9
397.591	12.9
397.767	12.9
397.943	12.8
398.119	12.8
398.295	12.9
398.471	12.9
398.648	12.9
398.824	12.9
399	12.9
399.176	13
399.353	13
399.529	13
399.706	13.1
399.882	13.1
400.058	13.1
400.235	13.1
400.412	13.1
400.588	13.1
400.765	13.2
400.942	13.2
401.118	13.2
401.295	13.2
401.472	13.3
401.649	13.3
401.825	13.3
402.002	13.3
402.179	13.3
402.356	13.3
402.533	13.3
402.71	13.3
402.887	13.4
403.064	13.4
403.242	13.4
403.419	13.4
403.596	13.5
403.773	13.5
403.95	13.5
404.128	13.5
404.305	13.6
404.483	13.6
404.66	13.6
404.837	13.7
405.015	13.7
405.193	13.7
405.37	13.7
405.548	13.7
405.725	13.8
405.903	13.8
406.081	13.8
406.259	13.8
406.437	13.8
406.614	13.9
406.792	13.9
406.97	13.9
407.148	13.9
407.326	13.9
407.504	13.9
407.682	14
407.86	14
408.039	14
408.217	14
408.395	14
408.573	14
408.751	14.1
408.93	14.1
409.108	14.1
409.287	14.1
409.465	14.2
409.643	14.2
409.822	14.2
410	14.2
410.179	14.3
410.358	14.3
410.536	14.3
410.715	14.3
410.894	14.3
411.072	14.3
411.251	14.3
411.43	14.4
411.609	14.4
411.788	14.4
411.967	14.4
412.146	14.4
412.325	14.5
412.504	14.5
412.683	14.5
412.862	14.5
413.041	14.6
413.22	14.6
413.399	14.6
413.578	14.6
413.758	14.6
413.937	14.6
414.116	14.7
414.296	14.7
414.475	14.7
414.654	14.7
414.834	14.8
415.013	14.8
415.193	14.8
415.372	14.8
415.552	14.8
415.732	14.9
415.911	14.9
416.091	14.9
416.271	14.9
416.45	14.9
416.63	15
416.81	15
416.99	15
417.169	15
417.349	15
417.529	15
417.709	15
417.889	15.1
418.069	15.1
418.249	15.1
418.429	15.1
418.609	15.1
418.789	15.2
418.97	15.2
419.15	15.2
419.33	15.2
419.51	15.2
419.691	15.2
419.871	15.3
420.051	15.3
420.232	15.3
420.412	15.3
420.592	15.3
420.773	15.3
420.953	15.3
421.134	15.4
421.314	15.4
421.495	15.4
421.675	15.4
421.856	15.4
422.037	15.4
422.217	15.4
422.398	15.4
422.579	15.4
422.76	15.5
422.94	15.5
423.121	15.5
423.302	15.5
423.483	15.5
423.664	15.6
423.845	15.6
424.026	15.6
424.207	15.6
424.388	15.6
424.569	15.6
424.75	15.7
424.931	15.7
425.112	15.7
425.293	15.7
425.474	15.7
425.655	15.7
425.837	15.8
426.018	15.8
426.199	15.8
426.38	15.8
426.562	15.8
426.743	15.8
426.924	15.8
427.106	15.8
427.287	15.8
427.469	15.9
427.65	15.9
427.832	15.9
428.013	15.9
428.195	15.9
428.376	15.9
428.558	15.9
428.739	15.9
428.921	16
429.103	16
429.284	16
429.466	16
429.648	16
429.83	16
430.011	16
430.193	16
430.375	16.1
430.557	16.1
430.739	16.1
430.921	16.1
431.102	16.1
431.284	16.1
431.466	16.1
431.648	16.1
431.83	16.1
432.012	16.1
432.194	16.2
432.377	16.2
432.559	16.2
432.741	16.2
432.923	16.2
433.105	16.2
433.287	16.2
433.469	16.3
433.652	16.3
433.834	16.3
434.016	16.3
434.198	16.3
434.381	16.3
434.563	16.4
434.745	16.4
434.928	16.4
435.11	16.4
435.293	16.4
435.475	16.4
435.658	16.4
435.84	16.4
436.022	16.5
436.205	16.5
436.388	16.5
436.57	16.5
436.753	16.5
436.935	16.6
437.118	16.6
437.301	16.6
437.483	16.6
437.666	16.6
437.849	16.6
438.031	16.6
438.214	16.6
438.397	16.7
438.58	16.7
438.762	16.7
438.945	16.7
439.128	16.7
439.311	16.8
439.494	16.8
439.677	16.8
439.859	16.8
440.042	16.8
440.225	16.8
440.408	16.8
440.591	16.8
440.774	16.8
440.957	16.8
441.14	16.8
441.323	16.9
441.507	16.9
441.69	16.9
441.873	16.9
442.056	16.9
442.239	16.9
442.422	16.9
442.605	16.9
442.789	16.9
442.972	16.9
443.155	16.9
443.338	16.9
443.522	17
443.705	17
443.888	17
444.072	17
444.255	17
444.438	17
444.622	17
444.805	17
444.989	17
445.172	17
445.356	17
445.539	17
445.723	17
445.906	17
446.09	17
446.273	17
446.457	17
446.64	17.1
446.824	17.1
447.008	17.1
447.191	17.1
447.375	17.1
447.559	17.1
447.742	17.1
447.926	17.1
448.11	17.1
448.293	17.1
448.477	17.1
448.661	17.1
448.845	17.1
449.029	17.1
449.212	17.1
449.396	17.1
449.58	17.1
449.764	17.1
449.948	17.1
450.132	17.1
450.316	17.1
450.5	17.1
450.684	17.1
450.868	17.1
451.052	17.1
451.236	17.1
451.42	17.1
451.604	17.1
451.788	17.1
451.972	17.1
452.156	17.1
452.34	17.1
452.525	17.1
452.709	17.2
452.893	17.2
453.077	17.2
453.261	17.2
453.446	17.1
453.63	17.1
453.814	17.1
453.998	17.1
454.183	17.1
454.367	17.1
454.551	17.1
454.736	17.1
454.92	17.1
455.104	17.1
455.289	17.1
455.473	17.1
455.658	17.1
455.842	17.1
456.026	17.1
456.211	17.1
456.395	17.1
456.58	17.1
456.764	17.1
456.949	17.1
457.134	17.1
457.318	17.1
457.503	17.1
457.687	17.1
457.872	17.1
458.057	17.1
458.241	17.1
458.426	17.1
458.611	17.1
458.795	17
458.98	17
459.165	17
459.349	17
459.534	17
459.719	17
459.904	17
460.088	17
460.273	17
460.458	17
460.643	17
460.828	17
461.013	17
461.198	17
461.382	17
461.567	17
461.752	16.9
461.937	16.9
462.122	16.9
462.307	16.9
462.492	16.9
462.677	16.9
462.862	16.9
463.047	16.9
463.232	16.9
463.417	16.9
463.602	16.9
463.788	16.8
463.973	16.8
464.158	16.8
464.343	16.8
464.528	16.8
464.713	16.8
464.898	16.8
465.084	16.8
465.269	16.7
465.454	16.7
465.639	16.7
465.824	16.7
466.01	16.7
466.195	16.7
466.38	16.6
466.566	16.6
466.751	16.6
466.936	16.6
467.122	16.6
467.307	16.6
467.492	16.5
467.678	16.5
467.863	16.5
468.048	16.5
468.234	16.5
468.419	16.5
468.605	16.5
468.79	16.4
468.976	16.4
469.161	16.4
469.347	16.4
469.532	16.4
469.718	16.3
469.903	16.3
470.089	16.3
470.274	16.3
470.46	16.2
470.646	16.2
470.831	16.2
471.017	16.2
471.202	16.1
471.388	16.1
471.574	16.1
471.759	16.1
471.945	16.1
472.131	16
472.317	16
472.502	16
472.688	16
472.874	15.9
473.059	15.9
473.245	15.9
473.431	15.9
473.617	15.8
473.803	15.8
473.988	15.8
474.174	15.8
474.36	15.7
474.546	15.7
474.732	15.7
474.918	15.7
475.104	15.6
475.29	15.6
475.475	15.6
475.661	15.6
475.847	15.5
476.033	15.5
476.219	15.5
476.405	15.5
476.591	15.4
476.777	15.4
476.963	15.4
477.149	15.3
477.335	15.3
477.521	15.3
477.707	15.3
477.893	15.2
478.08	15.2
478.266	15.2
478.452	15.2
478.638	15.1
478.824	15.1
479.01	15.1
479.196	15
479.382	15
479.569	15
479.755	15
479.941	14.9
480.127	14.9
480.313	14.9
480.5	14.8
480.686	14.8
480.872	14.8
481.058	14.8
481.245	14.7
481.431	14.7
481.617	14.7
481.803	14.6
481.99	14.6
482.176	14.6
482.362	14.5
482.549	14.5
482.735	14.5
482.921	14.4
483.108	14.4
483.294	14.4
483.481	14.3
483.667	14.3
483.853	14.3
484.04	14.2
484.226	14.2
484.413	14.2
484.599	14.1
484.786	14.1
484.972	14.1
485.159	14.1
485.345	14
485.532	14
485.718	14
485.905	13.9
486.091	13.9
486.278	13.9
486.464	13.8
486.651	13.8
486.837	13.8
487.024	13.7
487.211	13.7
487.397	13.7
487.584	13.7
487.77	13.6
487.957	13.6
488.144	13.6
488.33	13.5
488.517	13.5
488.704	13.5
488.89	13.4
489.077	13.4
489.264	13.4
489.45	13.3
489.637	13.3
489.824	13.3
490.01	13.2
490.197	13.2
490.384	13.2
490.571	13.1
490.757	13.1
490.944	13.1
491.131	13
491.318	13
491.505	13
491.691	12.9
491.878	12.9
492.065	12.9
492.252	12.9
492.439	12.8
492.626	12.8
492.812	12.7
492.999	12.7
493.186	12.7
493.373	12.6
493.56	12.6
493.747	12.6
493.934	12.5
494.121	12.5
494.308	12.5
494.494	12.4
494.681	12.4
494.868	12.4
495.055	12.4
495.242	12.3
495.429	12.3
495.616	12.3
495.803	12.2
495.99	12.2
496.177	12.2
496.364	12.1
496.551	12.1
496.738	12.1
496.925	12
497.112	12
497.299	12
497.486	11.9
497.673	11.9
497.861	11.9
498.048	11.9
498.235	11.8
498.422	11.8
498.609	11.8
498.796	11.7
498.983	11.7
499.17	11.7
499.357	11.7
499.544	11.6
499.732	11.6
499.919	11.6
500.106	11.5
500.293	11.5
500.48	11.5
500.667	11.4
500.855	11.4
501.042	11.4
501.229	11.4
501.416	11.3
501.603	11.3
501.791	11.3
501.978	11.2
502.165	11.2
502.352	11.2
502.54	11.1
502.727	11.1
502.914	11.1
503.101	11
503.289	11
503.476	11
503.663	11
503.85	10.9
504.038	10.9
504.225	10.9
504.412	10.8
504.6	10.8
504.787	10.8
504.974	10.8
505.161	10.7
505.349	10.7
505.536	10.7
505.723	10.6
505.911	10.6
506.098	10.6
506.286	10.5
506.473	10.5
506.66	10.5
506.848	10.5
507.035	10.4
507.222	10.4
507.41	10.4
507.597	10.3
507.785	10.3
507.972	10.3
508.159	10.3
508.347	10.2
508.534	10.2
508.722	10.2
508.909	10.2
509.097	10.1
509.284	10.1
509.471	10.1
509.659	10.1
509.846	10
510.034	10
510.221	10
510.409	10
510.596	9.9
510.784	9.9
510.971	9.9
511.159	9.9
511.346	9.8
511.534	9.8
511.721	9.8
511.909	9.8
512.096	9.7
512.284	9.7
512.471	9.7
512.659	9.7
512.846	9.6
513.034	9.6
513.221	9.6
513.409	9.6
513.596	9.5
513.784	9.5
513.972	9.5
514.159	9.5
514.347	9.4
514.534	9.4
514.722	9.4
514.909	9.4
515.097	9.3
515.285	9.3
515.472	9.3
515.66	9.3
515.847	9.3
516.035	9.2
516.222	9.2
516.41	9.2
516.598	9.2
516.785	9.1
516.973	9.1
517.161	9.1
517.348	9.1
517.536	9.1
517.723	9
517.911	9
518.099	9
518.286	9
518.474	9
518.662	8.9
518.849	8.9
519.037	8.9
519.225	8.9
519.412	8.9
519.6	8.8
519.787	8.8
519.975	8.8
520.163	8.8
520.35	8.8
520.538	8.8
520.726	8.7
520.914	8.7
521.101	8.7
521.289	8.7
521.477	8.7
521.664	8.7
521.852	8.6
522.04	8.6
522.227	8.6
522.415	8.6
522.603	8.6
522.79	8.5
522.978	8.5
523.166	8.5
523.354	8.5
523.541	8.5
523.729	8.5
523.917	8.4
524.104	8.4
524.292	8.4
524.48	8.4
524.668	8.4
524.855	8.4
525.043	8.3
525.231	8.3
525.418	8.3
525.606	8.3
525.794	8.3
525.982	8.3
526.169	8.3
526.357	8.2
526.545	8.2
526.733	8.2
526.92	8.2
527.108	8.2
527.296	8.2
527.484	8.1
527.671	8.1
527.859	8.1
528.047	8.1
528.235	8.1
528.422	8.1
528.61	8.1
528.798	8
528.986	8
529.173	8
529.361	8
529.549	8
529.737	8
529.924	8
530.112	8
530.3	7.9
530.488	7.9
530.675	7.9
530.863	7.9
531.051	7.9
531.239	7.9
531.426	7.9
531.614	7.9
531.802	7.9
531.99	7.9
532.177	7.8
532.365	7.8
532.553	7.8
532.741	7.8
532.928	7.8
533.116	7.8
533.304	7.8
533.492	7.8
533.679	7.8
533.867	7.7
534.055	7.7
534.243	7.7
534.431	7.7
534.618	7.7
534.806	7.7
534.994	7.7
535.182	7.7
535.369	7.7
535.557	7.7
535.745	7.7
535.933	7.7
536.12	7.7
536.308	7.6
536.496	7.6
536.684	7.6
536.871	7.6
537.059	7.6
537.247	7.6
537.435	7.6
537.622	7.6
537.81	7.6
537.998	7.6
538.186	7.6
538.373	7.6
538.561	7.6
538.749	7.5
538.937	7.5
539.124	7.5
539.312	7.5
539.5	7.5
539.688	7.5
539.875	7.5
540.063	7.5
540.251	7.5
540.439	7.5
540.626	7.5
540.814	7.5
541.002	7.5
541.19	7.4
541.377	7.4
541.565	7.4
541.753	7.4
541.941	7.4
542.128	7.4
542.316	7.4
542.504	7.4
542.691	7.4
542.879	7.4
543.067	7.4
543.255	7.4
543.442	7.4
543.63	7.3
543.818	7.3
544.005	7.3
544.193	7.3
544.381	7.3
544.568	7.3
544.756	7.3
544.944	7.3
545.132	7.3
545.319	7.3
545.507	7.3
545.695	7.3
545.882	7.3
546.07	7.3
546.258	7.3
546.445	7.2
546.633	7.2
546.821	7.2
547.008	7.2
547.196	7.2
547.384	7.2
547.571	7.2
547.759	7.2
547.947	7.2
548.134	7.2
548.322	7.2
548.51	7.2
548.697	7.1
548.885	7.1
549.073	7.1
549.26	7.1
549.448	7.1
549.636	7.1
549.823	7.1
550.011	7.1
550.199	7.1
550.386	7.1
550.574	7.1
550.762	7.1
550.949	7.1
551.137	7.1
551.325	7.1
551.512	7.1
551.7	7
551.888	7
552.075	7
552.263	7
552.451	7
552.639	7
552.826	7
553.014	7
553.202	7
553.389	7
553.577	7
553.765	7
553.953	7
554.14	7
554.328	7
554.516	7
554.704	7
554.891	6.9
555.079	6.9
555.267	6.9
555.455	6.9
555.643	6.9
555.83	6.9
556.018	6.9
556.206	6.9
556.394	6.9
556.582	6.9
556.77	6.9
556.957	6.9
557.145	6.9
557.333	6.9
557.521	6.9
557.709	6.9
557.897	6.9
558.085	6.9
558.273	6.9
558.461	6.8
558.649	6.8
558.837	6.8
559.025	6.8
559.213	6.8
559.4	6.8
559.588	6.8
559.777	6.8
559.965	6.8
560.153	6.8
560.341	6.8
560.529	6.8
560.717	6.8
560.905	6.8
561.093	6.8
561.281	6.8
561.469	6.8
561.657	6.8
561.845	6.7
562.034	6.7
562.222	6.7
562.41	6.7
562.598	6.7
562.786	6.7
562.975	6.7
563.163	6.7
563.351	6.7
563.539	6.7
563.728	6.7
563.916	6.7
564.104	6.7
564.293	6.7
564.481	6.7
564.67	6.7
564.858	6.6
565.046	6.6
565.235	6.6
565.423	6.6
565.612	6.6
565.8	6.6
565.989	6.6
566.177	6.6
566.366	6.6
566.554	6.6
566.743	6.6
566.932	6.6
567.12	6.6
567.309	6.6
567.497	6.5
567.686	6.5
567.875	6.5
568.064	6.5
568.252	6.5
568.441	6.5
568.63	6.5
568.819	6.5
569.007	6.5
569.196	6.5
569.385	6.5
569.574	6.5
569.763	6.5
569.952	6.5
570.141	6.4
570.33	6.4
570.519	6.4
570.708	6.4
570.897	6.4
571.086	6.4
571.275	6.4
571.464	6.4
571.653	6.4
571.843	6.4
572.032	6.4
572.221	6.4
572.41	6.4
572.599	6.4
572.789	6.3
572.978	6.3
573.167	6.3
573.357	6.3
573.546	6.3
573.736	6.3
573.925	6.3
574.115	6.3
574.304	6.3
574.494	6.3
574.683	6.3
574.873	6.3
575.062	6.2
575.252	6.2
575.442	6.2
575.631	6.2
575.821	6.2
576.011	6.2
576.201	6.2
576.39	6.2
576.58	6.2
576.77	6.2
576.96	6.2
577.15	6.2
577.34	6.1
577.53	6.1
577.72	6.1
577.91	6.1
578.1	6.1
578.29	6.1
578.48	6.1
578.67	6.1
578.861	6.1
579.051	6.1
579.241	6.1
579.431	6.1
579.622	6.1
579.812	6
580.002	6
580.193	6
580.383	6
580.574	6
580.764	6
580.955	6
581.145	6
581.336	6
581.526	6
581.717	6
581.908	6
582.098	5.9
582.289	5.9
582.48	5.9
582.671	5.9
582.862	5.9
583.052	5.9
583.243	5.9
583.434	5.9
583.625	5.9
583.816	5.9
584.007	5.9
584.198	5.9
584.389	5.9
584.58	5.9
584.771	5.8
584.962	5.8
585.154	5.8
585.345	5.8
585.536	5.8
585.727	5.8
585.918	5.8
586.11	5.8
586.301	5.8
586.492	5.8
586.684	5.8
586.875	5.8
587.067	5.8
587.258	5.8
587.45	5.7
587.641	5.7
587.833	5.7
588.024	5.7
588.216	5.7
588.408	5.7
588.599	5.7
588.791	5.7
588.983	5.7
589.174	5.7
589.366	5.7
589.558	5.7
589.75	5.7
589.942	5.7
590.134	5.7
590.326	5.7
590.518	5.7
590.71	5.6
590.902	5.6
591.094	5.6
591.286	5.6
591.478	5.6
591.67	5.6
591.862	5.6
592.054	5.6
592.246	5.6
592.439	5.6
592.631	5.6
592.823	5.6
593.016	5.6
593.208	5.6
593.4	5.6
593.593	5.6
593.785	5.5
593.978	5.5
594.17	5.5
594.363	5.5
594.555	5.5
594.748	5.5
594.94	5.5
595.133	5.5
595.326	5.5
595.518	5.5
595.711	5.5
595.904	5.5
596.096	5.5
596.289	5.5
596.482	5.5
596.675	5.5
596.868	5.5
597.061	5.5
597.254	5.4
597.447	5.4
597.64	5.4
597.833	5.4
598.026	5.4
598.219	5.4
598.412	5.4
598.605	5.4
598.798	5.4
598.991	5.4
599.184	5.4
599.378	5.4
599.571	5.4
599.764	5.4
599.957	5.4
600.151	5.4
600.344	5.4
600.538	5.4
600.731	5.4
600.924	5.4
601.118	5.4
601.311	5.4
601.505	5.4
601.698	5.4
601.892	5.3
602.086	5.3
602.279	5.3
602.473	5.3
602.667	5.3
602.86	5.3
603.054	5.3
603.248	5.3
603.442	5.3
603.635	5.3
603.829	5.3
604.023	5.3
604.217	5.3
604.411	5.3
604.605	5.3
604.799	5.3
604.993	5.3
605.187	5.3
605.381	5.3
605.575	5.3
605.769	5.3
605.963	5.3
606.157	5.3
606.352	5.3
606.546	5.3
606.74	5.3
606.934	5.2
607.129	5.2
607.323	5.2
607.517	5.2
607.712	5.2
607.906	5.2
608.1	5.2
608.295	5.2
608.489	5.2
608.684	5.2
608.878	5.2
609.073	5.2
609.267	5.2
609.462	5.2
609.657	5.2
609.851	5.2
610.046	5.2
610.241	5.2
610.435	5.2
610.63	5.2
610.825	5.2
611.02	5.2
611.215	5.2
611.41	5.2
611.604	5.2
611.799	5.2
611.994	5.2
612.189	5.2
612.384	5.2
612.579	5.2
612.774	5.2
612.969	5.2
613.164	5.2
613.359	5.2
613.555	5.1
613.75	5.1
613.945	5.1
614.14	5.1
614.335	5.1
614.531	5.1
614.726	5.1
614.921	5.1
615.117	5.1
615.312	5.1
615.507	5.1
615.703	5.1
615.898	5.1
616.094	5.1
616.289	5.1
616.485	5.1
616.68	5.1
616.876	5.1
617.071	5.1
617.267	5.1
617.463	5.1
617.658	5.1
617.854	5.1
618.05	5.1
618.245	5.1
618.441	5.1
618.637	5.1
618.833	5.1
619.029	5.1
619.225	5.1
619.42	5.1
619.616	5.1
619.812	5.1
620.008	5.1
620.204	5.1
620.4	5.1
620.596	5.1
620.792	5.1
620.988	5.1
621.184	5.1
621.381	5.1
621.577	5
621.773	5
621.969	5
622.165	5
622.362	5
622.558	5
622.754	5
622.951	5
623.147	5
623.343	5
623.54	5
623.736	5
623.933	5
624.129	5
624.326	5
624.522	5
624.719	5
624.915	5
625.112	5
625.308	5
625.505	5
625.702	5
625.898	5
626.095	5
626.292	5
626.489	5
626.685	5
626.882	5
627.079	5
627.276	5
627.473	5
627.67	5
627.866	5
628.063	5
628.26	5
628.457	5
628.654	5
628.851	5
629.048	5
629.246	5
629.443	5
629.64	5
629.837	5
630.034	5
630.231	5
630.429	5
630.626	5
630.823	5
631.02	5
631.218	5
631.415	5
631.612	5
631.81	5
632.007	5
632.205	5
632.402	5
632.6	5
632.797	5
632.995	5
633.192	5
633.39	5
633.587	5
633.785	5
633.983	5
634.18	5
634.378	5
634.576	5
634.773	5
634.971	5
635.169	5
635.367	5
635.565	5
635.762	5
635.96	5
636.158	5
636.356	5
636.554	5
636.752	5
636.95	5
637.148	5
637.346	5
637.544	5
637.742	5
637.94	5
638.138	5
638.337	5
638.535	5
638.733	5
638.931	5
639.129	5
639.328	5
639.526	5.1
639.724	5.1
639.922	5.1
640.121	5.1
640.319	5.1
640.518	5.1
640.716	5.1
640.914	5.1
641.113	5.1
641.311	5.1
641.51	5.1
641.708	5.1
641.907	5.1
642.105	5.1
642.304	5.1
642.503	5.1
642.701	5.1
642.9	5.1
643.098	5.1
643.297	5.1
643.496	5.1
643.695	5.1
643.893	5.1
644.092	5.1
644.291	5.1
644.49	5.1
644.689	5.1
644.887	5.1
645.086	5.1
645.285	5.1
645.484	5.1
645.683	5.1
645.882	5.1
646.081	5.1
646.28	5.1
646.479	5.2
646.678	5.2
646.877	5.2
647.076	5.2
647.276	5.2
647.475	5.2
647.674	5.2
647.873	5.2
648.072	5.2
648.271	5.2
648.471	5.2
648.67	5.2
648.869	5.2
649.069	5.2
649.268	5.2
649.467	5.2
649.667	5.2
649.866	5.2
650.065	5.2
650.265	5.2
650.464	5.2
650.664	5.2
650.863	5.2
651.063	5.2
651.262	5.2
651.462	5.3
651.662	5.3
651.861	5.3
652.061	5.3
652.26	5.3
652.46	5.3
652.66	5.3
652.859	5.3
653.059	5.3
653.259	5.3
653.459	5.3
653.658	5.3
653.858	5.3
654.058	5.3
654.258	5.3
654.458	5.3
654.658	5.3
654.858	5.3
655.058	5.3
655.258	5.3
655.457	5.4
655.657	5.4
655.857	5.4
656.058	5.4
656.258	5.4
656.458	5.4
656.658	5.4
656.858	5.4
657.058	5.4
657.258	5.4
657.458	5.4
657.659	5.4
657.859	5.4
658.059	5.4
658.259	5.5
658.459	5.5
658.66	5.5
658.86	5.5
659.06	5.5
659.261	5.5
659.461	5.5
659.662	5.5
659.862	5.5
660.062	5.5
660.263	5.5
660.463	5.5
660.664	5.5
660.864	5.5
661.065	5.5
661.265	5.6
661.466	5.6
661.667	5.6
661.867	5.6
662.068	5.6
662.268	5.6
662.469	5.6
662.67	5.6
662.87	5.6
663.071	5.6
663.272	5.6
663.473	5.7
663.674	5.7
663.874	5.7
664.075	5.7
664.276	5.7
664.477	5.7
664.678	5.7
664.879	5.7
665.08	5.7
665.28	5.7
665.481	5.8
665.682	5.8
665.883	5.8
666.084	5.8
666.285	5.8
666.486	5.8
666.688	5.8
666.889	5.8
667.09	5.8
667.291	5.9
667.492	5.9
667.693	5.9
667.894	5.9
668.096	5.9
668.297	5.9
668.498	5.9
668.699	5.9
668.901	5.9
669.102	6
669.303	6
669.505	6
669.706	6
669.907	6
670.109	6
670.31	6
670.511	6
670.713	6
670.914	6.1
671.116	6.1
671.317	6.1
671.519	6.1
671.72	6.1
671.922	6.1
672.124	6.1
672.325	6.2
672.527	6.2
672.728	6.2
672.93	6.2
673.132	6.2
673.333	6.2
673.535	6.2
673.737	6.2
673.939	6.3
674.14	6.3
674.342	6.3
674.544	6.3
674.746	6.3
674.948	6.3
675.149	6.3
675.351	6.3
675.553	6.4
675.755	6.4
675.957	6.4
676.159	6.4
676.361	6.4
676.563	6.4
676.765	6.5
676.967	6.5
677.169	6.5
677.371	6.5
677.573	6.5
677.775	6.5
677.977	6.6
678.179	6.6
678.381	6.6
678.583	6.6
678.786	6.6
678.988	6.6
679.19	6.7
679.392	6.7
679.594	6.7
679.797	6.7
679.999	6.7
680.201	6.8
680.404	6.8
680.606	6.8
680.808	6.8
681.011	6.8
681.213	6.9
681.415	6.9
681.618	6.9
681.82	6.9
682.023	6.9
682.225	7
682.428	7
682.63	7
682.833	7
683.035	7
683.238	7.1
683.44	7.1
683.643	7.1
683.845	7.1
684.048	7.1
684.251	7.2
684.453	7.2
684.656	7.2
684.859	7.2
685.061	7.3
685.264	7.3
685.467	7.3
685.67	7.3
685.872	7.3
686.075	7.4
686.278	7.4
686.481	7.4
686.684	7.4
686.886	7.4
687.089	7.4
687.292	7.5
687.495	7.5
687.698	7.5
687.901	7.5
688.104	7.6
688.307	7.6
688.51	7.6
688.713	7.6
688.916	7.6
689.119	7.7
689.322	7.7
689.525	7.7
689.728	7.7
689.931	7.8
690.134	7.8
690.337	7.8
690.54	7.8
690.744	7.8
690.947	7.9
691.15	7.9
691.353	7.9
691.556	7.9
691.76	7.9
691.963	8
692.166	8
692.37	8
692.573	8
692.776	8
692.979	8.1
693.183	8.1
693.386	8.1
693.59	8.1
693.793	8.2
693.996	8.2
694.2	8.2
694.403	8.2
694.607	8.2
694.81	8.3
695.014	8.3
695.217	8.3
695.421	8.3
695.624	8.4
695.828	8.4
696.031	8.4
696.235	8.4
696.439	8.5
696.642	8.5
696.846	8.5
697.049	8.5
697.253	8.5
697.457	8.6
697.661	8.6
697.864	8.6
698.068	8.6
698.272	8.7
698.475	8.7
698.679	8.7
698.883	8.7
699.087	8.7
699.291	8.8
699.494	8.8
699.698	8.8
699.902	8.8
700.106	8.8
700.31	8.9
700.514	8.9
700.718	8.9
700.922	8.9
701.126	8.9
701.33	9
701.534	9
701.738	9
701.942	9
702.146	9
702.35	9.1
702.554	9.1
702.758	9.1
702.962	9.1
703.166	9.1
703.37	9.1
703.574	9.2
703.778	9.2
703.983	9.2
704.187	9.2
704.391	9.2
704.595	9.3
704.799	9.3
705.004	9.3
705.208	9.3
705.412	9.3
705.616	9.3
705.821	9.3
706.025	9.4
706.229	9.4
706.434	9.4
706.638	9.4
706.842	9.4
707.047	9.4
707.251	9.5
707.455	9.5
707.66	9.5
707.864	9.5
708.069	9.5
708.273	9.5
708.478	9.5
708.682	9.6
708.887	9.6
709.091	9.6
709.296	9.6
709.5	9.6
709.705	9.6
709.909	9.6
710.114	9.6
710.319	9.7
710.523	9.7
710.728	9.7
710.932	9.7
711.137	9.7
711.342	9.7
711.546	9.7
711.751	9.7
711.956	9.8
712.161	9.8
712.365	9.8
712.57	9.8
712.775	9.8
712.98	9.8
713.184	9.8
713.389	9.8
713.594	9.8
713.799	9.9
714.004	9.9
714.209	9.9
714.413	9.9
714.618	9.9
714.823	9.9
715.028	9.9
715.233	9.9
715.438	9.9
715.643	9.9
715.848	9.9
716.053	10
716.258	10
716.463	10
716.668	10
716.873	10
717.078	10
717.283	10
717.488	10
717.693	10
717.898	10
718.103	10
718.308	10
718.514	10
718.719	10
718.924	10.1
719.129	10.1
719.334	10.1
719.539	10.1
719.745	10.1
719.95	10.1
720.155	10.1
720.36	10.1
720.566	10.1
720.771	10.1
720.976	10.1
721.182	10.1
721.387	10.1
721.592	10.1
721.798	10.1
722.003	10.1
722.208	10.1
722.414	10.1
722.619	10.1
722.824	10.1
723.03	10.1
723.235	10.1
723.441	10.1
723.646	10.2
723.852	10.2
724.057	10.2
724.263	10.2
724.468	10.2
724.674	10.2
724.879	10.2
725.085	10.2
725.29	10.2
725.496	10.2
725.701	10.2
725.907	10.2
726.112	10.2
726.318	10.2
726.524	10.2
726.729	10.2
726.935	10.2
727.141	10.2
727.346	10.2
727.552	10.2
727.758	10.2
727.963	10.2
728.169	10.2
728.375	10.2
728.581	10.2
728.786	10.2
728.992	10.2
729.198	10.2
729.404	10.2
729.609	10.2
729.815	10.2
730.021	10.2
730.227	10.2
730.433	10.2
730.639	10.2
730.844	10.2
731.05	10.2
731.256	10.2
731.462	10.2
731.668	10.2
731.874	10.2
732.08	10.2
732.286	10.2
732.492	10.2
732.698	10.2
732.904	10.2
733.11	10.2
733.316	10.2
733.522	10.2
733.728	10.2
733.934	10.2
734.14	10.2
734.346	10.2
734.552	10.2
734.758	10.2
734.964	10.2
735.17	10.2
735.376	10.2
735.583	10.2
735.789	10.2
735.995	10.2
736.201	10.2
736.407	10.2
736.613	10.2
736.819	10.2
737.026	10.2
737.232	10.2
737.438	10.2
737.644	10.2
737.851	10.2
738.057	10.2
738.263	10.2
738.469	10.2
738.676	10.2
738.882	10.2
739.088	10.2
739.295	10.2
739.501	10.2
739.707	10.2
739.914	10.2
740.12	10.2
740.326	10.2
740.533	10.2
740.739	10.1
740.946	10.1
741.152	10.1
741.358	10.1
741.565	10.1
741.771	10.1
741.978	10.1
742.184	10.1
742.391	10.1
742.597	10.1
742.804	10.1
743.01	10.1
743.217	10.1
743.423	10.1
743.63	10.1
743.836	10.1
744.043	10.1
744.249	10.1
744.456	10.1
744.663	10.1
744.869	10.1
745.076	10.1
745.282	10.1
745.489	10.1
745.696	10.1
745.902	10.1
746.109	10.1
746.316	10.1
746.522	10.1
746.729	10.1
746.936	10.1
747.142	10.1
747.349	10.1
747.556	10.1
747.762	10.1
747.969	10.1
748.176	10.1
748.383	10.1
748.589	10.1
748.796	10.1
749.003	10.1
749.21	10.1
749.417	10.1
749.623	10
749.83	10
750.037	10
750.244	10
750.451	10
750.658	10
750.865	10
751.071	10
751.278	10
751.485	10
751.692	10
751.899	10
752.106	10
752.313	10
752.52	10
752.727	10
752.934	10
753.141	10
753.348	10
753.555	10
753.762	10
753.969	10
754.176	10
754.383	10
754.59	10
754.797	10
755.004	10
755.211	9.9
755.418	9.9
755.625	9.9
755.832	9.9
756.039	9.9
756.246	9.9
756.453	9.9
756.66	9.9
756.868	9.9
757.075	9.9
757.282	9.9
757.489	9.9
757.696	9.9
757.903	9.9
758.111	9.9
758.318	9.9
758.525	9.9
758.732	9.9
758.939	9.9
759.147	9.9
759.354	9.9
759.561	9.9
759.768	9.9
759.976	9.9
760.183	9.9
760.39	9.9
760.597	9.9
760.805	9.9
761.012	9.9
761.219	9.8
761.426	9.8
761.634	9.8
761.841	9.8
762.048	9.8
762.256	9.8
762.463	9.8
762.67	9.8
762.878	9.8
763.085	9.8
763.293	9.8
763.5	9.8
763.707	9.8
763.915	9.8
764.122	9.8
764.33	9.8
764.537	9.8
764.744	9.8
764.952	9.8
765.159	9.8
765.367	9.8
765.574	9.8
765.782	9.8
765.989	9.8
766.197	9.8
766.404	9.8
766.612	9.8
766.819	9.8
767.027	9.8
767.234	9.8
767.442	9.8
767.649	9.8
767.857	9.8
768.064	9.8
768.272	9.8
768.479	9.8
768.687	9.8
768.895	9.8
769.102	9.8
769.31	9.8
769.517	9.8
769.725	9.8
769.933	9.8
770.14	9.8
770.348	9.8
770.555	9.7
770.763	9.8
770.971	9.8
771.178	9.7
771.386	9.7
771.594	9.7
771.801	9.7
772.009	9.8
772.217	9.7
772.424	9.7
772.632	9.7
772.84	9.7
773.047	9.7
773.255	9.7
773.463	9.7
773.671	9.7
773.878	9.7
774.086	9.7
774.294	9.7
774.502	9.7
774.709	9.7
774.917	9.7
775.125	9.7
775.333	9.7
775.54	9.7
775.748	9.7
775.956	9.7
776.164	9.7
776.371	9.7
776.579	9.7
776.787	9.7
776.995	9.7
777.203	9.7
777.41	9.7
777.618	9.7
777.826	9.7
778.034	9.7
778.242	9.7
778.45	9.7
778.657	9.7
778.865	9.8
779.073	9.8
779.281	9.8
779.489	9.7
779.697	9.8
779.905	9.8
780.112	9.8
780.32	9.8
780.528	9.7
780.736	9.7
780.944	9.7
781.152	9.7
781.36	9.7
781.568	9.7
781.776	9.7
781.984	9.7
782.191	9.7
782.399	9.7
782.607	9.7
782.815	9.7
783.023	9.7
783.231	9.7
783.439	9.7
783.647	9.7
783.855	9.7
784.063	9.7
784.271	9.7
784.479	9.7
784.687	9.7
784.895	9.7
785.103	9.7
785.311	9.7
785.519	9.7
785.727	9.7
785.935	9.7
786.143	9.7
786.351	9.7
786.559	9.7
786.767	9.7
786.975	9.7
787.183	9.7
787.391	9.7
787.599	9.7
787.807	9.7
788.015	9.7
788.223	9.7
788.431	9.7
788.639	9.7
788.847	9.8
789.055	9.8
789.263	9.8
789.471	9.8
789.679	9.8
789.887	9.8
790.095	9.8
790.303	9.8
790.511	9.8
790.719	9.8
790.927	9.8
791.135	9.8
791.343	9.8
791.551	9.8
791.76	9.8
791.968	9.8
792.176	9.8
792.384	9.8
792.592	9.9
792.8	9.9
793.008	9.9
793.216	9.9
793.424	9.9
793.632	9.9
793.84	9.9
794.048	9.9
794.256	9.9
794.465	9.9
794.673	9.9
794.881	9.9
795.089	9.9
795.297	9.9
795.505	9.9
795.713	9.9
795.921	9.9
796.129	9.9
796.337	9.9
796.546	9.9
796.754	9.9
796.962	10
797.17	10
797.378	10
797.586	10
797.794	10
798.002	10
798.21	10
798.419	10
798.627	10
798.835	10
799.043	10
799.251	10
799.459	10
799.667	10
799.875	10
800.083	10
800.292	10
800.5	10
800.708	10
800.916	10.1
801.124	10.1
801.332	10.1
801.54	10.1
801.748	10.1
801.957	10.1
802.165	10.1
802.373	10.1
802.581	10.1
802.789	10.1
802.997	10.2
803.205	10.2
803.414	10.2
803.622	10.2
803.83	10.2
804.038	10.2
804.246	10.2
804.454	10.2
804.662	10.2
804.87	10.3
805.079	10.3
805.287	10.3
805.495	10.3
805.703	10.3
805.911	10.3
806.119	10.3
806.327	10.3
806.535	10.3
806.743	10.4
806.952	10.4
807.16	10.4
807.368	10.4
807.576	10.4
807.784	10.4
807.992	10.4
808.2	10.4
808.408	10.4
808.617	10.4
808.825	10.5
809.033	10.5
809.241	10.5
809.449	10.5
809.657	10.5
809.865	10.5
810.073	10.5
810.281	10.5
810.49	10.6
810.698	10.6
810.906	10.6
811.114	10.6
811.322	10.6
811.53	10.6
811.738	10.6
811.946	10.6
812.154	10.7
812.362	10.7
812.57	10.7
812.779	10.7
812.987	10.7
813.195	10.7
813.403	10.7
813.611	10.7
813.819	10.8
814.027	10.8
814.235	10.8
814.443	10.8
814.651	10.8
814.859	10.8
815.067	10.8
815.275	10.9
815.484	10.9
815.692	10.9
815.9	10.9
816.108	10.9
816.316	10.9
816.524	10.9
816.732	11
816.94	11
817.148	11
817.356	11
817.564	11
817.772	11.1
817.98	11.1
818.188	11.1
818.397	11.1
818.605	11.1
818.813	11.2
819.021	11.2
819.229	11.2
819.437	11.2
819.645	11.2
819.853	11.2
820.061	11.3
820.269	11.3
820.477	11.3
820.685	11.3
820.893	11.3
821.102	11.4
821.31	11.4
821.518	11.4
821.726	11.4
821.934	11.4
822.142	11.4
822.35	11.5
822.558	11.5
822.766	11.5
822.974	11.5
823.182	11.6
823.39	11.6
823.599	11.6
823.807	11.6
824.015	11.7
824.223	11.7
824.431	11.7
824.639	11.7
824.847	11.8
825.055	11.8
825.263	11.8
825.472	11.8
825.68	11.9
825.888	11.9
826.096	11.9
826.304	11.9
826.512	12
826.72	12
826.928	12
827.137	12
827.345	12.1
827.553	12.1
827.761	12.1
827.969	12.1
828.177	12.2
828.385	12.2
828.594	12.2
828.802	12.2
829.01	12.3
829.218	12.3
829.426	12.3
829.634	12.4
829.843	12.4
830.051	12.4
830.259	12.5
830.467	12.5
830.675	12.5
830.883	12.5
831.092	12.6
831.3	12.6
831.508	12.6
831.716	12.7
831.924	12.7
832.133	12.7
832.341	12.8
832.549	12.8
832.757	12.8
832.966	12.9
833.174	12.9
833.382	12.9
833.59	12.9
833.799	13
834.007	13
834.215	13
834.423	13.1
834.632	13.1
834.84	13.1
835.048	13.1
835.256	13.2
835.465	13.2
835.673	13.2
835.881	13.3
836.09	13.3
836.298	13.3
836.506	13.4
836.715	13.4
836.923	13.4
837.131	13.5
837.34	13.5
837.548	13.5
837.756	13.5
837.965	13.6
838.173	13.6
838.381	13.7
838.59	13.7
838.798	13.7
839.006	13.7
839.215	13.8
839.423	13.8
839.632	13.9
839.84	13.9
840.048	13.9
840.257	14
840.465	14
840.674	14
840.882	14
841.091	14.1
841.299	14.1
841.508	14.2
841.716	14.2
841.924	14.2
842.133	14.3
842.341	14.3
842.55	14.3
842.758	14.4
842.967	14.4
843.175	14.5
843.384	14.5
843.593	14.5
843.801	14.6
844.01	14.6
844.218	14.7
844.427	14.7
844.635	14.7
844.844	14.8
845.052	14.8
845.261	14.9
845.47	14.9
845.678	14.9
845.887	15
846.095	15
846.304	15.1
846.513	15.1
846.721	15.1
846.93	15.2
847.139	15.2
847.347	15.2
847.556	15.3
847.765	15.3
847.973	15.3
848.182	15.4
848.391	15.4
848.6	15.4
848.808	15.5
849.017	15.5
849.226	15.6
849.435	15.6
849.643	15.6
849.852	15.7
850.061	15.7
850.27	15.8
850.478	15.8
850.687	15.8
850.896	15.9
851.105	15.9
851.314	16
851.523	16
851.731	16.1
851.94	16.1
852.149	16.2
852.358	16.2
852.567	16.3
852.776	16.3
852.985	16.4
853.194	16.4
853.403	16.5
853.612	16.5
853.821	16.6
854.03	16.6
854.239	16.7
854.447	16.7
854.656	16.7
854.865	16.8
855.075	16.8
855.284	16.9
855.493	16.9
855.702	17
855.911	17
856.12	17.1
856.329	17.1
856.538	17.2
856.747	17.2
856.956	17.3
857.165	17.3
857.374	17.4
857.584	17.4
857.793	17.5
858.002	17.5
858.211	17.6
858.42	17.6
858.629	17.7
858.839	17.7
859.048	17.8
859.257	17.8
859.466	17.9
859.676	17.9
859.885	18
860.094	18
860.304	18
860.513	18.1
860.722	18.1
860.932	18.1
861.141	18.2
861.35	18.2
861.56	18.3
861.769	18.3
861.978	18.4
862.188	18.4
862.397	18.5
862.607	18.5
862.816	18.6
863.026	18.6
863.235	18.7
863.445	18.7
863.654	18.8
863.864	18.8
864.073	18.8
864.283	18.9
864.492	18.9
864.702	19
864.911	19
865.121	19.1
865.33	19.1
865.54	19.2
865.75	19.2
865.959	19.3
866.169	19.3
866.379	19.4
866.588	19.4
866.798	19.5
867.008	19.5
867.218	19.5
867.427	19.6
867.637	19.6
867.847	19.7
868.057	19.8
868.266	19.8
868.476	19.9
868.686	19.9
868.896	20
869.106	20
869.316	20.1
869.525	20.1
869.735	20.2
869.945	20.2
870.155	20.3
870.365	20.3
870.575	20.4
870.785	20.4
870.995	20.4
871.205	20.5
871.415	20.5
871.625	20.6
871.835	20.6
872.045	20.7
872.255	20.7
872.465	20.8
872.675	20.9
872.886	20.9
873.096	21
873.306	21
873.516	21.1
873.726	21.1
873.936	21.2
874.147	21.2
874.357	21.3
874.567	21.3
874.777	21.3
874.988	21.4
875.198	21.4
875.408	21.5
875.619	21.5
875.829	21.6
876.039	21.6
876.25	21.7
876.46	21.7
876.67	21.7
876.881	21.7
877.091	21.8
877.302	21.8
877.512	21.9
877.723	21.9
877.933	21.9
878.144	22
878.354	22.1
878.565	22.1
878.775	22.1
878.986	22.2
879.197	22.2
879.407	22.2
879.618	22.3
879.829	22.3
880.039	22.3
880.25	22.3
880.461	22.4
880.671	22.4
880.882	22.4
881.093	22.5
881.304	22.5
881.515	22.5
881.725	22.6
881.936	22.6
882.147	22.7
882.358	22.7
882.569	22.7
882.78	22.8
882.991	22.8
883.202	22.9
883.413	22.9
883.624	23
883.835	23
884.046	23
884.257	23.1
884.468	23.1
884.679	23.1
884.89	23.2
885.101	23.2
885.312	23.3
885.523	23.3
885.735	23.4
885.946	23.4
886.157	23.4
886.368	23.5
886.579	23.5
886.791	23.5
887.002	23.5
887.213	23.6
887.425	23.6
887.636	23.7
887.847	23.7
888.059	23.7
888.27	23.8
888.481	23.9
888.693	23.9
888.904	24
889.116	24
889.327	24
889.539	24.1
889.75	24.1
889.962	24.2
890.174	24.2
890.385	24.2
890.597	24.3
890.808	24.3
891.02	24.3
891.232	24.3
891.444	24.4
891.655	24.4
891.867	24.4
892.079	24.5
892.291	24.5
892.502	24.5
892.714	24.6
892.926	24.6
893.138	24.6
893.35	24.7
893.562	24.7
893.774	24.7
893.986	24.7
894.198	24.8
894.41	24.8
894.622	24.9
894.834	24.9
895.046	24.9
895.258	24.9
895.47	25
895.682	25
895.894	25
896.106	25
896.319	25.1
896.531	25.1
896.743	25.1
896.955	25.2
897.168	25.2
897.38	25.2
897.592	25.2
897.805	25.3
898.017	25.3
898.229	25.3
898.442	25.4
898.654	25.4
898.867	25.4
899.079	25.4
899.292	25.4
899.504	25.5
899.717	25.5
899.929	25.5
900.142	25.5
900.355	25.5
900.567	25.5
900.78	25.5
900.993	25.6
901.205	25.6
901.418	25.6
901.631	25.6
901.844	25.6
902.056	25.6
902.269	25.6
902.482	25.6
902.695	25.6
902.908	25.7
903.121	25.7
903.334	25.7
903.547	25.7
903.76	25.7
903.973	25.7
904.186	25.7
904.399	25.7
904.612	25.7
904.825	25.7
905.038	25.8
905.251	25.8
905.465	25.8
905.678	25.8
905.891	25.8
906.104	25.8
906.318	25.8
906.531	25.8
906.744	25.8
906.958	25.8
907.171	25.8
907.384	25.9
907.598	25.9
907.811	25.9
908.025	25.9
908.238	25.9
908.452	25.9
908.665	25.9
908.879	25.9
909.093	25.9
909.306	26
909.52	26
909.734	26
909.947	26
910.161	26.1
910.375	26.1
910.589	26.1
910.803	26.1
911.016	26.1
911.23	26.2
911.444	26.2
911.658	26.2
911.872	26.2
912.086	26.2
912.3	26.2
912.514	26.3
912.728	26.3
912.942	26.3
913.156	26.3
913.37	26.3
913.585	26.3
913.799	26.3
914.013	26.3
914.227	26.4
914.442	26.4
914.656	26.4
914.87	26.4
915.084	26.5
915.299	26.5
915.513	26.5
915.728	26.5
915.942	26.5
916.157	26.5
916.371	26.5
916.586	26.5
916.8	26.5
917.015	26.5
917.229	26.5
917.444	26.5
917.659	26.5
917.874	26.6
918.088	26.6
918.303	26.6
918.518	26.6
918.733	26.6
918.947	26.6
919.162	26.6
919.377	26.6
919.592	26.6
919.807	26.6
920.022	26.6
920.237	26.7
920.452	26.7
920.667	26.7
920.882	26.7
921.097	26.7
921.313	26.7
921.528	26.7
921.743	26.7
921.958	26.7
922.174	26.7
922.389	26.7
922.604	26.7
922.82	26.8
923.035	26.8
923.25	26.8
923.466	26.8
923.681	26.8
923.897	26.8
924.112	26.8
924.328	26.8
924.544	26.8
924.759	26.8
924.975	26.8
925.19	26.9
925.406	26.9
925.622	26.9
925.838	26.9
926.054	27
926.269	27
926.485	27
926.701	27
926.917	27
927.133	27
927.349	27
927.565	27
927.781	27
927.997	27
928.213	27
928.429	27
928.646	27
928.862	27
929.078	27
929.294	27.1
929.511	27.1
929.727	27.1
929.943	27.2
930.16	27.2
930.376	27.2
930.592	27.3
930.809	27.3
931.025	27.4
931.242	27.4
931.459	27.4
931.675	27.4
931.892	27.5
932.108	27.5
932.325	27.5
932.542	27.5
932.759	27.5
932.975	27.5
933.192	27.5
933.409	27.6
933.626	27.6
933.843	27.6
934.06	27.6
934.277	27.6
934.494	27.6
934.711	27.6
934.928	27.6
935.145	27.7
935.362	27.7
935.58	27.7
935.797	27.7
936.014	27.7
936.231	27.6
936.449	27.6
936.666	27.6
936.883	27.7
937.101	27.7
937.318	27.7
937.536	27.7
937.753	27.7
937.971	27.7
938.188	27.7
938.406	27.7
938.624	27.7
938.841	27.7
939.059	27.7
939.277	27.7
939.494	27.7
939.712	27.7
939.93	27.8
