360.161	7.6
360.333	7.5
360.504	7.4
360.676	7.4
360.847	7.4
361.019	7.4
361.19	7.3
361.361	7.3
361.533	7.4
361.704	7.3
361.876	7.2
362.047	7.2
362.219	7.1
362.391	7
362.562	7
362.734	7
362.905	6.9
363.077	6.9
363.248	6.9
363.42	6.9
363.592	6.8
363.763	6.8
363.935	6.8
364.106	6.8
364.278	6.8
364.45	6.8
364.621	6.7
364.793	6.7
364.965	6.7
365.137	6.6
365.308	6.5
365.48	6.5
365.652	6.5
365.824	6.5
365.995	6.4
366.167	6.4
366.339	6.4
366.511	6.3
366.683	6.3
366.854	6.2
367.026	6.1
367.198	6
367.37	5.9
367.542	5.9
367.714	5.8
367.886	5.8
368.058	5.7
368.23	5.7
368.402	5.7
368.574	5.6
368.746	5.5
368.918	5.5
369.09	5.5
369.262	5.4
369.434	5.4
369.606	5.3
369.778	5.3
369.95	5.3
370.122	5.2
370.294	5.2
370.467	5.2
370.639	5.1
370.811	5.1
370.983	5.1
371.155	5
371.328	5
371.5	5
371.672	5
371.844	5
372.017	5
372.189	5
372.361	5
372.534	4.9
372.706	4.9
372.878	4.9
373.051	4.8
373.223	4.7
373.396	4.7
373.568	4.6
373.741	4.6
373.913	4.6
374.086	4.6
374.258	4.6
374.431	4.6
374.603	4.6
374.776	4.6
374.949	4.6
375.121	4.6
375.294	4.6
375.467	4.5
375.639	4.4
375.812	4.4
375.985	4.4
376.157	4.4
376.33	4.4
376.503	4.3
376.676	4.3
376.849	4.3
377.021	4.2
377.194	4.2
377.367	4.2
377.54	4.2
377.713	4.1
377.886	4.1
378.059	4
378.232	4
378.405	4
378.578	4
378.751	4
378.924	3.9
379.097	3.9
379.27	3.8
379.444	3.8
379.617	3.8
379.79	3.7
379.963	3.7
380.136	3.7
380.31	3.7
380.483	3.6
380.656	3.7
380.829	3.7
381.003	3.6
381.176	3.6
381.35	3.5
381.523	3.5
381.696	3.4
381.87	3.4
382.043	3.4
382.217	3.4
382.39	3.3
382.564	3.3
382.738	3.3
382.911	3.3
383.085	3.3
383.258	3.2
383.432	3.2
383.606	3.2
383.779	3.2
383.953	3.1
384.127	3.1
384.301	3.1
384.475	3
384.648	3
384.822	3
384.996	3
385.17	3
385.344	3
385.518	3
385.692	2.9
385.866	2.9
386.04	2.9
386.214	2.8
386.388	2.8
386.562	2.8
386.737	2.8
386.911	2.8
387.085	2.8
387.259	2.7
387.434	2.7
387.608	2.7
387.782	2.7
387.956	2.7
388.131	2.6
388.305	2.6
388.48	2.6
388.654	2.6
388.829	2.6
389.003	2.5
389.178	2.5
389.352	2.5
389.527	2.5
389.701	2.5
389.876	2.5
390.051	2.5
390.226	2.4
390.4	2.4
390.575	2.4
390.75	2.5
390.925	2.4
391.099	2.4
391.274	2.4
391.449	2.5
391.624	2.4
391.799	2.4
391.974	2.4
392.149	2.4
392.324	2.4
392.499	2.3
392.675	2.4
392.85	2.4
393.025	2.4
393.2	2.3
393.375	2.3
393.551	2.3
393.726	2.3
393.901	2.3
394.077	2.3
394.252	2.3
394.427	2.3
394.603	2.2
394.778	2.2
394.954	2.2
395.129	2.2
395.305	2.2
395.481	2.2
395.656	2.2
395.832	2.2
396.008	2.2
396.184	2.2
396.359	2.2
396.535	2.2
396.711	2.2
396.887	2.1
397.063	2.1
397.239	2.1
397.415	2.1
397.591	2.1
397.767	2.1
397.943	2.1
398.119	2
398.295	2
398.471	2
398.648	2
398.824	2
399	2
399.176	2
399.353	2
399.529	2
399.706	2
399.882	2
400.058	1.9
400.235	1.9
400.412	1.9
400.588	1.9
400.765	1.9
400.942	1.9
401.118	1.9
401.295	1.9
401.472	1.9
401.649	1.9
401.825	1.9
402.002	1.9
402.179	1.9
402.356	1.8
402.533	1.8
402.71	1.8
402.887	1.8
403.064	1.8
403.242	1.8
403.419	1.8
403.596	1.8
403.773	1.8
403.95	1.8
404.128	1.8
404.305	1.8
404.483	1.8
404.66	1.8
404.837	1.8
405.015	1.8
405.193	1.8
405.37	1.8
405.548	1.7
405.725	1.7
405.903	1.7
406.081	1.7
406.259	1.7
406.437	1.7
406.614	1.7
406.792	1.7
406.97	1.7
407.148	1.7
407.326	1.7
407.504	1.7
407.682	1.7
407.86	1.7
408.039	1.7
408.217	1.7
408.395	1.6
408.573	1.6
408.751	1.6
408.93	1.6
409.108	1.6
409.287	1.6
409.465	1.6
409.643	1.6
409.822	1.6
410	1.6
410.179	1.6
410.358	1.6
410.536	1.6
410.715	1.6
410.894	1.6
411.072	1.6
411.251	1.6
411.43	1.6
411.609	1.6
411.788	1.6
411.967	1.6
412.146	1.6
412.325	1.6
412.504	1.6
412.683	1.6
412.862	1.6
413.041	1.6
413.22	1.6
413.399	1.6
413.578	1.5
413.758	1.5
413.937	1.5
414.116	1.5
414.296	1.5
414.475	1.5
414.654	1.5
414.834	1.5
415.013	1.5
415.193	1.5
415.372	1.5
415.552	1.5
415.732	1.5
415.911	1.5
416.091	1.5
416.271	1.5
416.45	1.5
416.63	1.5
416.81	1.5
416.99	1.5
417.169	1.5
417.349	1.5
417.529	1.5
417.709	1.5
417.889	1.5
418.069	1.5
418.249	1.5
418.429	1.5
418.609	1.4
418.789	1.4
418.97	1.4
419.15	1.4
419.33	1.4
419.51	1.4
419.691	1.4
419.871	1.4
420.051	1.4
420.232	1.4
420.412	1.4
420.592	1.4
420.773	1.4
420.953	1.4
421.134	1.4
421.314	1.3
421.495	1.3
421.675	1.3
421.856	1.3
422.037	1.3
422.217	1.3
422.398	1.3
422.579	1.3
422.76	1.3
422.94	1.3
423.121	1.3
423.302	1.3
423.483	1.3
423.664	1.3
423.845	1.3
424.026	1.3
424.207	1.3
424.388	1.3
424.569	1.3
424.75	1.3
424.931	1.3
425.112	1.3
425.293	1.3
425.474	1.3
425.655	1.3
425.837	1.2
426.018	1.2
426.199	1.2
426.38	1.2
426.562	1.2
426.743	1.2
426.924	1.2
427.106	1.2
427.287	1.2
427.469	1.2
427.65	1.2
427.832	1.2
428.013	1.2
428.195	1.2
428.376	1.2
428.558	1.2
428.739	1.2
428.921	1.2
429.103	1.2
429.284	1.2
429.466	1.2
429.648	1.2
429.83	1.2
430.011	1.2
430.193	1.2
430.375	1.2
430.557	1.2
430.739	1.2
430.921	1.2
431.102	1.2
431.284	1.2
431.466	1.1
431.648	1.1
431.83	1.1
432.012	1.1
432.194	1.1
432.377	1.1
432.559	1.1
432.741	1.1
432.923	1.1
433.105	1.1
433.287	1.1
433.469	1.1
433.652	1.1
433.834	1.1
434.016	1.1
434.198	1.1
434.381	1.1
434.563	1.1
434.745	1.1
434.928	1.1
435.11	1.1
435.293	1.1
435.475	1.1
435.658	1.1
435.84	1.1
436.022	1.1
436.205	1.1
436.388	1.1
436.57	1.1
436.753	1.1
436.935	1.1
437.118	1.1
437.301	1.1
437.483	1.1
437.666	1.1
437.849	1.1
438.031	1.1
438.214	1.1
438.397	1.1
438.58	1.1
438.762	1.1
438.945	1.1
439.128	1.1
439.311	1.1
439.494	1.1
439.677	1.1
439.859	1.1
440.042	1.1
440.225	1.1
440.408	1.1
440.591	1.1
440.774	1.1
440.957	1.1
441.14	1.1
441.323	1.1
441.507	1.1
441.69	1.1
441.873	1
442.056	1
442.239	1
442.422	1
442.605	1
442.789	1
442.972	1
443.155	1
443.338	1
443.522	1
443.705	1
443.888	1
444.072	1
444.255	1
444.438	1
444.622	1
444.805	1
444.989	1
445.172	1
445.356	1
445.539	1
445.723	1
445.906	1
446.09	1
446.273	1
446.457	1
446.64	1
446.824	1
447.008	1
447.191	1
447.375	1
447.559	1
447.742	1
447.926	1
448.11	1
448.293	1
448.477	1
448.661	1
448.845	1
449.029	1
449.212	1
449.396	1
449.58	1
449.764	1
449.948	1
450.132	1
450.316	1
450.5	1
450.684	1
450.868	1
451.052	1
451.236	1
451.42	1
451.604	1
451.788	1
451.972	1
452.156	1
452.34	1
452.525	1
452.709	1
452.893	1
453.077	1
453.261	1
453.446	1
453.63	1
453.814	1
453.998	1
454.183	1
454.367	0.9
454.551	0.9
454.736	0.9
454.92	0.9
455.104	0.9
455.289	0.9
455.473	0.9
455.658	0.9
455.842	0.9
456.026	0.9
456.211	0.9
456.395	0.9
456.58	0.9
456.764	0.9
456.949	0.9
457.134	0.9
457.318	0.9
457.503	0.9
457.687	0.9
457.872	0.9
458.057	0.9
458.241	0.9
458.426	0.9
458.611	0.9
458.795	0.9
458.98	0.9
459.165	0.9
459.349	0.9
459.534	0.9
459.719	0.9
459.904	0.9
460.088	0.9
460.273	0.9
460.458	0.9
460.643	0.9
460.828	0.9
461.013	0.9
461.198	0.9
461.382	0.9
461.567	0.9
461.752	0.9
461.937	0.9
462.122	0.9
462.307	0.9
462.492	0.9
462.677	0.9
462.862	1
463.047	1
463.232	1
463.417	1
463.602	0.9
463.788	0.9
463.973	0.9
464.158	0.9
464.343	0.9
464.528	0.9
464.713	0.9
464.898	0.9
465.084	0.9
465.269	1
465.454	1
465.639	1
465.824	1
466.01	1
466.195	1
466.38	0.9
466.566	0.9
466.751	0.9
466.936	0.9
467.122	0.9
467.307	0.9
467.492	0.9
467.678	0.9
467.863	0.9
468.048	0.9
468.234	0.9
468.419	0.9
468.605	1
468.79	1
468.976	1
469.161	1
469.347	1
469.532	1
469.718	1
469.903	1
470.089	1
470.274	1
470.46	0.9
470.646	0.9
470.831	0.9
471.017	0.9
471.202	0.9
471.388	0.9
471.574	0.9
471.759	0.9
471.945	0.9
472.131	0.9
472.317	0.9
472.502	0.9
472.688	1
472.874	1
473.059	1
473.245	1
473.431	1
473.617	1
473.803	1
473.988	1
474.174	1
474.36	1
474.546	1
474.732	1
474.918	1
475.104	1
475.29	1
475.475	1
475.661	1
475.847	1
476.033	1
476.219	1
476.405	1
476.591	1
476.777	1
476.963	1
477.149	1
477.335	1
477.521	1
477.707	1
477.893	1
478.08	1
478.266	1
478.452	1
478.638	1.1
478.824	1.1
479.01	1.1
479.196	1.1
479.382	1.1
479.569	1.1
479.755	1.1
479.941	1.1
480.127	1.1
480.313	1.1
480.5	1.1
480.686	1.1
480.872	1.1
481.058	1.1
481.245	1.1
481.431	1.1
481.617	1.1
481.803	1.1
481.99	1.1
482.176	1.1
482.362	1.1
482.549	1.1
482.735	1.1
482.921	1.1
483.108	1.1
483.294	1.1
483.481	1.1
483.667	1.1
483.853	1.1
484.04	1.1
484.226	1.1
484.413	1.1
484.599	1.1
484.786	1.1
484.972	1.1
485.159	1.1
485.345	1.1
485.532	1.1
485.718	1.1
485.905	1.2
486.091	1.2
486.278	1.2
486.464	1.2
486.651	1.2
486.837	1.2
487.024	1.2
487.211	1.2
487.397	1.2
487.584	1.2
487.77	1.2
487.957	1.2
488.144	1.2
488.33	1.2
488.517	1.2
488.704	1.2
488.89	1.2
489.077	1.2
489.264	1.2
489.45	1.2
489.637	1.2
489.824	1.2
490.01	1.3
490.197	1.3
490.384	1.3
490.571	1.3
490.757	1.3
490.944	1.3
491.131	1.3
491.318	1.3
491.505	1.3
491.691	1.3
491.878	1.3
492.065	1.3
492.252	1.3
492.439	1.3
492.626	1.3
492.812	1.3
492.999	1.3
493.186	1.3
493.373	1.3
493.56	1.3
493.747	1.3
493.934	1.3
494.121	1.4
494.308	1.4
494.494	1.4
494.681	1.4
494.868	1.4
495.055	1.4
495.242	1.4
495.429	1.4
495.616	1.4
495.803	1.4
495.99	1.4
496.177	1.4
496.364	1.4
496.551	1.4
496.738	1.4
496.925	1.4
497.112	1.4
497.299	1.5
497.486	1.5
497.673	1.5
497.861	1.5
498.048	1.5
498.235	1.5
498.422	1.5
498.609	1.5
498.796	1.5
498.983	1.5
499.17	1.5
499.357	1.5
499.544	1.5
499.732	1.6
499.919	1.6
500.106	1.6
500.293	1.6
500.48	1.6
500.667	1.6
500.855	1.6
501.042	1.6
501.229	1.6
501.416	1.6
501.603	1.6
501.791	1.6
501.978	1.7
502.165	1.7
502.352	1.7
502.54	1.7
502.727	1.7
502.914	1.7
503.101	1.7
503.289	1.7
503.476	1.7
503.663	1.7
503.85	1.7
504.038	1.8
504.225	1.8
504.412	1.8
504.6	1.8
504.787	1.8
504.974	1.8
505.161	1.8
505.349	1.8
505.536	1.8
505.723	1.8
505.911	1.9
506.098	1.9
506.286	1.9
506.473	1.9
506.66	1.9
506.848	1.9
507.035	1.9
507.222	2
507.41	2
507.597	2
507.785	2
507.972	2
508.159	2
508.347	2
508.534	2.1
508.722	2.1
508.909	2.1
509.097	2.1
509.284	2.1
509.471	2.1
509.659	2.1
509.846	2.2
510.034	2.2
510.221	2.2
510.409	2.2
510.596	2.2
510.784	2.2
510.971	2.3
511.159	2.3
511.346	2.3
511.534	2.3
511.721	2.3
511.909	2.3
512.096	2.4
512.284	2.4
512.471	2.4
512.659	2.4
512.846	2.4
513.034	2.5
513.221	2.5
513.409	2.5
513.596	2.5
513.784	2.5
513.972	2.6
514.159	2.6
514.347	2.6
514.534	2.6
514.722	2.6
514.909	2.7
515.097	2.7
515.285	2.7
515.472	2.7
515.66	2.7
515.847	2.8
516.035	2.8
516.222	2.8
516.41	2.8
516.598	2.9
516.785	2.9
516.973	2.9
517.161	2.9
517.348	3
517.536	3
517.723	3
517.911	3
518.099	3.1
518.286	3.1
518.474	3.1
518.662	3.1
518.849	3.2
519.037	3.2
519.225	3.2
519.412	3.3
519.6	3.3
519.787	3.3
519.975	3.3
520.163	3.4
520.35	3.4
520.538	3.4
520.726	3.4
520.914	3.5
521.101	3.5
521.289	3.5
521.477	3.6
521.664	3.6
521.852	3.6
522.04	3.6
522.227	3.7
522.415	3.7
522.603	3.7
522.79	3.8
522.978	3.8
523.166	3.8
523.354	3.9
523.541	3.9
523.729	3.9
523.917	4
524.104	4
524.292	4
524.48	4.1
524.668	4.1
524.855	4.1
525.043	4.2
525.231	4.2
525.418	4.2
525.606	4.3
525.794	4.3
525.982	4.3
526.169	4.4
526.357	4.4
526.545	4.4
526.733	4.5
526.92	4.5
527.108	4.5
527.296	4.6
527.484	4.6
527.671	4.7
527.859	4.7
528.047	4.7
528.235	4.8
528.422	4.8
528.61	4.9
528.798	4.9
528.986	4.9
529.173	5
529.361	5
529.549	5
529.737	5.1
529.924	5.1
530.112	5.1
530.3	5.2
530.488	5.2
530.675	5.3
530.863	5.3
531.051	5.3
531.239	5.4
531.426	5.4
531.614	5.4
531.802	5.5
531.99	5.5
532.177	5.6
532.365	5.6
532.553	5.6
532.741	5.7
532.928	5.7
533.116	5.8
533.304	5.8
533.492	5.8
533.679	5.9
533.867	5.9
534.055	5.9
534.243	6
534.431	6
534.618	6.1
534.806	6.1
534.994	6.2
535.182	6.2
535.369	6.2
535.557	6.3
535.745	6.3
535.933	6.3
536.12	6.4
536.308	6.4
536.496	6.5
536.684	6.5
536.871	6.6
537.059	6.6
537.247	6.6
537.435	6.7
537.622	6.7
537.81	6.8
537.998	6.8
538.186	6.9
538.373	6.9
538.561	6.9
538.749	7
538.937	7
539.124	7.1
539.312	7.1
539.5	7.2
539.688	7.2
539.875	7.3
540.063	7.3
540.251	7.3
540.439	7.4
540.626	7.4
540.814	7.5
541.002	7.5
541.19	7.6
541.377	7.6
541.565	7.7
541.753	7.7
541.941	7.7
542.128	7.8
542.316	7.8
542.504	7.9
542.691	7.9
542.879	8
543.067	8
543.255	8.1
543.442	8.1
543.63	8.1
543.818	8.2
544.005	8.2
544.193	8.3
544.381	8.3
544.568	8.4
544.756	8.4
544.944	8.5
545.132	8.5
545.319	8.6
545.507	8.6
545.695	8.6
545.882	8.7
546.07	8.7
546.258	8.8
546.445	8.8
546.633	8.9
546.821	8.9
547.008	9
547.196	9
547.384	9.1
547.571	9.1
547.759	9.2
547.947	9.2
548.134	9.2
548.322	9.3
548.51	9.3
548.697	9.4
548.885	9.4
549.073	9.5
549.26	9.5
549.448	9.6
549.636	9.6
549.823	9.7
550.011	9.7
550.199	9.7
550.386	9.8
550.574	9.8
550.762	9.9
550.949	9.9
551.137	10
551.325	10
551.512	10.1
551.7	10.1
551.888	10.1
552.075	10.2
552.263	10.2
552.451	10.3
552.639	10.3
552.826	10.4
553.014	10.4
553.202	10.5
553.389	10.5
553.577	10.6
553.765	10.6
553.953	10.6
554.14	10.7
554.328	10.7
554.516	10.8
554.704	10.8
554.891	10.9
555.079	10.9
555.267	11
555.455	11
555.643	11
555.83	11.1
556.018	11.1
556.206	11.2
556.394	11.2
556.582	11.3
556.77	11.3
556.957	11.4
557.145	11.4
557.333	11.5
557.521	11.5
557.709	11.5
557.897	11.6
558.085	11.6
558.273	11.7
558.461	11.7
558.649	11.8
558.837	11.8
559.025	11.9
559.213	11.9
559.4	11.9
559.588	12
559.777	12
559.965	12.1
560.153	12.1
560.341	12.2
560.529	12.2
560.717	12.3
560.905	12.3
561.093	12.3
561.281	12.4
561.469	12.4
561.657	12.5
561.845	12.5
562.034	12.5
562.222	12.6
562.41	12.6
562.598	12.7
562.786	12.7
562.975	12.7
563.163	12.8
563.351	12.8
563.539	12.9
563.728	12.9
563.916	12.9
564.104	13
564.293	13
564.481	13.1
564.67	13.1
564.858	13.1
565.046	13.2
565.235	13.2
565.423	13.3
565.612	13.3
565.8	13.3
565.989	13.4
566.177	13.4
566.366	13.4
566.554	13.5
566.743	13.5
566.932	13.6
567.12	13.6
567.309	13.6
567.497	13.7
567.686	13.7
567.875	13.7
568.064	13.8
568.252	13.8
568.441	13.9
568.63	13.9
568.819	13.9
569.007	14
569.196	14
569.385	14.1
569.574	14.1
569.763	14.1
569.952	14.2
570.141	14.2
570.33	14.2
570.519	14.3
570.708	14.3
570.897	14.4
571.086	14.4
571.275	14.4
571.464	14.5
571.653	14.5
571.843	14.5
572.032	14.6
572.221	14.6
572.41	14.6
572.599	14.7
572.789	14.7
572.978	14.7
573.167	14.8
573.357	14.8
573.546	14.9
573.736	14.9
573.925	14.9
574.115	15
574.304	15
574.494	15
574.683	15.1
574.873	15.1
575.062	15.1
575.252	15.2
575.442	15.2
575.631	15.2
575.821	15.3
576.011	15.3
576.201	15.4
576.39	15.4
576.58	15.4
576.77	15.4
576.96	15.5
577.15	15.5
577.34	15.5
577.53	15.6
577.72	15.6
577.91	15.6
578.1	15.7
578.29	15.7
578.48	15.7
578.67	15.8
578.861	15.8
579.051	15.8
579.241	15.9
579.431	15.9
579.622	15.9
579.812	16
580.002	16
580.193	16
580.383	16.1
580.574	16.1
580.764	16.1
580.955	16.2
581.145	16.2
581.336	16.2
581.526	16.2
581.717	16.3
581.908	16.3
582.098	16.3
582.289	16.4
582.48	16.4
582.671	16.4
582.862	16.5
583.052	16.5
583.243	16.5
583.434	16.6
583.625	16.6
583.816	16.6
584.007	16.6
584.198	16.7
584.389	16.7
584.58	16.7
584.771	16.8
584.962	16.8
585.154	16.8
585.345	16.9
585.536	16.9
585.727	16.9
585.918	17
586.11	17
586.301	17
586.492	17.1
586.684	17.1
586.875	17.1
587.067	17.2
587.258	17.2
587.45	17.2
587.641	17.2
587.833	17.3
588.024	17.3
588.216	17.3
588.408	17.4
588.599	17.4
588.791	17.4
588.983	17.4
589.174	17.5
589.366	17.5
589.558	17.5
589.75	17.6
589.942	17.6
590.134	17.6
590.326	17.7
590.518	17.7
590.71	17.7
590.902	17.7
591.094	17.8
591.286	17.8
591.478	17.8
591.67	17.9
591.862	17.9
592.054	17.9
592.246	17.9
592.439	18
592.631	18
592.823	18
593.016	18
593.208	18.1
593.4	18.1
593.593	18.1
593.785	18.1
593.978	18.2
594.17	18.2
594.363	18.2
594.555	18.2
594.748	18.3
594.94	18.3
595.133	18.3
595.326	18.3
595.518	18.4
595.711	18.4
595.904	18.4
596.096	18.4
596.289	18.5
596.482	18.5
596.675	18.5
596.868	18.5
597.061	18.6
597.254	18.6
597.447	18.6
597.64	18.7
597.833	18.7
598.026	18.7
598.219	18.7
598.412	18.7
598.605	18.8
598.798	18.8
598.991	18.8
599.184	18.8
599.378	18.9
599.571	18.9
599.764	18.9
599.957	18.9
600.151	19
600.344	19
600.538	19
600.731	19
600.924	19.1
601.118	19.1
601.311	19.1
601.505	19.1
601.698	19.2
601.892	19.2
602.086	19.2
602.279	19.2
602.473	19.2
602.667	19.3
602.86	19.3
603.054	19.3
603.248	19.3
603.442	19.3
603.635	19.4
603.829	19.4
604.023	19.4
604.217	19.4
604.411	19.4
604.605	19.5
604.799	19.5
604.993	19.5
605.187	19.5
605.381	19.6
605.575	19.6
605.769	19.6
605.963	19.6
606.157	19.6
606.352	19.7
606.546	19.7
606.74	19.7
606.934	19.7
607.129	19.7
607.323	19.8
607.517	19.8
607.712	19.8
607.906	19.8
608.1	19.9
608.295	19.9
608.489	19.9
608.684	19.9
608.878	19.9
609.073	20
609.267	20
609.462	20
609.657	20
609.851	20
610.046	20.1
610.241	20.1
610.435	20.1
610.63	20.1
610.825	20.1
611.02	20.1
611.215	20.2
611.41	20.2
611.604	20.2
611.799	20.2
611.994	20.2
612.189	20.3
612.384	20.3
612.579	20.3
612.774	20.3
612.969	20.3
613.164	20.4
613.359	20.4
613.555	20.4
613.75	20.4
613.945	20.4
614.14	20.4
614.335	20.5
614.531	20.5
614.726	20.5
614.921	20.5
615.117	20.5
615.312	20.6
615.507	20.6
615.703	20.6
615.898	20.6
616.094	20.6
616.289	20.6
616.485	20.6
616.68	20.7
616.876	20.7
617.071	20.7
617.267	20.7
617.463	20.7
617.658	20.7
617.854	20.8
618.05	20.8
618.245	20.8
618.441	20.8
618.637	20.8
618.833	20.9
619.029	20.9
619.225	20.9
619.42	20.9
619.616	20.9
619.812	20.9
620.008	20.9
620.204	21
620.4	21
620.596	21
620.792	21
620.988	21
621.184	21
621.381	21.1
621.577	21.1
621.773	21.1
621.969	21.1
622.165	21.1
622.362	21.1
622.558	21.1
622.754	21.2
622.951	21.2
623.147	21.2
623.343	21.2
623.54	21.2
623.736	21.2
623.933	21.3
624.129	21.3
624.326	21.3
624.522	21.3
624.719	21.3
624.915	21.3
625.112	21.3
625.308	21.3
625.505	21.4
625.702	21.4
625.898	21.4
626.095	21.4
626.292	21.4
626.489	21.4
626.685	21.4
626.882	21.4
627.079	21.5
627.276	21.5
627.473	21.5
627.67	21.5
627.866	21.5
628.063	21.5
628.26	21.5
628.457	21.5
628.654	21.6
628.851	21.6
629.048	21.6
629.246	21.6
629.443	21.6
629.64	21.6
629.837	21.6
630.034	21.6
630.231	21.7
630.429	21.7
630.626	21.7
630.823	21.7
631.02	21.7
631.218	21.7
631.415	21.7
631.612	21.7
631.81	21.8
632.007	21.8
632.205	21.8
632.402	21.8
632.6	21.8
632.797	21.8
632.995	21.8
633.192	21.8
633.39	21.9
633.587	21.9
633.785	21.9
633.983	21.9
634.18	21.9
634.378	21.9
634.576	21.9
634.773	22
634.971	22
635.169	22
635.367	22
635.565	22
635.762	22
635.96	22
636.158	22.1
636.356	22.1
636.554	22.1
636.752	22.1
636.95	22.1
637.148	22.1
637.346	22.1
637.544	22.1
637.742	22.1
637.94	22.2
638.138	22.2
638.337	22.2
638.535	22.2
638.733	22.2
638.931	22.2
639.129	22.2
639.328	22.3
639.526	22.3
639.724	22.3
639.922	22.3
640.121	22.3
640.319	22.3
640.518	22.3
640.716	22.3
640.914	22.4
641.113	22.4
641.311	22.4
641.51	22.4
641.708	22.4
641.907	22.4
642.105	22.4
642.304	22.4
642.503	22.4
642.701	22.5
642.9	22.5
643.098	22.5
643.297	22.5
643.496	22.5
643.695	22.5
643.893	22.5
644.092	22.5
644.291	22.6
644.49	22.6
644.689	22.6
644.887	22.6
645.086	22.6
645.285	22.6
645.484	22.6
645.683	22.7
645.882	22.7
646.081	22.7
646.28	22.7
646.479	22.7
646.678	22.7
646.877	22.7
647.076	22.7
647.276	22.7
647.475	22.7
647.674	22.8
647.873	22.8
648.072	22.8
648.271	22.8
648.471	22.8
648.67	22.8
648.869	22.8
649.069	22.8
649.268	22.8
649.467	22.8
649.667	22.9
649.866	22.9
650.065	22.9
650.265	22.9
650.464	22.9
650.664	22.9
650.863	22.9
651.063	22.9
651.262	23
651.462	23
651.662	23
651.861	23
652.061	23
652.26	23
652.46	23
652.66	23
652.859	23
653.059	23
653.259	23
653.459	23
653.658	23.1
653.858	23.1
654.058	23.1
654.258	23.1
654.458	23.1
654.658	23.1
654.858	23.1
655.058	23.1
655.258	23.1
655.457	23.2
655.657	23.2
655.857	23.2
656.058	23.2
656.258	23.2
656.458	23.2
656.658	23.2
656.858	23.2
657.058	23.2
657.258	23.2
657.458	23.2
657.659	23.2
657.859	23.3
658.059	23.3
658.259	23.3
658.459	23.3
658.66	23.3
658.86	23.3
659.06	23.3
659.261	23.3
659.461	23.3
659.662	23.3
659.862	23.3
660.062	23.3
660.263	23.4
660.463	23.4
660.664	23.4
660.864	23.4
661.065	23.4
661.265	23.4
661.466	23.4
661.667	23.4
661.867	23.4
662.068	23.4
662.268	23.4
662.469	23.5
662.67	23.5
662.87	23.5
663.071	23.5
663.272	23.5
663.473	23.5
663.674	23.5
663.874	23.5
664.075	23.5
664.276	23.5
664.477	23.5
664.678	23.5
664.879	23.5
665.08	23.5
665.28	23.6
665.481	23.6
665.682	23.6
665.883	23.6
666.084	23.6
666.285	23.6
666.486	23.6
666.688	23.6
666.889	23.6
667.09	23.6
667.291	23.6
667.492	23.6
667.693	23.6
667.894	23.7
668.096	23.7
668.297	23.7
668.498	23.7
668.699	23.7
668.901	23.7
669.102	23.7
669.303	23.7
669.505	23.7
669.706	23.7
669.907	23.7
670.109	23.7
670.31	23.7
670.511	23.7
670.713	23.7
670.914	23.7
671.116	23.8
671.317	23.8
671.519	23.8
671.72	23.8
671.922	23.8
672.124	23.8
672.325	23.8
672.527	23.8
672.728	23.8
672.93	23.8
673.132	23.8
673.333	23.8
673.535	23.8
673.737	23.9
673.939	23.9
674.14	23.9
674.342	23.9
674.544	23.9
674.746	23.9
674.948	23.9
675.149	23.9
675.351	23.9
675.553	23.9
675.755	23.9
675.957	23.9
676.159	23.9
676.361	23.9
676.563	24
676.765	24
676.967	24
677.169	24
677.371	24
677.573	24
677.775	24
677.977	24
678.179	24
678.381	24
678.583	24
678.786	24
678.988	24
679.19	24
679.392	24
679.594	24.1
679.797	24.1
679.999	24.1
680.201	24.1
680.404	24.1
680.606	24.1
680.808	24.1
681.011	24.1
681.213	24.1
681.415	24.1
681.618	24.1
681.82	24.1
682.023	24.1
682.225	24.2
682.428	24.2
682.63	24.2
682.833	24.2
683.035	24.2
683.238	24.2
683.44	24.2
683.643	24.2
683.845	24.2
684.048	24.2
684.251	24.2
684.453	24.2
684.656	24.2
684.859	24.2
685.061	24.3
685.264	24.3
685.467	24.3
685.67	24.3
685.872	24.3
686.075	24.3
686.278	24.3
686.481	24.3
686.684	24.3
686.886	24.3
687.089	24.4
687.292	24.4
687.495	24.4
687.698	24.4
687.901	24.4
688.104	24.4
688.307	24.4
688.51	24.4
688.713	24.4
688.916	24.5
689.119	24.5
689.322	24.5
689.525	24.5
689.728	24.5
689.931	24.5
690.134	24.5
690.337	24.5
690.54	24.5
690.744	24.5
690.947	24.6
691.15	24.6
691.353	24.6
691.556	24.6
691.76	24.6
691.963	24.6
692.166	24.6
692.37	24.6
692.573	24.6
692.776	24.7
692.979	24.7
693.183	24.7
693.386	24.7
693.59	24.7
693.793	24.7
693.996	24.7
694.2	24.7
694.403	24.7
694.607	24.7
694.81	24.7
695.014	24.8
695.217	24.8
695.421	24.8
695.624	24.8
695.828	24.8
696.031	24.8
696.235	24.8
696.439	24.8
696.642	24.8
696.846	24.8
697.049	24.8
697.253	24.9
697.457	24.9
697.661	24.9
697.864	24.9
698.068	24.9
698.272	24.9
698.475	24.9
698.679	24.9
698.883	24.9
699.087	24.9
699.291	24.9
699.494	24.9
699.698	24.9
699.902	25
700.106	25
700.31	25
700.514	25
700.718	25
700.922	25
701.126	25
701.33	25
701.534	25
701.738	25
701.942	25
702.146	25
702.35	25
702.554	25.1
702.758	25.1
702.962	25.1
703.166	25.1
703.37	25.1
703.574	25.1
703.778	25.1
703.983	25.1
704.187	25.1
704.391	25.1
704.595	25.1
704.799	25.1
705.004	25.1
705.208	25.2
705.412	25.2
705.616	25.2
705.821	25.2
706.025	25.2
706.229	25.2
706.434	25.2
706.638	25.2
706.842	25.2
707.047	25.2
707.251	25.2
707.455	25.2
707.66	25.2
707.864	25.3
708.069	25.3
708.273	25.3
708.478	25.3
708.682	25.3
708.887	25.3
709.091	25.3
709.296	25.3
709.5	25.3
709.705	25.3
709.909	25.3
710.114	25.3
710.319	25.4
710.523	25.4
710.728	25.4
710.932	25.4
711.137	25.4
711.342	25.4
711.546	25.4
711.751	25.4
711.956	25.4
712.161	25.4
712.365	25.4
712.57	25.5
712.775	25.5
712.98	25.5
713.184	25.5
713.389	25.5
713.594	25.5
713.799	25.5
714.004	25.5
714.209	25.5
714.413	25.5
714.618	25.5
714.823	25.6
715.028	25.6
715.233	25.6
715.438	25.6
715.643	25.6
715.848	25.6
716.053	25.6
716.258	25.6
716.463	25.6
716.668	25.6
716.873	25.6
717.078	25.6
717.283	25.7
717.488	25.7
717.693	25.7
717.898	25.7
718.103	25.7
718.308	25.7
718.514	25.7
718.719	25.7
718.924	25.7
719.129	25.7
719.334	25.7
719.539	25.7
719.745	25.7
719.95	25.7
720.155	25.7
720.36	25.8
720.566	25.8
720.771	25.8
720.976	25.8
721.182	25.8
721.387	25.8
721.592	25.8
721.798	25.8
722.003	25.8
722.208	25.8
722.414	25.8
722.619	25.8
722.824	25.8
723.03	25.8
723.235	25.8
723.441	25.9
723.646	25.9
723.852	25.9
724.057	25.9
724.263	25.9
724.468	25.9
724.674	25.9
724.879	25.9
725.085	25.9
725.29	25.9
725.496	25.9
725.701	26
725.907	26
726.112	26
726.318	26
726.524	26
726.729	26
726.935	26
727.141	26
727.346	26
727.552	26
727.758	26.1
727.963	26.1
728.169	26.1
728.375	26.1
728.581	26.1
728.786	26.1
728.992	26.1
729.198	26.1
729.404	26.1
729.609	26.1
729.815	26.1
730.021	26.1
730.227	26.2
730.433	26.2
730.639	26.2
730.844	26.2
731.05	26.2
731.256	26.2
731.462	26.2
731.668	26.2
731.874	26.2
732.08	26.2
732.286	26.2
732.492	26.2
732.698	26.2
732.904	26.3
733.11	26.3
733.316	26.3
733.522	26.3
733.728	26.3
733.934	26.3
734.14	26.3
734.346	26.3
734.552	26.3
734.758	26.3
734.964	26.3
735.17	26.3
735.376	26.3
735.583	26.3
735.789	26.4
735.995	26.4
736.201	26.4
736.407	26.4
736.613	26.4
736.819	26.4
737.026	26.4
737.232	26.4
737.438	26.4
737.644	26.4
737.851	26.4
738.057	26.4
738.263	26.5
738.469	26.5
738.676	26.5
738.882	26.5
739.088	26.5
739.295	26.5
739.501	26.5
739.707	26.5
739.914	26.5
740.12	26.5
740.326	26.5
740.533	26.5
740.739	26.5
740.946	26.6
741.152	26.6
741.358	26.6
741.565	26.6
741.771	26.6
741.978	26.6
742.184	26.6
742.391	26.6
742.597	26.6
742.804	26.6
743.01	26.6
743.217	26.6
743.423	26.6
743.63	26.7
743.836	26.7
744.043	26.7
744.249	26.7
744.456	26.7
744.663	26.7
744.869	26.7
745.076	26.7
745.282	26.7
745.489	26.7
745.696	26.7
745.902	26.7
746.109	26.7
746.316	26.8
746.522	26.8
746.729	26.8
746.936	26.8
747.142	26.8
747.349	26.8
747.556	26.8
747.762	26.8
747.969	26.8
748.176	26.8
748.383	26.8
748.589	26.8
748.796	26.8
749.003	26.8
749.21	26.9
749.417	26.9
749.623	26.9
749.83	26.9
750.037	26.9
750.244	26.9
750.451	26.9
750.658	26.9
750.865	26.9
751.071	26.9
751.278	26.9
751.485	26.9
751.692	26.9
751.899	26.9
752.106	26.9
752.313	27
752.52	27
752.727	27
752.934	27
753.141	27
753.348	27
753.555	27
753.762	27
753.969	27
754.176	27
754.383	27
754.59	27
754.797	27.1
755.004	27.1
755.211	27.1
755.418	27.1
755.625	27.1
755.832	27.1
756.039	27.1
756.246	27.1
756.453	27.1
756.66	27.1
756.868	27.1
757.075	27.1
757.282	27.1
757.489	27.1
757.696	27.2
757.903	27.2
758.111	27.2
758.318	27.2
758.525	27.2
758.732	27.2
758.939	27.2
759.147	27.2
759.354	27.2
759.561	27.2
759.768	27.2
759.976	27.2
760.183	27.2
760.39	27.3
760.597	27.3
760.805	27.3
761.012	27.3
761.219	27.3
761.426	27.3
761.634	27.3
761.841	27.3
762.048	27.3
762.256	27.3
762.463	27.3
762.67	27.4
762.878	27.4
763.085	27.4
763.293	27.4
763.5	27.4
763.707	27.4
763.915	27.4
764.122	27.4
764.33	27.4
764.537	27.4
764.744	27.5
764.952	27.5
765.159	27.5
765.367	27.5
765.574	27.5
765.782	27.5
765.989	27.5
766.197	27.5
766.404	27.5
766.612	27.5
766.819	27.6
767.027	27.6
767.234	27.6
767.442	27.6
767.649	27.6
767.857	27.6
768.064	27.6
768.272	27.6
768.479	27.6
768.687	27.6
768.895	27.6
769.102	27.6
769.31	27.7
769.517	27.7
769.725	27.7
769.933	27.7
770.14	27.7
770.348	27.7
770.555	27.7
770.763	27.7
770.971	27.7
771.178	27.7
771.386	27.7
771.594	27.7
771.801	27.7
772.009	27.7
772.217	27.7
772.424	27.7
772.632	27.7
772.84	27.7
773.047	27.7
773.255	27.7
773.463	27.8
773.671	27.8
773.878	27.8
774.086	27.8
774.294	27.8
774.502	27.8
774.709	27.8
774.917	27.8
775.125	27.8
775.333	27.8
775.54	27.8
775.748	27.8
775.956	27.9
776.164	27.9
776.371	27.9
776.579	27.9
776.787	27.9
776.995	27.9
777.203	27.9
777.41	27.9
777.618	27.9
777.826	27.9
778.034	28
778.242	28
778.45	28
778.657	28
778.865	28
779.073	28
779.281	28
779.489	28
779.697	28
779.905	28
780.112	28
780.32	28
780.528	28
780.736	28.1
780.944	28.1
781.152	28.1
781.36	28.1
781.568	28.1
781.776	28.1
781.984	28.1
782.191	28.1
782.399	28.1
782.607	28.1
782.815	28.1
783.023	28.1
783.231	28.1
783.439	28.1
783.647	28.1
783.855	28.2
784.063	28.2
784.271	28.2
784.479	28.2
784.687	28.2
784.895	28.2
785.103	28.2
785.311	28.2
785.519	28.2
785.727	28.2
785.935	28.2
786.143	28.2
786.351	28.2
786.559	28.2
786.767	28.2
786.975	28.2
787.183	28.2
787.391	28.3
787.599	28.3
787.807	28.3
788.015	28.3
788.223	28.3
788.431	28.3
788.639	28.3
788.847	28.3
789.055	28.3
789.263	28.3
789.471	28.4
789.679	28.4
789.887	28.4
790.095	28.4
790.303	28.4
790.511	28.4
790.719	28.4
790.927	28.4
791.135	28.5
791.343	28.5
791.551	28.5
791.76	28.5
791.968	28.5
792.176	28.5
792.384	28.5
792.592	28.5
792.8	28.5
793.008	28.5
793.216	28.5
793.424	28.5
793.632	28.5
793.84	28.6
794.048	28.6
794.256	28.6
794.465	28.6
794.673	28.6
794.881	28.6
795.089	28.6
795.297	28.6
795.505	28.6
795.713	28.6
795.921	28.6
796.129	28.6
796.337	28.6
796.546	28.6
796.754	28.7
796.962	28.7
797.17	28.7
797.378	28.7
797.586	28.7
797.794	28.7
798.002	28.7
798.21	28.7
798.419	28.7
798.627	28.7
798.835	28.7
799.043	28.7
799.251	28.7
799.459	28.7
799.667	28.7
799.875	28.7
800.083	28.7
800.292	28.8
800.5	28.8
800.708	28.8
800.916	28.8
801.124	28.8
801.332	28.8
801.54	28.8
801.748	28.8
801.957	28.8
802.165	28.9
802.373	28.9
802.581	28.9
802.789	28.9
802.997	28.9
803.205	28.9
803.414	28.9
803.622	28.9
803.83	29
804.038	29
804.246	29
804.454	29
804.662	29
804.87	29
805.079	29
805.287	29
805.495	29
805.703	29.1
805.911	29.1
806.119	29.1
806.327	29.1
806.535	29.1
806.743	29.1
806.952	29.1
807.16	29.1
807.368	29.1
807.576	29.1
807.784	29.1
807.992	29.1
808.2	29.1
808.408	29.1
808.617	29.1
808.825	29.1
809.033	29.1
809.241	29.1
809.449	29.2
809.657	29.2
809.865	29.2
810.073	29.2
810.281	29.2
810.49	29.2
810.698	29.2
810.906	29.2
811.114	29.2
811.322	29.2
811.53	29.2
811.738	29.2
811.946	29.2
812.154	29.2
812.362	29.2
812.57	29.2
812.779	29.3
812.987	29.3
813.195	29.3
813.403	29.3
813.611	29.3
813.819	29.3
814.027	29.3
814.235	29.3
814.443	29.3
814.651	29.3
814.859	29.3
815.067	29.4
815.275	29.4
815.484	29.4
815.692	29.4
815.9	29.4
816.108	29.4
816.316	29.4
816.524	29.4
816.732	29.4
816.94	29.4
817.148	29.5
817.356	29.5
817.564	29.5
817.772	29.5
817.98	29.5
818.188	29.5
818.397	29.5
818.605	29.5
818.813	29.5
819.021	29.5
819.229	29.5
819.437	29.5
819.645	29.5
819.853	29.6
820.061	29.6
820.269	29.6
820.477	29.6
820.685	29.6
820.893	29.6
821.102	29.6
821.31	29.6
821.518	29.6
821.726	29.6
821.934	29.6
822.142	29.6
822.35	29.7
822.558	29.7
822.766	29.7
822.974	29.7
823.182	29.7
823.39	29.7
823.599	29.7
823.807	29.7
824.015	29.7
824.223	29.7
824.431	29.8
824.639	29.8
824.847	29.8
825.055	29.8
825.263	29.8
825.472	29.8
825.68	29.8
825.888	29.8
826.096	29.8
826.304	29.8
826.512	29.8
826.72	29.8
826.928	29.9
827.137	29.9
827.345	29.9
827.553	29.9
827.761	29.9
827.969	29.9
828.177	29.9
828.385	29.9
828.594	29.9
828.802	29.9
829.01	29.9
829.218	29.9
829.426	29.9
829.634	29.9
829.843	29.9
830.051	29.9
830.259	29.9
830.467	29.9
830.675	29.9
830.883	29.9
831.092	30
831.3	30
831.508	30
831.716	30
831.924	30
832.133	30
832.341	30
832.549	30
832.757	30
832.966	30.1
833.174	30.1
833.382	30.1
833.59	30.1
833.799	30.1
834.007	30.1
834.215	30.1
834.423	30.1
834.632	30.1
834.84	30.1
835.048	30.1
835.256	30.1
835.465	30.1
835.673	30.1
835.881	30.1
836.09	30.1
836.298	30.1
836.506	30.1
836.715	30.1
836.923	30.2
837.131	30.2
837.34	30.2
837.548	30.2
837.756	30.2
837.965	30.2
838.173	30.2
838.381	30.3
838.59	30.3
838.798	30.3
839.006	30.3
839.215	30.3
839.423	30.3
839.632	30.3
839.84	30.3
840.048	30.3
840.257	30.3
840.465	30.3
840.674	30.3
840.882	30.3
841.091	30.3
841.299	30.3
841.508	30.3
841.716	30.3
841.924	30.3
842.133	30.3
842.341	30.3
842.55	30.3
842.758	30.3
842.967	30.3
843.175	30.3
843.384	30.4
843.593	30.4
843.801	30.4
844.01	30.4
844.218	30.4
844.427	30.4
844.635	30.4
844.844	30.4
845.052	30.4
845.261	30.5
845.47	30.5
845.678	30.5
845.887	30.5
846.095	30.5
846.304	30.5
846.513	30.5
846.721	30.5
846.93	30.5
847.139	30.5
847.347	30.5
847.556	30.5
847.765	30.5
847.973	30.5
848.182	30.5
848.391	30.6
848.6	30.6
848.808	30.6
849.017	30.6
849.226	30.6
849.435	30.6
849.643	30.6
849.852	30.6
850.061	30.6
850.27	30.6
850.478	30.6
850.687	30.6
850.896	30.6
851.105	30.6
851.314	30.7
851.523	30.7
851.731	30.7
851.94	30.7
852.149	30.7
852.358	30.7
852.567	30.7
852.776	30.7
852.985	30.7
853.194	30.7
853.403	30.7
853.612	30.7
853.821	30.7
854.03	30.7
854.239	30.7
854.447	30.7
854.656	30.7
854.865	30.7
855.075	30.8
855.284	30.8
855.493	30.8
855.702	30.8
855.911	30.8
856.12	30.8
856.329	30.8
856.538	30.8
856.747	30.8
856.956	30.8
857.165	30.8
857.374	30.8
857.584	30.8
857.793	30.8
858.002	30.8
858.211	30.8
858.42	30.8
858.629	30.8
858.839	30.8
859.048	30.8
859.257	30.8
859.466	30.8
859.676	30.8
859.885	30.8
860.094	30.9
860.304	30.9
860.513	30.9
860.722	30.9
860.932	30.8
861.141	30.8
861.35	30.8
861.56	30.8
861.769	30.8
861.978	30.9
862.188	30.9
862.397	30.9
862.607	30.9
862.816	30.9
863.026	30.9
863.235	30.9
863.445	31
863.654	31
863.864	31
864.073	31
864.283	31
864.492	31
864.702	31
864.911	31
865.121	31
865.33	31
865.54	31
865.75	31.1
865.959	31.1
866.169	31.1
866.379	31.1
866.588	31.1
866.798	31.1
867.008	31.1
867.218	31.1
867.427	31.1
867.637	31.1
867.847	31.1
868.057	31.1
868.266	31.2
868.476	31.2
868.686	31.2
868.896	31.2
869.106	31.2
869.316	31.2
869.525	31.2
869.735	31.2
869.945	31.2
870.155	31.2
870.365	31.2
870.575	31.2
870.785	31.2
870.995	31.2
871.205	31.2
871.415	31.2
871.625	31.2
871.835	31.2
872.045	31.2
872.255	31.2
872.465	31.2
872.675	31.2
872.886	31.2
873.096	31.2
873.306	31.2
873.516	31.2
873.726	31.2
873.936	31.2
874.147	31.2
874.357	31.2
874.567	31.2
874.777	31.2
874.988	31.1
875.198	31.2
875.408	31.2
875.619	31.2
875.829	31.2
876.039	31.2
876.25	31.2
876.46	31.2
876.67	31.3
876.881	31.3
877.091	31.2
877.302	31.2
877.512	31.2
877.723	31.2
877.933	31.2
878.144	31.3
878.354	31.3
878.565	31.3
878.775	31.3
878.986	31.3
879.197	31.3
879.407	31.3
879.618	31.3
879.829	31.2
880.039	31.2
880.25	31.2
880.461	31.3
880.671	31.3
880.882	31.3
881.093	31.3
881.304	31.3
881.515	31.3
881.725	31.3
881.936	31.3
882.147	31.3
882.358	31.3
882.569	31.3
882.78	31.3
882.991	31.3
883.202	31.4
883.413	31.4
883.624	31.4
883.835	31.4
884.046	31.4
884.257	31.4
884.468	31.4
884.679	31.4
884.89	31.4
885.101	31.4
885.312	31.4
885.523	31.4
885.735	31.4
885.946	31.4
886.157	31.4
886.368	31.4
886.579	31.4
886.791	31.5
887.002	31.5
887.213	31.5
887.425	31.5
887.636	31.5
887.847	31.5
888.059	31.6
888.27	31.6
888.481	31.6
888.693	31.6
888.904	31.6
889.116	31.6
889.327	31.6
889.539	31.6
889.75	31.6
889.962	31.6
890.174	31.6
890.385	31.7
890.597	31.7
890.808	31.7
891.02	31.7
891.232	31.7
891.444	31.7
891.655	31.7
891.867	31.7
892.079	31.7
892.291	31.6
892.502	31.6
892.714	31.6
892.926	31.6
893.138	31.6
893.35	31.6
893.562	31.6
893.774	31.6
893.986	31.6
894.198	31.6
894.41	31.6
894.622	31.6
894.834	31.6
895.046	31.6
895.258	31.6
895.47	31.6
895.682	31.6
895.894	31.6
896.106	31.6
896.319	31.6
896.531	31.6
896.743	31.6
896.955	31.6
897.168	31.6
897.38	31.6
897.592	31.6
897.805	31.6
898.017	31.6
898.229	31.6
898.442	31.6
898.654	31.6
898.867	31.6
899.079	31.6
899.292	31.7
899.504	31.7
899.717	31.7
899.929	31.7
900.142	31.7
900.355	31.7
900.567	31.7
900.78	31.7
900.993	31.7
901.205	31.7
901.418	31.7
901.631	31.7
901.844	31.7
902.056	31.7
902.269	31.7
902.482	31.7
902.695	31.7
902.908	31.7
903.121	31.7
903.334	31.7
903.547	31.7
903.76	31.7
903.973	31.7
904.186	31.8
904.399	31.8
904.612	31.8
904.825	31.8
905.038	31.8
905.251	31.8
905.465	31.8
905.678	31.8
905.891	31.8
906.104	31.8
906.318	31.7
906.531	31.7
906.744	31.7
906.958	31.7
907.171	31.7
907.384	31.7
907.598	31.7
907.811	31.7
908.025	31.7
908.238	31.7
908.452	31.7
908.665	31.7
908.879	31.7
909.093	31.7
909.306	31.6
909.52	31.6
909.734	31.7
909.947	31.7
910.161	31.7
910.375	31.7
910.589	31.7
910.803	31.7
911.016	31.7
911.23	31.7
911.444	31.7
911.658	31.7
911.872	31.7
912.086	31.7
912.3	31.7
912.514	31.7
912.728	31.7
912.942	31.7
913.156	31.7
913.37	31.7
913.585	31.7
913.799	31.7
914.013	31.7
914.227	31.8
914.442	31.8
914.656	31.8
914.87	31.8
915.084	31.8
915.299	31.8
915.513	31.8
915.728	31.8
915.942	31.8
916.157	31.8
916.371	31.8
916.586	31.8
916.8	31.8
917.015	31.8
917.229	31.8
917.444	31.8
917.659	31.8
917.874	31.8
918.088	31.8
918.303	31.8
918.518	31.8
918.733	31.8
918.947	31.8
919.162	31.8
919.377	31.8
919.592	31.8
919.807	31.8
920.022	31.8
920.237	31.8
920.452	31.8
920.667	31.8
920.882	31.8
921.097	31.8
921.313	31.8
921.528	31.8
921.743	31.8
921.958	31.8
922.174	31.8
922.389	31.8
922.604	31.8
922.82	31.8
923.035	31.8
923.25	31.8
923.466	31.8
923.681	31.8
923.897	31.8
924.112	31.8
924.328	31.8
924.544	31.8
924.759	31.8
924.975	31.9
925.19	31.9
925.406	31.9
925.622	31.9
925.838	31.9
926.054	32
926.269	32
926.485	32
926.701	32
926.917	32
927.133	32
927.349	32
927.565	32
927.781	32.1
927.997	32.1
928.213	32.1
928.429	32.1
928.646	32.1
928.862	32.1
929.078	32.2
929.294	32.2
929.511	32.2
929.727	32.2
929.943	32.2
930.16	32.2
930.376	32.3
930.592	32.3
930.809	32.3
931.025	32.3
931.242	32.3
931.459	32.4
931.675	32.4
931.892	32.4
932.108	32.4
932.325	32.4
932.542	32.4
932.759	32.5
932.975	32.5
933.192	32.5
933.409	32.5
933.626	32.5
933.843	32.5
934.06	32.5
934.277	32.5
934.494	32.5
934.711	32.5
934.928	32.4
935.145	32.4
935.362	32.5
935.58	32.5
935.797	32.5
936.014	32.5
936.231	32.5
936.449	32.5
936.666	32.4
936.883	32.4
937.101	32.3
937.318	32.3
937.536	32.3
937.753	32.2
937.971	32.2
938.188	32.1
938.406	32.1
938.624	32.2
938.841	32.2
939.059	32.2
939.277	32.2
939.494	32.2
939.712	32.2
939.93	32.2
