360.161	9.7
360.333	9.6
360.504	9.6
360.676	9.5
360.847	9.4
361.019	9.4
361.19	9.4
361.361	9.4
361.533	9.4
361.704	9.4
361.876	9.3
362.047	9.3
362.219	9.3
362.391	9.2
362.562	9.3
362.734	9.2
362.905	9.2
363.077	9.2
363.248	9.1
363.42	9.1
363.592	9
363.763	9.1
363.935	9.1
364.106	9.1
364.278	9.1
364.45	9
364.621	9
364.793	9
364.965	9
365.137	8.9
365.308	8.9
365.48	8.8
365.652	8.9
365.824	8.8
365.995	8.8
366.167	8.8
366.339	8.8
366.511	8.8
366.683	8.8
366.854	8.7
367.026	8.7
367.198	8.7
367.37	8.7
367.542	8.8
367.714	8.7
367.886	8.7
368.058	8.7
368.23	8.7
368.402	8.6
368.574	8.6
368.746	8.6
368.918	8.5
369.09	8.5
369.262	8.5
369.434	8.4
369.606	8.4
369.778	8.4
369.95	8.3
370.122	8.2
370.294	8.3
370.467	8.3
370.639	8.3
370.811	8.3
370.983	8.3
371.155	8.3
371.328	8.3
371.5	8.2
371.672	8.2
371.844	8.2
372.017	8.2
372.189	8.2
372.361	8.2
372.534	8.1
372.706	8.1
372.878	8.1
373.051	8
373.223	7.9
373.396	7.9
373.568	7.8
373.741	7.7
373.913	7.7
374.086	7.7
374.258	7.6
374.431	7.6
374.603	7.6
374.776	7.5
374.949	7.5
375.121	7.5
375.294	7.5
375.467	7.5
375.639	7.4
375.812	7.4
375.985	7.4
376.157	7.4
376.33	7.4
376.503	7.4
376.676	7.4
376.849	7.3
377.021	7.3
377.194	7.3
377.367	7.3
377.54	7.2
377.713	7.2
377.886	7.1
378.059	7.1
378.232	7.1
378.405	7.1
378.578	7.1
378.751	7.1
378.924	7
379.097	7
379.27	7
379.444	7
379.617	7
379.79	7
379.963	7
380.136	6.9
380.31	7
380.483	7
380.656	7
380.829	7
381.003	7
381.176	7
381.35	7
381.523	7
381.696	7
381.87	7
382.043	7
382.217	7
382.39	6.9
382.564	6.9
382.738	6.9
382.911	6.9
383.085	6.9
383.258	6.8
383.432	6.8
383.606	6.8
383.779	6.9
383.953	6.8
384.127	6.8
384.301	6.8
384.475	6.8
384.648	6.8
384.822	6.8
384.996	6.8
385.17	6.8
385.344	6.7
385.518	6.7
385.692	6.7
385.866	6.7
386.04	6.7
386.214	6.7
386.388	6.7
386.562	6.7
386.737	6.7
386.911	6.7
387.085	6.7
387.259	6.7
387.434	6.7
387.608	6.7
387.782	6.7
387.956	6.7
388.131	6.7
388.305	6.7
388.48	6.7
388.654	6.7
388.829	6.7
389.003	6.7
389.178	6.7
389.352	6.7
389.527	6.7
389.701	6.7
389.876	6.7
390.051	6.7
390.226	6.7
390.4	6.7
390.575	6.7
390.75	6.7
390.925	6.7
391.099	6.7
391.274	6.7
391.449	6.7
391.624	6.7
391.799	6.7
391.974	6.7
392.149	6.7
392.324	6.7
392.499	6.7
392.675	6.8
392.85	6.8
393.025	6.8
393.2	6.8
393.375	6.8
393.551	6.8
393.726	6.8
393.901	6.8
394.077	6.8
394.252	6.8
394.427	6.8
394.603	6.8
394.778	6.7
394.954	6.7
395.129	6.7
395.305	6.8
395.481	6.8
395.656	6.8
395.832	6.7
396.008	6.7
396.184	6.7
396.359	6.7
396.535	6.7
396.711	6.7
396.887	6.7
397.063	6.7
397.239	6.7
397.415	6.7
397.591	6.7
397.767	6.7
397.943	6.7
398.119	6.7
398.295	6.7
398.471	6.7
398.648	6.7
398.824	6.7
399	6.7
399.176	6.7
399.353	6.7
399.529	6.7
399.706	6.7
399.882	6.7
400.058	6.7
400.235	6.7
400.412	6.7
400.588	6.7
400.765	6.7
400.942	6.7
401.118	6.7
401.295	6.8
401.472	6.8
401.649	6.8
401.825	6.7
402.002	6.7
402.179	6.7
402.356	6.7
402.533	6.7
402.71	6.7
402.887	6.7
403.064	6.7
403.242	6.7
403.419	6.7
403.596	6.7
403.773	6.7
403.95	6.7
404.128	6.7
404.305	6.7
404.483	6.7
404.66	6.7
404.837	6.7
405.015	6.7
405.193	6.7
405.37	6.7
405.548	6.7
405.725	6.7
405.903	6.7
406.081	6.7
406.259	6.7
406.437	6.7
406.614	6.7
406.792	6.7
406.97	6.7
407.148	6.7
407.326	6.7
407.504	6.7
407.682	6.7
407.86	6.7
408.039	6.7
408.217	6.7
408.395	6.7
408.573	6.7
408.751	6.7
408.93	6.7
409.108	6.7
409.287	6.7
409.465	6.7
409.643	6.7
409.822	6.7
410	6.7
410.179	6.7
410.358	6.7
410.536	6.7
410.715	6.7
410.894	6.7
411.072	6.7
411.251	6.7
411.43	6.7
411.609	6.7
411.788	6.7
411.967	6.7
412.146	6.7
412.325	6.7
412.504	6.7
412.683	6.7
412.862	6.7
413.041	6.7
413.22	6.7
413.399	6.7
413.578	6.7
413.758	6.7
413.937	6.7
414.116	6.7
414.296	6.7
414.475	6.7
414.654	6.8
414.834	6.8
415.013	6.8
415.193	6.8
415.372	6.8
415.552	6.8
415.732	6.8
415.911	6.8
416.091	6.8
416.271	6.8
416.45	6.8
416.63	6.8
416.81	6.8
416.99	6.8
417.169	6.8
417.349	6.9
417.529	6.8
417.709	6.8
417.889	6.8
418.069	6.9
418.249	6.9
418.429	6.9
418.609	6.9
418.789	6.9
418.97	6.9
419.15	6.9
419.33	6.9
419.51	6.9
419.691	6.9
419.871	6.9
420.051	6.9
420.232	6.9
420.412	6.9
420.592	6.9
420.773	6.9
420.953	6.8
421.134	6.9
421.314	6.9
421.495	6.8
421.675	6.8
421.856	6.9
422.037	6.9
422.217	6.9
422.398	6.9
422.579	6.9
422.76	6.9
422.94	6.9
423.121	6.9
423.302	6.9
423.483	6.9
423.664	6.9
423.845	6.9
424.026	6.9
424.207	6.9
424.388	6.9
424.569	6.9
424.75	6.9
424.931	7
425.112	7
425.293	7
425.474	7
425.655	7
425.837	7
426.018	7
426.199	7
426.38	7
426.562	7
426.743	7
426.924	7
427.106	7
427.287	7
427.469	7
427.65	7
427.832	7
428.013	7
428.195	7
428.376	7
428.558	7
428.739	7
428.921	7
429.103	7.1
429.284	7.1
429.466	7.1
429.648	7.1
429.83	7.1
430.011	7.1
430.193	7.1
430.375	7.1
430.557	7.1
430.739	7.1
430.921	7.1
431.102	7.1
431.284	7.1
431.466	7.1
431.648	7.1
431.83	7.1
432.012	7.1
432.194	7.1
432.377	7.1
432.559	7.1
432.741	7.2
432.923	7.2
433.105	7.2
433.287	7.2
433.469	7.2
433.652	7.2
433.834	7.2
434.016	7.2
434.198	7.2
434.381	7.2
434.563	7.2
434.745	7.2
434.928	7.2
435.11	7.3
435.293	7.3
435.475	7.3
435.658	7.3
435.84	7.3
436.022	7.3
436.205	7.3
436.388	7.3
436.57	7.3
436.753	7.3
436.935	7.3
437.118	7.3
437.301	7.3
437.483	7.4
437.666	7.4
437.849	7.4
438.031	7.4
438.214	7.4
438.397	7.4
438.58	7.4
438.762	7.4
438.945	7.4
439.128	7.4
439.311	7.4
439.494	7.4
439.677	7.4
439.859	7.4
440.042	7.4
440.225	7.5
440.408	7.5
440.591	7.5
440.774	7.5
440.957	7.5
441.14	7.5
441.323	7.5
441.507	7.5
441.69	7.5
441.873	7.6
442.056	7.6
442.239	7.6
442.422	7.6
442.605	7.6
442.789	7.6
442.972	7.6
443.155	7.6
443.338	7.6
443.522	7.6
443.705	7.6
443.888	7.6
444.072	7.6
444.255	7.6
444.438	7.6
444.622	7.7
444.805	7.7
444.989	7.7
445.172	7.7
445.356	7.7
445.539	7.7
445.723	7.7
445.906	7.7
446.09	7.7
446.273	7.8
446.457	7.8
446.64	7.8
446.824	7.8
447.008	7.8
447.191	7.8
447.375	7.8
447.559	7.8
447.742	7.8
447.926	7.8
448.11	7.8
448.293	7.8
448.477	7.8
448.661	7.8
448.845	7.8
449.029	7.8
449.212	7.8
449.396	7.8
449.58	7.8
449.764	7.9
449.948	7.9
450.132	7.9
450.316	7.9
450.5	7.9
450.684	7.9
450.868	7.9
451.052	7.9
451.236	7.9
451.42	7.9
451.604	7.9
451.788	7.9
451.972	7.9
452.156	7.9
452.34	7.9
452.525	7.9
452.709	7.9
452.893	8
453.077	8
453.261	8
453.446	8
453.63	8
453.814	8
453.998	8
454.183	8
454.367	8
454.551	8
454.736	8
454.92	8
455.104	8
455.289	8
455.473	8
455.658	8.1
455.842	8.1
456.026	8.1
456.211	8.1
456.395	8.1
456.58	8.1
456.764	8.1
456.949	8.1
457.134	8.1
457.318	8.1
457.503	8.1
457.687	8.1
457.872	8.1
458.057	8.2
458.241	8.2
458.426	8.2
458.611	8.2
458.795	8.2
458.98	8.2
459.165	8.2
459.349	8.2
459.534	8.2
459.719	8.2
459.904	8.2
460.088	8.2
460.273	8.2
460.458	8.3
460.643	8.3
460.828	8.3
461.013	8.3
461.198	8.3
461.382	8.3
461.567	8.3
461.752	8.3
461.937	8.3
462.122	8.3
462.307	8.3
462.492	8.3
462.677	8.3
462.862	8.3
463.047	8.3
463.232	8.3
463.417	8.3
463.602	8.3
463.788	8.3
463.973	8.4
464.158	8.4
464.343	8.4
464.528	8.4
464.713	8.4
464.898	8.4
465.084	8.4
465.269	8.4
465.454	8.4
465.639	8.4
465.824	8.4
466.01	8.4
466.195	8.4
466.38	8.4
466.566	8.4
466.751	8.4
466.936	8.4
467.122	8.4
467.307	8.5
467.492	8.5
467.678	8.5
467.863	8.5
468.048	8.5
468.234	8.5
468.419	8.5
468.605	8.5
468.79	8.5
468.976	8.5
469.161	8.5
469.347	8.5
469.532	8.5
469.718	8.5
469.903	8.5
470.089	8.5
470.274	8.5
470.46	8.5
470.646	8.5
470.831	8.5
471.017	8.5
471.202	8.5
471.388	8.6
471.574	8.6
471.759	8.6
471.945	8.6
472.131	8.6
472.317	8.6
472.502	8.6
472.688	8.6
472.874	8.6
473.059	8.6
473.245	8.6
473.431	8.6
473.617	8.6
473.803	8.6
473.988	8.6
474.174	8.6
474.36	8.6
474.546	8.6
474.732	8.6
474.918	8.6
475.104	8.6
475.29	8.6
475.475	8.6
475.661	8.6
475.847	8.6
476.033	8.7
476.219	8.7
476.405	8.7
476.591	8.7
476.777	8.7
476.963	8.7
477.149	8.7
477.335	8.7
477.521	8.7
477.707	8.7
477.893	8.7
478.08	8.7
478.266	8.7
478.452	8.7
478.638	8.7
478.824	8.8
479.01	8.8
479.196	8.8
479.382	8.8
479.569	8.8
479.755	8.8
479.941	8.8
480.127	8.8
480.313	8.8
480.5	8.8
480.686	8.8
480.872	8.8
481.058	8.8
481.245	8.8
481.431	8.9
481.617	8.9
481.803	8.9
481.99	8.9
482.176	8.9
482.362	8.9
482.549	8.9
482.735	8.9
482.921	8.9
483.108	8.9
483.294	8.9
483.481	8.9
483.667	8.9
483.853	9
484.04	9
484.226	9
484.413	9
484.599	9
484.786	9
484.972	9
485.159	9
485.345	9
485.532	9
485.718	9
485.905	9
486.091	9
486.278	9
486.464	9
486.651	9.1
486.837	9.1
487.024	9.1
487.211	9.1
487.397	9.1
487.584	9.1
487.77	9.1
487.957	9.1
488.144	9.1
488.33	9.1
488.517	9.1
488.704	9.1
488.89	9.1
489.077	9.1
489.264	9.2
489.45	9.2
489.637	9.2
489.824	9.2
490.01	9.2
490.197	9.2
490.384	9.2
490.571	9.2
490.757	9.2
490.944	9.2
491.131	9.2
491.318	9.2
491.505	9.2
491.691	9.2
491.878	9.2
492.065	9.2
492.252	9.3
492.439	9.3
492.626	9.3
492.812	9.3
492.999	9.3
493.186	9.3
493.373	9.3
493.56	9.3
493.747	9.3
493.934	9.3
494.121	9.3
494.308	9.3
494.494	9.3
494.681	9.3
494.868	9.3
495.055	9.3
495.242	9.3
495.429	9.3
495.616	9.3
495.803	9.4
495.99	9.4
496.177	9.4
496.364	9.4
496.551	9.4
496.738	9.4
496.925	9.4
497.112	9.4
497.299	9.4
497.486	9.4
497.673	9.4
497.861	9.4
498.048	9.4
498.235	9.4
498.422	9.4
498.609	9.4
498.796	9.4
498.983	9.4
499.17	9.4
499.357	9.4
499.544	9.4
499.732	9.5
499.919	9.5
500.106	9.5
500.293	9.5
500.48	9.5
500.667	9.5
500.855	9.5
501.042	9.5
501.229	9.5
501.416	9.5
501.603	9.5
501.791	9.5
501.978	9.5
502.165	9.5
502.352	9.6
502.54	9.6
502.727	9.6
502.914	9.6
503.101	9.6
503.289	9.6
503.476	9.6
503.663	9.6
503.85	9.6
504.038	9.6
504.225	9.6
504.412	9.7
504.6	9.7
504.787	9.7
504.974	9.7
505.161	9.7
505.349	9.7
505.536	9.7
505.723	9.7
505.911	9.7
506.098	9.7
506.286	9.7
506.473	9.7
506.66	9.8
506.848	9.8
507.035	9.8
507.222	9.8
507.41	9.8
507.597	9.8
507.785	9.8
507.972	9.8
508.159	9.8
508.347	9.8
508.534	9.8
508.722	9.9
508.909	9.9
509.097	9.9
509.284	9.9
509.471	9.9
509.659	9.9
509.846	9.9
510.034	9.9
510.221	9.9
510.409	9.9
510.596	10
510.784	10
510.971	10
511.159	10
511.346	10
511.534	10
511.721	10
511.909	10
512.096	10
512.284	10
512.471	10
512.659	10
512.846	10
513.034	10
513.221	10.1
513.409	10.1
513.596	10.1
513.784	10.1
513.972	10.1
514.159	10.1
514.347	10.1
514.534	10.1
514.722	10.1
514.909	10.1
515.097	10.1
515.285	10.2
515.472	10.2
515.66	10.2
515.847	10.2
516.035	10.2
516.222	10.2
516.41	10.2
516.598	10.2
516.785	10.2
516.973	10.2
517.161	10.3
517.348	10.3
517.536	10.3
517.723	10.3
517.911	10.3
518.099	10.3
518.286	10.3
518.474	10.3
518.662	10.3
518.849	10.3
519.037	10.3
519.225	10.3
519.412	10.3
519.6	10.4
519.787	10.4
519.975	10.4
520.163	10.4
520.35	10.4
520.538	10.4
520.726	10.4
520.914	10.4
521.101	10.4
521.289	10.4
521.477	10.4
521.664	10.4
521.852	10.5
522.04	10.5
522.227	10.5
522.415	10.5
522.603	10.5
522.79	10.5
522.978	10.5
523.166	10.5
523.354	10.5
523.541	10.5
523.729	10.5
523.917	10.5
524.104	10.5
524.292	10.5
524.48	10.5
524.668	10.5
524.855	10.5
525.043	10.6
525.231	10.6
525.418	10.6
525.606	10.6
525.794	10.6
525.982	10.6
526.169	10.6
526.357	10.6
526.545	10.6
526.733	10.6
526.92	10.6
527.108	10.7
527.296	10.7
527.484	10.7
527.671	10.7
527.859	10.7
528.047	10.7
528.235	10.7
528.422	10.7
528.61	10.7
528.798	10.7
528.986	10.7
529.173	10.7
529.361	10.8
529.549	10.8
529.737	10.8
529.924	10.8
530.112	10.8
530.3	10.8
530.488	10.8
530.675	10.8
530.863	10.8
531.051	10.8
531.239	10.9
531.426	10.9
531.614	10.9
531.802	10.9
531.99	10.9
532.177	10.9
532.365	10.9
532.553	10.9
532.741	10.9
532.928	11
533.116	11
533.304	11
533.492	11
533.679	11
533.867	11
534.055	11
534.243	11
534.431	11.1
534.618	11.1
534.806	11.1
534.994	11.1
535.182	11.1
535.369	11.1
535.557	11.1
535.745	11.1
535.933	11.2
536.12	11.2
536.308	11.2
536.496	11.2
536.684	11.2
536.871	11.2
537.059	11.2
537.247	11.2
537.435	11.2
537.622	11.3
537.81	11.3
537.998	11.3
538.186	11.3
538.373	11.3
538.561	11.3
538.749	11.3
538.937	11.3
539.124	11.3
539.312	11.3
539.5	11.3
539.688	11.3
539.875	11.4
540.063	11.4
540.251	11.4
540.439	11.4
540.626	11.4
540.814	11.4
541.002	11.4
541.19	11.4
541.377	11.4
541.565	11.4
541.753	11.4
541.941	11.4
542.128	11.4
542.316	11.4
542.504	11.4
542.691	11.4
542.879	11.4
543.067	11.4
543.255	11.4
543.442	11.4
543.63	11.5
543.818	11.5
544.005	11.5
544.193	11.5
544.381	11.5
544.568	11.5
544.756	11.5
544.944	11.5
545.132	11.5
545.319	11.5
545.507	11.5
545.695	11.5
545.882	11.5
546.07	11.5
546.258	11.5
546.445	11.5
546.633	11.5
546.821	11.6
547.008	11.6
547.196	11.6
547.384	11.6
547.571	11.6
547.759	11.6
547.947	11.6
548.134	11.6
548.322	11.6
548.51	11.6
548.697	11.6
548.885	11.6
549.073	11.6
549.26	11.6
549.448	11.6
549.636	11.6
549.823	11.6
550.011	11.7
550.199	11.7
550.386	11.7
550.574	11.7
550.762	11.7
550.949	11.7
551.137	11.7
551.325	11.7
551.512	11.7
551.7	11.7
551.888	11.7
552.075	11.7
552.263	11.7
552.451	11.7
552.639	11.7
552.826	11.7
553.014	11.7
553.202	11.7
553.389	11.7
553.577	11.7
553.765	11.7
553.953	11.7
554.14	11.7
554.328	11.7
554.516	11.7
554.704	11.7
554.891	11.7
555.079	11.7
555.267	11.7
555.455	11.7
555.643	11.8
555.83	11.8
556.018	11.8
556.206	11.8
556.394	11.8
556.582	11.8
556.77	11.8
556.957	11.8
557.145	11.8
557.333	11.8
557.521	11.8
557.709	11.8
557.897	11.8
558.085	11.8
558.273	11.8
558.461	11.8
558.649	11.8
558.837	11.8
559.025	11.8
559.213	11.8
559.4	11.8
559.588	11.8
559.777	11.8
559.965	11.8
560.153	11.9
560.341	11.9
560.529	11.9
560.717	11.9
560.905	11.9
561.093	11.9
561.281	11.9
561.469	11.9
561.657	11.9
561.845	11.9
562.034	11.9
562.222	11.9
562.41	11.9
562.598	11.9
562.786	11.9
562.975	11.9
563.163	11.9
563.351	11.9
563.539	11.9
563.728	11.9
563.916	11.9
564.104	11.9
564.293	11.9
564.481	11.9
564.67	11.9
564.858	11.9
565.046	11.9
565.235	11.9
565.423	11.9
565.612	11.9
565.8	11.9
565.989	11.9
566.177	11.9
566.366	11.9
566.554	11.9
566.743	11.9
566.932	11.9
567.12	11.9
567.309	11.9
567.497	11.9
567.686	11.9
567.875	11.9
568.064	11.9
568.252	11.9
568.441	11.9
568.63	11.9
568.819	11.9
569.007	11.9
569.196	11.9
569.385	11.9
569.574	11.9
569.763	11.9
569.952	11.9
570.141	11.9
570.33	11.9
570.519	11.9
570.708	11.9
570.897	11.9
571.086	11.9
571.275	11.9
571.464	11.9
571.653	11.9
571.843	11.9
572.032	11.9
572.221	11.9
572.41	11.9
572.599	11.9
572.789	11.9
572.978	11.9
573.167	11.9
573.357	11.9
573.546	11.9
573.736	11.9
573.925	11.9
574.115	11.9
574.304	11.9
574.494	11.9
574.683	11.9
574.873	11.9
575.062	11.9
575.252	11.9
575.442	11.9
575.631	11.9
575.821	11.9
576.011	11.9
576.201	11.9
576.39	11.9
576.58	11.9
576.77	11.9
576.96	11.9
577.15	11.9
577.34	11.9
577.53	11.9
577.72	11.9
577.91	11.9
578.1	11.9
578.29	11.9
578.48	11.9
578.67	11.9
578.861	11.9
579.051	11.9
579.241	11.9
579.431	11.9
579.622	11.9
579.812	11.9
580.002	11.9
580.193	11.9
580.383	11.9
580.574	11.9
580.764	11.9
580.955	11.9
581.145	11.8
581.336	11.8
581.526	11.8
581.717	11.8
581.908	11.8
582.098	11.8
582.289	11.8
582.48	11.8
582.671	11.8
582.862	11.8
583.052	11.8
583.243	11.8
583.434	11.8
583.625	11.8
583.816	11.8
584.007	11.8
584.198	11.8
584.389	11.8
584.58	11.8
584.771	11.8
584.962	11.8
585.154	11.8
585.345	11.8
585.536	11.8
585.727	11.8
585.918	11.8
586.11	11.8
586.301	11.8
586.492	11.8
586.684	11.8
586.875	11.8
587.067	11.8
587.258	11.8
587.45	11.8
587.641	11.8
587.833	11.8
588.024	11.8
588.216	11.8
588.408	11.8
588.599	11.8
588.791	11.8
588.983	11.8
589.174	11.8
589.366	11.8
589.558	11.8
589.75	11.8
589.942	11.8
590.134	11.8
590.326	11.8
590.518	11.8
590.71	11.8
590.902	11.8
591.094	11.8
591.286	11.8
591.478	11.8
591.67	11.8
591.862	11.8
592.054	11.8
592.246	11.8
592.439	11.8
592.631	11.8
592.823	11.8
593.016	11.8
593.208	11.8
593.4	11.8
593.593	11.8
593.785	11.7
593.978	11.7
594.17	11.7
594.363	11.7
594.555	11.7
594.748	11.7
594.94	11.7
595.133	11.7
595.326	11.7
595.518	11.7
595.711	11.7
595.904	11.7
596.096	11.7
596.289	11.7
596.482	11.7
596.675	11.7
596.868	11.7
597.061	11.7
597.254	11.7
597.447	11.7
597.64	11.7
597.833	11.7
598.026	11.7
598.219	11.7
598.412	11.7
598.605	11.7
598.798	11.7
598.991	11.7
599.184	11.7
599.378	11.7
599.571	11.7
599.764	11.7
599.957	11.7
600.151	11.7
600.344	11.7
600.538	11.7
600.731	11.7
600.924	11.7
601.118	11.7
601.311	11.7
601.505	11.7
601.698	11.7
601.892	11.7
602.086	11.7
602.279	11.6
602.473	11.6
602.667	11.6
602.86	11.6
603.054	11.6
603.248	11.6
603.442	11.6
603.635	11.6
603.829	11.6
604.023	11.6
604.217	11.6
604.411	11.6
604.605	11.6
604.799	11.6
604.993	11.6
605.187	11.6
605.381	11.6
605.575	11.6
605.769	11.6
605.963	11.6
606.157	11.6
606.352	11.6
606.546	11.6
606.74	11.6
606.934	11.6
607.129	11.6
607.323	11.6
607.517	11.6
607.712	11.6
607.906	11.6
608.1	11.6
608.295	11.6
608.489	11.6
608.684	11.6
608.878	11.6
609.073	11.6
609.267	11.6
609.462	11.6
609.657	11.6
609.851	11.6
610.046	11.6
610.241	11.6
610.435	11.6
610.63	11.6
610.825	11.6
611.02	11.6
611.215	11.6
611.41	11.6
611.604	11.6
611.799	11.6
611.994	11.5
612.189	11.5
612.384	11.5
612.579	11.5
612.774	11.5
612.969	11.5
613.164	11.5
613.359	11.5
613.555	11.5
613.75	11.5
613.945	11.5
614.14	11.5
614.335	11.5
614.531	11.5
614.726	11.5
614.921	11.5
615.117	11.5
615.312	11.5
615.507	11.5
615.703	11.5
615.898	11.5
616.094	11.5
616.289	11.5
616.485	11.5
616.68	11.5
616.876	11.5
617.071	11.5
617.267	11.5
617.463	11.5
617.658	11.5
617.854	11.5
618.05	11.5
618.245	11.5
618.441	11.5
618.637	11.5
618.833	11.5
619.029	11.5
619.225	11.4
619.42	11.4
619.616	11.4
619.812	11.4
620.008	11.4
620.204	11.4
620.4	11.4
620.596	11.4
620.792	11.4
620.988	11.4
621.184	11.4
621.381	11.4
621.577	11.4
621.773	11.4
621.969	11.4
622.165	11.4
622.362	11.4
622.558	11.4
622.754	11.4
622.951	11.4
623.147	11.4
623.343	11.4
623.54	11.4
623.736	11.4
623.933	11.4
624.129	11.4
624.326	11.4
624.522	11.4
624.719	11.4
624.915	11.4
625.112	11.4
625.308	11.4
625.505	11.4
625.702	11.4
625.898	11.4
626.095	11.4
626.292	11.4
626.489	11.4
626.685	11.4
626.882	11.4
627.079	11.3
627.276	11.3
627.473	11.3
627.67	11.3
627.866	11.3
628.063	11.3
628.26	11.3
628.457	11.3
628.654	11.3
628.851	11.3
629.048	11.3
629.246	11.3
629.443	11.3
629.64	11.3
629.837	11.3
630.034	11.3
630.231	11.3
630.429	11.3
630.626	11.3
630.823	11.3
631.02	11.3
631.218	11.3
631.415	11.3
631.612	11.3
631.81	11.3
632.007	11.3
632.205	11.3
632.402	11.3
632.6	11.3
632.797	11.3
632.995	11.3
633.192	11.3
633.39	11.3
633.587	11.3
633.785	11.3
633.983	11.3
634.18	11.3
634.378	11.3
634.576	11.3
634.773	11.3
634.971	11.3
635.169	11.3
635.367	11.3
635.565	11.3
635.762	11.3
635.96	11.3
636.158	11.3
636.356	11.3
636.554	11.3
636.752	11.3
636.95	11.3
637.148	11.3
637.346	11.3
637.544	11.3
637.742	11.3
637.94	11.3
638.138	11.3
638.337	11.3
638.535	11.3
638.733	11.3
638.931	11.3
639.129	11.3
639.328	11.3
639.526	11.3
639.724	11.3
639.922	11.2
640.121	11.2
640.319	11.2
640.518	11.2
640.716	11.2
640.914	11.2
641.113	11.2
641.311	11.2
641.51	11.2
641.708	11.2
641.907	11.2
642.105	11.2
642.304	11.2
642.503	11.2
642.701	11.2
642.9	11.2
643.098	11.2
643.297	11.2
643.496	11.2
643.695	11.2
643.893	11.2
644.092	11.2
644.291	11.2
644.49	11.2
644.689	11.2
644.887	11.2
645.086	11.2
645.285	11.2
645.484	11.2
645.683	11.2
645.882	11.2
646.081	11.2
646.28	11.2
646.479	11.2
646.678	11.2
646.877	11.2
647.076	11.2
647.276	11.2
647.475	11.2
647.674	11.2
647.873	11.2
648.072	11.2
648.271	11.2
648.471	11.2
648.67	11.2
648.869	11.2
649.069	11.2
649.268	11.2
649.467	11.2
649.667	11.2
649.866	11.2
650.065	11.2
650.265	11.2
650.464	11.2
650.664	11.2
650.863	11.2
651.063	11.2
651.262	11.2
651.462	11.2
651.662	11.2
651.861	11.2
652.061	11.2
652.26	11.2
652.46	11.2
652.66	11.2
652.859	11.2
653.059	11.2
653.259	11.2
653.459	11.2
653.658	11.2
653.858	11.2
654.058	11.2
654.258	11.2
654.458	11.2
654.658	11.2
654.858	11.2
655.058	11.2
655.258	11.2
655.457	11.2
655.657	11.2
655.857	11.2
656.058	11.2
656.258	11.2
656.458	11.2
656.658	11.2
656.858	11.2
657.058	11.2
657.258	11.2
657.458	11.2
657.659	11.2
657.859	11.2
658.059	11.2
658.259	11.2
658.459	11.2
658.66	11.2
658.86	11.2
659.06	11.2
659.261	11.2
659.461	11.2
659.662	11.2
659.862	11.2
660.062	11.2
660.263	11.2
660.463	11.2
660.664	11.2
660.864	11.2
661.065	11.2
661.265	11.2
661.466	11.2
661.667	11.2
661.867	11.2
662.068	11.2
662.268	11.2
662.469	11.2
662.67	11.2
662.87	11.2
663.071	11.2
663.272	11.2
663.473	11.2
663.674	11.2
663.874	11.2
664.075	11.2
664.276	11.2
664.477	11.2
664.678	11.2
664.879	11.2
665.08	11.2
665.28	11.2
665.481	11.2
665.682	11.2
665.883	11.2
666.084	11.2
666.285	11.2
666.486	11.2
666.688	11.2
666.889	11.2
667.09	11.2
667.291	11.2
667.492	11.2
667.693	11.2
667.894	11.2
668.096	11.2
668.297	11.2
668.498	11.2
668.699	11.2
668.901	11.2
669.102	11.2
669.303	11.2
669.505	11.2
669.706	11.2
669.907	11.2
670.109	11.2
670.31	11.2
670.511	11.2
670.713	11.2
670.914	11.2
671.116	11.2
671.317	11.2
671.519	11.2
671.72	11.2
671.922	11.2
672.124	11.2
672.325	11.2
672.527	11.2
672.728	11.2
672.93	11.2
673.132	11.2
673.333	11.2
673.535	11.2
673.737	11.2
673.939	11.2
674.14	11.2
674.342	11.2
674.544	11.2
674.746	11.2
674.948	11.2
675.149	11.2
675.351	11.2
675.553	11.2
675.755	11.2
675.957	11.2
676.159	11.2
676.361	11.2
676.563	11.2
676.765	11.2
676.967	11.2
677.169	11.2
677.371	11.2
677.573	11.2
677.775	11.2
677.977	11.2
678.179	11.2
678.381	11.2
678.583	11.2
678.786	11.2
678.988	11.2
679.19	11.2
679.392	11.2
679.594	11.2
679.797	11.2
679.999	11.2
680.201	11.2
680.404	11.2
680.606	11.2
680.808	11.2
681.011	11.2
681.213	11.2
681.415	11.2
681.618	11.2
681.82	11.2
682.023	11.2
682.225	11.2
682.428	11.2
682.63	11.2
682.833	11.2
683.035	11.2
683.238	11.2
683.44	11.2
683.643	11.2
683.845	11.2
684.048	11.2
684.251	11.2
684.453	11.2
684.656	11.2
684.859	11.2
685.061	11.2
685.264	11.2
685.467	11.2
685.67	11.2
685.872	11.2
686.075	11.2
686.278	11.2
686.481	11.2
686.684	11.2
686.886	11.2
687.089	11.2
687.292	11.2
687.495	11.2
687.698	11.2
687.901	11.2
688.104	11.2
688.307	11.2
688.51	11.2
688.713	11.2
688.916	11.2
689.119	11.2
689.322	11.2
689.525	11.2
689.728	11.2
689.931	11.2
690.134	11.2
690.337	11.2
690.54	11.2
690.744	11.2
690.947	11.2
691.15	11.2
691.353	11.2
691.556	11.2
691.76	11.2
691.963	11.2
692.166	11.2
692.37	11.2
692.573	11.2
692.776	11.2
692.979	11.2
693.183	11.2
693.386	11.3
693.59	11.3
693.793	11.3
693.996	11.3
694.2	11.3
694.403	11.3
694.607	11.3
694.81	11.3
695.014	11.3
695.217	11.3
695.421	11.3
695.624	11.3
695.828	11.3
696.031	11.3
696.235	11.3
696.439	11.3
696.642	11.3
696.846	11.3
697.049	11.3
697.253	11.3
697.457	11.3
697.661	11.3
697.864	11.3
698.068	11.3
698.272	11.3
698.475	11.3
698.679	11.3
698.883	11.3
699.087	11.3
699.291	11.3
699.494	11.3
699.698	11.3
699.902	11.3
700.106	11.3
700.31	11.3
700.514	11.3
700.718	11.3
700.922	11.3
701.126	11.3
701.33	11.3
701.534	11.3
701.738	11.3
701.942	11.3
702.146	11.3
702.35	11.3
702.554	11.3
702.758	11.3
702.962	11.3
703.166	11.3
703.37	11.3
703.574	11.3
703.778	11.3
703.983	11.3
704.187	11.3
704.391	11.3
704.595	11.4
704.799	11.4
705.004	11.4
705.208	11.4
705.412	11.4
705.616	11.4
705.821	11.4
706.025	11.4
706.229	11.4
706.434	11.4
706.638	11.4
706.842	11.4
707.047	11.4
707.251	11.4
707.455	11.4
707.66	11.4
707.864	11.4
708.069	11.4
708.273	11.4
708.478	11.4
708.682	11.4
708.887	11.4
709.091	11.4
709.296	11.4
709.5	11.4
709.705	11.4
709.909	11.4
710.114	11.4
710.319	11.4
710.523	11.4
710.728	11.4
710.932	11.4
711.137	11.4
711.342	11.4
711.546	11.4
711.751	11.4
711.956	11.4
712.161	11.4
712.365	11.4
712.57	11.4
712.775	11.4
712.98	11.4
713.184	11.4
713.389	11.4
713.594	11.4
713.799	11.4
714.004	11.4
714.209	11.4
714.413	11.4
714.618	11.4
714.823	11.4
715.028	11.4
715.233	11.5
715.438	11.5
715.643	11.5
715.848	11.5
716.053	11.5
716.258	11.5
716.463	11.5
716.668	11.5
716.873	11.5
717.078	11.5
717.283	11.5
717.488	11.5
717.693	11.5
717.898	11.5
718.103	11.5
718.308	11.5
718.514	11.5
718.719	11.5
718.924	11.5
719.129	11.5
719.334	11.5
719.539	11.5
719.745	11.5
719.95	11.5
720.155	11.5
720.36	11.5
720.566	11.6
720.771	11.6
720.976	11.6
721.182	11.6
721.387	11.6
721.592	11.6
721.798	11.6
722.003	11.6
722.208	11.6
722.414	11.6
722.619	11.6
722.824	11.6
723.03	11.6
723.235	11.6
723.441	11.6
723.646	11.6
723.852	11.6
724.057	11.6
724.263	11.6
724.468	11.6
724.674	11.6
724.879	11.6
725.085	11.6
725.29	11.6
725.496	11.6
725.701	11.6
725.907	11.6
726.112	11.7
726.318	11.7
726.524	11.7
726.729	11.7
726.935	11.7
727.141	11.7
727.346	11.7
727.552	11.7
727.758	11.7
727.963	11.7
728.169	11.7
728.375	11.7
728.581	11.7
728.786	11.7
728.992	11.7
729.198	11.7
729.404	11.7
729.609	11.7
729.815	11.7
730.021	11.7
730.227	11.7
730.433	11.7
730.639	11.7
730.844	11.7
731.05	11.7
731.256	11.8
731.462	11.8
731.668	11.8
731.874	11.8
732.08	11.8
732.286	11.8
732.492	11.8
732.698	11.8
732.904	11.8
733.11	11.8
733.316	11.8
733.522	11.8
733.728	11.8
733.934	11.8
734.14	11.8
734.346	11.8
734.552	11.8
734.758	11.8
734.964	11.8
735.17	11.8
735.376	11.9
735.583	11.9
735.789	11.9
735.995	11.9
736.201	11.9
736.407	11.9
736.613	11.9
736.819	11.9
737.026	11.9
737.232	11.9
737.438	11.9
737.644	11.9
737.851	11.9
738.057	11.9
738.263	11.9
738.469	11.9
738.676	11.9
738.882	11.9
739.088	11.9
739.295	11.9
739.501	12
739.707	12
739.914	12
740.12	12
740.326	12
740.533	12
740.739	12
740.946	12
741.152	12
741.358	12
741.565	12
741.771	12
741.978	12
742.184	12
742.391	12
742.597	12
742.804	12
743.01	12
743.217	12
743.423	12
743.63	12.1
743.836	12.1
744.043	12.1
744.249	12.1
744.456	12.1
744.663	12.1
744.869	12.1
745.076	12.1
745.282	12.1
745.489	12.1
745.696	12.1
745.902	12.1
746.109	12.1
746.316	12.1
746.522	12.1
746.729	12.1
746.936	12.1
747.142	12.1
747.349	12.1
747.556	12.2
747.762	12.2
747.969	12.2
748.176	12.2
748.383	12.2
748.589	12.2
748.796	12.2
749.003	12.2
749.21	12.2
749.417	12.2
749.623	12.2
749.83	12.2
750.037	12.2
750.244	12.2
750.451	12.3
750.658	12.3
750.865	12.3
751.071	12.3
751.278	12.3
751.485	12.3
751.692	12.3
751.899	12.3
752.106	12.3
752.313	12.3
752.52	12.3
752.727	12.3
752.934	12.3
753.141	12.3
753.348	12.3
753.555	12.4
753.762	12.4
753.969	12.4
754.176	12.4
754.383	12.4
754.59	12.4
754.797	12.4
755.004	12.4
755.211	12.4
755.418	12.4
755.625	12.4
755.832	12.4
756.039	12.5
756.246	12.5
756.453	12.5
756.66	12.5
756.868	12.5
757.075	12.5
757.282	12.5
757.489	12.5
757.696	12.5
757.903	12.5
758.111	12.5
758.318	12.5
758.525	12.5
758.732	12.5
758.939	12.5
759.147	12.5
759.354	12.6
759.561	12.6
759.768	12.6
759.976	12.6
760.183	12.6
760.39	12.6
760.597	12.6
760.805	12.6
761.012	12.6
761.219	12.6
761.426	12.6
761.634	12.6
761.841	12.7
762.048	12.7
762.256	12.7
762.463	12.7
762.67	12.7
762.878	12.7
763.085	12.7
763.293	12.7
763.5	12.7
763.707	12.7
763.915	12.7
764.122	12.7
764.33	12.7
764.537	12.7
764.744	12.7
764.952	12.8
765.159	12.8
765.367	12.8
765.574	12.8
765.782	12.8
765.989	12.8
766.197	12.8
766.404	12.8
766.612	12.8
766.819	12.8
767.027	12.8
767.234	12.9
767.442	12.9
767.649	12.9
767.857	12.9
768.064	12.9
768.272	12.9
768.479	12.9
768.687	12.9
768.895	12.9
769.102	12.9
769.31	12.9
769.517	12.9
769.725	12.9
769.933	12.9
770.14	13
770.348	13
770.555	13
770.763	13
770.971	13
771.178	13
771.386	13
771.594	13
771.801	13
772.009	13
772.217	13
772.424	13
772.632	13.1
772.84	13.1
773.047	13.1
773.255	13.1
773.463	13.1
773.671	13.1
773.878	13.1
774.086	13.1
774.294	13.1
774.502	13.1
774.709	13.1
774.917	13.1
775.125	13.1
775.333	13.2
775.54	13.2
775.748	13.2
775.956	13.2
776.164	13.2
776.371	13.2
776.579	13.2
776.787	13.2
776.995	13.2
777.203	13.2
777.41	13.2
777.618	13.2
777.826	13.2
778.034	13.2
778.242	13.3
778.45	13.3
778.657	13.3
778.865	13.3
779.073	13.3
779.281	13.3
779.489	13.3
779.697	13.3
779.905	13.3
780.112	13.3
780.32	13.4
780.528	13.4
780.736	13.4
780.944	13.4
781.152	13.4
781.36	13.4
781.568	13.4
781.776	13.4
781.984	13.4
782.191	13.4
782.399	13.4
782.607	13.5
782.815	13.5
783.023	13.5
783.231	13.5
783.439	13.5
783.647	13.5
783.855	13.5
784.063	13.5
784.271	13.5
784.479	13.5
784.687	13.5
784.895	13.5
785.103	13.5
785.311	13.6
785.519	13.6
785.727	13.6
785.935	13.6
786.143	13.6
786.351	13.6
786.559	13.6
786.767	13.6
786.975	13.6
787.183	13.6
787.391	13.6
787.599	13.6
787.807	13.7
788.015	13.7
788.223	13.7
788.431	13.7
788.639	13.7
788.847	13.7
789.055	13.7
789.263	13.7
789.471	13.7
789.679	13.7
789.887	13.7
790.095	13.7
790.303	13.7
790.511	13.7
790.719	13.7
790.927	13.8
791.135	13.8
791.343	13.8
791.551	13.8
791.76	13.8
791.968	13.8
792.176	13.8
792.384	13.8
792.592	13.8
792.8	13.8
793.008	13.8
793.216	13.8
793.424	13.8
793.632	13.8
793.84	13.8
794.048	13.9
794.256	13.9
794.465	13.9
794.673	13.9
794.881	13.9
795.089	13.9
795.297	13.9
795.505	13.9
795.713	13.9
795.921	13.9
796.129	13.9
796.337	13.9
796.546	13.9
796.754	13.9
796.962	14
797.17	14
797.378	14
797.586	14
797.794	14
798.002	14
798.21	14
798.419	14
798.627	14
798.835	14
799.043	14
799.251	14
799.459	14
799.667	14
799.875	14
800.083	14
800.292	14
800.5	14
800.708	14
800.916	14.1
801.124	14.1
801.332	14.1
801.54	14.1
801.748	14.1
801.957	14.1
802.165	14.1
802.373	14.1
802.581	14.1
802.789	14.1
802.997	14.1
803.205	14.1
803.414	14.1
803.622	14.1
803.83	14.2
804.038	14.2
804.246	14.2
804.454	14.2
804.662	14.2
804.87	14.2
805.079	14.2
805.287	14.2
805.495	14.2
805.703	14.2
805.911	14.2
806.119	14.2
806.327	14.2
806.535	14.2
806.743	14.2
806.952	14.2
807.16	14.2
807.368	14.2
807.576	14.2
807.784	14.3
807.992	14.3
808.2	14.3
808.408	14.3
808.617	14.3
808.825	14.3
809.033	14.3
809.241	14.3
809.449	14.3
809.657	14.3
809.865	14.4
810.073	14.4
810.281	14.4
810.49	14.4
810.698	14.4
810.906	14.4
811.114	14.4
811.322	14.4
811.53	14.4
811.738	14.4
811.946	14.4
812.154	14.4
812.362	14.4
812.57	14.4
812.779	14.4
812.987	14.4
813.195	14.4
813.403	14.4
813.611	14.5
813.819	14.5
814.027	14.5
814.235	14.5
814.443	14.5
814.651	14.5
814.859	14.5
815.067	14.5
815.275	14.5
815.484	14.5
815.692	14.5
815.9	14.5
816.108	14.5
816.316	14.5
816.524	14.5
816.732	14.5
816.94	14.5
817.148	14.5
817.356	14.5
817.564	14.5
817.772	14.5
817.98	14.5
818.188	14.5
818.397	14.5
818.605	14.5
818.813	14.5
819.021	14.5
819.229	14.5
819.437	14.5
819.645	14.5
819.853	14.5
820.061	14.5
820.269	14.5
820.477	14.6
820.685	14.6
820.893	14.6
821.102	14.6
821.31	14.6
821.518	14.6
821.726	14.6
821.934	14.6
822.142	14.6
822.35	14.6
822.558	14.6
822.766	14.6
822.974	14.6
823.182	14.6
823.39	14.6
823.599	14.6
823.807	14.6
824.015	14.6
824.223	14.6
824.431	14.7
824.639	14.7
824.847	14.7
825.055	14.7
825.263	14.7
825.472	14.7
825.68	14.7
825.888	14.7
826.096	14.7
826.304	14.7
826.512	14.7
826.72	14.7
826.928	14.7
827.137	14.7
827.345	14.7
827.553	14.7
827.761	14.7
827.969	14.7
828.177	14.7
828.385	14.7
828.594	14.7
828.802	14.7
829.01	14.7
829.218	14.7
829.426	14.7
829.634	14.7
829.843	14.7
830.051	14.7
830.259	14.7
830.467	14.7
830.675	14.7
830.883	14.7
831.092	14.7
831.3	14.7
831.508	14.7
831.716	14.7
831.924	14.7
832.133	14.7
832.341	14.8
832.549	14.8
832.757	14.8
832.966	14.8
833.174	14.8
833.382	14.8
833.59	14.8
833.799	14.8
834.007	14.8
834.215	14.8
834.423	14.8
834.632	14.8
834.84	14.8
835.048	14.8
835.256	14.8
835.465	14.8
835.673	14.8
835.881	14.8
836.09	14.8
836.298	14.8
836.506	14.8
836.715	14.8
836.923	14.8
837.131	14.8
837.34	14.8
837.548	14.8
837.756	14.8
837.965	14.8
838.173	14.8
838.381	14.8
838.59	14.9
838.798	14.9
839.006	14.9
839.215	14.9
839.423	14.9
839.632	14.9
839.84	14.9
840.048	14.9
840.257	14.9
840.465	14.9
840.674	14.9
840.882	14.9
841.091	14.9
841.299	14.9
841.508	14.9
841.716	14.9
841.924	14.9
842.133	14.9
842.341	14.9
842.55	14.9
842.758	14.9
842.967	14.9
843.175	14.9
843.384	14.9
843.593	14.9
843.801	14.9
844.01	14.9
844.218	14.9
844.427	14.9
844.635	14.9
844.844	14.9
845.052	14.9
845.261	14.9
845.47	14.9
845.678	14.9
845.887	14.9
846.095	14.9
846.304	14.9
846.513	14.9
846.721	14.9
846.93	14.9
847.139	14.9
847.347	14.9
847.556	14.9
847.765	14.9
847.973	14.9
848.182	14.9
848.391	14.9
848.6	14.9
848.808	14.9
849.017	14.9
849.226	14.9
849.435	14.9
849.643	14.9
849.852	14.9
850.061	14.9
850.27	14.9
850.478	14.9
850.687	14.9
850.896	14.9
851.105	14.9
851.314	14.9
851.523	14.9
851.731	14.9
851.94	14.9
852.149	14.9
852.358	14.9
852.567	15
852.776	15
852.985	15
853.194	15
853.403	15
853.612	15
853.821	15
854.03	15
854.239	15
854.447	15
854.656	15
854.865	15
855.075	14.9
855.284	14.9
855.493	15
855.702	15
855.911	15
856.12	15
856.329	15
856.538	15
856.747	15
856.956	15
857.165	15
857.374	15
857.584	15
857.793	15
858.002	15
858.211	15
858.42	15
858.629	15
858.839	15
859.048	15
859.257	15
859.466	15
859.676	15
859.885	15
860.094	15
860.304	15
860.513	15
860.722	15
860.932	15
861.141	15
861.35	15
861.56	15
861.769	15
861.978	15
862.188	15.1
862.397	15.1
862.607	15.1
862.816	15.1
863.026	15.1
863.235	15.1
863.445	15.1
863.654	15.1
863.864	15.1
864.073	15.1
864.283	15.1
864.492	15.1
864.702	15.1
864.911	15.1
865.121	15.1
865.33	15.1
865.54	15.1
865.75	15.2
865.959	15.2
866.169	15.2
866.379	15.2
866.588	15.2
866.798	15.2
867.008	15.2
867.218	15.2
867.427	15.2
867.637	15.2
867.847	15.2
868.057	15.3
868.266	15.3
868.476	15.3
868.686	15.3
868.896	15.3
869.106	15.3
869.316	15.3
869.525	15.3
869.735	15.3
869.945	15.3
870.155	15.3
870.365	15.3
870.575	15.3
870.785	15.3
870.995	15.3
871.205	15.3
871.415	15.3
871.625	15.3
871.835	15.3
872.045	15.3
872.255	15.3
872.465	15.3
872.675	15.4
872.886	15.4
873.096	15.4
873.306	15.4
873.516	15.4
873.726	15.4
873.936	15.4
874.147	15.4
874.357	15.4
874.567	15.4
874.777	15.4
874.988	15.4
875.198	15.4
875.408	15.4
875.619	15.4
875.829	15.4
876.039	15.4
876.25	15.4
876.46	15.4
876.67	15.4
876.881	15.4
877.091	15.4
877.302	15.4
877.512	15.3
877.723	15.3
877.933	15.3
878.144	15.3
878.354	15.3
878.565	15.3
878.775	15.3
878.986	15.3
879.197	15.3
879.407	15.3
879.618	15.3
879.829	15.3
880.039	15.3
880.25	15.3
880.461	15.3
880.671	15.3
880.882	15.3
881.093	15.3
881.304	15.3
881.515	15.3
881.725	15.3
881.936	15.3
882.147	15.3
882.358	15.3
882.569	15.3
882.78	15.3
882.991	15.3
883.202	15.3
883.413	15.4
883.624	15.4
883.835	15.4
884.046	15.4
884.257	15.4
884.468	15.4
884.679	15.4
884.89	15.4
885.101	15.4
885.312	15.4
885.523	15.4
885.735	15.5
885.946	15.5
886.157	15.5
886.368	15.5
886.579	15.5
886.791	15.5
887.002	15.5
887.213	15.5
887.425	15.5
887.636	15.5
887.847	15.5
888.059	15.5
888.27	15.5
888.481	15.5
888.693	15.5
888.904	15.5
889.116	15.6
889.327	15.5
889.539	15.5
889.75	15.5
889.962	15.6
890.174	15.6
890.385	15.6
890.597	15.6
890.808	15.6
891.02	15.6
891.232	15.6
891.444	15.6
891.655	15.6
891.867	15.6
892.079	15.6
892.291	15.6
892.502	15.6
892.714	15.6
892.926	15.6
893.138	15.6
893.35	15.6
893.562	15.6
893.774	15.6
893.986	15.6
894.198	15.6
894.41	15.6
894.622	15.6
894.834	15.7
895.046	15.7
895.258	15.7
895.47	15.7
895.682	15.7
895.894	15.7
896.106	15.7
896.319	15.7
896.531	15.7
896.743	15.7
896.955	15.7
897.168	15.7
897.38	15.7
897.592	15.7
897.805	15.7
898.017	15.7
898.229	15.8
898.442	15.8
898.654	15.8
898.867	15.8
899.079	15.8
899.292	15.8
899.504	15.8
899.717	15.8
899.929	15.8
900.142	15.8
900.355	15.8
900.567	15.8
900.78	15.8
900.993	15.8
901.205	15.8
901.418	15.8
901.631	15.8
901.844	15.8
902.056	15.8
902.269	15.8
902.482	15.8
902.695	15.8
902.908	15.8
903.121	15.8
903.334	15.8
903.547	15.7
903.76	15.7
903.973	15.7
904.186	15.7
904.399	15.7
904.612	15.7
904.825	15.7
905.038	15.7
905.251	15.7
905.465	15.7
905.678	15.8
905.891	15.8
906.104	15.8
906.318	15.7
906.531	15.7
906.744	15.7
906.958	15.7
907.171	15.7
907.384	15.8
907.598	15.8
907.811	15.8
908.025	15.8
908.238	15.8
908.452	15.8
908.665	15.8
908.879	15.8
909.093	15.8
909.306	15.8
909.52	15.8
909.734	15.8
909.947	15.8
910.161	15.8
910.375	15.8
910.589	15.8
910.803	15.8
911.016	15.8
911.23	15.8
911.444	15.8
911.658	15.8
911.872	15.9
912.086	15.9
912.3	15.9
912.514	15.9
912.728	15.9
912.942	15.9
913.156	16
913.37	16
913.585	16
913.799	16
914.013	16
914.227	16.1
914.442	16.1
914.656	16.1
914.87	16.1
915.084	16.1
915.299	16.1
915.513	16.1
915.728	16.1
915.942	16.1
916.157	16.1
916.371	16.1
916.586	16.1
916.8	16.1
917.015	16.1
917.229	16.1
917.444	16.1
917.659	16.1
917.874	16.1
918.088	16.1
918.303	16.1
918.518	16.1
918.733	16.1
918.947	16.1
919.162	16.1
919.377	16.2
919.592	16.2
919.807	16.2
920.022	16.2
920.237	16.2
920.452	16.2
920.667	16.2
920.882	16.2
921.097	16.3
921.313	16.3
921.528	16.3
921.743	16.3
921.958	16.2
922.174	16.2
922.389	16.2
922.604	16.2
922.82	16.2
923.035	16.2
923.25	16.2
923.466	16.3
923.681	16.3
923.897	16.3
924.112	16.3
924.328	16.4
924.544	16.4
924.759	16.4
924.975	16.4
925.19	16.5
925.406	16.5
925.622	16.5
925.838	16.5
926.054	16.6
926.269	16.6
926.485	16.6
926.701	16.6
926.917	16.6
927.133	16.6
927.349	16.6
927.565	16.7
927.781	16.7
927.997	16.7
928.213	16.7
928.429	16.7
928.646	16.7
928.862	16.7
929.078	16.8
929.294	16.8
929.511	16.8
929.727	16.8
929.943	16.8
930.16	16.8
930.376	16.9
930.592	16.9
930.809	16.9
931.025	16.9
931.242	17
931.459	17
931.675	17
931.892	17.1
932.108	17.1
932.325	17.1
932.542	17.1
932.759	17.1
932.975	17.1
933.192	17.1
933.409	17.2
933.626	17.2
933.843	17.2
934.06	17.2
934.277	17.2
934.494	17.1
934.711	17.2
934.928	17.2
935.145	17.1
935.362	17.2
935.58	17.2
935.797	17.1
936.014	17.1
936.231	17.1
936.449	17.1
936.666	17.1
936.883	17.2
937.101	17.2
937.318	17.2
937.536	17.1
937.753	17.1
937.971	17.1
938.188	17.1
938.406	17.1
938.624	17.1
938.841	17.2
939.059	17.2
939.277	17.2
939.494	17.2
939.712	17.2
939.93	17.2
