360.161	26.2
360.333	26.1
360.504	26.1
360.676	26
360.847	26
361.019	26
361.19	26.1
361.361	26.1
361.533	26.1
361.704	26
361.876	26
362.047	26
362.219	26
362.391	26
362.562	26
362.734	26
362.905	26
363.077	26
363.248	26
363.42	25.9
363.592	25.9
363.763	25.9
363.935	25.9
364.106	25.9
364.278	25.9
364.45	25.9
364.621	25.8
364.793	25.8
364.965	25.8
365.137	25.8
365.308	25.7
365.48	25.7
365.652	25.7
365.824	25.7
365.995	25.7
366.167	25.6
366.339	25.6
366.511	25.6
366.683	25.5
366.854	25.4
367.026	25.4
367.198	25.4
367.37	25.4
367.542	25.4
367.714	25.3
367.886	25.3
368.058	25.2
368.23	25.2
368.402	25.2
368.574	25.2
368.746	25.2
368.918	25.2
369.09	25.2
369.262	25.1
369.434	25
369.606	25
369.778	25
369.95	24.9
370.122	24.9
370.294	24.9
370.467	24.9
370.639	24.9
370.811	24.9
370.983	24.9
371.155	24.9
371.328	24.9
371.5	24.9
371.672	24.9
371.844	25
372.017	25
372.189	25
372.361	25
372.534	25
372.706	24.9
372.878	24.9
373.051	24.8
373.223	24.8
373.396	24.8
373.568	24.7
373.741	24.7
373.913	24.8
374.086	24.8
374.258	24.8
374.431	24.8
374.603	24.9
374.776	24.9
374.949	24.9
375.121	24.9
375.294	24.8
375.467	24.8
375.639	24.8
375.812	24.7
375.985	24.7
376.157	24.7
376.33	24.8
376.503	24.8
376.676	24.8
376.849	24.7
377.021	24.7
377.194	24.8
377.367	24.8
377.54	24.8
377.713	24.8
377.886	24.8
378.059	24.7
378.232	24.8
378.405	24.8
378.578	24.8
378.751	24.8
378.924	24.8
379.097	24.8
379.27	24.8
379.444	24.8
379.617	24.9
379.79	24.9
379.963	24.9
380.136	25
380.31	25
380.483	25
380.656	25.1
380.829	25.1
381.003	25.1
381.176	25
381.35	25
381.523	25
381.696	25
381.87	25.1
382.043	25.1
382.217	25.1
382.39	25.1
382.564	25.1
382.738	25.1
382.911	25.1
383.085	25.1
383.258	25.1
383.432	25.1
383.606	25.2
383.779	25.2
383.953	25.3
384.127	25.3
384.301	25.2
384.475	25.2
384.648	25.2
384.822	25.2
384.996	25.2
385.17	25.2
385.344	25.2
385.518	25.2
385.692	25.2
385.866	25.2
386.04	25.2
386.214	25.2
386.388	25.3
386.562	25.2
386.737	25.2
386.911	25.2
387.085	25.3
387.259	25.3
387.434	25.3
387.608	25.3
387.782	25.3
387.956	25.3
388.131	25.3
388.305	25.4
388.48	25.4
388.654	25.4
388.829	25.4
389.003	25.4
389.178	25.4
389.352	25.5
389.527	25.5
389.701	25.5
389.876	25.6
390.051	25.6
390.226	25.6
390.4	25.6
390.575	25.6
390.75	25.7
390.925	25.7
391.099	25.7
391.274	25.7
391.449	25.7
391.624	25.7
391.799	25.8
391.974	25.8
392.149	25.8
392.324	25.8
392.499	25.8
392.675	25.9
392.85	25.9
393.025	25.9
393.2	25.9
393.375	25.9
393.551	25.9
393.726	26
393.901	26
394.077	26
394.252	26.1
394.427	26.1
394.603	26.1
394.778	26.1
394.954	26.1
395.129	26.2
395.305	26.2
395.481	26.2
395.656	26.2
395.832	26.2
396.008	26.2
396.184	26.2
396.359	26.2
396.535	26.2
396.711	26.2
396.887	26.3
397.063	26.3
397.239	26.3
397.415	26.3
397.591	26.3
397.767	26.3
397.943	26.3
398.119	26.3
398.295	26.4
398.471	26.4
398.648	26.4
398.824	26.5
399	26.5
399.176	26.5
399.353	26.5
399.529	26.6
399.706	26.6
399.882	26.6
400.058	26.6
400.235	26.6
400.412	26.7
400.588	26.7
400.765	26.7
400.942	26.7
401.118	26.7
401.295	26.7
401.472	26.8
401.649	26.8
401.825	26.8
402.002	26.8
402.179	26.8
402.356	26.9
402.533	26.9
402.71	26.9
402.887	26.9
403.064	27
403.242	27
403.419	27
403.596	27.1
403.773	27.1
403.95	27.1
404.128	27.1
404.305	27.1
404.483	27.2
404.66	27.2
404.837	27.2
405.015	27.2
405.193	27.3
405.37	27.3
405.548	27.3
405.725	27.3
405.903	27.4
406.081	27.4
406.259	27.4
406.437	27.4
406.614	27.4
406.792	27.5
406.97	27.5
407.148	27.5
407.326	27.5
407.504	27.6
407.682	27.6
407.86	27.6
408.039	27.6
408.217	27.7
408.395	27.7
408.573	27.7
408.751	27.7
408.93	27.8
409.108	27.8
409.287	27.8
409.465	27.9
409.643	27.9
409.822	27.9
410	27.9
410.179	27.9
410.358	28
410.536	28
410.715	28
410.894	28.1
411.072	28.1
411.251	28.1
411.43	28.1
411.609	28.1
411.788	28.2
411.967	28.2
412.146	28.2
412.325	28.3
412.504	28.3
412.683	28.3
412.862	28.3
413.041	28.4
413.22	28.4
413.399	28.4
413.578	28.5
413.758	28.5
413.937	28.5
414.116	28.5
414.296	28.6
414.475	28.6
414.654	28.6
414.834	28.6
415.013	28.7
415.193	28.7
415.372	28.7
415.552	28.7
415.732	28.7
415.911	28.8
416.091	28.8
416.271	28.8
416.45	28.8
416.63	28.9
416.81	28.9
416.99	28.9
417.169	28.9
417.349	28.9
417.529	29
417.709	29
417.889	29
418.069	29
418.249	29
418.429	29.1
418.609	29.1
418.789	29.1
418.97	29.1
419.15	29.1
419.33	29.2
419.51	29.2
419.691	29.2
419.871	29.2
420.051	29.2
420.232	29.2
420.412	29.2
420.592	29.2
420.773	29.3
420.953	29.3
421.134	29.3
421.314	29.3
421.495	29.3
421.675	29.3
421.856	29.4
422.037	29.4
422.217	29.4
422.398	29.4
422.579	29.4
422.76	29.5
422.94	29.5
423.121	29.5
423.302	29.5
423.483	29.5
423.664	29.5
423.845	29.5
424.026	29.5
424.207	29.5
424.388	29.6
424.569	29.6
424.75	29.6
424.931	29.6
425.112	29.6
425.293	29.6
425.474	29.7
425.655	29.7
425.837	29.7
426.018	29.7
426.199	29.7
426.38	29.8
426.562	29.8
426.743	29.8
426.924	29.8
427.106	29.8
427.287	29.9
427.469	29.9
427.65	29.9
427.832	30
428.013	30
428.195	30
428.376	30
428.558	30.1
428.739	30.1
428.921	30.1
429.103	30.1
429.284	30.1
429.466	30.1
429.648	30.2
429.83	30.2
430.011	30.2
430.193	30.2
430.375	30.3
430.557	30.3
430.739	30.3
430.921	30.4
431.102	30.4
431.284	30.4
431.466	30.4
431.648	30.5
431.83	30.5
432.012	30.5
432.194	30.5
432.377	30.5
432.559	30.6
432.741	30.6
432.923	30.6
433.105	30.6
433.287	30.7
433.469	30.7
433.652	30.7
433.834	30.7
434.016	30.7
434.198	30.8
434.381	30.8
434.563	30.8
434.745	30.8
434.928	30.8
435.11	30.8
435.293	30.9
435.475	30.9
435.658	30.9
435.84	30.9
436.022	30.9
436.205	31
436.388	31
436.57	31
436.753	31
436.935	31
437.118	31.1
437.301	31.1
437.483	31.1
437.666	31.1
437.849	31.1
438.031	31.1
438.214	31.2
438.397	31.2
438.58	31.2
438.762	31.2
438.945	31.2
439.128	31.3
439.311	31.3
439.494	31.3
439.677	31.4
439.859	31.4
440.042	31.4
440.225	31.4
440.408	31.4
440.591	31.5
440.774	31.5
440.957	31.5
441.14	31.5
441.323	31.5
441.507	31.6
441.69	31.6
441.873	31.6
442.056	31.6
442.239	31.6
442.422	31.6
442.605	31.7
442.789	31.7
442.972	31.7
443.155	31.7
443.338	31.8
443.522	31.8
443.705	31.8
443.888	31.8
444.072	31.8
444.255	31.8
444.438	31.9
444.622	31.9
444.805	31.9
444.989	31.9
445.172	32
445.356	32
445.539	32
445.723	32
445.906	32
446.09	32
446.273	32.1
446.457	32.1
446.64	32.1
446.824	32.1
447.008	32.1
447.191	32.1
447.375	32.1
447.559	32.2
447.742	32.2
447.926	32.2
448.11	32.2
448.293	32.2
448.477	32.3
448.661	32.3
448.845	32.3
449.029	32.3
449.212	32.3
449.396	32.3
449.58	32.3
449.764	32.3
449.948	32.4
450.132	32.4
450.316	32.4
450.5	32.4
450.684	32.4
450.868	32.5
451.052	32.5
451.236	32.5
451.42	32.5
451.604	32.5
451.788	32.5
451.972	32.5
452.156	32.5
452.34	32.5
452.525	32.6
452.709	32.6
452.893	32.6
453.077	32.6
453.261	32.6
453.446	32.6
453.63	32.7
453.814	32.7
453.998	32.7
454.183	32.7
454.367	32.7
454.551	32.7
454.736	32.8
454.92	32.8
455.104	32.8
455.289	32.8
455.473	32.8
455.658	32.9
455.842	32.9
456.026	32.9
456.211	32.9
456.395	32.9
456.58	33
456.764	33
456.949	33
457.134	33
457.318	33.1
457.503	33.1
457.687	33.1
457.872	33.1
458.057	33.1
458.241	33.1
458.426	33.2
458.611	33.2
458.795	33.2
458.98	33.2
459.165	33.2
459.349	33.3
459.534	33.3
459.719	33.3
459.904	33.3
460.088	33.3
460.273	33.4
460.458	33.4
460.643	33.4
460.828	33.4
461.013	33.4
461.198	33.4
461.382	33.4
461.567	33.4
461.752	33.5
461.937	33.5
462.122	33.5
462.307	33.5
462.492	33.5
462.677	33.5
462.862	33.6
463.047	33.6
463.232	33.6
463.417	33.6
463.602	33.6
463.788	33.6
463.973	33.6
464.158	33.6
464.343	33.7
464.528	33.7
464.713	33.7
464.898	33.7
465.084	33.7
465.269	33.7
465.454	33.7
465.639	33.8
465.824	33.8
466.01	33.8
466.195	33.8
466.38	33.8
466.566	33.8
466.751	33.8
466.936	33.9
467.122	33.9
467.307	33.9
467.492	33.9
467.678	33.9
467.863	33.9
468.048	33.9
468.234	34
468.419	34
468.605	34
468.79	34
468.976	34
469.161	34.1
469.347	34.1
469.532	34.1
469.718	34.1
469.903	34.1
470.089	34.2
470.274	34.2
470.46	34.2
470.646	34.2
470.831	34.2
471.017	34.2
471.202	34.2
471.388	34.2
471.574	34.3
471.759	34.3
471.945	34.3
472.131	34.3
472.317	34.3
472.502	34.4
472.688	34.4
472.874	34.5
473.059	34.5
473.245	34.5
473.431	34.5
473.617	34.5
473.803	34.5
473.988	34.5
474.174	34.5
474.36	34.6
474.546	34.6
474.732	34.6
474.918	34.6
475.104	34.6
475.29	34.6
475.475	34.6
475.661	34.7
475.847	34.7
476.033	34.7
476.219	34.7
476.405	34.7
476.591	34.7
476.777	34.8
476.963	34.8
477.149	34.8
477.335	34.8
477.521	34.8
477.707	34.8
477.893	34.8
478.08	34.9
478.266	34.9
478.452	34.9
478.638	34.9
478.824	34.9
479.01	34.9
479.196	35
479.382	35
479.569	35
479.755	35
479.941	35
480.127	35.1
480.313	35.1
480.5	35.1
480.686	35.1
480.872	35.1
481.058	35.1
481.245	35.2
481.431	35.2
481.617	35.2
481.803	35.2
481.99	35.2
482.176	35.2
482.362	35.3
482.549	35.3
482.735	35.3
482.921	35.3
483.108	35.3
483.294	35.3
483.481	35.3
483.667	35.4
483.853	35.4
484.04	35.4
484.226	35.4
484.413	35.4
484.599	35.4
484.786	35.4
484.972	35.5
485.159	35.5
485.345	35.5
485.532	35.5
485.718	35.5
485.905	35.6
486.091	35.6
486.278	35.6
486.464	35.6
486.651	35.6
486.837	35.6
487.024	35.7
487.211	35.7
487.397	35.7
487.584	35.7
487.77	35.7
487.957	35.7
488.144	35.8
488.33	35.8
488.517	35.8
488.704	35.8
488.89	35.8
489.077	35.8
489.264	35.8
489.45	35.9
489.637	35.9
489.824	35.9
490.01	35.9
490.197	35.9
490.384	36
490.571	36
490.757	36
490.944	36
491.131	36
491.318	36
491.505	36.1
491.691	36.1
491.878	36.1
492.065	36.1
492.252	36.1
492.439	36.1
492.626	36.2
492.812	36.2
492.999	36.2
493.186	36.2
493.373	36.2
493.56	36.2
493.747	36.2
493.934	36.2
494.121	36.3
494.308	36.3
494.494	36.3
494.681	36.3
494.868	36.3
495.055	36.3
495.242	36.4
495.429	36.4
495.616	36.4
495.803	36.4
495.99	36.4
496.177	36.4
496.364	36.4
496.551	36.4
496.738	36.5
496.925	36.5
497.112	36.5
497.299	36.5
497.486	36.5
497.673	36.5
497.861	36.6
498.048	36.6
498.235	36.6
498.422	36.6
498.609	36.6
498.796	36.6
498.983	36.6
499.17	36.7
499.357	36.7
499.544	36.7
499.732	36.7
499.919	36.7
500.106	36.7
500.293	36.7
500.48	36.8
500.667	36.8
500.855	36.8
501.042	36.8
501.229	36.8
501.416	36.8
501.603	36.8
501.791	36.9
501.978	36.9
502.165	36.9
502.352	36.9
502.54	36.9
502.727	36.9
502.914	36.9
503.101	36.9
503.289	37
503.476	37
503.663	37
503.85	37
504.038	37
504.225	37
504.412	37.1
504.6	37.1
504.787	37.1
504.974	37.1
505.161	37.1
505.349	37.1
505.536	37.1
505.723	37.1
505.911	37.1
506.098	37.2
506.286	37.2
506.473	37.2
506.66	37.2
506.848	37.2
507.035	37.2
507.222	37.2
507.41	37.2
507.597	37.3
507.785	37.3
507.972	37.3
508.159	37.3
508.347	37.3
508.534	37.3
508.722	37.3
508.909	37.4
509.097	37.4
509.284	37.4
509.471	37.4
509.659	37.4
509.846	37.4
510.034	37.4
510.221	37.5
510.409	37.5
510.596	37.5
510.784	37.5
510.971	37.5
511.159	37.5
511.346	37.6
511.534	37.6
511.721	37.6
511.909	37.6
512.096	37.6
512.284	37.6
512.471	37.6
512.659	37.7
512.846	37.7
513.034	37.7
513.221	37.7
513.409	37.7
513.596	37.7
513.784	37.7
513.972	37.8
514.159	37.8
514.347	37.8
514.534	37.8
514.722	37.8
514.909	37.8
515.097	37.9
515.285	37.9
515.472	37.9
515.66	37.9
515.847	37.9
516.035	37.9
516.222	37.9
516.41	37.9
516.598	38
516.785	38
516.973	38
517.161	38
517.348	38
517.536	38
517.723	38
517.911	38
518.099	38.1
518.286	38.1
518.474	38.1
518.662	38.1
518.849	38.1
519.037	38.1
519.225	38.1
519.412	38.2
519.6	38.2
519.787	38.2
519.975	38.2
520.163	38.2
520.35	38.2
520.538	38.2
520.726	38.2
520.914	38.3
521.101	38.3
521.289	38.3
521.477	38.3
521.664	38.3
521.852	38.3
522.04	38.3
522.227	38.4
522.415	38.4
522.603	38.4
522.79	38.4
522.978	38.4
523.166	38.4
523.354	38.4
523.541	38.4
523.729	38.5
523.917	38.5
524.104	38.5
524.292	38.5
524.48	38.5
524.668	38.5
524.855	38.6
525.043	38.6
525.231	38.6
525.418	38.6
525.606	38.6
525.794	38.6
525.982	38.7
526.169	38.7
526.357	38.7
526.545	38.7
526.733	38.7
526.92	38.7
527.108	38.8
527.296	38.8
527.484	38.8
527.671	38.8
527.859	38.8
528.047	38.9
528.235	38.9
528.422	38.9
528.61	38.9
528.798	38.9
528.986	39
529.173	39
529.361	39
529.549	39
529.737	39
529.924	39
530.112	39.1
530.3	39.1
530.488	39.1
530.675	39.1
530.863	39.1
531.051	39.2
531.239	39.2
531.426	39.2
531.614	39.2
531.802	39.2
531.99	39.2
532.177	39.3
532.365	39.3
532.553	39.3
532.741	39.3
532.928	39.3
533.116	39.4
533.304	39.4
533.492	39.4
533.679	39.4
533.867	39.4
534.055	39.5
534.243	39.5
534.431	39.5
534.618	39.5
534.806	39.5
534.994	39.6
535.182	39.6
535.369	39.6
535.557	39.6
535.745	39.7
535.933	39.7
536.12	39.7
536.308	39.7
536.496	39.7
536.684	39.7
536.871	39.8
537.059	39.8
537.247	39.8
537.435	39.9
537.622	39.9
537.81	39.9
537.998	39.9
538.186	39.9
538.373	40
538.561	40
538.749	40
538.937	40
539.124	40.1
539.312	40.1
539.5	40.1
539.688	40.1
539.875	40.1
540.063	40.2
540.251	40.2
540.439	40.2
540.626	40.2
540.814	40.2
541.002	40.3
541.19	40.3
541.377	40.3
541.565	40.3
541.753	40.3
541.941	40.3
542.128	40.4
542.316	40.4
542.504	40.4
542.691	40.4
542.879	40.4
543.067	40.4
543.255	40.4
543.442	40.4
543.63	40.5
543.818	40.5
544.005	40.5
544.193	40.5
544.381	40.5
544.568	40.5
544.756	40.6
544.944	40.6
545.132	40.6
545.319	40.6
545.507	40.6
545.695	40.6
545.882	40.7
546.07	40.7
546.258	40.7
546.445	40.7
546.633	40.7
546.821	40.7
547.008	40.7
547.196	40.8
547.384	40.8
547.571	40.8
547.759	40.8
547.947	40.8
548.134	40.8
548.322	40.8
548.51	40.8
548.697	40.9
548.885	40.9
549.073	40.9
549.26	40.9
549.448	40.9
549.636	40.9
549.823	40.9
550.011	41
550.199	41
550.386	41
550.574	41
550.762	41
550.949	41
551.137	41.1
551.325	41.1
551.512	41.1
551.7	41.1
551.888	41.1
552.075	41.2
552.263	41.2
552.451	41.2
552.639	41.2
552.826	41.2
553.014	41.2
553.202	41.2
553.389	41.3
553.577	41.3
553.765	41.3
553.953	41.3
554.14	41.3
554.328	41.3
554.516	41.4
554.704	41.4
554.891	41.4
555.079	41.4
555.267	41.4
555.455	41.4
555.643	41.5
555.83	41.5
556.018	41.5
556.206	41.5
556.394	41.5
556.582	41.6
556.77	41.6
556.957	41.6
557.145	41.6
557.333	41.6
557.521	41.7
557.709	41.7
557.897	41.7
558.085	41.7
558.273	41.7
558.461	41.7
558.649	41.8
558.837	41.8
559.025	41.8
559.213	41.8
559.4	41.8
559.588	41.8
559.777	41.8
559.965	41.9
560.153	41.9
560.341	41.9
560.529	41.9
560.717	41.9
560.905	42
561.093	42
561.281	42
561.469	42
561.657	42
561.845	42.1
562.034	42.1
562.222	42.1
562.41	42.1
562.598	42.1
562.786	42.2
562.975	42.2
563.163	42.2
563.351	42.2
563.539	42.2
563.728	42.2
563.916	42.2
564.104	42.3
564.293	42.3
564.481	42.3
564.67	42.3
564.858	42.3
565.046	42.4
565.235	42.4
565.423	42.4
565.612	42.4
565.8	42.4
565.989	42.4
566.177	42.5
566.366	42.5
566.554	42.5
566.743	42.5
566.932	42.5
567.12	42.5
567.309	42.5
567.497	42.6
567.686	42.6
567.875	42.6
568.064	42.6
568.252	42.6
568.441	42.6
568.63	42.6
568.819	42.7
569.007	42.7
569.196	42.7
569.385	42.7
569.574	42.7
569.763	42.7
569.952	42.7
570.141	42.7
570.33	42.8
570.519	42.8
570.708	42.8
570.897	42.8
571.086	42.8
571.275	42.8
571.464	42.8
571.653	42.9
571.843	42.9
572.032	42.9
572.221	42.9
572.41	42.9
572.599	42.9
572.789	42.9
572.978	42.9
573.167	43
573.357	43
573.546	43
573.736	43
573.925	43
574.115	43
574.304	43
574.494	43
574.683	43
574.873	43.1
575.062	43.1
575.252	43.1
575.442	43.1
575.631	43.1
575.821	43.1
576.011	43.1
576.201	43.2
576.39	43.2
576.58	43.2
576.77	43.2
576.96	43.2
577.15	43.2
577.34	43.2
577.53	43.3
577.72	43.3
577.91	43.3
578.1	43.3
578.29	43.3
578.48	43.3
578.67	43.3
578.861	43.3
579.051	43.3
579.241	43.4
579.431	43.4
579.622	43.4
579.812	43.4
580.002	43.4
580.193	43.4
580.383	43.4
580.574	43.4
580.764	43.5
580.955	43.5
581.145	43.5
581.336	43.5
581.526	43.5
581.717	43.5
581.908	43.5
582.098	43.5
582.289	43.5
582.48	43.6
582.671	43.6
582.862	43.6
583.052	43.6
583.243	43.6
583.434	43.6
583.625	43.6
583.816	43.6
584.007	43.6
584.198	43.6
584.389	43.7
584.58	43.7
584.771	43.7
584.962	43.7
585.154	43.7
585.345	43.7
585.536	43.7
585.727	43.7
585.918	43.7
586.11	43.8
586.301	43.8
586.492	43.8
586.684	43.8
586.875	43.8
587.067	43.8
587.258	43.8
587.45	43.8
587.641	43.9
587.833	43.9
588.024	43.9
588.216	43.9
588.408	43.9
588.599	43.9
588.791	43.9
588.983	43.9
589.174	43.9
589.366	44
589.558	44
589.75	44
589.942	44
590.134	44
590.326	44
590.518	44
590.71	44
590.902	44
591.094	44
591.286	44.1
591.478	44.1
591.67	44.1
591.862	44.1
592.054	44.1
592.246	44.1
592.439	44.1
592.631	44.1
592.823	44.1
593.016	44.1
593.208	44.1
593.4	44.1
593.593	44.1
593.785	44.1
593.978	44.2
594.17	44.2
594.363	44.2
594.555	44.2
594.748	44.2
594.94	44.2
595.133	44.2
595.326	44.2
595.518	44.2
595.711	44.2
595.904	44.2
596.096	44.2
596.289	44.2
596.482	44.2
596.675	44.2
596.868	44.2
597.061	44.2
597.254	44.2
597.447	44.2
597.64	44.3
597.833	44.3
598.026	44.3
598.219	44.3
598.412	44.3
598.605	44.3
598.798	44.3
598.991	44.3
599.184	44.3
599.378	44.3
599.571	44.3
599.764	44.3
599.957	44.3
600.151	44.3
600.344	44.3
600.538	44.3
600.731	44.3
600.924	44.4
601.118	44.4
601.311	44.4
601.505	44.4
601.698	44.4
601.892	44.4
602.086	44.4
602.279	44.4
602.473	44.4
602.667	44.4
602.86	44.4
603.054	44.4
603.248	44.4
603.442	44.4
603.635	44.4
603.829	44.4
604.023	44.4
604.217	44.4
604.411	44.5
604.605	44.5
604.799	44.5
604.993	44.5
605.187	44.5
605.381	44.5
605.575	44.5
605.769	44.5
605.963	44.5
606.157	44.5
606.352	44.5
606.546	44.5
606.74	44.5
606.934	44.5
607.129	44.5
607.323	44.5
607.517	44.5
607.712	44.5
607.906	44.5
608.1	44.6
608.295	44.6
608.489	44.6
608.684	44.6
608.878	44.6
609.073	44.6
609.267	44.6
609.462	44.6
609.657	44.6
609.851	44.6
610.046	44.6
610.241	44.6
610.435	44.6
610.63	44.6
610.825	44.6
611.02	44.6
611.215	44.6
611.41	44.6
611.604	44.6
611.799	44.6
611.994	44.6
612.189	44.6
612.384	44.6
612.579	44.6
612.774	44.6
612.969	44.6
613.164	44.6
613.359	44.6
613.555	44.6
613.75	44.6
613.945	44.6
614.14	44.6
614.335	44.6
614.531	44.6
614.726	44.6
614.921	44.6
615.117	44.6
615.312	44.6
615.507	44.6
615.703	44.6
615.898	44.6
616.094	44.6
616.289	44.6
616.485	44.6
616.68	44.6
616.876	44.6
617.071	44.6
617.267	44.6
617.463	44.6
617.658	44.6
617.854	44.6
618.05	44.7
618.245	44.7
618.441	44.7
618.637	44.7
618.833	44.7
619.029	44.7
619.225	44.7
619.42	44.7
619.616	44.7
619.812	44.7
620.008	44.7
620.204	44.7
620.4	44.7
620.596	44.7
620.792	44.7
620.988	44.7
621.184	44.7
621.381	44.7
621.577	44.7
621.773	44.7
621.969	44.7
622.165	44.7
622.362	44.7
622.558	44.7
622.754	44.7
622.951	44.7
623.147	44.7
623.343	44.7
623.54	44.7
623.736	44.7
623.933	44.7
624.129	44.7
624.326	44.7
624.522	44.7
624.719	44.7
624.915	44.7
625.112	44.7
625.308	44.7
625.505	44.7
625.702	44.7
625.898	44.7
626.095	44.7
626.292	44.7
626.489	44.7
626.685	44.7
626.882	44.7
627.079	44.7
627.276	44.7
627.473	44.7
627.67	44.7
627.866	44.7
628.063	44.7
628.26	44.7
628.457	44.8
628.654	44.8
628.851	44.8
629.048	44.8
629.246	44.8
629.443	44.8
629.64	44.8
629.837	44.8
630.034	44.8
630.231	44.8
630.429	44.8
630.626	44.8
630.823	44.8
631.02	44.8
631.218	44.8
631.415	44.8
631.612	44.8
631.81	44.8
632.007	44.9
632.205	44.9
632.402	44.9
632.6	44.9
632.797	44.9
632.995	44.9
633.192	44.9
633.39	44.9
633.587	44.9
633.785	44.9
633.983	44.9
634.18	44.9
634.378	44.9
634.576	44.9
634.773	44.9
634.971	45
635.169	45
635.367	45
635.565	45
635.762	45
635.96	45
636.158	45
636.356	45
636.554	45
636.752	45
636.95	45
637.148	45.1
637.346	45.1
637.544	45.1
637.742	45.1
637.94	45.1
638.138	45.1
638.337	45.1
638.535	45.1
638.733	45.1
638.931	45.1
639.129	45.1
639.328	45.1
639.526	45.1
639.724	45.1
639.922	45.2
640.121	45.2
640.319	45.2
640.518	45.2
640.716	45.2
640.914	45.2
641.113	45.2
641.311	45.2
641.51	45.2
641.708	45.2
641.907	45.3
642.105	45.3
642.304	45.3
642.503	45.3
642.701	45.3
642.9	45.3
643.098	45.3
643.297	45.3
643.496	45.3
643.695	45.4
643.893	45.4
644.092	45.4
644.291	45.4
644.49	45.4
644.689	45.4
644.887	45.4
645.086	45.4
645.285	45.4
645.484	45.4
645.683	45.4
645.882	45.4
646.081	45.5
646.28	45.5
646.479	45.5
646.678	45.5
646.877	45.5
647.076	45.5
647.276	45.5
647.475	45.6
647.674	45.6
647.873	45.6
648.072	45.6
648.271	45.6
648.471	45.6
648.67	45.6
648.869	45.6
649.069	45.6
649.268	45.6
649.467	45.6
649.667	45.7
649.866	45.7
650.065	45.7
650.265	45.7
650.464	45.7
650.664	45.7
650.863	45.7
651.063	45.7
651.262	45.7
651.462	45.7
651.662	45.7
651.861	45.7
652.061	45.7
652.26	45.8
652.46	45.8
652.66	45.8
652.859	45.8
653.059	45.8
653.259	45.8
653.459	45.8
653.658	45.8
653.858	45.8
654.058	45.8
654.258	45.9
654.458	45.9
654.658	45.9
654.858	45.9
655.058	45.9
655.258	45.9
655.457	45.9
655.657	45.9
655.857	45.9
656.058	45.9
656.258	45.9
656.458	45.9
656.658	45.9
656.858	45.9
657.058	45.9
657.258	45.9
657.458	45.9
657.659	45.9
657.859	45.9
658.059	45.9
658.259	45.9
658.459	45.9
658.66	46
658.86	46
659.06	46
659.261	46
659.461	46
659.662	46
659.862	46
660.062	46
660.263	46
660.463	46
660.664	46
660.864	46
661.065	46
661.265	46
661.466	46
661.667	46
661.867	46
662.068	46
662.268	46
662.469	46
662.67	46
662.87	46
663.071	46
663.272	46
663.473	46
663.674	46
663.874	46
664.075	46
664.276	46
664.477	46
664.678	46
664.879	46
665.08	46
665.28	46
665.481	46
665.682	46
665.883	46
666.084	46
666.285	46
666.486	46
666.688	46
666.889	46
667.09	46
667.291	46
667.492	46
667.693	46
667.894	46.1
668.096	46.1
668.297	46.1
668.498	46.1
668.699	46.1
668.901	46.1
669.102	46.1
669.303	46.1
669.505	46.1
669.706	46.1
669.907	46.1
670.109	46.1
670.31	46.1
670.511	46.1
670.713	46.1
670.914	46.1
671.116	46.1
671.317	46.1
671.519	46.1
671.72	46.1
671.922	46.1
672.124	46.1
672.325	46.1
672.527	46.1
672.728	46.1
672.93	46.1
673.132	46.1
673.333	46.1
673.535	46.1
673.737	46.1
673.939	46.1
674.14	46.1
674.342	46.1
674.544	46.1
674.746	46.1
674.948	46.1
675.149	46.1
675.351	46.1
675.553	46.1
675.755	46.1
675.957	46.2
676.159	46.2
676.361	46.2
676.563	46.2
676.765	46.2
676.967	46.2
677.169	46.2
677.371	46.2
677.573	46.2
677.775	46.2
677.977	46.2
678.179	46.2
678.381	46.2
678.583	46.2
678.786	46.2
678.988	46.2
679.19	46.2
679.392	46.2
679.594	46.2
679.797	46.2
679.999	46.2
680.201	46.2
680.404	46.2
680.606	46.2
680.808	46.3
681.011	46.3
681.213	46.3
681.415	46.3
681.618	46.3
681.82	46.3
682.023	46.3
682.225	46.3
682.428	46.3
682.63	46.3
682.833	46.4
683.035	46.4
683.238	46.4
683.44	46.4
683.643	46.4
683.845	46.4
684.048	46.4
684.251	46.4
684.453	46.4
684.656	46.5
684.859	46.5
685.061	46.5
685.264	46.5
685.467	46.5
685.67	46.5
685.872	46.5
686.075	46.5
686.278	46.5
686.481	46.6
686.684	46.6
686.886	46.6
687.089	46.6
687.292	46.6
687.495	46.6
687.698	46.6
687.901	46.6
688.104	46.7
688.307	46.7
688.51	46.7
688.713	46.7
688.916	46.7
689.119	46.7
689.322	46.7
689.525	46.7
689.728	46.7
689.931	46.8
690.134	46.8
690.337	46.8
690.54	46.8
690.744	46.8
690.947	46.8
691.15	46.8
691.353	46.8
691.556	46.8
691.76	46.8
691.963	46.8
692.166	46.8
692.37	46.8
692.573	46.8
692.776	46.9
692.979	46.9
693.183	46.9
693.386	46.9
693.59	46.9
693.793	46.9
693.996	46.9
694.2	46.9
694.403	46.9
694.607	46.9
694.81	47
695.014	47
695.217	47
695.421	47
695.624	47
695.828	47
696.031	47
696.235	47
696.439	47
696.642	47
696.846	47
697.049	47.1
697.253	47.1
697.457	47.1
697.661	47.1
697.864	47.1
698.068	47.1
698.272	47.1
698.475	47.1
698.679	47.1
698.883	47.1
699.087	47.1
699.291	47.1
699.494	47.1
699.698	47.2
699.902	47.2
700.106	47.2
700.31	47.2
700.514	47.2
700.718	47.2
700.922	47.2
701.126	47.2
701.33	47.2
701.534	47.2
701.738	47.2
701.942	47.2
702.146	47.3
702.35	47.3
702.554	47.3
702.758	47.3
702.962	47.3
703.166	47.3
703.37	47.3
703.574	47.3
703.778	47.3
703.983	47.3
704.187	47.3
704.391	47.3
704.595	47.3
704.799	47.3
705.004	47.4
705.208	47.4
705.412	47.4
705.616	47.4
705.821	47.4
706.025	47.4
706.229	47.4
706.434	47.4
706.638	47.4
706.842	47.4
707.047	47.4
707.251	47.4
707.455	47.4
707.66	47.5
707.864	47.5
708.069	47.5
708.273	47.5
708.478	47.5
708.682	47.5
708.887	47.5
709.091	47.5
709.296	47.5
709.5	47.5
709.705	47.5
709.909	47.5
710.114	47.5
710.319	47.6
710.523	47.6
710.728	47.6
710.932	47.6
711.137	47.6
711.342	47.6
711.546	47.6
711.751	47.6
711.956	47.6
712.161	47.6
712.365	47.7
712.57	47.7
712.775	47.7
712.98	47.7
713.184	47.7
713.389	47.7
713.594	47.7
713.799	47.7
714.004	47.7
714.209	47.7
714.413	47.7
714.618	47.7
714.823	47.7
715.028	47.8
715.233	47.8
715.438	47.8
715.643	47.8
715.848	47.8
716.053	47.8
716.258	47.8
716.463	47.8
716.668	47.8
716.873	47.8
717.078	47.8
717.283	47.8
717.488	47.8
717.693	47.9
717.898	47.9
718.103	47.9
718.308	47.9
718.514	47.9
718.719	47.9
718.924	47.9
719.129	47.9
719.334	47.9
719.539	47.9
719.745	47.9
719.95	47.9
720.155	47.9
720.36	47.9
720.566	47.9
720.771	47.9
720.976	47.9
721.182	48
721.387	48
721.592	48
721.798	48
722.003	48
722.208	48
722.414	48
722.619	48
722.824	48
723.03	48
723.235	48
723.441	48
723.646	48
723.852	48
724.057	48
724.263	48
724.468	48
724.674	48
724.879	48.1
725.085	48.1
725.29	48.1
725.496	48.1
725.701	48.1
725.907	48.1
726.112	48.1
726.318	48.1
726.524	48.1
726.729	48.1
726.935	48.1
727.141	48.1
727.346	48.2
727.552	48.2
727.758	48.2
727.963	48.2
728.169	48.2
728.375	48.2
728.581	48.2
728.786	48.2
728.992	48.2
729.198	48.2
729.404	48.2
729.609	48.2
729.815	48.2
730.021	48.2
730.227	48.2
730.433	48.2
730.639	48.2
730.844	48.2
731.05	48.2
731.256	48.3
731.462	48.3
731.668	48.3
731.874	48.3
732.08	48.3
732.286	48.3
732.492	48.3
732.698	48.3
732.904	48.3
733.11	48.4
733.316	48.4
733.522	48.4
733.728	48.4
733.934	48.4
734.14	48.4
734.346	48.4
734.552	48.4
734.758	48.4
734.964	48.4
735.17	48.4
735.376	48.4
735.583	48.4
735.789	48.5
735.995	48.5
736.201	48.5
736.407	48.5
736.613	48.5
736.819	48.5
737.026	48.5
737.232	48.5
737.438	48.5
737.644	48.6
737.851	48.6
738.057	48.6
738.263	48.6
738.469	48.6
738.676	48.6
738.882	48.6
739.088	48.6
739.295	48.6
739.501	48.6
739.707	48.7
739.914	48.7
740.12	48.7
740.326	48.6
740.533	48.6
740.739	48.7
740.946	48.7
741.152	48.7
741.358	48.7
741.565	48.7
741.771	48.7
741.978	48.7
742.184	48.7
742.391	48.7
742.597	48.7
742.804	48.7
743.01	48.7
743.217	48.7
743.423	48.7
743.63	48.8
743.836	48.8
744.043	48.8
744.249	48.8
744.456	48.8
744.663	48.8
744.869	48.8
745.076	48.8
745.282	48.8
745.489	48.8
745.696	48.8
745.902	48.8
746.109	48.9
746.316	48.9
746.522	48.9
746.729	48.9
746.936	48.9
747.142	48.9
747.349	48.9
747.556	48.9
747.762	48.9
747.969	48.9
748.176	48.9
748.383	48.9
748.589	48.9
748.796	48.9
749.003	48.9
749.21	49
749.417	49
749.623	49
749.83	49
750.037	49
750.244	49
750.451	49
750.658	49
750.865	49
751.071	49
751.278	49
751.485	49
751.692	49
751.899	49
752.106	49
752.313	49.1
752.52	49.1
752.727	49.1
752.934	49.1
753.141	49.1
753.348	49.1
753.555	49.1
753.762	49.1
753.969	49.1
754.176	49.1
754.383	49.1
754.59	49.1
754.797	49.1
755.004	49.1
755.211	49.1
755.418	49.1
755.625	49.1
755.832	49.2
756.039	49.2
756.246	49.2
756.453	49.2
756.66	49.2
756.868	49.2
757.075	49.2
757.282	49.2
757.489	49.2
757.696	49.2
757.903	49.3
758.111	49.3
758.318	49.3
758.525	49.3
758.732	49.3
758.939	49.3
759.147	49.3
759.354	49.3
759.561	49.3
759.768	49.3
759.976	49.3
760.183	49.4
760.39	49.4
760.597	49.4
760.805	49.4
761.012	49.4
761.219	49.4
761.426	49.4
761.634	49.4
761.841	49.4
762.048	49.4
762.256	49.4
762.463	49.4
762.67	49.4
762.878	49.4
763.085	49.4
763.293	49.4
763.5	49.5
763.707	49.5
763.915	49.5
764.122	49.5
764.33	49.5
764.537	49.5
764.744	49.5
764.952	49.5
765.159	49.5
765.367	49.5
765.574	49.5
765.782	49.5
765.989	49.6
766.197	49.5
766.404	49.6
766.612	49.6
766.819	49.6
767.027	49.6
767.234	49.6
767.442	49.6
767.649	49.6
767.857	49.6
768.064	49.6
768.272	49.6
768.479	49.6
768.687	49.6
768.895	49.6
769.102	49.6
769.31	49.7
769.517	49.7
769.725	49.7
769.933	49.7
770.14	49.7
770.348	49.7
770.555	49.7
770.763	49.7
770.971	49.8
771.178	49.8
771.386	49.8
771.594	49.8
771.801	49.8
772.009	49.8
772.217	49.8
772.424	49.8
772.632	49.8
772.84	49.8
773.047	49.8
773.255	49.9
773.463	49.9
773.671	49.9
773.878	49.9
774.086	49.9
774.294	49.9
774.502	49.9
774.709	49.9
774.917	49.9
775.125	49.9
775.333	49.9
775.54	50
775.748	50
775.956	50
776.164	50
776.371	50
776.579	50
776.787	50
776.995	50
777.203	50.1
777.41	50.1
777.618	50.1
777.826	50.1
778.034	50.1
778.242	50.1
778.45	50.1
778.657	50.1
778.865	50.1
779.073	50.1
779.281	50.1
779.489	50.1
779.697	50.1
779.905	50.1
780.112	50.1
780.32	50.1
780.528	50.1
780.736	50.1
780.944	50.1
781.152	50.1
781.36	50.1
781.568	50.1
781.776	50.1
781.984	50.1
782.191	50.1
782.399	50.2
782.607	50.2
782.815	50.2
783.023	50.2
783.231	50.2
783.439	50.2
783.647	50.2
783.855	50.2
784.063	50.2
784.271	50.2
784.479	50.2
784.687	50.2
784.895	50.2
785.103	50.2
785.311	50.3
785.519	50.3
785.727	50.3
785.935	50.3
786.143	50.3
786.351	50.3
786.559	50.3
786.767	50.3
786.975	50.3
787.183	50.3
787.391	50.3
787.599	50.4
787.807	50.4
788.015	50.4
788.223	50.4
788.431	50.4
788.639	50.4
788.847	50.4
789.055	50.4
789.263	50.5
789.471	50.5
789.679	50.5
789.887	50.5
790.095	50.5
790.303	50.5
790.511	50.5
790.719	50.5
790.927	50.5
791.135	50.5
791.343	50.5
791.551	50.5
791.76	50.5
791.968	50.6
792.176	50.6
792.384	50.6
792.592	50.6
792.8	50.6
793.008	50.6
793.216	50.6
793.424	50.6
793.632	50.6
793.84	50.6
794.048	50.6
794.256	50.6
794.465	50.6
794.673	50.6
794.881	50.6
795.089	50.6
795.297	50.7
795.505	50.7
795.713	50.7
795.921	50.7
796.129	50.7
796.337	50.7
796.546	50.7
796.754	50.8
796.962	50.8
797.17	50.8
797.378	50.8
797.586	50.8
797.794	50.8
798.002	50.8
798.21	50.8
798.419	50.8
798.627	50.8
798.835	50.8
799.043	50.8
799.251	50.9
799.459	50.9
799.667	50.9
799.875	50.9
800.083	50.9
800.292	50.9
800.5	50.9
800.708	50.9
800.916	50.9
801.124	50.9
801.332	50.9
801.54	50.9
801.748	50.9
801.957	51
802.165	51
802.373	51
802.581	51
802.789	51
802.997	51
803.205	51
803.414	51.1
803.622	51.1
803.83	51.1
804.038	51.1
804.246	51.1
804.454	51.1
804.662	51.1
804.87	51.1
805.079	51.1
805.287	51.1
805.495	51.1
805.703	51.1
805.911	51.1
806.119	51.1
806.327	51.1
806.535	51.1
806.743	51.1
806.952	51.1
807.16	51.1
807.368	51.1
807.576	51.1
807.784	51.1
807.992	51.2
808.2	51.2
808.408	51.2
808.617	51.2
808.825	51.2
809.033	51.3
809.241	51.3
809.449	51.2
809.657	51.3
809.865	51.3
810.073	51.3
810.281	51.3
810.49	51.3
810.698	51.3
810.906	51.3
811.114	51.3
811.322	51.3
811.53	51.3
811.738	51.3
811.946	51.3
812.154	51.3
812.362	51.3
812.57	51.3
812.779	51.3
812.987	51.3
813.195	51.3
813.403	51.4
813.611	51.4
813.819	51.4
814.027	51.4
814.235	51.4
814.443	51.4
814.651	51.4
814.859	51.4
815.067	51.5
815.275	51.5
815.484	51.5
815.692	51.5
815.9	51.5
816.108	51.5
816.316	51.5
816.524	51.5
816.732	51.5
816.94	51.5
817.148	51.5
817.356	51.5
817.564	51.5
817.772	51.5
817.98	51.5
818.188	51.6
818.397	51.6
818.605	51.6
818.813	51.6
819.021	51.6
819.229	51.6
819.437	51.6
819.645	51.6
819.853	51.6
820.061	51.6
820.269	51.6
820.477	51.6
820.685	51.7
820.893	51.7
821.102	51.7
821.31	51.7
821.518	51.7
821.726	51.7
821.934	51.7
822.142	51.7
822.35	51.7
822.558	51.8
822.766	51.8
822.974	51.8
823.182	51.8
823.39	51.8
823.599	51.8
823.807	51.8
824.015	51.8
824.223	51.8
824.431	51.8
824.639	51.8
824.847	51.8
825.055	51.8
825.263	51.9
825.472	51.9
825.68	51.9
825.888	51.9
826.096	51.9
826.304	51.9
826.512	51.9
826.72	51.9
826.928	52
827.137	52
827.345	52
827.553	52
827.761	52
827.969	52
828.177	52
828.385	52
828.594	52
828.802	52
829.01	52.1
829.218	52.1
829.426	52.1
829.634	52.1
829.843	52.1
830.051	52.1
830.259	52.1
830.467	52.1
830.675	52.1
830.883	52.1
831.092	52.1
831.3	52.1
831.508	52.2
831.716	52.2
831.924	52.2
832.133	52.2
832.341	52.2
832.549	52.2
832.757	52.2
832.966	52.2
833.174	52.2
833.382	52.2
833.59	52.3
833.799	52.3
834.007	52.3
834.215	52.3
834.423	52.3
834.632	52.3
834.84	52.3
835.048	52.3
835.256	52.3
835.465	52.3
835.673	52.3
835.881	52.3
836.09	52.3
836.298	52.3
836.506	52.3
836.715	52.3
836.923	52.4
837.131	52.4
837.34	52.4
837.548	52.4
837.756	52.4
837.965	52.4
838.173	52.4
838.381	52.5
838.59	52.5
838.798	52.5
839.006	52.5
839.215	52.5
839.423	52.5
839.632	52.5
839.84	52.5
840.048	52.5
840.257	52.5
840.465	52.5
840.674	52.5
840.882	52.5
841.091	52.5
841.299	52.5
841.508	52.5
841.716	52.5
841.924	52.5
842.133	52.5
842.341	52.5
842.55	52.6
842.758	52.6
842.967	52.6
843.175	52.6
843.384	52.6
843.593	52.6
843.801	52.6
844.01	52.6
844.218	52.6
844.427	52.6
844.635	52.6
844.844	52.6
845.052	52.7
845.261	52.7
845.47	52.7
845.678	52.7
845.887	52.7
846.095	52.7
846.304	52.7
846.513	52.7
846.721	52.7
846.93	52.7
847.139	52.7
847.347	52.7
847.556	52.7
847.765	52.7
847.973	52.8
848.182	52.8
848.391	52.8
848.6	52.8
848.808	52.8
849.017	52.8
849.226	52.8
849.435	52.9
849.643	52.9
849.852	52.9
850.061	52.9
850.27	52.9
850.478	52.9
850.687	52.9
850.896	52.9
851.105	53
851.314	53
851.523	53
851.731	53
851.94	53
852.149	53
852.358	53.1
852.567	53.1
852.776	53.1
852.985	53.2
853.194	53.2
853.403	53.2
853.612	53.2
853.821	53.2
854.03	53.2
854.239	53.2
854.447	53.2
854.656	53.3
854.865	53.3
855.075	53.3
855.284	53.3
855.493	53.3
855.702	53.3
855.911	53.3
856.12	53.3
856.329	53.3
856.538	53.3
856.747	53.3
856.956	53.3
857.165	53.3
857.374	53.3
857.584	53.3
857.793	53.3
858.002	53.3
858.211	53.3
858.42	53.3
858.629	53.4
858.839	53.4
859.048	53.4
859.257	53.4
859.466	53.3
859.676	53.3
859.885	53.4
860.094	53.4
860.304	53.4
860.513	53.4
860.722	53.4
860.932	53.3
861.141	53.4
861.35	53.4
861.56	53.4
861.769	53.4
861.978	53.4
862.188	53.4
862.397	53.4
862.607	53.4
862.816	53.5
863.026	53.5
863.235	53.5
863.445	53.5
863.654	53.5
863.864	53.5
864.073	53.6
864.283	53.6
864.492	53.6
864.702	53.6
864.911	53.6
865.121	53.6
865.33	53.6
865.54	53.7
865.75	53.7
865.959	53.7
866.169	53.7
866.379	53.7
866.588	53.7
866.798	53.7
867.008	53.7
867.218	53.7
867.427	53.7
867.637	53.7
867.847	53.7
868.057	53.8
868.266	53.8
868.476	53.8
868.686	53.8
868.896	53.8
869.106	53.8
869.316	53.8
869.525	53.8
869.735	53.9
869.945	53.8
870.155	53.8
870.365	53.8
870.575	53.8
870.785	53.9
870.995	53.9
871.205	53.9
871.415	53.9
871.625	53.9
871.835	53.9
872.045	54
872.255	54
872.465	53.9
872.675	54
872.886	54
873.096	54
873.306	54
873.516	54
873.726	54
873.936	54
874.147	54
874.357	54.1
874.567	54.1
874.777	54.1
874.988	54.1
875.198	54.1
875.408	54.1
875.619	54.1
875.829	54.1
876.039	54.1
876.25	54.1
876.46	54.1
876.67	54.1
876.881	54.1
877.091	54.1
877.302	54.1
877.512	54.1
877.723	54.1
877.933	54.1
878.144	54.2
878.354	54.2
878.565	54.2
878.775	54.1
878.986	54.1
879.197	54.1
879.407	54.1
879.618	54.1
879.829	54
880.039	54
880.25	54
880.461	54
880.671	54
880.882	54
881.093	54
881.304	54
881.515	54
881.725	54
881.936	54
882.147	54
882.358	54
882.569	54
882.78	54
882.991	54
883.202	54
883.413	54
883.624	54
883.835	54
884.046	54.1
884.257	54.1
884.468	54.1
884.679	54.1
884.89	54.2
885.101	54.2
885.312	54.2
885.523	54.2
885.735	54.2
885.946	54.2
886.157	54.3
886.368	54.3
886.579	54.3
886.791	54.3
887.002	54.3
887.213	54.3
887.425	54.4
887.636	54.4
887.847	54.5
888.059	54.5
888.27	54.5
888.481	54.6
888.693	54.6
888.904	54.6
889.116	54.6
889.327	54.7
889.539	54.7
889.75	54.7
889.962	54.7
890.174	54.8
890.385	54.8
890.597	54.8
890.808	54.8
891.02	54.8
891.232	54.8
891.444	54.8
891.655	54.8
891.867	54.8
892.079	54.8
892.291	54.8
892.502	54.9
892.714	54.9
892.926	54.8
893.138	54.8
893.35	54.8
893.562	54.8
893.774	54.8
893.986	54.8
894.198	54.8
894.41	54.8
894.622	54.9
894.834	54.9
895.046	54.8
895.258	54.8
895.47	54.9
895.682	54.9
895.894	54.9
896.106	54.9
896.319	54.8
896.531	54.8
896.743	54.8
896.955	54.8
897.168	54.8
897.38	54.8
897.592	54.8
897.805	54.8
898.017	54.8
898.229	54.8
898.442	54.8
898.654	54.8
898.867	54.9
899.079	54.9
899.292	54.9
899.504	54.9
899.717	54.9
899.929	55
900.142	55
900.355	55
900.567	55
900.78	55
900.993	55
901.205	55
901.418	55
901.631	55
901.844	55
902.056	55
902.269	55
902.482	55
902.695	55
902.908	55
903.121	55
903.334	55
903.547	55
903.76	55.1
903.973	55.1
904.186	55.1
904.399	55.1
904.612	55.1
904.825	55.1
905.038	55.1
905.251	55.1
905.465	55.1
905.678	55.1
905.891	55.1
906.104	55.2
906.318	55.2
906.531	55.2
906.744	55.2
906.958	55.2
907.171	55.2
907.384	55.2
907.598	55.2
907.811	55.2
908.025	55.2
908.238	55.2
908.452	55.2
908.665	55.1
908.879	55.1
909.093	55.1
909.306	55.1
909.52	55.2
909.734	55.2
909.947	55.2
910.161	55.2
910.375	55.2
910.589	55.3
910.803	55.2
911.016	55.2
911.23	55.2
911.444	55.2
911.658	55.3
911.872	55.3
912.086	55.3
912.3	55.4
912.514	55.4
912.728	55.4
912.942	55.4
913.156	55.4
913.37	55.4
913.585	55.4
913.799	55.4
914.013	55.4
914.227	55.5
914.442	55.5
914.656	55.5
914.87	55.5
915.084	55.5
915.299	55.5
915.513	55.6
915.728	55.6
915.942	55.6
916.157	55.6
916.371	55.6
916.586	55.6
916.8	55.6
917.015	55.6
917.229	55.6
917.444	55.7
917.659	55.7
917.874	55.7
918.088	55.7
918.303	55.7
918.518	55.7
918.733	55.7
918.947	55.7
919.162	55.7
919.377	55.7
919.592	55.8
919.807	55.8
920.022	55.8
920.237	55.9
920.452	55.9
920.667	55.9
920.882	55.9
921.097	55.9
921.313	55.9
921.528	55.9
921.743	55.9
921.958	55.9
922.174	55.9
922.389	55.9
922.604	55.9
922.82	56
923.035	56
923.25	56
923.466	56
923.681	56
923.897	56
924.112	56
924.328	56.1
924.544	56.1
924.759	56.1
924.975	56.1
925.19	56.2
925.406	56.2
925.622	56.2
925.838	56.3
926.054	56.3
926.269	56.3
926.485	56.3
926.701	56.3
926.917	56.4
927.133	56.4
927.349	56.4
927.565	56.5
927.781	56.5
927.997	56.5
928.213	56.5
928.429	56.5
928.646	56.5
928.862	56.6
929.078	56.6
929.294	56.7
929.511	56.7
929.727	56.7
929.943	56.7
930.16	56.8
930.376	56.8
930.592	56.9
930.809	56.9
931.025	56.9
931.242	56.9
931.459	57
931.675	57
931.892	57.1
932.108	57.2
932.325	57.2
932.542	57.2
932.759	57.3
932.975	57.3
933.192	57.3
933.409	57.3
933.626	57.3
933.843	57.3
934.06	57.2
934.277	57.2
934.494	57.2
934.711	57.1
934.928	57.1
935.145	57
935.362	57
935.58	56.9
935.797	56.8
936.014	56.8
936.231	56.7
936.449	56.7
936.666	56.6
936.883	56.5
937.101	56.5
937.318	56.5
937.536	56.4
937.753	56.3
937.971	56.2
938.188	56.1
938.406	56
938.624	56
938.841	56
939.059	55.9
939.277	55.9
939.494	55.8
939.712	55.7
939.93	55.7
