360.161	22.7
360.333	22.7
360.504	22.7
360.676	22.8
360.847	22.9
361.019	22.9
361.19	23
361.361	23
361.533	23
361.704	23
361.876	23
362.047	23
362.219	23
362.391	23.1
362.562	23.1
362.734	23.1
362.905	23.1
363.077	23.1
363.248	23
363.42	23
363.592	23
363.763	23
363.935	23.1
364.106	23.2
364.278	23.2
364.45	23.2
364.621	23.2
364.793	23.2
364.965	23.2
365.137	23.2
365.308	23.2
365.48	23.2
365.652	23.2
365.824	23.2
365.995	23.2
366.167	23.2
366.339	23.1
366.511	23.1
366.683	23.1
366.854	23.1
367.026	23.1
367.198	23.1
367.37	23.2
367.542	23.2
367.714	23.3
367.886	23.2
368.058	23.2
368.23	23.2
368.402	23.2
368.574	23.2
368.746	23.2
368.918	23.2
369.09	23.2
369.262	23.2
369.434	23.2
369.606	23.2
369.778	23.2
369.95	23.2
370.122	23.2
370.294	23.2
370.467	23.3
370.639	23.3
370.811	23.3
370.983	23.4
371.155	23.3
371.328	23.3
371.5	23.4
371.672	23.4
371.844	23.4
372.017	23.4
372.189	23.5
372.361	23.5
372.534	23.5
372.706	23.5
372.878	23.5
373.051	23.5
373.223	23.4
373.396	23.5
373.568	23.5
373.741	23.5
373.913	23.5
374.086	23.5
374.258	23.5
374.431	23.5
374.603	23.6
374.776	23.6
374.949	23.6
375.121	23.6
375.294	23.7
375.467	23.7
375.639	23.7
375.812	23.7
375.985	23.8
376.157	23.8
376.33	23.8
376.503	23.8
376.676	23.9
376.849	23.9
377.021	23.9
377.194	24
377.367	24
377.54	24.1
377.713	24.1
377.886	24.1
378.059	24.1
378.232	24.2
378.405	24.2
378.578	24.3
378.751	24.4
378.924	24.4
379.097	24.4
379.27	24.5
379.444	24.5
379.617	24.6
379.79	24.6
379.963	24.7
380.136	24.7
380.31	24.8
380.483	24.9
380.656	24.9
380.829	25
381.003	25
381.176	25
381.35	25
381.523	25.1
381.696	25.1
381.87	25.2
382.043	25.3
382.217	25.3
382.39	25.3
382.564	25.4
382.738	25.4
382.911	25.5
383.085	25.5
383.258	25.6
383.432	25.6
383.606	25.7
383.779	25.8
383.953	25.8
384.127	25.9
384.301	25.9
384.475	25.9
384.648	26
384.822	26
384.996	26.1
385.17	26.1
385.344	26.1
385.518	26.2
385.692	26.2
385.866	26.2
386.04	26.3
386.214	26.3
386.388	26.4
386.562	26.4
386.737	26.4
386.911	26.5
387.085	26.5
387.259	26.6
387.434	26.6
387.608	26.7
387.782	26.7
387.956	26.8
388.131	26.9
388.305	26.9
388.48	27
388.654	27
388.829	27.1
389.003	27.1
389.178	27.2
389.352	27.2
389.527	27.3
389.701	27.3
389.876	27.4
390.051	27.4
390.226	27.5
390.4	27.5
390.575	27.6
390.75	27.7
390.925	27.7
391.099	27.7
391.274	27.8
391.449	27.9
391.624	27.9
391.799	28
391.974	28
392.149	28.1
392.324	28.1
392.499	28.2
392.675	28.3
392.85	28.4
393.025	28.4
393.2	28.5
393.375	28.5
393.551	28.5
393.726	28.6
393.901	28.6
394.077	28.7
394.252	28.7
394.427	28.8
394.603	28.8
394.778	28.9
394.954	28.9
395.129	29
395.305	29.1
395.481	29.1
395.656	29.1
395.832	29.2
396.008	29.2
396.184	29.2
396.359	29.3
396.535	29.3
396.711	29.4
396.887	29.4
397.063	29.4
397.239	29.5
397.415	29.6
397.591	29.6
397.767	29.7
397.943	29.7
398.119	29.7
398.295	29.8
398.471	29.8
398.648	29.9
398.824	29.9
399	30
399.176	30
399.353	30.1
399.529	30.2
399.706	30.2
399.882	30.3
400.058	30.3
400.235	30.4
400.412	30.5
400.588	30.5
400.765	30.6
400.942	30.7
401.118	30.7
401.295	30.8
401.472	30.8
401.649	30.9
401.825	31
402.002	31.1
402.179	31.1
402.356	31.2
402.533	31.2
402.71	31.2
402.887	31.3
403.064	31.4
403.242	31.4
403.419	31.5
403.596	31.5
403.773	31.6
403.95	31.7
404.128	31.7
404.305	31.8
404.483	31.9
404.66	31.9
404.837	31.9
405.015	32
405.193	32.1
405.37	32.1
405.548	32.2
405.725	32.2
405.903	32.3
406.081	32.3
406.259	32.4
406.437	32.4
406.614	32.5
406.792	32.5
406.97	32.6
407.148	32.6
407.326	32.7
407.504	32.7
407.682	32.8
407.86	32.8
408.039	32.8
408.217	32.9
408.395	32.9
408.573	33
408.751	33
408.93	33.1
409.108	33.1
409.287	33.2
409.465	33.2
409.643	33.3
409.822	33.3
410	33.4
410.179	33.4
410.358	33.5
410.536	33.5
410.715	33.6
410.894	33.7
411.072	33.7
411.251	33.8
411.43	33.8
411.609	33.8
411.788	33.9
411.967	33.9
412.146	34
412.325	34
412.504	34.1
412.683	34.1
412.862	34.2
413.041	34.2
413.22	34.3
413.399	34.3
413.578	34.3
413.758	34.4
413.937	34.4
414.116	34.5
414.296	34.5
414.475	34.6
414.654	34.6
414.834	34.6
415.013	34.6
415.193	34.7
415.372	34.7
415.552	34.7
415.732	34.8
415.911	34.8
416.091	34.9
416.271	34.9
416.45	34.9
416.63	35
416.81	35
416.99	35
417.169	35.1
417.349	35.1
417.529	35.1
417.709	35.2
417.889	35.2
418.069	35.2
418.249	35.3
418.429	35.3
418.609	35.3
418.789	35.4
418.97	35.4
419.15	35.4
419.33	35.4
419.51	35.5
419.691	35.5
419.871	35.5
420.051	35.5
420.232	35.6
420.412	35.6
420.592	35.6
420.773	35.6
420.953	35.6
421.134	35.7
421.314	35.7
421.495	35.7
421.675	35.7
421.856	35.7
422.037	35.8
422.217	35.8
422.398	35.8
422.579	35.8
422.76	35.8
422.94	35.9
423.121	35.9
423.302	35.9
423.483	35.9
423.664	35.9
423.845	35.9
424.026	35.9
424.207	36
424.388	36
424.569	36
424.75	36
424.931	36
425.112	36
425.293	36
425.474	36.1
425.655	36.1
425.837	36.1
426.018	36.1
426.199	36.1
426.38	36.1
426.562	36.1
426.743	36.1
426.924	36.2
427.106	36.2
427.287	36.2
427.469	36.2
427.65	36.2
427.832	36.2
428.013	36.2
428.195	36.2
428.376	36.2
428.558	36.2
428.739	36.2
428.921	36.2
429.103	36.3
429.284	36.3
429.466	36.3
429.648	36.3
429.83	36.3
430.011	36.3
430.193	36.3
430.375	36.3
430.557	36.3
430.739	36.3
430.921	36.3
431.102	36.3
431.284	36.3
431.466	36.3
431.648	36.3
431.83	36.3
432.012	36.3
432.194	36.3
432.377	36.3
432.559	36.3
432.741	36.3
432.923	36.3
433.105	36.2
433.287	36.2
433.469	36.2
433.652	36.2
433.834	36.2
434.016	36.2
434.198	36.2
434.381	36.2
434.563	36.2
434.745	36.1
434.928	36.1
435.11	36.1
435.293	36.1
435.475	36.1
435.658	36.1
435.84	36.1
436.022	36
436.205	36
436.388	36
436.57	36
436.753	36
436.935	36
437.118	36
437.301	35.9
437.483	35.9
437.666	35.9
437.849	35.9
438.031	35.9
438.214	35.9
438.397	35.8
438.58	35.8
438.762	35.8
438.945	35.8
439.128	35.7
439.311	35.7
439.494	35.7
439.677	35.7
439.859	35.6
440.042	35.6
440.225	35.6
440.408	35.6
440.591	35.5
440.774	35.5
440.957	35.5
441.14	35.4
441.323	35.4
441.507	35.4
441.69	35.3
441.873	35.3
442.056	35.3
442.239	35.2
442.422	35.2
442.605	35.1
442.789	35.1
442.972	35
443.155	35
443.338	35
443.522	34.9
443.705	34.9
443.888	34.8
444.072	34.8
444.255	34.7
444.438	34.7
444.622	34.6
444.805	34.6
444.989	34.5
445.172	34.5
445.356	34.4
445.539	34.4
445.723	34.3
445.906	34.3
446.09	34.3
446.273	34.2
446.457	34.2
446.64	34.1
446.824	34
447.008	34
447.191	33.9
447.375	33.9
447.559	33.8
447.742	33.8
447.926	33.7
448.11	33.6
448.293	33.6
448.477	33.5
448.661	33.5
448.845	33.4
449.029	33.4
449.212	33.3
449.396	33.2
449.58	33.2
449.764	33.1
449.948	33
450.132	33
450.316	32.9
450.5	32.8
450.684	32.8
450.868	32.7
451.052	32.6
451.236	32.6
451.42	32.5
451.604	32.4
451.788	32.4
451.972	32.3
452.156	32.2
452.34	32.2
452.525	32.1
452.709	32
452.893	31.9
453.077	31.9
453.261	31.8
453.446	31.7
453.63	31.6
453.814	31.6
453.998	31.5
454.183	31.4
454.367	31.4
454.551	31.3
454.736	31.2
454.92	31.1
455.104	31
455.289	30.9
455.473	30.9
455.658	30.8
455.842	30.7
456.026	30.6
456.211	30.6
456.395	30.5
456.58	30.4
456.764	30.3
456.949	30.2
457.134	30.2
457.318	30.1
457.503	30
457.687	29.9
457.872	29.8
458.057	29.7
458.241	29.7
458.426	29.6
458.611	29.5
458.795	29.4
458.98	29.3
459.165	29.2
459.349	29.1
459.534	29
459.719	28.9
459.904	28.8
460.088	28.8
460.273	28.7
460.458	28.6
460.643	28.5
460.828	28.4
461.013	28.3
461.198	28.2
461.382	28.1
461.567	28
461.752	27.9
461.937	27.8
462.122	27.7
462.307	27.6
462.492	27.5
462.677	27.4
462.862	27.3
463.047	27.3
463.232	27.2
463.417	27.1
463.602	27
463.788	26.9
463.973	26.8
464.158	26.7
464.343	26.6
464.528	26.5
464.713	26.4
464.898	26.3
465.084	26.2
465.269	26.1
465.454	26
465.639	25.9
465.824	25.8
466.01	25.7
466.195	25.6
466.38	25.5
466.566	25.4
466.751	25.3
466.936	25.2
467.122	25.2
467.307	25.1
467.492	25
467.678	24.9
467.863	24.8
468.048	24.7
468.234	24.6
468.419	24.5
468.605	24.4
468.79	24.3
468.976	24.2
469.161	24.1
469.347	24.1
469.532	24
469.718	23.9
469.903	23.8
470.089	23.7
470.274	23.6
470.46	23.5
470.646	23.4
470.831	23.3
471.017	23.2
471.202	23.1
471.388	23
471.574	22.9
471.759	22.8
471.945	22.7
472.131	22.6
472.317	22.5
472.502	22.5
472.688	22.4
472.874	22.3
473.059	22.2
473.245	22.1
473.431	22
473.617	21.9
473.803	21.8
473.988	21.7
474.174	21.6
474.36	21.6
474.546	21.5
474.732	21.4
474.918	21.3
475.104	21.2
475.29	21.1
475.475	21
475.661	20.9
475.847	20.8
476.033	20.7
476.219	20.6
476.405	20.6
476.591	20.5
476.777	20.4
476.963	20.3
477.149	20.2
477.335	20.1
477.521	20
477.707	19.9
477.893	19.8
478.08	19.8
478.266	19.7
478.452	19.6
478.638	19.5
478.824	19.4
479.01	19.3
479.196	19.2
479.382	19.2
479.569	19.1
479.755	19
479.941	18.9
480.127	18.8
480.313	18.7
480.5	18.7
480.686	18.6
480.872	18.5
481.058	18.4
481.245	18.3
481.431	18.3
481.617	18.2
481.803	18.1
481.99	18
482.176	18
482.362	17.9
482.549	17.8
482.735	17.7
482.921	17.6
483.108	17.6
483.294	17.5
483.481	17.4
483.667	17.3
483.853	17.3
484.04	17.2
484.226	17.1
484.413	17.1
484.599	17
484.786	16.9
484.972	16.9
485.159	16.8
485.345	16.7
485.532	16.6
485.718	16.6
485.905	16.5
486.091	16.4
486.278	16.4
486.464	16.3
486.651	16.2
486.837	16.2
487.024	16.1
487.211	16
487.397	16
487.584	15.9
487.77	15.8
487.957	15.8
488.144	15.7
488.33	15.6
488.517	15.6
488.704	15.5
488.89	15.5
489.077	15.4
489.264	15.3
489.45	15.3
489.637	15.2
489.824	15.1
490.01	15.1
490.197	15
490.384	15
490.571	14.9
490.757	14.8
490.944	14.8
491.131	14.7
491.318	14.7
491.505	14.6
491.691	14.6
491.878	14.5
492.065	14.4
492.252	14.4
492.439	14.3
492.626	14.3
492.812	14.2
492.999	14.2
493.186	14.1
493.373	14.1
493.56	14
493.747	13.9
493.934	13.9
494.121	13.8
494.308	13.8
494.494	13.7
494.681	13.7
494.868	13.6
495.055	13.6
495.242	13.5
495.429	13.5
495.616	13.4
495.803	13.4
495.99	13.3
496.177	13.3
496.364	13.2
496.551	13.2
496.738	13.1
496.925	13.1
497.112	13
497.299	13
497.486	12.9
497.673	12.9
497.861	12.8
498.048	12.8
498.235	12.8
498.422	12.7
498.609	12.7
498.796	12.6
498.983	12.6
499.17	12.5
499.357	12.5
499.544	12.4
499.732	12.4
499.919	12.3
500.106	12.3
500.293	12.2
500.48	12.2
500.667	12.2
500.855	12.1
501.042	12.1
501.229	12
501.416	12
501.603	11.9
501.791	11.9
501.978	11.9
502.165	11.8
502.352	11.8
502.54	11.7
502.727	11.7
502.914	11.7
503.101	11.6
503.289	11.6
503.476	11.5
503.663	11.5
503.85	11.5
504.038	11.4
504.225	11.4
504.412	11.4
504.6	11.3
504.787	11.3
504.974	11.2
505.161	11.2
505.349	11.2
505.536	11.1
505.723	11.1
505.911	11
506.098	11
506.286	11
506.473	10.9
506.66	10.9
506.848	10.9
507.035	10.8
507.222	10.8
507.41	10.8
507.597	10.7
507.785	10.7
507.972	10.7
508.159	10.6
508.347	10.6
508.534	10.6
508.722	10.5
508.909	10.5
509.097	10.5
509.284	10.4
509.471	10.4
509.659	10.4
509.846	10.3
510.034	10.3
510.221	10.3
510.409	10.2
510.596	10.2
510.784	10.2
510.971	10.2
511.159	10.1
511.346	10.1
511.534	10.1
511.721	10
511.909	10
512.096	10
512.284	9.9
512.471	9.9
512.659	9.9
512.846	9.9
513.034	9.8
513.221	9.8
513.409	9.8
513.596	9.7
513.784	9.7
513.972	9.7
514.159	9.7
514.347	9.6
514.534	9.6
514.722	9.6
514.909	9.5
515.097	9.5
515.285	9.5
515.472	9.5
515.66	9.4
515.847	9.4
516.035	9.4
516.222	9.4
516.41	9.3
516.598	9.3
516.785	9.3
516.973	9.3
517.161	9.2
517.348	9.2
517.536	9.2
517.723	9.2
517.911	9.1
518.099	9.1
518.286	9.1
518.474	9.1
518.662	9
518.849	9
519.037	9
519.225	9
519.412	8.9
519.6	8.9
519.787	8.9
519.975	8.9
520.163	8.9
520.35	8.8
520.538	8.8
520.726	8.8
520.914	8.8
521.101	8.7
521.289	8.7
521.477	8.7
521.664	8.7
521.852	8.6
522.04	8.6
522.227	8.6
522.415	8.6
522.603	8.6
522.79	8.5
522.978	8.5
523.166	8.5
523.354	8.5
523.541	8.5
523.729	8.4
523.917	8.4
524.104	8.4
524.292	8.4
524.48	8.3
524.668	8.3
524.855	8.3
525.043	8.3
525.231	8.3
525.418	8.2
525.606	8.2
525.794	8.2
525.982	8.2
526.169	8.2
526.357	8.1
526.545	8.1
526.733	8.1
526.92	8.1
527.108	8
527.296	8
527.484	8
527.671	8
527.859	8
528.047	8
528.235	7.9
528.422	7.9
528.61	7.9
528.798	7.9
528.986	7.9
529.173	7.8
529.361	7.8
529.549	7.8
529.737	7.8
529.924	7.8
530.112	7.8
530.3	7.8
530.488	7.7
530.675	7.7
530.863	7.7
531.051	7.7
531.239	7.7
531.426	7.7
531.614	7.6
531.802	7.6
531.99	7.6
532.177	7.6
532.365	7.6
532.553	7.6
532.741	7.5
532.928	7.5
533.116	7.5
533.304	7.5
533.492	7.5
533.679	7.5
533.867	7.5
534.055	7.4
534.243	7.4
534.431	7.4
534.618	7.4
534.806	7.4
534.994	7.4
535.182	7.4
535.369	7.3
535.557	7.3
535.745	7.3
535.933	7.3
536.12	7.3
536.308	7.3
536.496	7.3
536.684	7.3
536.871	7.2
537.059	7.2
537.247	7.2
537.435	7.2
537.622	7.2
537.81	7.2
537.998	7.2
538.186	7.2
538.373	7.1
538.561	7.1
538.749	7.1
538.937	7.1
539.124	7.1
539.312	7.1
539.5	7.1
539.688	7
539.875	7
540.063	7
540.251	7
540.439	7
540.626	7
540.814	7
541.002	7
541.19	6.9
541.377	6.9
541.565	6.9
541.753	6.9
541.941	6.9
542.128	6.9
542.316	6.9
542.504	6.9
542.691	6.9
542.879	6.8
543.067	6.8
543.255	6.8
543.442	6.8
543.63	6.8
543.818	6.8
544.005	6.8
544.193	6.8
544.381	6.7
544.568	6.7
544.756	6.7
544.944	6.7
545.132	6.7
545.319	6.7
545.507	6.7
545.695	6.7
545.882	6.7
546.07	6.6
546.258	6.6
546.445	6.6
546.633	6.6
546.821	6.6
547.008	6.6
547.196	6.6
547.384	6.6
547.571	6.5
547.759	6.5
547.947	6.5
548.134	6.5
548.322	6.5
548.51	6.5
548.697	6.5
548.885	6.5
549.073	6.5
549.26	6.4
549.448	6.4
549.636	6.4
549.823	6.4
550.011	6.4
550.199	6.4
550.386	6.4
550.574	6.4
550.762	6.3
550.949	6.3
551.137	6.3
551.325	6.3
551.512	6.3
551.7	6.3
551.888	6.3
552.075	6.3
552.263	6.3
552.451	6.2
552.639	6.2
552.826	6.2
553.014	6.2
553.202	6.2
553.389	6.2
553.577	6.2
553.765	6.2
553.953	6.2
554.14	6.2
554.328	6.1
554.516	6.1
554.704	6.1
554.891	6.1
555.079	6.1
555.267	6.1
555.455	6.1
555.643	6.1
555.83	6.1
556.018	6.1
556.206	6.1
556.394	6.1
556.582	6
556.77	6
556.957	6
557.145	6
557.333	6
557.521	6
557.709	6
557.897	6
558.085	6
558.273	6
558.461	6
558.649	5.9
558.837	5.9
559.025	5.9
559.213	5.9
559.4	5.9
559.588	5.9
559.777	5.9
559.965	5.9
560.153	5.9
560.341	5.9
560.529	5.9
560.717	5.9
560.905	5.9
561.093	5.8
561.281	5.8
561.469	5.8
561.657	5.8
561.845	5.8
562.034	5.8
562.222	5.8
562.41	5.8
562.598	5.8
562.786	5.8
562.975	5.7
563.163	5.7
563.351	5.7
563.539	5.7
563.728	5.7
563.916	5.7
564.104	5.7
564.293	5.7
564.481	5.7
564.67	5.7
564.858	5.7
565.046	5.7
565.235	5.7
565.423	5.6
565.612	5.6
565.8	5.6
565.989	5.6
566.177	5.6
566.366	5.6
566.554	5.6
566.743	5.6
566.932	5.6
567.12	5.6
567.309	5.6
567.497	5.6
567.686	5.6
567.875	5.5
568.064	5.5
568.252	5.5
568.441	5.5
568.63	5.5
568.819	5.5
569.007	5.5
569.196	5.5
569.385	5.5
569.574	5.5
569.763	5.5
569.952	5.5
570.141	5.5
570.33	5.5
570.519	5.5
570.708	5.4
570.897	5.4
571.086	5.4
571.275	5.4
571.464	5.4
571.653	5.4
571.843	5.4
572.032	5.4
572.221	5.4
572.41	5.4
572.599	5.4
572.789	5.4
572.978	5.4
573.167	5.4
573.357	5.4
573.546	5.3
573.736	5.3
573.925	5.3
574.115	5.3
574.304	5.3
574.494	5.3
574.683	5.3
574.873	5.3
575.062	5.3
575.252	5.3
575.442	5.3
575.631	5.3
575.821	5.3
576.011	5.3
576.201	5.3
576.39	5.2
576.58	5.2
576.77	5.2
576.96	5.2
577.15	5.2
577.34	5.2
577.53	5.2
577.72	5.2
577.91	5.2
578.1	5.2
578.29	5.2
578.48	5.2
578.67	5.2
578.861	5.2
579.051	5.2
579.241	5.1
579.431	5.1
579.622	5.1
579.812	5.1
580.002	5.1
580.193	5.1
580.383	5.1
580.574	5.1
580.764	5.1
580.955	5.1
581.145	5.1
581.336	5.1
581.526	5.1
581.717	5.1
581.908	5.1
582.098	5.1
582.289	5.1
582.48	5.1
582.671	5.1
582.862	5.1
583.052	5.1
583.243	5
583.434	5
583.625	5
583.816	5
584.007	5
584.198	5
584.389	5
584.58	5
584.771	5
584.962	5
585.154	5
585.345	5
585.536	5
585.727	5
585.918	5
586.11	5
586.301	5
586.492	5
586.684	5
586.875	5
587.067	5
587.258	5
587.45	5
587.641	5
587.833	4.9
588.024	4.9
588.216	4.9
588.408	4.9
588.599	4.9
588.791	4.9
588.983	4.9
589.174	4.9
589.366	4.9
589.558	4.9
589.75	4.9
589.942	4.9
590.134	4.9
590.326	4.9
590.518	4.9
590.71	4.9
590.902	4.9
591.094	4.9
591.286	4.9
591.478	4.9
591.67	4.9
591.862	4.9
592.054	4.9
592.246	4.9
592.439	4.9
592.631	4.9
592.823	4.9
593.016	4.9
593.208	4.9
593.4	4.9
593.593	4.9
593.785	4.9
593.978	4.9
594.17	4.8
594.363	4.8
594.555	4.8
594.748	4.8
594.94	4.8
595.133	4.8
595.326	4.8
595.518	4.8
595.711	4.8
595.904	4.8
596.096	4.8
596.289	4.8
596.482	4.8
596.675	4.8
596.868	4.8
597.061	4.8
597.254	4.8
597.447	4.8
597.64	4.8
597.833	4.8
598.026	4.8
598.219	4.8
598.412	4.8
598.605	4.8
598.798	4.8
598.991	4.8
599.184	4.8
599.378	4.8
599.571	4.8
599.764	4.8
599.957	4.8
600.151	4.8
600.344	4.8
600.538	4.8
600.731	4.8
600.924	4.8
601.118	4.8
601.311	4.8
601.505	4.8
601.698	4.8
601.892	4.8
602.086	4.8
602.279	4.8
602.473	4.8
602.667	4.8
602.86	4.8
603.054	4.8
603.248	4.8
603.442	4.8
603.635	4.8
603.829	4.8
604.023	4.8
604.217	4.8
604.411	4.8
604.605	4.8
604.799	4.8
604.993	4.8
605.187	4.8
605.381	4.8
605.575	4.8
605.769	4.8
605.963	4.8
606.157	4.8
606.352	4.8
606.546	4.8
606.74	4.8
606.934	4.8
607.129	4.8
607.323	4.8
607.517	4.8
607.712	4.8
607.906	4.8
608.1	4.8
608.295	4.8
608.489	4.8
608.684	4.8
608.878	4.8
609.073	4.8
609.267	4.8
609.462	4.8
609.657	4.9
609.851	4.9
610.046	4.9
610.241	4.9
610.435	4.9
610.63	4.9
610.825	4.9
611.02	4.9
611.215	4.9
611.41	4.9
611.604	4.9
611.799	4.9
611.994	4.9
612.189	4.9
612.384	4.9
612.579	4.9
612.774	4.9
612.969	4.9
613.164	4.9
613.359	4.9
613.555	4.9
613.75	4.9
613.945	4.9
614.14	4.9
614.335	4.9
614.531	4.9
614.726	4.9
614.921	4.9
615.117	4.9
615.312	5
615.507	5
615.703	5
615.898	5
616.094	5
616.289	5
616.485	5
616.68	5
616.876	5
617.071	5
617.267	5
617.463	5
617.658	5
617.854	5
618.05	5
618.245	5
618.441	5
618.637	5.1
618.833	5.1
619.029	5.1
619.225	5.1
619.42	5.1
619.616	5.1
619.812	5.1
620.008	5.1
620.204	5.1
620.4	5.1
620.596	5.1
620.792	5.1
620.988	5.1
621.184	5.2
621.381	5.2
621.577	5.2
621.773	5.2
621.969	5.2
622.165	5.2
622.362	5.2
622.558	5.2
622.754	5.2
622.951	5.2
623.147	5.2
623.343	5.2
623.54	5.2
623.736	5.3
623.933	5.3
624.129	5.3
624.326	5.3
624.522	5.3
624.719	5.3
624.915	5.3
625.112	5.3
625.308	5.3
625.505	5.3
625.702	5.4
625.898	5.4
626.095	5.4
626.292	5.4
626.489	5.4
626.685	5.4
626.882	5.4
627.079	5.4
627.276	5.4
627.473	5.4
627.67	5.5
627.866	5.5
628.063	5.5
628.26	5.5
628.457	5.5
628.654	5.5
628.851	5.5
629.048	5.5
629.246	5.5
629.443	5.6
629.64	5.6
629.837	5.6
630.034	5.6
630.231	5.6
630.429	5.6
630.626	5.6
630.823	5.7
631.02	5.7
631.218	5.7
631.415	5.7
631.612	5.7
631.81	5.7
632.007	5.7
632.205	5.7
632.402	5.7
632.6	5.8
632.797	5.8
632.995	5.8
633.192	5.8
633.39	5.8
633.587	5.8
633.785	5.8
633.983	5.9
634.18	5.9
634.378	5.9
634.576	5.9
634.773	5.9
634.971	5.9
635.169	6
635.367	6
635.565	6
635.762	6
635.96	6
636.158	6
636.356	6.1
636.554	6.1
636.752	6.1
636.95	6.1
637.148	6.1
637.346	6.1
637.544	6.2
637.742	6.2
637.94	6.2
638.138	6.2
638.337	6.2
638.535	6.3
638.733	6.3
638.931	6.3
639.129	6.3
639.328	6.3
639.526	6.4
639.724	6.4
639.922	6.4
640.121	6.4
640.319	6.4
640.518	6.5
640.716	6.5
640.914	6.5
641.113	6.5
641.311	6.6
641.51	6.6
641.708	6.6
641.907	6.6
642.105	6.7
642.304	6.7
642.503	6.7
642.701	6.7
642.9	6.7
643.098	6.8
643.297	6.8
643.496	6.8
643.695	6.8
643.893	6.9
644.092	6.9
644.291	6.9
644.49	6.9
644.689	7
644.887	7
645.086	7
645.285	7
645.484	7.1
645.683	7.1
645.882	7.1
646.081	7.1
646.28	7.2
646.479	7.2
646.678	7.2
646.877	7.3
647.076	7.3
647.276	7.3
647.475	7.3
647.674	7.4
647.873	7.4
648.072	7.4
648.271	7.4
648.471	7.5
648.67	7.5
648.869	7.5
649.069	7.6
649.268	7.6
649.467	7.6
649.667	7.6
649.866	7.7
650.065	7.7
650.265	7.7
650.464	7.8
650.664	7.8
650.863	7.8
651.063	7.9
651.262	7.9
651.462	7.9
651.662	7.9
651.861	8
652.061	8
652.26	8
652.46	8.1
652.66	8.1
652.859	8.1
653.059	8.2
653.259	8.2
653.459	8.2
653.658	8.3
653.858	8.3
654.058	8.3
654.258	8.4
654.458	8.4
654.658	8.4
654.858	8.5
655.058	8.5
655.258	8.6
655.457	8.6
655.657	8.6
655.857	8.7
656.058	8.7
656.258	8.7
656.458	8.8
656.658	8.8
656.858	8.8
657.058	8.9
657.258	8.9
657.458	9
657.659	9
657.859	9
658.059	9.1
658.259	9.1
658.459	9.1
658.66	9.2
658.86	9.2
659.06	9.3
659.261	9.3
659.461	9.4
659.662	9.4
659.862	9.4
660.062	9.5
660.263	9.5
660.463	9.6
660.664	9.6
660.864	9.6
661.065	9.7
661.265	9.7
661.466	9.8
661.667	9.8
661.867	9.9
662.068	9.9
662.268	10
662.469	10
662.67	10
662.87	10.1
663.071	10.1
663.272	10.2
663.473	10.2
663.674	10.3
663.874	10.3
664.075	10.4
664.276	10.4
664.477	10.5
664.678	10.5
664.879	10.5
665.08	10.6
665.28	10.6
665.481	10.7
665.682	10.7
665.883	10.8
666.084	10.8
666.285	10.9
666.486	10.9
666.688	11
666.889	11
667.09	11.1
667.291	11.1
667.492	11.2
667.693	11.2
667.894	11.3
668.096	11.3
668.297	11.4
668.498	11.4
668.699	11.5
668.901	11.5
669.102	11.6
669.303	11.6
669.505	11.7
669.706	11.7
669.907	11.8
670.109	11.8
670.31	11.9
670.511	12
670.713	12
670.914	12.1
671.116	12.1
671.317	12.2
671.519	12.2
671.72	12.3
671.922	12.3
672.124	12.4
672.325	12.4
672.527	12.5
672.728	12.6
672.93	12.6
673.132	12.7
673.333	12.7
673.535	12.8
673.737	12.9
673.939	12.9
674.14	13
674.342	13
674.544	13.1
674.746	13.2
674.948	13.2
675.149	13.3
675.351	13.3
675.553	13.4
675.755	13.5
675.957	13.5
676.159	13.6
676.361	13.6
676.563	13.7
676.765	13.8
676.967	13.8
677.169	13.9
677.371	13.9
677.573	14
677.775	14.1
677.977	14.1
678.179	14.2
678.381	14.2
678.583	14.3
678.786	14.4
678.988	14.4
679.19	14.5
679.392	14.5
679.594	14.6
679.797	14.7
679.999	14.7
680.201	14.8
680.404	14.9
680.606	14.9
680.808	15
681.011	15.1
681.213	15.1
681.415	15.2
681.618	15.3
681.82	15.3
682.023	15.4
682.225	15.4
682.428	15.5
682.63	15.6
682.833	15.7
683.035	15.7
683.238	15.8
683.44	15.9
683.643	15.9
683.845	16
684.048	16
684.251	16.1
684.453	16.2
684.656	16.2
684.859	16.3
685.061	16.4
685.264	16.4
685.467	16.5
685.67	16.6
685.872	16.6
686.075	16.7
686.278	16.8
686.481	16.8
686.684	16.9
686.886	17
687.089	17
687.292	17.1
687.495	17.2
687.698	17.3
687.901	17.3
688.104	17.4
688.307	17.5
688.51	17.5
688.713	17.6
688.916	17.7
689.119	17.7
689.322	17.8
689.525	17.9
689.728	17.9
689.931	18
690.134	18.1
690.337	18.1
690.54	18.2
690.744	18.3
690.947	18.3
691.15	18.4
691.353	18.5
691.556	18.5
691.76	18.6
691.963	18.6
692.166	18.7
692.37	18.8
692.573	18.9
692.776	18.9
692.979	19
693.183	19
693.386	19.1
693.59	19.2
693.793	19.2
693.996	19.3
694.2	19.4
694.403	19.4
694.607	19.5
694.81	19.6
695.014	19.6
695.217	19.7
695.421	19.8
695.624	19.8
695.828	19.9
696.031	19.9
696.235	20
696.439	20.1
696.642	20.1
696.846	20.2
697.049	20.2
697.253	20.3
697.457	20.4
697.661	20.4
697.864	20.5
698.068	20.5
698.272	20.6
698.475	20.7
698.679	20.7
698.883	20.8
699.087	20.8
699.291	20.9
699.494	20.9
699.698	21
699.902	21.1
700.106	21.1
700.31	21.2
700.514	21.2
700.718	21.3
700.922	21.3
701.126	21.4
701.33	21.4
701.534	21.5
701.738	21.5
701.942	21.6
702.146	21.7
702.35	21.7
702.554	21.8
702.758	21.8
702.962	21.9
703.166	21.9
703.37	22
703.574	22
703.778	22.1
703.983	22.1
704.187	22.2
704.391	22.2
704.595	22.3
704.799	22.3
705.004	22.4
705.208	22.4
705.412	22.4
705.616	22.5
705.821	22.5
706.025	22.6
706.229	22.6
706.434	22.7
706.638	22.7
706.842	22.8
707.047	22.8
707.251	22.8
707.455	22.9
707.66	22.9
707.864	23
708.069	23
708.273	23
708.478	23.1
708.682	23.1
708.887	23.2
709.091	23.2
709.296	23.2
709.5	23.3
709.705	23.3
709.909	23.4
710.114	23.4
710.319	23.4
710.523	23.5
710.728	23.5
710.932	23.5
711.137	23.6
711.342	23.6
711.546	23.6
711.751	23.7
711.956	23.7
712.161	23.7
712.365	23.8
712.57	23.8
712.775	23.8
712.98	23.9
713.184	23.9
713.389	23.9
713.594	24
713.799	24
714.004	24
714.209	24.1
714.413	24.1
714.618	24.1
714.823	24.1
715.028	24.2
715.233	24.2
715.438	24.2
715.643	24.2
715.848	24.3
716.053	24.3
716.258	24.3
716.463	24.3
716.668	24.4
716.873	24.4
717.078	24.4
717.283	24.4
717.488	24.5
717.693	24.5
717.898	24.5
718.103	24.5
718.308	24.6
718.514	24.6
718.719	24.6
718.924	24.6
719.129	24.6
719.334	24.7
719.539	24.7
719.745	24.7
719.95	24.7
720.155	24.7
720.36	24.7
720.566	24.8
720.771	24.8
720.976	24.8
721.182	24.8
721.387	24.8
721.592	24.8
721.798	24.9
722.003	24.9
722.208	24.9
722.414	24.9
722.619	24.9
722.824	24.9
723.03	24.9
723.235	24.9
723.441	25
723.646	25
723.852	25
724.057	25
724.263	25
724.468	25
724.674	25
724.879	25
725.085	25
725.29	25
725.496	25.1
725.701	25.1
725.907	25.1
726.112	25.1
726.318	25.1
726.524	25.1
726.729	25.1
726.935	25.1
727.141	25.1
727.346	25.1
727.552	25.1
727.758	25.1
727.963	25.1
728.169	25.1
728.375	25.1
728.581	25.1
728.786	25.1
728.992	25.1
729.198	25.1
729.404	25.1
729.609	25.2
729.815	25.2
730.021	25.2
730.227	25.2
730.433	25.2
730.639	25.2
730.844	25.2
731.05	25.2
731.256	25.2
731.462	25.2
731.668	25.2
731.874	25.2
732.08	25.2
732.286	25.2
732.492	25.2
732.698	25.2
732.904	25.2
733.11	25.2
733.316	25.2
733.522	25.2
733.728	25.2
733.934	25.2
734.14	25.2
734.346	25.2
734.552	25.2
734.758	25.2
734.964	25.1
735.17	25.1
735.376	25.1
735.583	25.1
735.789	25.1
735.995	25.1
736.201	25.1
736.407	25.1
736.613	25.1
736.819	25.1
737.026	25.1
737.232	25.1
737.438	25.1
737.644	25.1
737.851	25.1
738.057	25
738.263	25
738.469	25
738.676	25
738.882	25
739.088	25
739.295	25
739.501	25
739.707	25
739.914	24.9
740.12	24.9
740.326	24.9
740.533	24.9
740.739	24.9
740.946	24.9
741.152	24.9
741.358	24.9
741.565	24.9
741.771	24.9
741.978	24.8
742.184	24.8
742.391	24.8
742.597	24.8
742.804	24.8
743.01	24.8
743.217	24.8
743.423	24.8
743.63	24.8
743.836	24.7
744.043	24.7
744.249	24.7
744.456	24.7
744.663	24.7
744.869	24.7
745.076	24.7
745.282	24.7
745.489	24.6
745.696	24.6
745.902	24.6
746.109	24.6
746.316	24.6
746.522	24.6
746.729	24.6
746.936	24.6
747.142	24.6
747.349	24.5
747.556	24.5
747.762	24.5
747.969	24.5
748.176	24.5
748.383	24.5
748.589	24.5
748.796	24.5
749.003	24.4
749.21	24.4
749.417	24.4
749.623	24.4
749.83	24.4
750.037	24.4
750.244	24.4
750.451	24.4
750.658	24.3
750.865	24.3
751.071	24.3
751.278	24.3
751.485	24.3
751.692	24.2
751.899	24.2
752.106	24.2
752.313	24.2
752.52	24.2
752.727	24.2
752.934	24.2
753.141	24.2
753.348	24.1
753.555	24.1
753.762	24.1
753.969	24.1
754.176	24.1
754.383	24.1
754.59	24.1
754.797	24.1
755.004	24.1
755.211	24
755.418	24
755.625	24
755.832	24
756.039	24
756.246	24
756.453	24
756.66	24
756.868	23.9
757.075	23.9
757.282	23.9
757.489	23.9
757.696	23.9
757.903	23.9
758.111	23.8
758.318	23.8
758.525	23.8
758.732	23.8
758.939	23.8
759.147	23.8
759.354	23.8
759.561	23.8
759.768	23.8
759.976	23.7
760.183	23.7
760.39	23.7
760.597	23.7
760.805	23.7
761.012	23.7
761.219	23.6
761.426	23.6
761.634	23.6
761.841	23.6
762.048	23.6
762.256	23.6
762.463	23.6
762.67	23.5
762.878	23.5
763.085	23.5
763.293	23.5
763.5	23.5
763.707	23.5
763.915	23.5
764.122	23.5
764.33	23.4
764.537	23.4
764.744	23.4
764.952	23.4
765.159	23.4
765.367	23.4
765.574	23.4
765.782	23.4
765.989	23.3
766.197	23.3
766.404	23.3
766.612	23.3
766.819	23.3
767.027	23.3
767.234	23.3
767.442	23.3
767.649	23.3
767.857	23.3
768.064	23.2
768.272	23.2
768.479	23.2
768.687	23.2
768.895	23.2
769.102	23.2
769.31	23.2
769.517	23.2
769.725	23.1
769.933	23.1
770.14	23.1
770.348	23.1
770.555	23.1
770.763	23.1
770.971	23.1
771.178	23.1
771.386	23.1
771.594	23.1
771.801	23
772.009	23
772.217	23
772.424	23
772.632	23
772.84	23
773.047	23
773.255	23
773.463	23
773.671	23
773.878	22.9
774.086	22.9
774.294	22.9
774.502	22.9
774.709	22.9
774.917	22.9
775.125	22.9
775.333	22.9
775.54	22.9
775.748	22.9
775.956	22.9
776.164	22.9
776.371	22.9
776.579	22.9
776.787	22.9
776.995	22.9
777.203	22.9
777.41	22.9
777.618	22.9
777.826	22.8
778.034	22.9
778.242	22.8
778.45	22.8
778.657	22.8
778.865	22.8
779.073	22.8
779.281	22.8
779.489	22.8
779.697	22.8
779.905	22.8
780.112	22.8
780.32	22.8
780.528	22.8
780.736	22.7
780.944	22.7
781.152	22.7
781.36	22.7
781.568	22.7
781.776	22.7
781.984	22.7
782.191	22.7
782.399	22.7
782.607	22.7
782.815	22.7
783.023	22.7
783.231	22.7
783.439	22.7
783.647	22.7
783.855	22.7
784.063	22.7
784.271	22.7
784.479	22.7
784.687	22.7
784.895	22.7
785.103	22.7
785.311	22.6
785.519	22.6
785.727	22.6
785.935	22.6
786.143	22.6
786.351	22.6
786.559	22.6
786.767	22.6
786.975	22.6
787.183	22.6
787.391	22.6
787.599	22.6
787.807	22.6
788.015	22.6
788.223	22.6
788.431	22.6
788.639	22.6
788.847	22.6
789.055	22.6
789.263	22.6
789.471	22.7
789.679	22.7
789.887	22.7
790.095	22.7
790.303	22.7
790.511	22.7
790.719	22.7
790.927	22.7
791.135	22.7
791.343	22.7
791.551	22.7
791.76	22.7
791.968	22.6
792.176	22.6
792.384	22.6
792.592	22.6
792.8	22.6
793.008	22.7
793.216	22.7
793.424	22.6
793.632	22.7
793.84	22.7
794.048	22.7
794.256	22.7
794.465	22.7
794.673	22.7
794.881	22.7
795.089	22.7
795.297	22.7
795.505	22.7
795.713	22.7
795.921	22.7
796.129	22.7
796.337	22.7
796.546	22.7
796.754	22.7
796.962	22.7
797.17	22.7
797.378	22.7
797.586	22.7
797.794	22.7
798.002	22.7
798.21	22.7
798.419	22.7
798.627	22.7
798.835	22.8
799.043	22.8
799.251	22.8
799.459	22.8
799.667	22.8
799.875	22.8
800.083	22.8
800.292	22.8
800.5	22.9
800.708	22.9
800.916	22.9
801.124	22.9
801.332	22.9
801.54	22.9
801.748	22.9
801.957	22.9
802.165	22.9
802.373	23
802.581	23
802.789	23
802.997	23
803.205	23
803.414	23
803.622	23.1
803.83	23.1
804.038	23.1
804.246	23.1
804.454	23.1
804.662	23.1
804.87	23.1
805.079	23.1
805.287	23.1
805.495	23.2
805.703	23.2
805.911	23.2
806.119	23.2
806.327	23.2
806.535	23.2
806.743	23.2
806.952	23.2
807.16	23.3
807.368	23.3
807.576	23.3
807.784	23.3
807.992	23.3
808.2	23.3
808.408	23.3
808.617	23.4
808.825	23.4
809.033	23.4
809.241	23.4
809.449	23.4
809.657	23.4
809.865	23.4
810.073	23.4
810.281	23.4
810.49	23.5
810.698	23.5
810.906	23.5
811.114	23.5
811.322	23.5
811.53	23.5
811.738	23.5
811.946	23.5
812.154	23.5
812.362	23.5
812.57	23.6
812.779	23.6
812.987	23.6
813.195	23.6
813.403	23.6
813.611	23.7
813.819	23.7
814.027	23.7
814.235	23.7
814.443	23.7
814.651	23.8
814.859	23.8
815.067	23.8
815.275	23.8
815.484	23.8
815.692	23.9
815.9	23.9
816.108	23.9
816.316	23.9
816.524	23.9
816.732	23.9
816.94	24
817.148	24
817.356	24
817.564	24
817.772	24
817.98	24.1
818.188	24.1
818.397	24.1
818.605	24.1
818.813	24.2
819.021	24.2
819.229	24.2
819.437	24.2
819.645	24.3
819.853	24.3
820.061	24.3
820.269	24.4
820.477	24.4
820.685	24.4
820.893	24.5
821.102	24.5
821.31	24.5
821.518	24.5
821.726	24.6
821.934	24.6
822.142	24.6
822.35	24.6
822.558	24.6
822.766	24.7
822.974	24.7
823.182	24.7
823.39	24.8
823.599	24.8
823.807	24.8
824.015	24.8
824.223	24.9
824.431	24.9
824.639	24.9
824.847	25
825.055	25
825.263	25.1
825.472	25.1
825.68	25.1
825.888	25.2
826.096	25.2
826.304	25.2
826.512	25.3
826.72	25.3
826.928	25.4
827.137	25.4
827.345	25.4
827.553	25.5
827.761	25.5
827.969	25.5
828.177	25.6
828.385	25.6
828.594	25.6
828.802	25.7
829.01	25.7
829.218	25.7
829.426	25.8
829.634	25.8
829.843	25.8
830.051	25.9
830.259	25.9
830.467	25.9
830.675	26
830.883	26
831.092	26.1
831.3	26.1
831.508	26.1
831.716	26.2
831.924	26.2
832.133	26.2
832.341	26.3
832.549	26.3
832.757	26.3
832.966	26.4
833.174	26.4
833.382	26.4
833.59	26.5
833.799	26.5
834.007	26.5
834.215	26.6
834.423	26.6
834.632	26.7
834.84	26.7
835.048	26.7
835.256	26.8
835.465	26.8
835.673	26.8
835.881	26.9
836.09	26.9
836.298	26.9
836.506	27
836.715	27
836.923	27.1
837.131	27.1
837.34	27.1
837.548	27.2
837.756	27.2
837.965	27.3
838.173	27.3
838.381	27.3
838.59	27.4
838.798	27.4
839.006	27.5
839.215	27.5
839.423	27.5
839.632	27.6
839.84	27.6
840.048	27.6
840.257	27.7
840.465	27.7
840.674	27.8
840.882	27.8
841.091	27.9
841.299	27.9
841.508	27.9
841.716	28
841.924	28
842.133	28.1
842.341	28.1
842.55	28.1
842.758	28.2
842.967	28.2
843.175	28.3
843.384	28.3
843.593	28.4
843.801	28.4
844.01	28.4
844.218	28.5
844.427	28.5
844.635	28.6
844.844	28.6
845.052	28.7
845.261	28.7
845.47	28.8
845.678	28.8
845.887	28.9
846.095	28.9
846.304	29
846.513	29
846.721	29.1
846.93	29.1
847.139	29.2
847.347	29.2
847.556	29.3
847.765	29.3
847.973	29.4
848.182	29.4
848.391	29.5
848.6	29.5
848.808	29.6
849.017	29.6
849.226	29.7
849.435	29.7
849.643	29.8
849.852	29.8
850.061	29.9
850.27	29.9
850.478	30
850.687	30
850.896	30.1
851.105	30.2
851.314	30.2
851.523	30.3
851.731	30.3
851.94	30.4
852.149	30.4
852.358	30.5
852.567	30.5
852.776	30.6
852.985	30.6
853.194	30.7
853.403	30.7
853.612	30.8
853.821	30.8
854.03	30.9
854.239	30.9
854.447	31
854.656	31
854.865	31.1
855.075	31.1
855.284	31.2
855.493	31.3
855.702	31.3
855.911	31.3
856.12	31.4
856.329	31.4
856.538	31.5
856.747	31.5
856.956	31.6
857.165	31.7
857.374	31.7
857.584	31.8
857.793	31.8
858.002	31.9
858.211	31.9
858.42	32
858.629	32
858.839	32.1
859.048	32.2
859.257	32.2
859.466	32.3
859.676	32.3
859.885	32.4
860.094	32.5
860.304	32.5
860.513	32.6
860.722	32.6
860.932	32.7
861.141	32.7
861.35	32.8
861.56	32.9
861.769	32.9
861.978	33
862.188	33.1
862.397	33.1
862.607	33.2
862.816	33.3
863.026	33.4
863.235	33.4
863.445	33.5
863.654	33.5
863.864	33.6
864.073	33.6
864.283	33.7
864.492	33.8
864.702	33.8
864.911	33.9
865.121	34
865.33	34
865.54	34.1
865.75	34.2
865.959	34.2
866.169	34.3
866.379	34.3
866.588	34.4
866.798	34.4
867.008	34.5
867.218	34.6
867.427	34.6
867.637	34.7
867.847	34.7
868.057	34.8
868.266	34.8
868.476	34.9
868.686	35
868.896	35
869.106	35.1
869.316	35.2
869.525	35.3
869.735	35.3
869.945	35.4
870.155	35.4
870.365	35.5
870.575	35.5
870.785	35.6
870.995	35.6
871.205	35.7
871.415	35.7
871.625	35.8
871.835	35.8
872.045	35.9
872.255	36
872.465	36
872.675	36.1
872.886	36.2
873.096	36.3
873.306	36.4
873.516	36.4
873.726	36.5
873.936	36.5
874.147	36.6
874.357	36.7
874.567	36.7
874.777	36.8
874.988	36.9
875.198	36.9
875.408	37
875.619	37
875.829	37.1
876.039	37.2
876.25	37.2
876.46	37.3
876.67	37.3
876.881	37.4
877.091	37.5
877.302	37.5
877.512	37.6
877.723	37.6
877.933	37.7
878.144	37.7
878.354	37.8
878.565	37.8
878.775	37.9
878.986	37.9
879.197	38
879.407	38
879.618	38.1
879.829	38.1
880.039	38.1
880.25	38.2
880.461	38.2
880.671	38.3
880.882	38.3
881.093	38.4
881.304	38.4
881.515	38.5
881.725	38.6
881.936	38.6
882.147	38.6
882.358	38.7
882.569	38.8
882.78	38.8
882.991	38.9
883.202	39
883.413	39
883.624	39.1
883.835	39.2
884.046	39.2
884.257	39.3
884.468	39.3
884.679	39.4
884.89	39.5
885.101	39.5
885.312	39.6
885.523	39.7
885.735	39.7
885.946	39.8
886.157	39.8
886.368	39.9
886.579	40
886.791	40
887.002	40.1
887.213	40.2
887.425	40.3
887.636	40.4
887.847	40.5
888.059	40.5
888.27	40.6
888.481	40.7
888.693	40.8
888.904	40.9
889.116	40.9
889.327	41
889.539	41
889.75	41.1
889.962	41.2
890.174	41.2
890.385	41.3
890.597	41.4
890.808	41.4
891.02	41.5
891.232	41.6
891.444	41.6
891.655	41.7
891.867	41.7
892.079	41.8
892.291	41.8
892.502	41.9
892.714	42
892.926	42
893.138	42.1
893.35	42.2
893.562	42.2
893.774	42.3
893.986	42.3
894.198	42.4
894.41	42.5
894.622	42.5
894.834	42.6
895.046	42.6
895.258	42.7
895.47	42.7
895.682	42.8
895.894	42.9
896.106	42.9
896.319	43
896.531	43
896.743	43.1
896.955	43.1
897.168	43.2
897.38	43.2
897.592	43.3
897.805	43.4
898.017	43.5
898.229	43.5
898.442	43.6
898.654	43.7
898.867	43.7
899.079	43.7
899.292	43.8
899.504	43.8
899.717	43.9
899.929	43.9
900.142	44
900.355	44
900.567	44.1
900.78	44.2
900.993	44.2
901.205	44.3
901.418	44.4
901.631	44.4
901.844	44.5
902.056	44.5
902.269	44.6
902.482	44.6
902.695	44.6
902.908	44.7
903.121	44.7
903.334	44.8
903.547	44.9
903.76	44.9
903.973	45
904.186	45
904.399	45.1
904.612	45.1
904.825	45.2
905.038	45.2
905.251	45.3
905.465	45.4
905.678	45.4
905.891	45.5
906.104	45.5
906.318	45.6
906.531	45.6
906.744	45.6
906.958	45.7
907.171	45.7
907.384	45.8
907.598	45.8
907.811	45.9
908.025	45.9
908.238	46
908.452	46
908.665	46.1
908.879	46.1
909.093	46.1
909.306	46.1
909.52	46.2
909.734	46.2
909.947	46.3
910.161	46.3
910.375	46.4
910.589	46.4
910.803	46.4
911.016	46.5
911.23	46.5
911.444	46.6
911.658	46.6
911.872	46.7
912.086	46.7
912.3	46.8
912.514	46.8
912.728	46.8
912.942	46.9
913.156	46.9
913.37	46.9
913.585	47
913.799	47
914.013	47
914.227	47.1
914.442	47.1
914.656	47.2
914.87	47.2
915.084	47.2
915.299	47.3
915.513	47.3
915.728	47.3
915.942	47.4
916.157	47.5
916.371	47.5
916.586	47.6
916.8	47.6
917.015	47.7
917.229	47.7
917.444	47.7
917.659	47.7
917.874	47.8
918.088	47.8
918.303	47.9
918.518	47.9
918.733	47.9
918.947	48
919.162	48
919.377	48.1
919.592	48.1
919.807	48.1
920.022	48.2
920.237	48.2
920.452	48.3
920.667	48.3
920.882	48.4
921.097	48.4
921.313	48.5
921.528	48.5
921.743	48.6
921.958	48.7
922.174	48.7
922.389	48.8
922.604	48.8
922.82	48.9
923.035	48.9
923.25	48.9
923.466	49
923.681	49
923.897	49.1
924.112	49.1
924.328	49.1
924.544	49.2
924.759	49.2
924.975	49.2
925.19	49.3
925.406	49.3
925.622	49.4
925.838	49.5
926.054	49.5
926.269	49.6
926.485	49.7
926.701	49.7
926.917	49.7
927.133	49.7
927.349	49.8
927.565	49.9
927.781	50
927.997	50
928.213	50
928.429	50.1
928.646	50.2
928.862	50.2
929.078	50.3
929.294	50.4
929.511	50.4
929.727	50.4
929.943	50.5
930.16	50.6
930.376	50.6
930.592	50.6
930.809	50.7
931.025	50.7
931.242	50.8
931.459	50.8
931.675	50.9
931.892	51
932.108	51
932.325	51
932.542	51.2
932.759	51.3
932.975	51.3
933.192	51.4
933.409	51.4
933.626	51.5
933.843	51.5
934.06	51.6
934.277	51.6
934.494	51.6
934.711	51.7
934.928	51.7
935.145	51.7
935.362	51.7
935.58	51.7
935.797	51.8
936.014	51.8
936.231	51.7
936.449	51.7
936.666	51.7
936.883	51.7
937.101	51.7
937.318	51.8
937.536	51.7
937.753	51.7
937.971	51.7
938.188	51.6
938.406	51.7
938.624	51.7
938.841	51.7
939.059	51.8
939.277	51.8
939.494	51.8
939.712	51.8
939.93	51.8
