360.161	9.9
360.333	9.9
360.504	9.8
360.676	9.7
360.847	9.7
361.019	9.7
361.19	9.7
361.361	9.7
361.533	9.7
361.704	9.6
361.876	9.5
362.047	9.5
362.219	9.5
362.391	9.5
362.562	9.4
362.734	9.4
362.905	9.3
363.077	9.3
363.248	9.2
363.42	9.1
363.592	9.1
363.763	9.1
363.935	9.1
364.106	9.1
364.278	9.1
364.45	9
364.621	9
364.793	8.9
364.965	8.9
365.137	8.9
365.308	8.8
365.48	8.7
365.652	8.7
365.824	8.7
365.995	8.7
366.167	8.6
366.339	8.5
366.511	8.5
366.683	8.5
366.854	8.4
367.026	8.4
367.198	8.3
367.37	8.3
367.542	8.3
367.714	8.3
367.886	8.3
368.058	8.2
368.23	8.2
368.402	8.2
368.574	8.1
368.746	8.2
368.918	8.1
369.09	8.1
369.262	8
369.434	8
369.606	7.9
369.778	7.9
369.95	7.9
370.122	7.8
370.294	7.8
370.467	7.8
370.639	7.7
370.811	7.7
370.983	7.7
371.155	7.7
371.328	7.7
371.5	7.6
371.672	7.6
371.844	7.6
372.017	7.6
372.189	7.6
372.361	7.6
372.534	7.5
372.706	7.4
372.878	7.4
373.051	7.4
373.223	7.4
373.396	7.3
373.568	7.2
373.741	7.2
373.913	7.2
374.086	7.2
374.258	7.2
374.431	7.2
374.603	7.2
374.776	7.1
374.949	7.1
375.121	7.1
375.294	7
375.467	6.9
375.639	6.9
375.812	6.9
375.985	6.9
376.157	6.9
376.33	6.9
376.503	6.8
376.676	6.8
376.849	6.8
377.021	6.8
377.194	6.8
377.367	6.8
377.54	6.8
377.713	6.7
377.886	6.7
378.059	6.7
378.232	6.6
378.405	6.6
378.578	6.6
378.751	6.6
378.924	6.6
379.097	6.6
379.27	6.5
379.444	6.5
379.617	6.6
379.79	6.6
379.963	6.5
380.136	6.5
380.31	6.5
380.483	6.5
380.656	6.5
380.829	6.5
381.003	6.5
381.176	6.5
381.35	6.4
381.523	6.4
381.696	6.3
381.87	6.3
382.043	6.3
382.217	6.3
382.39	6.3
382.564	6.3
382.738	6.3
382.911	6.2
383.085	6.2
383.258	6.2
383.432	6.2
383.606	6.2
383.779	6.2
383.953	6.2
384.127	6.2
384.301	6.1
384.475	6.1
384.648	6.1
384.822	6.1
384.996	6.1
385.17	6.1
385.344	6.1
385.518	6.1
385.692	6.1
385.866	6
386.04	6
386.214	6
386.388	6
386.562	6
386.737	6
386.911	5.9
387.085	5.9
387.259	5.9
387.434	6
387.608	6
387.782	6
387.956	6
388.131	6
388.305	6
388.48	6
388.654	6
388.829	5.9
389.003	5.9
389.178	5.9
389.352	5.9
389.527	5.9
389.701	6
389.876	6
390.051	5.9
390.226	5.9
390.4	5.9
390.575	6
390.75	6
390.925	6
391.099	6
391.274	6
391.449	6
391.624	6
391.799	6
391.974	6
392.149	6
392.324	5.9
392.499	5.9
392.675	5.9
392.85	5.9
393.025	5.9
393.2	5.9
393.375	5.9
393.551	5.9
393.726	5.9
393.901	5.9
394.077	5.9
394.252	5.9
394.427	5.9
394.603	5.9
394.778	5.9
394.954	5.9
395.129	5.9
395.305	5.9
395.481	5.9
395.656	5.9
395.832	5.9
396.008	5.9
396.184	5.9
396.359	5.9
396.535	5.9
396.711	5.9
396.887	5.9
397.063	5.9
397.239	5.9
397.415	5.9
397.591	5.9
397.767	5.9
397.943	5.9
398.119	5.9
398.295	5.9
398.471	5.9
398.648	5.9
398.824	5.9
399	5.9
399.176	5.9
399.353	5.9
399.529	5.9
399.706	5.9
399.882	5.9
400.058	5.9
400.235	5.9
400.412	5.9
400.588	5.9
400.765	5.9
400.942	5.9
401.118	5.9
401.295	5.9
401.472	5.9
401.649	5.9
401.825	5.9
402.002	5.9
402.179	5.9
402.356	5.9
402.533	5.9
402.71	5.9
402.887	5.9
403.064	5.9
403.242	5.9
403.419	5.9
403.596	5.9
403.773	5.9
403.95	5.9
404.128	5.9
404.305	5.9
404.483	5.9
404.66	5.9
404.837	5.9
405.015	5.9
405.193	5.9
405.37	5.9
405.548	5.9
405.725	5.9
405.903	5.9
406.081	5.9
406.259	5.9
406.437	5.9
406.614	5.9
406.792	5.9
406.97	5.9
407.148	5.9
407.326	5.9
407.504	5.9
407.682	5.9
407.86	5.9
408.039	5.9
408.217	5.9
408.395	5.9
408.573	5.9
408.751	5.9
408.93	5.9
409.108	5.9
409.287	5.9
409.465	5.9
409.643	5.9
409.822	5.9
410	5.9
410.179	5.9
410.358	5.9
410.536	5.9
410.715	5.9
410.894	5.9
411.072	5.9
411.251	5.9
411.43	5.9
411.609	5.9
411.788	5.8
411.967	5.8
412.146	5.8
412.325	5.8
412.504	5.9
412.683	5.9
412.862	5.9
413.041	5.9
413.22	5.9
413.399	5.9
413.578	5.8
413.758	5.8
413.937	5.8
414.116	5.8
414.296	5.8
414.475	5.9
414.654	5.9
414.834	5.9
415.013	5.9
415.193	5.9
415.372	5.9
415.552	5.9
415.732	5.9
415.911	5.9
416.091	5.9
416.271	5.8
416.45	5.8
416.63	5.8
416.81	5.9
416.99	5.9
417.169	5.9
417.349	5.9
417.529	5.9
417.709	5.9
417.889	5.9
418.069	5.9
418.249	5.9
418.429	5.9
418.609	5.9
418.789	5.9
418.97	5.9
419.15	5.9
419.33	5.9
419.51	5.9
419.691	5.9
419.871	5.9
420.051	5.9
420.232	5.9
420.412	5.9
420.592	5.9
420.773	5.9
420.953	5.9
421.134	5.9
421.314	5.9
421.495	5.9
421.675	5.9
421.856	5.9
422.037	5.9
422.217	5.9
422.398	5.9
422.579	5.9
422.76	5.9
422.94	5.9
423.121	5.9
423.302	5.9
423.483	5.9
423.664	5.9
423.845	5.9
424.026	5.9
424.207	5.9
424.388	5.9
424.569	5.9
424.75	5.9
424.931	5.9
425.112	5.9
425.293	5.9
425.474	5.9
425.655	5.9
425.837	5.9
426.018	5.9
426.199	5.9
426.38	5.9
426.562	5.9
426.743	5.9
426.924	5.9
427.106	5.9
427.287	5.9
427.469	5.9
427.65	5.9
427.832	5.9
428.013	5.8
428.195	5.8
428.376	5.8
428.558	5.8
428.739	5.8
428.921	5.8
429.103	5.8
429.284	5.8
429.466	5.8
429.648	5.8
429.83	5.8
430.011	5.8
430.193	5.8
430.375	5.8
430.557	5.8
430.739	5.8
430.921	5.8
431.102	5.8
431.284	5.8
431.466	5.8
431.648	5.8
431.83	5.8
432.012	5.8
432.194	5.8
432.377	5.8
432.559	5.8
432.741	5.8
432.923	5.7
433.105	5.7
433.287	5.7
433.469	5.7
433.652	5.7
433.834	5.7
434.016	5.7
434.198	5.7
434.381	5.7
434.563	5.7
434.745	5.7
434.928	5.7
435.11	5.7
435.293	5.7
435.475	5.7
435.658	5.7
435.84	5.7
436.022	5.7
436.205	5.7
436.388	5.7
436.57	5.7
436.753	5.7
436.935	5.7
437.118	5.7
437.301	5.7
437.483	5.7
437.666	5.6
437.849	5.6
438.031	5.6
438.214	5.6
438.397	5.6
438.58	5.6
438.762	5.6
438.945	5.6
439.128	5.6
439.311	5.6
439.494	5.6
439.677	5.6
439.859	5.6
440.042	5.6
440.225	5.6
440.408	5.6
440.591	5.6
440.774	5.6
440.957	5.6
441.14	5.6
441.323	5.6
441.507	5.6
441.69	5.6
441.873	5.6
442.056	5.6
442.239	5.6
442.422	5.6
442.605	5.6
442.789	5.6
442.972	5.6
443.155	5.6
443.338	5.6
443.522	5.6
443.705	5.6
443.888	5.6
444.072	5.6
444.255	5.6
444.438	5.6
444.622	5.6
444.805	5.6
444.989	5.6
445.172	5.6
445.356	5.6
445.539	5.6
445.723	5.6
445.906	5.6
446.09	5.6
446.273	5.6
446.457	5.6
446.64	5.6
446.824	5.6
447.008	5.6
447.191	5.6
447.375	5.6
447.559	5.6
447.742	5.6
447.926	5.6
448.11	5.6
448.293	5.6
448.477	5.6
448.661	5.6
448.845	5.6
449.029	5.6
449.212	5.6
449.396	5.6
449.58	5.6
449.764	5.6
449.948	5.6
450.132	5.6
450.316	5.6
450.5	5.6
450.684	5.6
450.868	5.6
451.052	5.6
451.236	5.6
451.42	5.6
451.604	5.6
451.788	5.6
451.972	5.6
452.156	5.5
452.34	5.5
452.525	5.5
452.709	5.5
452.893	5.5
453.077	5.5
453.261	5.5
453.446	5.5
453.63	5.5
453.814	5.5
453.998	5.5
454.183	5.5
454.367	5.5
454.551	5.5
454.736	5.5
454.92	5.5
455.104	5.5
455.289	5.5
455.473	5.5
455.658	5.5
455.842	5.5
456.026	5.5
456.211	5.5
456.395	5.5
456.58	5.5
456.764	5.5
456.949	5.5
457.134	5.5
457.318	5.5
457.503	5.5
457.687	5.5
457.872	5.5
458.057	5.4
458.241	5.4
458.426	5.4
458.611	5.4
458.795	5.4
458.98	5.4
459.165	5.4
459.349	5.4
459.534	5.4
459.719	5.4
459.904	5.4
460.088	5.4
460.273	5.4
460.458	5.4
460.643	5.4
460.828	5.4
461.013	5.4
461.198	5.4
461.382	5.4
461.567	5.4
461.752	5.4
461.937	5.4
462.122	5.4
462.307	5.4
462.492	5.4
462.677	5.4
462.862	5.4
463.047	5.4
463.232	5.4
463.417	5.4
463.602	5.4
463.788	5.4
463.973	5.4
464.158	5.4
464.343	5.4
464.528	5.4
464.713	5.4
464.898	5.4
465.084	5.4
465.269	5.4
465.454	5.4
465.639	5.4
465.824	5.4
466.01	5.4
466.195	5.4
466.38	5.4
466.566	5.4
466.751	5.4
466.936	5.4
467.122	5.4
467.307	5.4
467.492	5.4
467.678	5.4
467.863	5.4
468.048	5.4
468.234	5.4
468.419	5.4
468.605	5.4
468.79	5.3
468.976	5.3
469.161	5.3
469.347	5.3
469.532	5.3
469.718	5.3
469.903	5.3
470.089	5.3
470.274	5.3
470.46	5.3
470.646	5.3
470.831	5.3
471.017	5.3
471.202	5.3
471.388	5.3
471.574	5.3
471.759	5.3
471.945	5.3
472.131	5.3
472.317	5.3
472.502	5.3
472.688	5.3
472.874	5.3
473.059	5.3
473.245	5.3
473.431	5.3
473.617	5.3
473.803	5.3
473.988	5.3
474.174	5.3
474.36	5.3
474.546	5.3
474.732	5.3
474.918	5.3
475.104	5.3
475.29	5.3
475.475	5.3
475.661	5.3
475.847	5.3
476.033	5.3
476.219	5.3
476.405	5.3
476.591	5.3
476.777	5.3
476.963	5.3
477.149	5.3
477.335	5.3
477.521	5.3
477.707	5.3
477.893	5.3
478.08	5.3
478.266	5.3
478.452	5.3
478.638	5.3
478.824	5.3
479.01	5.3
479.196	5.3
479.382	5.3
479.569	5.3
479.755	5.3
479.941	5.3
480.127	5.3
480.313	5.3
480.5	5.3
480.686	5.4
480.872	5.4
481.058	5.4
481.245	5.4
481.431	5.4
481.617	5.4
481.803	5.4
481.99	5.4
482.176	5.4
482.362	5.4
482.549	5.4
482.735	5.4
482.921	5.4
483.108	5.4
483.294	5.4
483.481	5.4
483.667	5.4
483.853	5.4
484.04	5.4
484.226	5.4
484.413	5.4
484.599	5.4
484.786	5.4
484.972	5.4
485.159	5.4
485.345	5.4
485.532	5.4
485.718	5.4
485.905	5.4
486.091	5.4
486.278	5.4
486.464	5.4
486.651	5.4
486.837	5.4
487.024	5.4
487.211	5.4
487.397	5.4
487.584	5.4
487.77	5.4
487.957	5.4
488.144	5.4
488.33	5.4
488.517	5.4
488.704	5.4
488.89	5.4
489.077	5.4
489.264	5.4
489.45	5.4
489.637	5.4
489.824	5.4
490.01	5.4
490.197	5.4
490.384	5.4
490.571	5.4
490.757	5.4
490.944	5.4
491.131	5.4
491.318	5.4
491.505	5.4
491.691	5.4
491.878	5.4
492.065	5.4
492.252	5.4
492.439	5.4
492.626	5.4
492.812	5.4
492.999	5.4
493.186	5.4
493.373	5.4
493.56	5.4
493.747	5.4
493.934	5.4
494.121	5.4
494.308	5.4
494.494	5.4
494.681	5.4
494.868	5.4
495.055	5.4
495.242	5.4
495.429	5.4
495.616	5.4
495.803	5.4
495.99	5.4
496.177	5.4
496.364	5.4
496.551	5.4
496.738	5.3
496.925	5.3
497.112	5.3
497.299	5.3
497.486	5.3
497.673	5.3
497.861	5.3
498.048	5.3
498.235	5.3
498.422	5.3
498.609	5.3
498.796	5.3
498.983	5.3
499.17	5.3
499.357	5.3
499.544	5.3
499.732	5.3
499.919	5.3
500.106	5.3
500.293	5.3
500.48	5.3
500.667	5.3
500.855	5.3
501.042	5.3
501.229	5.3
501.416	5.3
501.603	5.3
501.791	5.3
501.978	5.3
502.165	5.3
502.352	5.3
502.54	5.3
502.727	5.2
502.914	5.2
503.101	5.2
503.289	5.2
503.476	5.2
503.663	5.2
503.85	5.2
504.038	5.2
504.225	5.2
504.412	5.2
504.6	5.2
504.787	5.2
504.974	5.2
505.161	5.2
505.349	5.2
505.536	5.2
505.723	5.2
505.911	5.2
506.098	5.2
506.286	5.2
506.473	5.2
506.66	5.2
506.848	5.2
507.035	5.2
507.222	5.2
507.41	5.1
507.597	5.1
507.785	5.1
507.972	5.1
508.159	5.1
508.347	5.1
508.534	5.1
508.722	5.1
508.909	5.1
509.097	5.1
509.284	5.1
509.471	5.1
509.659	5.1
509.846	5.1
510.034	5.1
510.221	5.1
510.409	5.1
510.596	5.1
510.784	5.1
510.971	5.1
511.159	5.1
511.346	5.1
511.534	5.1
511.721	5.1
511.909	5
512.096	5
512.284	5
512.471	5
512.659	5
512.846	5
513.034	5
513.221	5
513.409	5
513.596	5
513.784	5
513.972	5
514.159	5
514.347	5
514.534	5
514.722	5
514.909	5
515.097	5
515.285	5
515.472	5
515.66	5
515.847	4.9
516.035	4.9
516.222	4.9
516.41	4.9
516.598	4.9
516.785	4.9
516.973	4.9
517.161	4.9
517.348	4.9
517.536	4.9
517.723	4.9
517.911	4.9
518.099	4.9
518.286	4.9
518.474	4.9
518.662	4.9
518.849	4.9
519.037	4.9
519.225	4.9
519.412	4.9
519.6	4.9
519.787	4.9
519.975	4.9
520.163	4.9
520.35	4.9
520.538	4.9
520.726	4.8
520.914	4.8
521.101	4.8
521.289	4.8
521.477	4.8
521.664	4.8
521.852	4.8
522.04	4.8
522.227	4.8
522.415	4.8
522.603	4.8
522.79	4.8
522.978	4.8
523.166	4.8
523.354	4.8
523.541	4.8
523.729	4.8
523.917	4.8
524.104	4.8
524.292	4.8
524.48	4.8
524.668	4.8
524.855	4.7
525.043	4.7
525.231	4.7
525.418	4.7
525.606	4.7
525.794	4.7
525.982	4.7
526.169	4.7
526.357	4.7
526.545	4.7
526.733	4.7
526.92	4.7
527.108	4.7
527.296	4.7
527.484	4.7
527.671	4.7
527.859	4.7
528.047	4.7
528.235	4.7
528.422	4.7
528.61	4.7
528.798	4.6
528.986	4.6
529.173	4.6
529.361	4.6
529.549	4.6
529.737	4.6
529.924	4.6
530.112	4.6
530.3	4.6
530.488	4.6
530.675	4.6
530.863	4.6
531.051	4.6
531.239	4.6
531.426	4.6
531.614	4.6
531.802	4.6
531.99	4.6
532.177	4.7
532.365	4.7
532.553	4.7
532.741	4.7
532.928	4.7
533.116	4.7
533.304	4.7
533.492	4.7
533.679	4.7
533.867	4.7
534.055	4.7
534.243	4.7
534.431	4.7
534.618	4.7
534.806	4.7
534.994	4.7
535.182	4.7
535.369	4.7
535.557	4.7
535.745	4.8
535.933	4.8
536.12	4.8
536.308	4.8
536.496	4.8
536.684	4.8
536.871	4.8
537.059	4.8
537.247	4.8
537.435	4.8
537.622	4.8
537.81	4.8
537.998	4.8
538.186	4.8
538.373	4.8
538.561	4.8
538.749	4.8
538.937	4.8
539.124	4.8
539.312	4.8
539.5	4.8
539.688	4.8
539.875	4.8
540.063	4.8
540.251	4.8
540.439	4.8
540.626	4.8
540.814	4.8
541.002	4.8
541.19	4.8
541.377	4.8
541.565	4.8
541.753	4.8
541.941	4.8
542.128	4.8
542.316	4.8
542.504	4.8
542.691	4.8
542.879	4.8
543.067	4.8
543.255	4.8
543.442	4.8
543.63	4.8
543.818	4.8
544.005	4.8
544.193	4.8
544.381	4.8
544.568	4.8
544.756	4.8
544.944	4.8
545.132	4.8
545.319	4.8
545.507	4.8
545.695	4.8
545.882	4.8
546.07	4.8
546.258	4.8
546.445	4.8
546.633	4.7
546.821	4.7
547.008	4.7
547.196	4.7
547.384	4.7
547.571	4.7
547.759	4.7
547.947	4.7
548.134	4.7
548.322	4.7
548.51	4.7
548.697	4.7
548.885	4.7
549.073	4.7
549.26	4.7
549.448	4.7
549.636	4.7
549.823	4.7
550.011	4.7
550.199	4.7
550.386	4.7
550.574	4.7
550.762	4.7
550.949	4.7
551.137	4.7
551.325	4.7
551.512	4.7
551.7	4.7
551.888	4.7
552.075	4.7
552.263	4.7
552.451	4.7
552.639	4.7
552.826	4.7
553.014	4.7
553.202	4.7
553.389	4.7
553.577	4.7
553.765	4.7
553.953	4.7
554.14	4.7
554.328	4.7
554.516	4.7
554.704	4.7
554.891	4.7
555.079	4.7
555.267	4.7
555.455	4.7
555.643	4.7
555.83	4.7
556.018	4.7
556.206	4.7
556.394	4.7
556.582	4.7
556.77	4.7
556.957	4.7
557.145	4.7
557.333	4.7
557.521	4.7
557.709	4.7
557.897	4.7
558.085	4.7
558.273	4.7
558.461	4.7
558.649	4.7
558.837	4.7
559.025	4.7
559.213	4.7
559.4	4.7
559.588	4.7
559.777	4.7
559.965	4.7
560.153	4.7
560.341	4.7
560.529	4.7
560.717	4.7
560.905	4.7
561.093	4.7
561.281	4.7
561.469	4.7
561.657	4.7
561.845	4.7
562.034	4.7
562.222	4.7
562.41	4.7
562.598	4.7
562.786	4.7
562.975	4.7
563.163	4.7
563.351	4.7
563.539	4.7
563.728	4.7
563.916	4.7
564.104	4.7
564.293	4.6
564.481	4.6
564.67	4.6
564.858	4.6
565.046	4.6
565.235	4.6
565.423	4.6
565.612	4.6
565.8	4.6
565.989	4.6
566.177	4.6
566.366	4.6
566.554	4.6
566.743	4.6
566.932	4.6
567.12	4.6
567.309	4.6
567.497	4.6
567.686	4.6
567.875	4.6
568.064	4.6
568.252	4.6
568.441	4.6
568.63	4.6
568.819	4.6
569.007	4.6
569.196	4.6
569.385	4.6
569.574	4.6
569.763	4.6
569.952	4.6
570.141	4.6
570.33	4.6
570.519	4.6
570.708	4.6
570.897	4.6
571.086	4.6
571.275	4.6
571.464	4.6
571.653	4.6
571.843	4.6
572.032	4.6
572.221	4.6
572.41	4.6
572.599	4.6
572.789	4.6
572.978	4.6
573.167	4.6
573.357	4.6
573.546	4.6
573.736	4.6
573.925	4.6
574.115	4.6
574.304	4.6
574.494	4.5
574.683	4.5
574.873	4.5
575.062	4.5
575.252	4.5
575.442	4.5
575.631	4.5
575.821	4.5
576.011	4.5
576.201	4.5
576.39	4.5
576.58	4.5
576.77	4.5
576.96	4.5
577.15	4.5
577.34	4.5
577.53	4.5
577.72	4.5
577.91	4.5
578.1	4.5
578.29	4.5
578.48	4.5
578.67	4.5
578.861	4.5
579.051	4.5
579.241	4.5
579.431	4.5
579.622	4.5
579.812	4.5
580.002	4.5
580.193	4.5
580.383	4.5
580.574	4.5
580.764	4.5
580.955	4.5
581.145	4.5
581.336	4.5
581.526	4.5
581.717	4.5
581.908	4.5
582.098	4.5
582.289	4.5
582.48	4.5
582.671	4.5
582.862	4.5
583.052	4.5
583.243	4.5
583.434	4.5
583.625	4.5
583.816	4.5
584.007	4.5
584.198	4.5
584.389	4.5
584.58	4.5
584.771	4.5
584.962	4.4
585.154	4.4
585.345	4.4
585.536	4.4
585.727	4.4
585.918	4.4
586.11	4.4
586.301	4.4
586.492	4.4
586.684	4.4
586.875	4.4
587.067	4.4
587.258	4.4
587.45	4.4
587.641	4.4
587.833	4.4
588.024	4.4
588.216	4.4
588.408	4.4
588.599	4.4
588.791	4.4
588.983	4.4
589.174	4.4
589.366	4.4
589.558	4.4
589.75	4.4
589.942	4.4
590.134	4.4
590.326	4.4
590.518	4.4
590.71	4.4
590.902	4.4
591.094	4.4
591.286	4.4
591.478	4.4
591.67	4.4
591.862	4.4
592.054	4.4
592.246	4.4
592.439	4.4
592.631	4.4
592.823	4.4
593.016	4.4
593.208	4.4
593.4	4.4
593.593	4.4
593.785	4.4
593.978	4.4
594.17	4.4
594.363	4.4
594.555	4.4
594.748	4.4
594.94	4.4
595.133	4.4
595.326	4.4
595.518	4.4
595.711	4.4
595.904	4.4
596.096	4.4
596.289	4.4
596.482	4.4
596.675	4.4
596.868	4.4
597.061	4.4
597.254	4.4
597.447	4.4
597.64	4.4
597.833	4.4
598.026	4.4
598.219	4.4
598.412	4.4
598.605	4.4
598.798	4.4
598.991	4.4
599.184	4.4
599.378	4.4
599.571	4.4
599.764	4.3
599.957	4.3
600.151	4.3
600.344	4.3
600.538	4.3
600.731	4.3
600.924	4.3
601.118	4.3
601.311	4.3
601.505	4.3
601.698	4.3
601.892	4.3
602.086	4.3
602.279	4.3
602.473	4.3
602.667	4.3
602.86	4.3
603.054	4.3
603.248	4.3
603.442	4.3
603.635	4.3
603.829	4.3
604.023	4.3
604.217	4.3
604.411	4.3
604.605	4.3
604.799	4.3
604.993	4.3
605.187	4.3
605.381	4.3
605.575	4.3
605.769	4.3
605.963	4.3
606.157	4.3
606.352	4.3
606.546	4.3
606.74	4.3
606.934	4.3
607.129	4.3
607.323	4.3
607.517	4.3
607.712	4.3
607.906	4.3
608.1	4.3
608.295	4.3
608.489	4.3
608.684	4.3
608.878	4.3
609.073	4.3
609.267	4.3
609.462	4.3
609.657	4.3
609.851	4.3
610.046	4.3
610.241	4.3
610.435	4.3
610.63	4.3
610.825	4.3
611.02	4.3
611.215	4.3
611.41	4.3
611.604	4.3
611.799	4.3
611.994	4.3
612.189	4.3
612.384	4.3
612.579	4.3
612.774	4.3
612.969	4.3
613.164	4.3
613.359	4.3
613.555	4.3
613.75	4.3
613.945	4.3
614.14	4.3
614.335	4.3
614.531	4.3
614.726	4.3
614.921	4.3
615.117	4.3
615.312	4.3
615.507	4.3
615.703	4.3
615.898	4.3
616.094	4.3
616.289	4.3
616.485	4.3
616.68	4.3
616.876	4.3
617.071	4.3
617.267	4.3
617.463	4.3
617.658	4.3
617.854	4.3
618.05	4.3
618.245	4.3
618.441	4.3
618.637	4.2
618.833	4.2
619.029	4.2
619.225	4.2
619.42	4.2
619.616	4.2
619.812	4.2
620.008	4.2
620.204	4.2
620.4	4.2
620.596	4.2
620.792	4.2
620.988	4.2
621.184	4.2
621.381	4.2
621.577	4.2
621.773	4.2
621.969	4.2
622.165	4.2
622.362	4.2
622.558	4.2
622.754	4.2
622.951	4.2
623.147	4.2
623.343	4.2
623.54	4.2
623.736	4.2
623.933	4.2
624.129	4.2
624.326	4.2
624.522	4.2
624.719	4.2
624.915	4.2
625.112	4.2
625.308	4.2
625.505	4.2
625.702	4.2
625.898	4.2
626.095	4.2
626.292	4.2
626.489	4.2
626.685	4.2
626.882	4.2
627.079	4.2
627.276	4.2
627.473	4.2
627.67	4.2
627.866	4.2
628.063	4.2
628.26	4.2
628.457	4.2
628.654	4.2
628.851	4.2
629.048	4.2
629.246	4.2
629.443	4.2
629.64	4.2
629.837	4.2
630.034	4.2
630.231	4.2
630.429	4.2
630.626	4.2
630.823	4.2
631.02	4.2
631.218	4.2
631.415	4.2
631.612	4.2
631.81	4.2
632.007	4.2
632.205	4.2
632.402	4.2
632.6	4.2
632.797	4.2
632.995	4.2
633.192	4.2
633.39	4.2
633.587	4.2
633.785	4.2
633.983	4.2
634.18	4.2
634.378	4.2
634.576	4.2
634.773	4.2
634.971	4.2
635.169	4.2
635.367	4.2
635.565	4.2
635.762	4.2
635.96	4.2
636.158	4.2
636.356	4.2
636.554	4.2
636.752	4.2
636.95	4.2
637.148	4.2
637.346	4.2
637.544	4.2
637.742	4.2
637.94	4.2
638.138	4.2
638.337	4.2
638.535	4.2
638.733	4.2
638.931	4.2
639.129	4.2
639.328	4.2
639.526	4.2
639.724	4.2
639.922	4.2
640.121	4.2
640.319	4.2
640.518	4.2
640.716	4.2
640.914	4.2
641.113	4.2
641.311	4.2
641.51	4.2
641.708	4.2
641.907	4.2
642.105	4.2
642.304	4.2
642.503	4.2
642.701	4.2
642.9	4.2
643.098	4.2
643.297	4.2
643.496	4.2
643.695	4.2
643.893	4.2
644.092	4.2
644.291	4.2
644.49	4.2
644.689	4.2
644.887	4.2
645.086	4.2
645.285	4.2
645.484	4.2
645.683	4.2
645.882	4.2
646.081	4.2
646.28	4.2
646.479	4.2
646.678	4.2
646.877	4.2
647.076	4.2
647.276	4.2
647.475	4.2
647.674	4.2
647.873	4.2
648.072	4.2
648.271	4.2
648.471	4.2
648.67	4.2
648.869	4.2
649.069	4.2
649.268	4.2
649.467	4.2
649.667	4.2
649.866	4.2
650.065	4.2
650.265	4.2
650.464	4.2
650.664	4.2
650.863	4.2
651.063	4.2
651.262	4.2
651.462	4.2
651.662	4.2
651.861	4.2
652.061	4.2
652.26	4.2
652.46	4.2
652.66	4.2
652.859	4.2
653.059	4.2
653.259	4.2
653.459	4.2
653.658	4.2
653.858	4.2
654.058	4.2
654.258	4.2
654.458	4.2
654.658	4.2
654.858	4.2
655.058	4.2
655.258	4.2
655.457	4.2
655.657	4.2
655.857	4.2
656.058	4.2
656.258	4.2
656.458	4.2
656.658	4.2
656.858	4.2
657.058	4.2
657.258	4.2
657.458	4.2
657.659	4.2
657.859	4.2
658.059	4.2
658.259	4.2
658.459	4.2
658.66	4.2
658.86	4.2
659.06	4.2
659.261	4.2
659.461	4.2
659.662	4.2
659.862	4.2
660.062	4.2
660.263	4.2
660.463	4.2
660.664	4.2
660.864	4.2
661.065	4.2
661.265	4.2
661.466	4.2
661.667	4.2
661.867	4.2
662.068	4.2
662.268	4.2
662.469	4.2
662.67	4.2
662.87	4.2
663.071	4.2
663.272	4.2
663.473	4.2
663.674	4.2
663.874	4.2
664.075	4.2
664.276	4.2
664.477	4.2
664.678	4.2
664.879	4.2
665.08	4.2
665.28	4.2
665.481	4.2
665.682	4.2
665.883	4.2
666.084	4.2
666.285	4.2
666.486	4.2
666.688	4.2
666.889	4.3
667.09	4.3
667.291	4.3
667.492	4.3
667.693	4.3
667.894	4.3
668.096	4.3
668.297	4.3
668.498	4.3
668.699	4.3
668.901	4.3
669.102	4.3
669.303	4.3
669.505	4.3
669.706	4.3
669.907	4.3
670.109	4.3
670.31	4.3
670.511	4.3
670.713	4.3
670.914	4.3
671.116	4.3
671.317	4.3
671.519	4.3
671.72	4.3
671.922	4.3
672.124	4.3
672.325	4.3
672.527	4.3
672.728	4.3
672.93	4.3
673.132	4.3
673.333	4.3
673.535	4.3
673.737	4.3
673.939	4.3
674.14	4.3
674.342	4.3
674.544	4.3
674.746	4.3
674.948	4.3
675.149	4.3
675.351	4.3
675.553	4.3
675.755	4.3
675.957	4.3
676.159	4.3
676.361	4.3
676.563	4.3
676.765	4.3
676.967	4.3
677.169	4.3
677.371	4.3
677.573	4.3
677.775	4.3
677.977	4.3
678.179	4.3
678.381	4.3
678.583	4.3
678.786	4.3
678.988	4.3
679.19	4.3
679.392	4.3
679.594	4.3
679.797	4.3
679.999	4.3
680.201	4.3
680.404	4.3
680.606	4.3
680.808	4.3
681.011	4.3
681.213	4.3
681.415	4.3
681.618	4.3
681.82	4.4
682.023	4.4
682.225	4.4
682.428	4.4
682.63	4.4
682.833	4.4
683.035	4.4
683.238	4.4
683.44	4.4
683.643	4.4
683.845	4.4
684.048	4.4
684.251	4.4
684.453	4.4
684.656	4.4
684.859	4.4
685.061	4.4
685.264	4.4
685.467	4.4
685.67	4.4
685.872	4.4
686.075	4.4
686.278	4.4
686.481	4.4
686.684	4.4
686.886	4.5
687.089	4.5
687.292	4.5
687.495	4.5
687.698	4.5
687.901	4.5
688.104	4.5
688.307	4.5
688.51	4.5
688.713	4.5
688.916	4.5
689.119	4.5
689.322	4.5
689.525	4.5
689.728	4.5
689.931	4.5
690.134	4.5
690.337	4.5
690.54	4.5
690.744	4.6
690.947	4.6
691.15	4.6
691.353	4.6
691.556	4.6
691.76	4.6
691.963	4.6
692.166	4.6
692.37	4.6
692.573	4.6
692.776	4.6
692.979	4.6
693.183	4.6
693.386	4.6
693.59	4.6
693.793	4.7
693.996	4.7
694.2	4.7
694.403	4.7
694.607	4.7
694.81	4.7
695.014	4.7
695.217	4.7
695.421	4.7
695.624	4.7
695.828	4.7
696.031	4.8
696.235	4.8
696.439	4.8
696.642	4.8
696.846	4.8
697.049	4.8
697.253	4.8
697.457	4.8
697.661	4.8
697.864	4.9
698.068	4.9
698.272	4.9
698.475	4.9
698.679	4.9
698.883	4.9
699.087	4.9
699.291	4.9
699.494	5
699.698	5
699.902	5
700.106	5
700.31	5
700.514	5
700.718	5
700.922	5.1
701.126	5.1
701.33	5.1
701.534	5.1
701.738	5.1
701.942	5.1
702.146	5.2
702.35	5.2
702.554	5.2
702.758	5.2
702.962	5.2
703.166	5.3
703.37	5.3
703.574	5.3
703.778	5.3
703.983	5.3
704.187	5.4
704.391	5.4
704.595	5.4
704.799	5.4
705.004	5.5
705.208	5.5
705.412	5.5
705.616	5.5
705.821	5.5
706.025	5.6
706.229	5.6
706.434	5.6
706.638	5.7
706.842	5.7
707.047	5.7
707.251	5.7
707.455	5.8
707.66	5.8
707.864	5.8
708.069	5.9
708.273	5.9
708.478	5.9
708.682	5.9
708.887	6
709.091	6
709.296	6
709.5	6.1
709.705	6.1
709.909	6.1
710.114	6.2
710.319	6.2
710.523	6.2
710.728	6.3
710.932	6.3
711.137	6.3
711.342	6.4
711.546	6.4
711.751	6.5
711.956	6.5
712.161	6.5
712.365	6.6
712.57	6.6
712.775	6.7
712.98	6.7
713.184	6.7
713.389	6.8
713.594	6.8
713.799	6.9
714.004	6.9
714.209	7
714.413	7
714.618	7
714.823	7.1
715.028	7.1
715.233	7.2
715.438	7.2
715.643	7.3
715.848	7.3
716.053	7.4
716.258	7.4
716.463	7.5
716.668	7.5
716.873	7.6
717.078	7.6
717.283	7.7
717.488	7.7
717.693	7.8
717.898	7.9
718.103	7.9
718.308	8
718.514	8
718.719	8.1
718.924	8.1
719.129	8.2
719.334	8.2
719.539	8.3
719.745	8.4
719.95	8.4
720.155	8.5
720.36	8.5
720.566	8.6
720.771	8.7
720.976	8.7
721.182	8.8
721.387	8.8
721.592	8.9
721.798	9
722.003	9
722.208	9.1
722.414	9.2
722.619	9.2
722.824	9.3
723.03	9.4
723.235	9.4
723.441	9.5
723.646	9.6
723.852	9.6
724.057	9.7
724.263	9.8
724.468	9.8
724.674	9.9
724.879	10
725.085	10.1
725.29	10.1
725.496	10.2
725.701	10.3
725.907	10.4
726.112	10.4
726.318	10.5
726.524	10.6
726.729	10.7
726.935	10.7
727.141	10.8
727.346	10.9
727.552	11
727.758	11
727.963	11.1
728.169	11.2
728.375	11.3
728.581	11.3
728.786	11.4
728.992	11.5
729.198	11.6
729.404	11.7
729.609	11.7
729.815	11.8
730.021	11.9
730.227	12
730.433	12.1
730.639	12.2
730.844	12.2
731.05	12.3
731.256	12.4
731.462	12.5
731.668	12.6
731.874	12.6
732.08	12.7
732.286	12.8
732.492	12.9
732.698	13
732.904	13.1
733.11	13.1
733.316	13.2
733.522	13.3
733.728	13.4
733.934	13.5
734.14	13.6
734.346	13.6
734.552	13.7
734.758	13.8
734.964	13.9
735.17	14
735.376	14.1
735.583	14.2
735.789	14.3
735.995	14.4
736.201	14.4
736.407	14.5
736.613	14.6
736.819	14.7
737.026	14.8
737.232	14.9
737.438	15
737.644	15.1
737.851	15.2
738.057	15.3
738.263	15.4
738.469	15.4
738.676	15.5
738.882	15.6
739.088	15.7
739.295	15.8
739.501	15.9
739.707	16
739.914	16.1
740.12	16.2
740.326	16.2
740.533	16.3
740.739	16.4
740.946	16.5
741.152	16.6
741.358	16.7
741.565	16.8
741.771	16.9
741.978	17
742.184	17.1
742.391	17.1
742.597	17.2
742.804	17.3
743.01	17.4
743.217	17.5
743.423	17.6
743.63	17.6
743.836	17.7
744.043	17.8
744.249	17.9
744.456	18
744.663	18.1
744.869	18.2
745.076	18.2
745.282	18.3
745.489	18.4
745.696	18.5
745.902	18.6
746.109	18.7
746.316	18.7
746.522	18.8
746.729	18.9
746.936	19
747.142	19.1
747.349	19.1
747.556	19.2
747.762	19.3
747.969	19.4
748.176	19.5
748.383	19.6
748.589	19.6
748.796	19.7
749.003	19.8
749.21	19.9
749.417	20
749.623	20
749.83	20.1
750.037	20.2
750.244	20.3
750.451	20.3
750.658	20.4
750.865	20.5
751.071	20.6
751.278	20.7
751.485	20.7
751.692	20.8
751.899	20.9
752.106	21
752.313	21
752.52	21.1
752.727	21.2
752.934	21.2
753.141	21.3
753.348	21.4
753.555	21.4
753.762	21.5
753.969	21.6
754.176	21.7
754.383	21.7
754.59	21.8
754.797	21.9
755.004	21.9
755.211	22
755.418	22.1
755.625	22.1
755.832	22.2
756.039	22.3
756.246	22.3
756.453	22.4
756.66	22.5
756.868	22.5
757.075	22.6
757.282	22.6
757.489	22.7
757.696	22.8
757.903	22.8
758.111	22.9
758.318	23
758.525	23
758.732	23.1
758.939	23.1
759.147	23.2
759.354	23.2
759.561	23.3
759.768	23.4
759.976	23.4
760.183	23.5
760.39	23.5
760.597	23.6
760.805	23.6
761.012	23.7
761.219	23.8
761.426	23.8
761.634	23.9
761.841	23.9
762.048	24
762.256	24
762.463	24.1
762.67	24.1
762.878	24.2
763.085	24.3
763.293	24.3
763.5	24.4
763.707	24.4
763.915	24.5
764.122	24.5
764.33	24.6
764.537	24.7
764.744	24.7
764.952	24.8
765.159	24.8
765.367	24.9
765.574	24.9
765.782	25
765.989	25
766.197	25.1
766.404	25.1
766.612	25.2
766.819	25.2
767.027	25.3
767.234	25.3
767.442	25.4
767.649	25.4
767.857	25.5
768.064	25.5
768.272	25.6
768.479	25.6
768.687	25.7
768.895	25.7
769.102	25.8
769.31	25.8
769.517	25.9
769.725	25.9
769.933	26
770.14	26
770.348	26
770.555	26.1
770.763	26.1
770.971	26.2
771.178	26.2
771.386	26.3
771.594	26.3
771.801	26.3
772.009	26.4
772.217	26.4
772.424	26.5
772.632	26.5
772.84	26.5
773.047	26.6
773.255	26.6
773.463	26.7
773.671	26.7
773.878	26.7
774.086	26.8
774.294	26.8
774.502	26.9
774.709	26.9
774.917	26.9
775.125	27
775.333	27
775.54	27
775.748	27.1
775.956	27.1
776.164	27.2
776.371	27.2
776.579	27.3
776.787	27.3
776.995	27.3
777.203	27.4
777.41	27.4
777.618	27.4
777.826	27.5
778.034	27.5
778.242	27.5
778.45	27.6
778.657	27.6
778.865	27.7
779.073	27.7
779.281	27.7
779.489	27.8
779.697	27.8
779.905	27.8
780.112	27.9
780.32	27.9
780.528	28
780.736	28
780.944	28
781.152	28
781.36	28.1
781.568	28.1
781.776	28.2
781.984	28.2
782.191	28.2
782.399	28.2
782.607	28.3
782.815	28.3
783.023	28.3
783.231	28.4
783.439	28.4
783.647	28.5
783.855	28.5
784.063	28.5
784.271	28.6
784.479	28.6
784.687	28.6
784.895	28.7
785.103	28.7
785.311	28.7
785.519	28.8
785.727	28.8
785.935	28.8
786.143	28.9
786.351	28.9
786.559	28.9
786.767	28.9
786.975	29
787.183	29
787.391	29
787.599	29.1
787.807	29.1
788.015	29.1
788.223	29.2
788.431	29.2
788.639	29.2
788.847	29.2
789.055	29.3
789.263	29.3
789.471	29.3
789.679	29.3
789.887	29.4
790.095	29.4
790.303	29.4
790.511	29.5
790.719	29.5
790.927	29.5
791.135	29.6
791.343	29.6
791.551	29.6
791.76	29.7
791.968	29.7
792.176	29.7
792.384	29.7
792.592	29.8
792.8	29.8
793.008	29.8
793.216	29.8
793.424	29.9
793.632	29.9
793.84	29.9
794.048	30
794.256	30
794.465	30
794.673	30
794.881	30.1
795.089	30.1
795.297	30.1
795.505	30.1
795.713	30.2
795.921	30.2
796.129	30.2
796.337	30.2
796.546	30.3
796.754	30.3
796.962	30.3
797.17	30.3
797.378	30.4
797.586	30.4
797.794	30.4
798.002	30.4
798.21	30.4
798.419	30.5
798.627	30.5
798.835	30.5
799.043	30.5
799.251	30.6
799.459	30.6
799.667	30.6
799.875	30.6
800.083	30.6
800.292	30.6
800.5	30.6
800.708	30.7
800.916	30.7
801.124	30.7
801.332	30.7
801.54	30.8
801.748	30.8
801.957	30.8
802.165	30.8
802.373	30.8
802.581	30.9
802.789	30.9
802.997	30.9
803.205	30.9
803.414	30.9
803.622	31
803.83	31
804.038	31
804.246	31
804.454	31
804.662	31
804.87	31.1
805.079	31.1
805.287	31.1
805.495	31.1
805.703	31.1
805.911	31.2
806.119	31.2
806.327	31.2
806.535	31.2
806.743	31.2
806.952	31.3
807.16	31.3
807.368	31.3
807.576	31.3
807.784	31.3
807.992	31.4
808.2	31.4
808.408	31.4
808.617	31.4
808.825	31.4
809.033	31.5
809.241	31.5
809.449	31.5
809.657	31.5
809.865	31.5
810.073	31.6
810.281	31.6
810.49	31.6
810.698	31.6
810.906	31.7
811.114	31.7
811.322	31.7
811.53	31.7
811.738	31.7
811.946	31.7
812.154	31.7
812.362	31.8
812.57	31.8
812.779	31.8
812.987	31.8
813.195	31.9
813.403	31.9
813.611	31.9
813.819	31.9
814.027	31.9
814.235	32
814.443	32
814.651	32
814.859	32
815.067	32
815.275	32
815.484	32.1
815.692	32.1
815.9	32.1
816.108	32.1
816.316	32.1
816.524	32.1
816.732	32.2
816.94	32.2
817.148	32.2
817.356	32.2
817.564	32.2
817.772	32.3
817.98	32.3
818.188	32.3
818.397	32.3
818.605	32.3
818.813	32.3
819.021	32.3
819.229	32.3
819.437	32.3
819.645	32.4
819.853	32.4
820.061	32.4
820.269	32.4
820.477	32.5
820.685	32.5
820.893	32.5
821.102	32.5
821.31	32.6
821.518	32.6
821.726	32.6
821.934	32.6
822.142	32.6
822.35	32.6
822.558	32.6
822.766	32.6
822.974	32.7
823.182	32.7
823.39	32.7
823.599	32.7
823.807	32.7
824.015	32.7
824.223	32.7
824.431	32.8
824.639	32.8
824.847	32.8
825.055	32.8
825.263	32.8
825.472	32.8
825.68	32.8
825.888	32.8
826.096	32.9
826.304	32.9
826.512	32.9
826.72	32.9
826.928	32.9
827.137	32.9
827.345	32.9
827.553	33
827.761	33
827.969	33
828.177	33
828.385	33
828.594	33
828.802	33.1
829.01	33.1
829.218	33.1
829.426	33.1
829.634	33.1
829.843	33.1
830.051	33.1
830.259	33.1
830.467	33.1
830.675	33.1
830.883	33.1
831.092	33.2
831.3	33.2
831.508	33.2
831.716	33.2
831.924	33.2
832.133	33.2
832.341	33.2
832.549	33.2
832.757	33.2
832.966	33.2
833.174	33.2
833.382	33.3
833.59	33.3
833.799	33.3
834.007	33.3
834.215	33.3
834.423	33.3
834.632	33.3
834.84	33.3
835.048	33.4
835.256	33.4
835.465	33.4
835.673	33.4
835.881	33.4
836.09	33.4
836.298	33.4
836.506	33.4
836.715	33.4
836.923	33.4
837.131	33.4
837.34	33.4
837.548	33.4
837.756	33.4
837.965	33.4
838.173	33.4
838.381	33.4
838.59	33.4
838.798	33.4
839.006	33.5
839.215	33.4
839.423	33.4
839.632	33.4
839.84	33.4
840.048	33.5
840.257	33.5
840.465	33.5
840.674	33.5
840.882	33.5
841.091	33.5
841.299	33.5
841.508	33.5
841.716	33.5
841.924	33.5
842.133	33.5
842.341	33.5
842.55	33.5
842.758	33.5
842.967	33.6
843.175	33.6
843.384	33.6
843.593	33.6
843.801	33.6
844.01	33.6
844.218	33.6
844.427	33.6
844.635	33.6
844.844	33.6
845.052	33.6
845.261	33.6
845.47	33.6
845.678	33.7
845.887	33.7
846.095	33.7
846.304	33.7
846.513	33.7
846.721	33.7
846.93	33.8
847.139	33.8
847.347	33.8
847.556	33.8
847.765	33.8
847.973	33.8
848.182	33.8
848.391	33.8
848.6	33.9
848.808	33.9
849.017	33.9
849.226	33.9
849.435	33.9
849.643	33.9
849.852	34
850.061	34
850.27	34
850.478	34
850.687	34
850.896	34
851.105	34
851.314	34.1
851.523	34.1
851.731	34.1
851.94	34.1
852.149	34.2
852.358	34.2
852.567	34.2
852.776	34.3
852.985	34.3
853.194	34.3
853.403	34.3
853.612	34.3
853.821	34.4
854.03	34.4
854.239	34.4
854.447	34.4
854.656	34.4
854.865	34.5
855.075	34.5
855.284	34.5
855.493	34.5
855.702	34.5
855.911	34.5
856.12	34.5
856.329	34.6
856.538	34.6
856.747	34.6
856.956	34.6
857.165	34.7
857.374	34.7
857.584	34.7
857.793	34.7
858.002	34.7
858.211	34.8
858.42	34.8
858.629	34.8
858.839	34.8
859.048	34.8
859.257	34.8
859.466	34.8
859.676	34.9
859.885	34.9
860.094	34.9
860.304	34.9
860.513	34.9
860.722	34.9
860.932	34.9
861.141	34.9
861.35	34.9
861.56	34.9
861.769	35
861.978	35
862.188	35
862.397	35
862.607	35
862.816	35
863.026	35.1
863.235	35.1
863.445	35.1
863.654	35.1
863.864	35.1
864.073	35.1
864.283	35.1
864.492	35.2
864.702	35.2
864.911	35.2
865.121	35.2
865.33	35.3
865.54	35.3
865.75	35.3
865.959	35.3
866.169	35.4
866.379	35.4
866.588	35.4
866.798	35.4
867.008	35.5
867.218	35.5
867.427	35.5
867.637	35.6
867.847	35.6
868.057	35.6
868.266	35.6
868.476	35.7
868.686	35.7
868.896	35.7
869.106	35.7
869.316	35.8
869.525	35.8
869.735	35.8
869.945	35.8
870.155	35.8
870.365	35.8
870.575	35.8
870.785	35.9
870.995	35.9
871.205	35.9
871.415	36
871.625	36
871.835	36.1
872.045	36.1
872.255	36.1
872.465	36.1
872.675	36.2
872.886	36.2
873.096	36.2
873.306	36.3
873.516	36.3
873.726	36.3
873.936	36.3
874.147	36.4
874.357	36.4
874.567	36.4
874.777	36.4
874.988	36.4
875.198	36.5
875.408	36.5
875.619	36.5
875.829	36.5
876.039	36.6
876.25	36.6
876.46	36.6
876.67	36.6
876.881	36.7
877.091	36.7
877.302	36.8
877.512	36.8
877.723	36.8
877.933	36.8
878.144	36.9
878.354	36.9
878.565	36.9
878.775	36.9
878.986	37
879.197	37
879.407	37
879.618	37
879.829	37
880.039	37.1
880.25	37.1
880.461	37.1
880.671	37.1
880.882	37.2
881.093	37.2
881.304	37.2
881.515	37.3
881.725	37.3
881.936	37.3
882.147	37.4
882.358	37.4
882.569	37.4
882.78	37.5
882.991	37.5
883.202	37.5
883.413	37.6
883.624	37.6
883.835	37.6
884.046	37.7
884.257	37.7
884.468	37.7
884.679	37.8
884.89	37.8
885.101	37.8
885.312	37.9
885.523	37.9
885.735	38
885.946	38
886.157	38
886.368	38.1
886.579	38.1
886.791	38.1
887.002	38.2
887.213	38.2
887.425	38.3
887.636	38.3
887.847	38.3
888.059	38.4
888.27	38.4
888.481	38.5
888.693	38.5
888.904	38.6
889.116	38.6
889.327	38.6
889.539	38.7
889.75	38.7
889.962	38.8
890.174	38.8
890.385	38.9
890.597	38.9
890.808	39
891.02	39.1
891.232	39.1
891.444	39.2
891.655	39.2
891.867	39.3
892.079	39.3
892.291	39.4
892.502	39.4
892.714	39.5
892.926	39.5
893.138	39.6
893.35	39.6
893.562	39.7
893.774	39.7
893.986	39.7
894.198	39.8
894.41	39.8
894.622	39.9
894.834	40
895.046	40
895.258	40
895.47	40.1
895.682	40.1
895.894	40.2
896.106	40.2
896.319	40.2
896.531	40.3
896.743	40.4
896.955	40.4
897.168	40.4
897.38	40.5
897.592	40.5
897.805	40.6
898.017	40.6
898.229	40.7
898.442	40.7
898.654	40.8
898.867	40.8
899.079	40.8
899.292	40.9
899.504	40.9
899.717	40.9
899.929	41
900.142	41
900.355	41
900.567	41.1
900.78	41.1
900.993	41.1
901.205	41.2
901.418	41.2
901.631	41.2
901.844	41.3
902.056	41.3
902.269	41.3
902.482	41.3
902.695	41.4
902.908	41.4
903.121	41.4
903.334	41.4
903.547	41.5
903.76	41.5
903.973	41.6
904.186	41.6
904.399	41.6
904.612	41.7
904.825	41.7
905.038	41.8
905.251	41.8
905.465	41.8
905.678	41.9
905.891	42
906.104	42
906.318	42
906.531	42
906.744	42
906.958	42.1
907.171	42.1
907.384	42.2
907.598	42.2
907.811	42.3
908.025	42.3
908.238	42.3
908.452	42.4
908.665	42.4
908.879	42.4
909.093	42.4
909.306	42.4
909.52	42.5
909.734	42.5
909.947	42.6
910.161	42.6
910.375	42.7
910.589	42.7
910.803	42.8
911.016	42.8
911.23	42.8
911.444	42.9
911.658	42.9
911.872	43
912.086	43
912.3	43
912.514	43.1
912.728	43.1
912.942	43.1
913.156	43.2
913.37	43.2
913.585	43.2
913.799	43.3
914.013	43.3
914.227	43.3
914.442	43.4
914.656	43.4
914.87	43.5
915.084	43.5
915.299	43.6
915.513	43.6
915.728	43.7
915.942	43.7
916.157	43.7
916.371	43.7
916.586	43.8
916.8	43.8
917.015	43.8
917.229	43.9
917.444	43.9
917.659	44
917.874	44
918.088	44.1
918.303	44.1
918.518	44.2
918.733	44.2
918.947	44.3
919.162	44.3
919.377	44.4
919.592	44.4
919.807	44.5
920.022	44.5
920.237	44.5
920.452	44.6
920.667	44.6
920.882	44.6
921.097	44.7
921.313	44.7
921.528	44.7
921.743	44.8
921.958	44.8
922.174	44.8
922.389	44.8
922.604	44.9
922.82	44.9
923.035	44.9
923.25	45
923.466	45
923.681	45
923.897	45
924.112	45.1
924.328	45.1
924.544	45.2
924.759	45.2
924.975	45.2
925.19	45.3
925.406	45.3
925.622	45.4
925.838	45.4
926.054	45.5
926.269	45.5
926.485	45.6
926.701	45.6
926.917	45.7
927.133	45.7
927.349	45.7
927.565	45.8
927.781	45.8
927.997	45.8
928.213	45.9
928.429	45.9
928.646	46
928.862	46
929.078	46.1
929.294	46.2
929.511	46.3
929.727	46.3
929.943	46.4
930.16	46.5
930.376	46.6
930.592	46.6
930.809	46.7
931.025	46.8
931.242	46.8
931.459	46.8
931.675	46.9
931.892	46.9
932.108	47
932.325	47
932.542	47.1
932.759	47.1
932.975	47.1
933.192	47.2
933.409	47.2
933.626	47.3
933.843	47.3
934.06	47.3
934.277	47.3
934.494	47.3
934.711	47.3
934.928	47.3
935.145	47.3
935.362	47.3
935.58	47.3
935.797	47.3
936.014	47.2
936.231	47.2
936.449	47.1
936.666	47
936.883	47
937.101	47
937.318	46.9
937.536	46.9
937.753	46.9
937.971	46.8
938.188	46.8
938.406	46.7
938.624	46.7
938.841	46.6
939.059	46.6
939.277	46.5
939.494	46.5
939.712	46.5
939.93	46.4
