360.161	18.3
360.333	18.2
360.504	18.1
360.676	18.1
360.847	18.1
361.019	18.1
361.19	18
361.361	18
361.533	18
361.704	17.9
361.876	17.9
362.047	17.9
362.219	17.9
362.391	17.8
362.562	17.8
362.734	17.7
362.905	17.7
363.077	17.6
363.248	17.6
363.42	17.5
363.592	17.5
363.763	17.4
363.935	17.4
364.106	17.3
364.278	17.3
364.45	17.3
364.621	17.2
364.793	17.2
364.965	17.3
365.137	17.2
365.308	17.1
365.48	17
365.652	17
365.824	17
365.995	16.9
366.167	16.9
366.339	16.8
366.511	16.8
366.683	16.8
366.854	16.7
367.026	16.7
367.198	16.7
367.37	16.7
367.542	16.6
367.714	16.6
367.886	16.5
368.058	16.5
368.23	16.5
368.402	16.5
368.574	16.5
368.746	16.5
368.918	16.5
369.09	16.5
369.262	16.4
369.434	16.4
369.606	16.4
369.778	16.3
369.95	16.3
370.122	16.3
370.294	16.3
370.467	16.3
370.639	16.3
370.811	16.3
370.983	16.4
371.155	16.3
371.328	16.3
371.5	16.3
371.672	16.3
371.844	16.3
372.017	16.3
372.189	16.3
372.361	16.3
372.534	16.3
372.706	16.2
372.878	16.2
373.051	16.1
373.223	16.1
373.396	16
373.568	16
373.741	16
373.913	16
374.086	16
374.258	16
374.431	16
374.603	16
374.776	16
374.949	16
375.121	16
375.294	15.9
375.467	15.9
375.639	15.8
375.812	15.8
375.985	15.8
376.157	15.8
376.33	15.8
376.503	15.7
376.676	15.8
376.849	15.7
377.021	15.7
377.194	15.7
377.367	15.7
377.54	15.6
377.713	15.6
377.886	15.5
378.059	15.5
378.232	15.5
378.405	15.5
378.578	15.5
378.751	15.5
378.924	15.5
379.097	15.4
379.27	15.4
379.444	15.4
379.617	15.3
379.79	15.3
379.963	15.3
380.136	15.3
380.31	15.3
380.483	15.3
380.656	15.4
380.829	15.4
381.003	15.3
381.176	15.3
381.35	15.3
381.523	15.2
381.696	15.2
381.87	15.3
382.043	15.3
382.217	15.2
382.39	15.2
382.564	15.2
382.738	15.2
382.911	15.1
383.085	15.1
383.258	15.1
383.432	15.1
383.606	15.1
383.779	15.1
383.953	15.1
384.127	15.1
384.301	15.1
384.475	15.1
384.648	15.1
384.822	15.1
384.996	15
385.17	15
385.344	15
385.518	15
385.692	15
385.866	15
386.04	15
386.214	15
386.388	15
386.562	15
386.737	15
386.911	15
387.085	14.9
387.259	14.9
387.434	14.9
387.608	14.9
387.782	14.9
387.956	14.9
388.131	14.9
388.305	14.9
388.48	14.9
388.654	14.9
388.829	14.9
389.003	14.9
389.178	14.9
389.352	14.9
389.527	14.9
389.701	15
389.876	15
390.051	15
390.226	15
390.4	15
390.575	15
390.75	15
390.925	15
391.099	15
391.274	15
391.449	15
391.624	15
391.799	15
391.974	15
392.149	15
392.324	15
392.499	15
392.675	15
392.85	15
393.025	15
393.2	15
393.375	15
393.551	15
393.726	15
393.901	15
394.077	15
394.252	15
394.427	15
394.603	15
394.778	15
394.954	15
395.129	14.9
395.305	14.9
395.481	14.9
395.656	14.9
395.832	14.9
396.008	14.9
396.184	14.9
396.359	14.9
396.535	14.9
396.711	14.9
396.887	14.8
397.063	14.8
397.239	14.8
397.415	14.8
397.591	14.9
397.767	14.8
397.943	14.8
398.119	14.9
398.295	14.9
398.471	14.9
398.648	14.9
398.824	14.9
399	14.9
399.176	14.9
399.353	14.9
399.529	14.9
399.706	14.9
399.882	14.9
400.058	14.9
400.235	14.9
400.412	14.9
400.588	14.9
400.765	14.9
400.942	14.9
401.118	14.9
401.295	14.9
401.472	14.9
401.649	14.9
401.825	14.9
402.002	14.9
402.179	14.9
402.356	14.9
402.533	14.9
402.71	14.9
402.887	14.9
403.064	15
403.242	15
403.419	15
403.596	15
403.773	15
403.95	15
404.128	15
404.305	15
404.483	15
404.66	15
404.837	15
405.015	15
405.193	15
405.37	15
405.548	15
405.725	15
405.903	15
406.081	15
406.259	15
406.437	15
406.614	15
406.792	15
406.97	15
407.148	15
407.326	15
407.504	15
407.682	15
407.86	15
408.039	15
408.217	15
408.395	15
408.573	15
408.751	15
408.93	15
409.108	15
409.287	15
409.465	15
409.643	15
409.822	15
410	15
410.179	15
410.358	15
410.536	15
410.715	15
410.894	15
411.072	15
411.251	15
411.43	15
411.609	15
411.788	15
411.967	15
412.146	15.1
412.325	15.1
412.504	15.1
412.683	15.1
412.862	15.1
413.041	15.1
413.22	15.1
413.399	15.1
413.578	15.1
413.758	15.1
413.937	15.1
414.116	15.2
414.296	15.2
414.475	15.2
414.654	15.2
414.834	15.2
415.013	15.2
415.193	15.2
415.372	15.2
415.552	15.2
415.732	15.2
415.911	15.2
416.091	15.2
416.271	15.2
416.45	15.2
416.63	15.2
416.81	15.2
416.99	15.2
417.169	15.2
417.349	15.2
417.529	15.2
417.709	15.2
417.889	15.2
418.069	15.2
418.249	15.2
418.429	15.2
418.609	15.2
418.789	15.2
418.97	15.2
419.15	15.2
419.33	15.2
419.51	15.2
419.691	15.2
419.871	15.2
420.051	15.2
420.232	15.2
420.412	15.2
420.592	15.2
420.773	15.2
420.953	15.2
421.134	15.2
421.314	15.2
421.495	15.1
421.675	15.1
421.856	15.1
422.037	15.1
422.217	15.1
422.398	15.1
422.579	15.1
422.76	15.1
422.94	15.1
423.121	15.2
423.302	15.2
423.483	15.2
423.664	15.2
423.845	15.2
424.026	15.2
424.207	15.2
424.388	15.2
424.569	15.2
424.75	15.2
424.931	15.2
425.112	15.2
425.293	15.2
425.474	15.2
425.655	15.1
425.837	15.1
426.018	15.1
426.199	15.1
426.38	15.1
426.562	15.2
426.743	15.2
426.924	15.2
427.106	15.2
427.287	15.2
427.469	15.2
427.65	15.2
427.832	15.2
428.013	15.2
428.195	15.2
428.376	15.2
428.558	15.1
428.739	15.1
428.921	15.1
429.103	15.1
429.284	15.1
429.466	15.1
429.648	15.1
429.83	15.1
430.011	15.1
430.193	15.1
430.375	15.1
430.557	15.2
430.739	15.2
430.921	15.2
431.102	15.2
431.284	15.2
431.466	15.2
431.648	15.2
431.83	15.2
432.012	15.2
432.194	15.2
432.377	15.2
432.559	15.2
432.741	15.2
432.923	15.2
433.105	15.2
433.287	15.2
433.469	15.2
433.652	15.2
433.834	15.2
434.016	15.2
434.198	15.2
434.381	15.2
434.563	15.2
434.745	15.2
434.928	15.2
435.11	15.2
435.293	15.2
435.475	15.2
435.658	15.2
435.84	15.2
436.022	15.2
436.205	15.2
436.388	15.2
436.57	15.2
436.753	15.2
436.935	15.2
437.118	15.2
437.301	15.2
437.483	15.2
437.666	15.2
437.849	15.2
438.031	15.2
438.214	15.2
438.397	15.2
438.58	15.2
438.762	15.2
438.945	15.2
439.128	15.2
439.311	15.2
439.494	15.2
439.677	15.2
439.859	15.2
440.042	15.2
440.225	15.2
440.408	15.2
440.591	15.2
440.774	15.2
440.957	15.2
441.14	15.2
441.323	15.2
441.507	15.2
441.69	15.2
441.873	15.2
442.056	15.2
442.239	15.2
442.422	15.2
442.605	15.2
442.789	15.2
442.972	15.2
443.155	15.2
443.338	15.2
443.522	15.2
443.705	15.2
443.888	15.2
444.072	15.2
444.255	15.2
444.438	15.2
444.622	15.2
444.805	15.2
444.989	15.2
445.172	15.2
445.356	15.2
445.539	15.2
445.723	15.2
445.906	15.2
446.09	15.2
446.273	15.2
446.457	15.2
446.64	15.2
446.824	15.2
447.008	15.2
447.191	15.2
447.375	15.2
447.559	15.2
447.742	15.2
447.926	15.2
448.11	15.2
448.293	15.2
448.477	15.2
448.661	15.2
448.845	15.2
449.029	15.2
449.212	15.2
449.396	15.2
449.58	15.2
449.764	15.2
449.948	15.2
450.132	15.2
450.316	15.2
450.5	15.2
450.684	15.2
450.868	15.2
451.052	15.2
451.236	15.2
451.42	15.2
451.604	15.2
451.788	15.2
451.972	15.2
452.156	15.2
452.34	15.2
452.525	15.2
452.709	15.3
452.893	15.3
453.077	15.3
453.261	15.3
453.446	15.3
453.63	15.3
453.814	15.3
453.998	15.3
454.183	15.3
454.367	15.3
454.551	15.3
454.736	15.2
454.92	15.2
455.104	15.2
455.289	15.2
455.473	15.2
455.658	15.2
455.842	15.2
456.026	15.2
456.211	15.3
456.395	15.3
456.58	15.3
456.764	15.3
456.949	15.3
457.134	15.3
457.318	15.3
457.503	15.3
457.687	15.3
457.872	15.3
458.057	15.3
458.241	15.3
458.426	15.3
458.611	15.3
458.795	15.3
458.98	15.3
459.165	15.3
459.349	15.3
459.534	15.3
459.719	15.3
459.904	15.3
460.088	15.3
460.273	15.3
460.458	15.3
460.643	15.3
460.828	15.3
461.013	15.3
461.198	15.3
461.382	15.3
461.567	15.3
461.752	15.3
461.937	15.3
462.122	15.3
462.307	15.4
462.492	15.3
462.677	15.4
462.862	15.4
463.047	15.4
463.232	15.4
463.417	15.4
463.602	15.4
463.788	15.4
463.973	15.4
464.158	15.4
464.343	15.4
464.528	15.4
464.713	15.4
464.898	15.4
465.084	15.4
465.269	15.4
465.454	15.4
465.639	15.4
465.824	15.4
466.01	15.4
466.195	15.4
466.38	15.3
466.566	15.3
466.751	15.3
466.936	15.3
467.122	15.3
467.307	15.3
467.492	15.3
467.678	15.3
467.863	15.3
468.048	15.3
468.234	15.3
468.419	15.3
468.605	15.3
468.79	15.3
468.976	15.3
469.161	15.3
469.347	15.3
469.532	15.3
469.718	15.3
469.903	15.3
470.089	15.3
470.274	15.3
470.46	15.3
470.646	15.3
470.831	15.3
471.017	15.3
471.202	15.3
471.388	15.3
471.574	15.3
471.759	15.3
471.945	15.3
472.131	15.3
472.317	15.4
472.502	15.4
472.688	15.4
472.874	15.4
473.059	15.4
473.245	15.4
473.431	15.4
473.617	15.4
473.803	15.4
473.988	15.4
474.174	15.4
474.36	15.4
474.546	15.4
474.732	15.4
474.918	15.4
475.104	15.4
475.29	15.4
475.475	15.4
475.661	15.4
475.847	15.4
476.033	15.4
476.219	15.4
476.405	15.4
476.591	15.4
476.777	15.4
476.963	15.4
477.149	15.4
477.335	15.4
477.521	15.4
477.707	15.4
477.893	15.4
478.08	15.4
478.266	15.4
478.452	15.4
478.638	15.4
478.824	15.4
479.01	15.4
479.196	15.4
479.382	15.4
479.569	15.4
479.755	15.4
479.941	15.4
480.127	15.4
480.313	15.4
480.5	15.4
480.686	15.4
480.872	15.4
481.058	15.5
481.245	15.5
481.431	15.5
481.617	15.5
481.803	15.5
481.99	15.5
482.176	15.5
482.362	15.5
482.549	15.5
482.735	15.5
482.921	15.5
483.108	15.5
483.294	15.5
483.481	15.5
483.667	15.5
483.853	15.5
484.04	15.5
484.226	15.5
484.413	15.5
484.599	15.5
484.786	15.5
484.972	15.5
485.159	15.5
485.345	15.5
485.532	15.5
485.718	15.5
485.905	15.5
486.091	15.5
486.278	15.5
486.464	15.5
486.651	15.5
486.837	15.5
487.024	15.5
487.211	15.5
487.397	15.5
487.584	15.5
487.77	15.5
487.957	15.5
488.144	15.5
488.33	15.5
488.517	15.5
488.704	15.5
488.89	15.5
489.077	15.5
489.264	15.5
489.45	15.5
489.637	15.5
489.824	15.5
490.01	15.6
490.197	15.6
490.384	15.6
490.571	15.6
490.757	15.6
490.944	15.6
491.131	15.6
491.318	15.6
491.505	15.6
491.691	15.6
491.878	15.6
492.065	15.6
492.252	15.6
492.439	15.6
492.626	15.6
492.812	15.6
492.999	15.6
493.186	15.6
493.373	15.6
493.56	15.6
493.747	15.6
493.934	15.6
494.121	15.6
494.308	15.6
494.494	15.6
494.681	15.6
494.868	15.6
495.055	15.6
495.242	15.6
495.429	15.6
495.616	15.6
495.803	15.6
495.99	15.6
496.177	15.6
496.364	15.6
496.551	15.6
496.738	15.6
496.925	15.6
497.112	15.6
497.299	15.6
497.486	15.6
497.673	15.6
497.861	15.7
498.048	15.7
498.235	15.7
498.422	15.7
498.609	15.7
498.796	15.7
498.983	15.7
499.17	15.7
499.357	15.7
499.544	15.7
499.732	15.7
499.919	15.7
500.106	15.7
500.293	15.7
500.48	15.7
500.667	15.7
500.855	15.7
501.042	15.7
501.229	15.7
501.416	15.7
501.603	15.7
501.791	15.7
501.978	15.7
502.165	15.7
502.352	15.7
502.54	15.7
502.727	15.7
502.914	15.7
503.101	15.7
503.289	15.7
503.476	15.7
503.663	15.7
503.85	15.7
504.038	15.7
504.225	15.7
504.412	15.7
504.6	15.7
504.787	15.7
504.974	15.7
505.161	15.7
505.349	15.7
505.536	15.7
505.723	15.7
505.911	15.7
506.098	15.7
506.286	15.7
506.473	15.7
506.66	15.8
506.848	15.8
507.035	15.8
507.222	15.8
507.41	15.8
507.597	15.8
507.785	15.8
507.972	15.8
508.159	15.8
508.347	15.8
508.534	15.8
508.722	15.8
508.909	15.8
509.097	15.8
509.284	15.8
509.471	15.8
509.659	15.8
509.846	15.8
510.034	15.8
510.221	15.8
510.409	15.8
510.596	15.8
510.784	15.8
510.971	15.8
511.159	15.8
511.346	15.8
511.534	15.8
511.721	15.8
511.909	15.8
512.096	15.8
512.284	15.9
512.471	15.9
512.659	15.9
512.846	15.9
513.034	15.9
513.221	15.9
513.409	15.9
513.596	15.9
513.784	15.9
513.972	15.9
514.159	15.9
514.347	15.9
514.534	15.9
514.722	15.9
514.909	15.9
515.097	15.9
515.285	15.9
515.472	15.9
515.66	15.9
515.847	15.9
516.035	15.9
516.222	15.9
516.41	15.9
516.598	15.9
516.785	15.9
516.973	15.9
517.161	15.9
517.348	15.9
517.536	15.9
517.723	15.9
517.911	15.9
518.099	15.9
518.286	15.9
518.474	16
518.662	16
518.849	16
519.037	16
519.225	16
519.412	16
519.6	16
519.787	16
519.975	16
520.163	16
520.35	16
520.538	16
520.726	16
520.914	16
521.101	16
521.289	16
521.477	16
521.664	16
521.852	16
522.04	16
522.227	16
522.415	16
522.603	16
522.79	16
522.978	16
523.166	16
523.354	16
523.541	16
523.729	16.1
523.917	16.1
524.104	16.1
524.292	16.1
524.48	16.1
524.668	16.1
524.855	16.1
525.043	16.1
525.231	16.1
525.418	16.1
525.606	16.1
525.794	16.1
525.982	16.1
526.169	16.1
526.357	16.1
526.545	16.1
526.733	16.1
526.92	16.1
527.108	16.1
527.296	16.1
527.484	16.1
527.671	16.1
527.859	16.1
528.047	16.1
528.235	16.1
528.422	16.1
528.61	16.1
528.798	16.1
528.986	16.1
529.173	16.1
529.361	16.1
529.549	16.1
529.737	16.1
529.924	16.1
530.112	16.1
530.3	16.1
530.488	16.1
530.675	16.1
530.863	16.1
531.051	16.2
531.239	16.1
531.426	16.2
531.614	16.2
531.802	16.2
531.99	16.2
532.177	16.2
532.365	16.2
532.553	16.2
532.741	16.2
532.928	16.2
533.116	16.2
533.304	16.2
533.492	16.2
533.679	16.2
533.867	16.2
534.055	16.2
534.243	16.2
534.431	16.2
534.618	16.2
534.806	16.2
534.994	16.2
535.182	16.2
535.369	16.2
535.557	16.2
535.745	16.2
535.933	16.2
536.12	16.2
536.308	16.2
536.496	16.2
536.684	16.2
536.871	16.2
537.059	16.2
537.247	16.2
537.435	16.2
537.622	16.2
537.81	16.2
537.998	16.2
538.186	16.2
538.373	16.2
538.561	16.2
538.749	16.2
538.937	16.3
539.124	16.3
539.312	16.3
539.5	16.3
539.688	16.3
539.875	16.3
540.063	16.3
540.251	16.3
540.439	16.3
540.626	16.3
540.814	16.3
541.002	16.3
541.19	16.3
541.377	16.3
541.565	16.3
541.753	16.3
541.941	16.3
542.128	16.3
542.316	16.4
542.504	16.4
542.691	16.4
542.879	16.4
543.067	16.4
543.255	16.4
543.442	16.4
543.63	16.4
543.818	16.4
544.005	16.4
544.193	16.4
544.381	16.4
544.568	16.4
544.756	16.4
544.944	16.4
545.132	16.4
545.319	16.4
545.507	16.4
545.695	16.4
545.882	16.4
546.07	16.4
546.258	16.4
546.445	16.4
546.633	16.4
546.821	16.4
547.008	16.4
547.196	16.4
547.384	16.4
547.571	16.4
547.759	16.4
547.947	16.4
548.134	16.4
548.322	16.4
548.51	16.4
548.697	16.4
548.885	16.4
549.073	16.4
549.26	16.4
549.448	16.4
549.636	16.4
549.823	16.4
550.011	16.4
550.199	16.4
550.386	16.4
550.574	16.4
550.762	16.4
550.949	16.4
551.137	16.4
551.325	16.4
551.512	16.4
551.7	16.4
551.888	16.4
552.075	16.4
552.263	16.4
552.451	16.4
552.639	16.4
552.826	16.4
553.014	16.4
553.202	16.4
553.389	16.5
553.577	16.5
553.765	16.5
553.953	16.5
554.14	16.5
554.328	16.5
554.516	16.5
554.704	16.5
554.891	16.5
555.079	16.5
555.267	16.5
555.455	16.5
555.643	16.5
555.83	16.5
556.018	16.5
556.206	16.5
556.394	16.5
556.582	16.5
556.77	16.5
556.957	16.5
557.145	16.5
557.333	16.5
557.521	16.5
557.709	16.5
557.897	16.5
558.085	16.5
558.273	16.5
558.461	16.5
558.649	16.5
558.837	16.5
559.025	16.5
559.213	16.5
559.4	16.5
559.588	16.5
559.777	16.5
559.965	16.5
560.153	16.6
560.341	16.6
560.529	16.6
560.717	16.6
560.905	16.6
561.093	16.6
561.281	16.6
561.469	16.6
561.657	16.6
561.845	16.6
562.034	16.6
562.222	16.6
562.41	16.6
562.598	16.6
562.786	16.6
562.975	16.6
563.163	16.6
563.351	16.6
563.539	16.6
563.728	16.6
563.916	16.6
564.104	16.6
564.293	16.6
564.481	16.6
564.67	16.6
564.858	16.6
565.046	16.6
565.235	16.6
565.423	16.6
565.612	16.6
565.8	16.6
565.989	16.6
566.177	16.6
566.366	16.6
566.554	16.6
566.743	16.6
566.932	16.6
567.12	16.6
567.309	16.6
567.497	16.6
567.686	16.6
567.875	16.6
568.064	16.6
568.252	16.6
568.441	16.6
568.63	16.6
568.819	16.6
569.007	16.6
569.196	16.6
569.385	16.6
569.574	16.6
569.763	16.6
569.952	16.6
570.141	16.6
570.33	16.6
570.519	16.6
570.708	16.6
570.897	16.6
571.086	16.6
571.275	16.6
571.464	16.6
571.653	16.6
571.843	16.6
572.032	16.6
572.221	16.6
572.41	16.6
572.599	16.6
572.789	16.6
572.978	16.6
573.167	16.6
573.357	16.6
573.546	16.6
573.736	16.6
573.925	16.6
574.115	16.6
574.304	16.6
574.494	16.6
574.683	16.6
574.873	16.6
575.062	16.6
575.252	16.6
575.442	16.6
575.631	16.6
575.821	16.6
576.011	16.6
576.201	16.6
576.39	16.6
576.58	16.6
576.77	16.6
576.96	16.6
577.15	16.6
577.34	16.6
577.53	16.6
577.72	16.6
577.91	16.6
578.1	16.6
578.29	16.6
578.48	16.6
578.67	16.6
578.861	16.6
579.051	16.6
579.241	16.6
579.431	16.6
579.622	16.6
579.812	16.6
580.002	16.6
580.193	16.6
580.383	16.6
580.574	16.6
580.764	16.6
580.955	16.6
581.145	16.6
581.336	16.6
581.526	16.6
581.717	16.6
581.908	16.6
582.098	16.6
582.289	16.6
582.48	16.6
582.671	16.6
582.862	16.6
583.052	16.6
583.243	16.6
583.434	16.6
583.625	16.6
583.816	16.6
584.007	16.6
584.198	16.6
584.389	16.6
584.58	16.6
584.771	16.6
584.962	16.6
585.154	16.6
585.345	16.6
585.536	16.6
585.727	16.6
585.918	16.6
586.11	16.6
586.301	16.6
586.492	16.6
586.684	16.6
586.875	16.6
587.067	16.6
587.258	16.6
587.45	16.6
587.641	16.6
587.833	16.6
588.024	16.6
588.216	16.6
588.408	16.6
588.599	16.6
588.791	16.6
588.983	16.6
589.174	16.6
589.366	16.6
589.558	16.6
589.75	16.6
589.942	16.6
590.134	16.6
590.326	16.6
590.518	16.7
590.71	16.7
590.902	16.7
591.094	16.7
591.286	16.7
591.478	16.7
591.67	16.7
591.862	16.7
592.054	16.7
592.246	16.7
592.439	16.7
592.631	16.7
592.823	16.7
593.016	16.7
593.208	16.7
593.4	16.7
593.593	16.7
593.785	16.7
593.978	16.7
594.17	16.6
594.363	16.6
594.555	16.6
594.748	16.6
594.94	16.6
595.133	16.7
595.326	16.7
595.518	16.6
595.711	16.6
595.904	16.6
596.096	16.6
596.289	16.6
596.482	16.6
596.675	16.6
596.868	16.6
597.061	16.6
597.254	16.6
597.447	16.6
597.64	16.6
597.833	16.6
598.026	16.6
598.219	16.6
598.412	16.6
598.605	16.6
598.798	16.6
598.991	16.7
599.184	16.7
599.378	16.7
599.571	16.7
599.764	16.7
599.957	16.7
600.151	16.7
600.344	16.7
600.538	16.7
600.731	16.7
600.924	16.7
601.118	16.7
601.311	16.7
601.505	16.7
601.698	16.7
601.892	16.7
602.086	16.7
602.279	16.7
602.473	16.7
602.667	16.7
602.86	16.7
603.054	16.7
603.248	16.7
603.442	16.7
603.635	16.7
603.829	16.7
604.023	16.7
604.217	16.7
604.411	16.7
604.605	16.7
604.799	16.7
604.993	16.7
605.187	16.7
605.381	16.7
605.575	16.7
605.769	16.7
605.963	16.7
606.157	16.7
606.352	16.7
606.546	16.7
606.74	16.7
606.934	16.7
607.129	16.7
607.323	16.7
607.517	16.7
607.712	16.7
607.906	16.7
608.1	16.7
608.295	16.7
608.489	16.7
608.684	16.7
608.878	16.7
609.073	16.7
609.267	16.7
609.462	16.7
609.657	16.7
609.851	16.7
610.046	16.7
610.241	16.7
610.435	16.6
610.63	16.6
610.825	16.6
611.02	16.7
611.215	16.7
611.41	16.7
611.604	16.7
611.799	16.7
611.994	16.7
612.189	16.7
612.384	16.7
612.579	16.7
612.774	16.7
612.969	16.7
613.164	16.7
613.359	16.7
613.555	16.7
613.75	16.6
613.945	16.6
614.14	16.6
614.335	16.6
614.531	16.6
614.726	16.6
614.921	16.6
615.117	16.6
615.312	16.6
615.507	16.6
615.703	16.6
615.898	16.6
616.094	16.6
616.289	16.7
616.485	16.7
616.68	16.7
616.876	16.6
617.071	16.6
617.267	16.6
617.463	16.7
617.658	16.7
617.854	16.7
618.05	16.7
618.245	16.7
618.441	16.7
618.637	16.7
618.833	16.7
619.029	16.7
619.225	16.7
619.42	16.7
619.616	16.7
619.812	16.7
620.008	16.7
620.204	16.7
620.4	16.7
620.596	16.7
620.792	16.7
620.988	16.7
621.184	16.7
621.381	16.7
621.577	16.7
621.773	16.7
621.969	16.7
622.165	16.7
622.362	16.7
622.558	16.7
622.754	16.7
622.951	16.7
623.147	16.7
623.343	16.7
623.54	16.7
623.736	16.7
623.933	16.7
624.129	16.7
624.326	16.7
624.522	16.7
624.719	16.7
624.915	16.7
625.112	16.7
625.308	16.7
625.505	16.7
625.702	16.7
625.898	16.7
626.095	16.7
626.292	16.7
626.489	16.7
626.685	16.7
626.882	16.7
627.079	16.7
627.276	16.7
627.473	16.7
627.67	16.7
627.866	16.6
628.063	16.6
628.26	16.6
628.457	16.6
628.654	16.6
628.851	16.6
629.048	16.6
629.246	16.6
629.443	16.6
629.64	16.6
629.837	16.6
630.034	16.7
630.231	16.6
630.429	16.7
630.626	16.6
630.823	16.6
631.02	16.6
631.218	16.6
631.415	16.6
631.612	16.7
631.81	16.6
632.007	16.6
632.205	16.6
632.402	16.6
632.6	16.6
632.797	16.6
632.995	16.7
633.192	16.7
633.39	16.7
633.587	16.7
633.785	16.7
633.983	16.7
634.18	16.7
634.378	16.7
634.576	16.7
634.773	16.7
634.971	16.7
635.169	16.7
635.367	16.7
635.565	16.6
635.762	16.6
635.96	16.6
636.158	16.6
636.356	16.6
636.554	16.6
636.752	16.6
636.95	16.6
637.148	16.6
637.346	16.6
637.544	16.6
637.742	16.6
637.94	16.6
638.138	16.6
638.337	16.6
638.535	16.6
638.733	16.6
638.931	16.6
639.129	16.6
639.328	16.6
639.526	16.6
639.724	16.6
639.922	16.6
640.121	16.6
640.319	16.6
640.518	16.6
640.716	16.6
640.914	16.6
641.113	16.7
641.311	16.7
641.51	16.7
641.708	16.7
641.907	16.6
642.105	16.6
642.304	16.6
642.503	16.6
642.701	16.7
642.9	16.6
643.098	16.6
643.297	16.7
643.496	16.7
643.695	16.7
643.893	16.7
644.092	16.7
644.291	16.7
644.49	16.7
644.689	16.7
644.887	16.7
645.086	16.7
645.285	16.7
645.484	16.7
645.683	16.7
645.882	16.7
646.081	16.7
646.28	16.7
646.479	16.7
646.678	16.7
646.877	16.7
647.076	16.7
647.276	16.7
647.475	16.7
647.674	16.7
647.873	16.7
648.072	16.7
648.271	16.7
648.471	16.7
648.67	16.7
648.869	16.7
649.069	16.7
649.268	16.7
649.467	16.7
649.667	16.7
649.866	16.7
650.065	16.7
650.265	16.7
650.464	16.7
650.664	16.7
650.863	16.7
651.063	16.7
651.262	16.7
651.462	16.7
651.662	16.7
651.861	16.7
652.061	16.7
652.26	16.7
652.46	16.7
652.66	16.7
652.859	16.7
653.059	16.7
653.259	16.7
653.459	16.7
653.658	16.7
653.858	16.7
654.058	16.7
654.258	16.7
654.458	16.7
654.658	16.7
654.858	16.7
655.058	16.7
655.258	16.7
655.457	16.7
655.657	16.7
655.857	16.7
656.058	16.7
656.258	16.7
656.458	16.7
656.658	16.7
656.858	16.7
657.058	16.7
657.258	16.7
657.458	16.7
657.659	16.7
657.859	16.7
658.059	16.7
658.259	16.7
658.459	16.7
658.66	16.7
658.86	16.7
659.06	16.7
659.261	16.7
659.461	16.7
659.662	16.7
659.862	16.7
660.062	16.7
660.263	16.7
660.463	16.7
660.664	16.7
660.864	16.7
661.065	16.7
661.265	16.7
661.466	16.7
661.667	16.7
661.867	16.7
662.068	16.7
662.268	16.7
662.469	16.7
662.67	16.7
662.87	16.7
663.071	16.7
663.272	16.7
663.473	16.7
663.674	16.7
663.874	16.7
664.075	16.6
664.276	16.6
664.477	16.6
664.678	16.7
664.879	16.7
665.08	16.6
665.28	16.6
665.481	16.6
665.682	16.6
665.883	16.6
666.084	16.6
666.285	16.6
666.486	16.6
666.688	16.6
666.889	16.6
667.09	16.6
667.291	16.6
667.492	16.6
667.693	16.6
667.894	16.6
668.096	16.6
668.297	16.6
668.498	16.6
668.699	16.6
668.901	16.6
669.102	16.6
669.303	16.6
669.505	16.6
669.706	16.6
669.907	16.6
670.109	16.6
670.31	16.6
670.511	16.6
670.713	16.6
670.914	16.6
671.116	16.6
671.317	16.6
671.519	16.6
671.72	16.6
671.922	16.6
672.124	16.6
672.325	16.6
672.527	16.6
672.728	16.6
672.93	16.6
673.132	16.6
673.333	16.6
673.535	16.6
673.737	16.6
673.939	16.6
674.14	16.6
674.342	16.6
674.544	16.6
674.746	16.6
674.948	16.6
675.149	16.6
675.351	16.6
675.553	16.6
675.755	16.6
675.957	16.6
676.159	16.6
676.361	16.6
676.563	16.6
676.765	16.6
676.967	16.6
677.169	16.6
677.371	16.6
677.573	16.6
677.775	16.6
677.977	16.6
678.179	16.6
678.381	16.6
678.583	16.6
678.786	16.6
678.988	16.6
679.19	16.6
679.392	16.6
679.594	16.6
679.797	16.6
679.999	16.6
680.201	16.6
680.404	16.6
680.606	16.6
680.808	16.6
681.011	16.6
681.213	16.6
681.415	16.6
681.618	16.6
681.82	16.6
682.023	16.6
682.225	16.6
682.428	16.6
682.63	16.6
682.833	16.6
683.035	16.6
683.238	16.6
683.44	16.6
683.643	16.6
683.845	16.6
684.048	16.6
684.251	16.6
684.453	16.6
684.656	16.6
684.859	16.6
685.061	16.6
685.264	16.6
685.467	16.6
685.67	16.6
685.872	16.6
686.075	16.7
686.278	16.6
686.481	16.6
686.684	16.6
686.886	16.6
687.089	16.6
687.292	16.7
687.495	16.7
687.698	16.7
687.901	16.7
688.104	16.7
688.307	16.7
688.51	16.7
688.713	16.7
688.916	16.7
689.119	16.7
689.322	16.7
689.525	16.7
689.728	16.7
689.931	16.7
690.134	16.7
690.337	16.7
690.54	16.7
690.744	16.7
690.947	16.7
691.15	16.7
691.353	16.7
691.556	16.7
691.76	16.7
691.963	16.7
692.166	16.7
692.37	16.7
692.573	16.7
692.776	16.7
692.979	16.7
693.183	16.7
693.386	16.7
693.59	16.7
693.793	16.7
693.996	16.7
694.2	16.7
694.403	16.7
694.607	16.7
694.81	16.7
695.014	16.7
695.217	16.7
695.421	16.7
695.624	16.7
695.828	16.7
696.031	16.7
696.235	16.7
696.439	16.7
696.642	16.7
696.846	16.7
697.049	16.7
697.253	16.7
697.457	16.7
697.661	16.8
697.864	16.8
698.068	16.8
698.272	16.8
698.475	16.8
698.679	16.8
698.883	16.8
699.087	16.8
699.291	16.8
699.494	16.8
699.698	16.8
699.902	16.8
700.106	16.8
700.31	16.8
700.514	16.8
700.718	16.8
700.922	16.8
701.126	16.8
701.33	16.8
701.534	16.8
701.738	16.8
701.942	16.8
702.146	16.8
702.35	16.8
702.554	16.8
702.758	16.8
702.962	16.8
703.166	16.8
703.37	16.8
703.574	16.8
703.778	16.8
703.983	16.8
704.187	16.8
704.391	16.8
704.595	16.8
704.799	16.8
705.004	16.8
705.208	16.8
705.412	16.8
705.616	16.8
705.821	16.8
706.025	16.8
706.229	16.8
706.434	16.8
706.638	16.8
706.842	16.8
707.047	16.8
707.251	16.8
707.455	16.8
707.66	16.8
707.864	16.8
708.069	16.8
708.273	16.8
708.478	16.8
708.682	16.8
708.887	16.8
709.091	16.8
709.296	16.8
709.5	16.8
709.705	16.8
709.909	16.8
710.114	16.8
710.319	16.8
710.523	16.8
710.728	16.8
710.932	16.8
711.137	16.8
711.342	16.9
711.546	16.9
711.751	16.9
711.956	16.9
712.161	16.9
712.365	16.9
712.57	16.9
712.775	16.9
712.98	16.9
713.184	16.9
713.389	16.9
713.594	16.9
713.799	16.9
714.004	16.9
714.209	16.9
714.413	16.9
714.618	16.9
714.823	16.9
715.028	16.9
715.233	16.9
715.438	16.9
715.643	16.9
715.848	16.9
716.053	16.9
716.258	16.9
716.463	16.9
716.668	16.9
716.873	16.9
717.078	16.9
717.283	16.9
717.488	16.9
717.693	16.9
717.898	16.9
718.103	16.9
718.308	16.9
718.514	16.9
718.719	16.9
718.924	17
719.129	17
719.334	17
719.539	17
719.745	17
719.95	17
720.155	17
720.36	17
720.566	17
720.771	17
720.976	17
721.182	17
721.387	17
721.592	17
721.798	17
722.003	17
722.208	17
722.414	17
722.619	17
722.824	17
723.03	17
723.235	17
723.441	17
723.646	17
723.852	17
724.057	17
724.263	17
724.468	17
724.674	17
724.879	17
725.085	17
725.29	17
725.496	17.1
725.701	17.1
725.907	17.1
726.112	17.1
726.318	17.1
726.524	17.1
726.729	17.1
726.935	17.1
727.141	17.1
727.346	17.1
727.552	17.1
727.758	17.1
727.963	17.1
728.169	17.1
728.375	17.1
728.581	17.1
728.786	17.1
728.992	17.1
729.198	17.1
729.404	17.1
729.609	17.1
729.815	17.1
730.021	17.1
730.227	17.1
730.433	17.1
730.639	17.1
730.844	17.1
731.05	17.1
731.256	17.1
731.462	17.1
731.668	17.1
731.874	17.1
732.08	17.1
732.286	17.1
732.492	17.1
732.698	17.1
732.904	17.1
733.11	17.1
733.316	17.1
733.522	17.1
733.728	17.1
733.934	17.2
734.14	17.2
734.346	17.2
734.552	17.2
734.758	17.2
734.964	17.2
735.17	17.2
735.376	17.2
735.583	17.2
735.789	17.2
735.995	17.2
736.201	17.2
736.407	17.2
736.613	17.2
736.819	17.3
737.026	17.2
737.232	17.3
737.438	17.3
737.644	17.3
737.851	17.3
738.057	17.3
738.263	17.3
738.469	17.3
738.676	17.3
738.882	17.3
739.088	17.3
739.295	17.3
739.501	17.3
739.707	17.3
739.914	17.3
740.12	17.3
740.326	17.3
740.533	17.3
740.739	17.3
740.946	17.3
741.152	17.3
741.358	17.3
741.565	17.3
741.771	17.3
741.978	17.3
742.184	17.3
742.391	17.3
742.597	17.3
742.804	17.3
743.01	17.3
743.217	17.3
743.423	17.3
743.63	17.3
743.836	17.3
744.043	17.3
744.249	17.3
744.456	17.3
744.663	17.3
744.869	17.3
745.076	17.3
745.282	17.3
745.489	17.3
745.696	17.3
745.902	17.3
746.109	17.3
746.316	17.3
746.522	17.3
746.729	17.3
746.936	17.3
747.142	17.3
747.349	17.3
747.556	17.3
747.762	17.3
747.969	17.3
748.176	17.3
748.383	17.3
748.589	17.3
748.796	17.3
749.003	17.3
749.21	17.3
749.417	17.4
749.623	17.4
749.83	17.4
750.037	17.4
750.244	17.4
750.451	17.4
750.658	17.4
750.865	17.4
751.071	17.4
751.278	17.4
751.485	17.4
751.692	17.4
751.899	17.4
752.106	17.4
752.313	17.4
752.52	17.4
752.727	17.4
752.934	17.4
753.141	17.4
753.348	17.4
753.555	17.4
753.762	17.4
753.969	17.4
754.176	17.4
754.383	17.4
754.59	17.4
754.797	17.4
755.004	17.4
755.211	17.4
755.418	17.4
755.625	17.4
755.832	17.4
756.039	17.5
756.246	17.5
756.453	17.5
756.66	17.5
756.868	17.5
757.075	17.5
757.282	17.5
757.489	17.5
757.696	17.5
757.903	17.5
758.111	17.5
758.318	17.5
758.525	17.5
758.732	17.5
758.939	17.5
759.147	17.5
759.354	17.5
759.561	17.5
759.768	17.5
759.976	17.5
760.183	17.5
760.39	17.5
760.597	17.5
760.805	17.5
761.012	17.5
761.219	17.5
761.426	17.5
761.634	17.5
761.841	17.5
762.048	17.5
762.256	17.5
762.463	17.6
762.67	17.6
762.878	17.6
763.085	17.6
763.293	17.6
763.5	17.6
763.707	17.6
763.915	17.6
764.122	17.6
764.33	17.6
764.537	17.6
764.744	17.6
764.952	17.6
765.159	17.6
765.367	17.6
765.574	17.6
765.782	17.6
765.989	17.6
766.197	17.6
766.404	17.6
766.612	17.6
766.819	17.6
767.027	17.6
767.234	17.6
767.442	17.6
767.649	17.7
767.857	17.7
768.064	17.7
768.272	17.7
768.479	17.7
768.687	17.7
768.895	17.7
769.102	17.7
769.31	17.7
769.517	17.7
769.725	17.7
769.933	17.7
770.14	17.7
770.348	17.7
770.555	17.7
770.763	17.7
770.971	17.7
771.178	17.7
771.386	17.7
771.594	17.7
771.801	17.7
772.009	17.7
772.217	17.7
772.424	17.7
772.632	17.7
772.84	17.7
773.047	17.7
773.255	17.7
773.463	17.7
773.671	17.7
773.878	17.7
774.086	17.7
774.294	17.7
774.502	17.7
774.709	17.7
774.917	17.8
775.125	17.8
775.333	17.8
775.54	17.8
775.748	17.8
775.956	17.8
776.164	17.8
776.371	17.8
776.579	17.8
776.787	17.8
776.995	17.8
777.203	17.8
777.41	17.8
777.618	17.8
777.826	17.8
778.034	17.8
778.242	17.8
778.45	17.8
778.657	17.8
778.865	17.8
779.073	17.8
779.281	17.8
779.489	17.9
779.697	17.9
779.905	17.9
780.112	17.9
780.32	17.9
780.528	17.9
780.736	17.9
780.944	17.9
781.152	17.9
781.36	17.9
781.568	17.9
781.776	17.9
781.984	17.9
782.191	17.9
782.399	17.9
782.607	17.9
782.815	17.9
783.023	17.9
783.231	17.9
783.439	17.9
783.647	17.9
783.855	17.9
784.063	18
784.271	18
784.479	18
784.687	18
784.895	18
785.103	18
785.311	18
785.519	18
785.727	18
785.935	18
786.143	18
786.351	18
786.559	18
786.767	18
786.975	18
787.183	18
787.391	18
787.599	18
787.807	18
788.015	18
788.223	18
788.431	18
788.639	18
788.847	18.1
789.055	18.1
789.263	18.1
789.471	18.1
789.679	18.1
789.887	18.1
790.095	18.1
790.303	18.1
790.511	18.1
790.719	18.1
790.927	18.1
791.135	18.1
791.343	18.1
791.551	18.2
791.76	18.2
791.968	18.2
792.176	18.2
792.384	18.2
792.592	18.2
792.8	18.2
793.008	18.2
793.216	18.2
793.424	18.2
793.632	18.2
793.84	18.2
794.048	18.2
794.256	18.2
794.465	18.2
794.673	18.2
794.881	18.2
795.089	18.2
795.297	18.2
795.505	18.2
795.713	18.2
795.921	18.2
796.129	18.3
796.337	18.3
796.546	18.3
796.754	18.3
796.962	18.3
797.17	18.3
797.378	18.3
797.586	18.3
797.794	18.3
798.002	18.3
798.21	18.3
798.419	18.3
798.627	18.3
798.835	18.3
799.043	18.3
799.251	18.3
799.459	18.3
799.667	18.3
799.875	18.3
800.083	18.3
800.292	18.3
800.5	18.3
800.708	18.4
800.916	18.4
801.124	18.4
801.332	18.4
801.54	18.4
801.748	18.4
801.957	18.4
802.165	18.4
802.373	18.4
802.581	18.4
802.789	18.4
802.997	18.4
803.205	18.4
803.414	18.4
803.622	18.5
803.83	18.5
804.038	18.5
804.246	18.5
804.454	18.5
804.662	18.5
804.87	18.5
805.079	18.5
805.287	18.5
805.495	18.5
805.703	18.5
805.911	18.5
806.119	18.5
806.327	18.5
806.535	18.5
806.743	18.5
806.952	18.5
807.16	18.5
807.368	18.5
807.576	18.5
807.784	18.5
807.992	18.5
808.2	18.5
808.408	18.5
808.617	18.6
808.825	18.6
809.033	18.6
809.241	18.6
809.449	18.6
809.657	18.6
809.865	18.6
810.073	18.6
810.281	18.6
810.49	18.6
810.698	18.6
810.906	18.6
811.114	18.6
811.322	18.6
811.53	18.6
811.738	18.6
811.946	18.6
812.154	18.6
812.362	18.6
812.57	18.6
812.779	18.7
812.987	18.7
813.195	18.7
813.403	18.7
813.611	18.7
813.819	18.7
814.027	18.7
814.235	18.7
814.443	18.7
814.651	18.7
814.859	18.7
815.067	18.8
815.275	18.8
815.484	18.8
815.692	18.8
815.9	18.8
816.108	18.8
816.316	18.8
816.524	18.8
816.732	18.8
816.94	18.8
817.148	18.8
817.356	18.8
817.564	18.8
817.772	18.8
817.98	18.8
818.188	18.8
818.397	18.8
818.605	18.9
818.813	18.9
819.021	18.9
819.229	18.9
819.437	18.9
819.645	18.9
819.853	18.9
820.061	18.9
820.269	18.9
820.477	19
820.685	19
820.893	19
821.102	19
821.31	19
821.518	19
821.726	19
821.934	19
822.142	19
822.35	19
822.558	19.1
822.766	19.1
822.974	19.1
823.182	19.1
823.39	19.1
823.599	19.1
823.807	19.1
824.015	19.1
824.223	19.1
824.431	19.1
824.639	19.1
824.847	19.1
825.055	19.2
825.263	19.2
825.472	19.2
825.68	19.2
825.888	19.2
826.096	19.2
826.304	19.2
826.512	19.2
826.72	19.2
826.928	19.2
827.137	19.2
827.345	19.2
827.553	19.2
827.761	19.2
827.969	19.2
828.177	19.2
828.385	19.2
828.594	19.3
828.802	19.3
829.01	19.3
829.218	19.3
829.426	19.3
829.634	19.3
829.843	19.3
830.051	19.3
830.259	19.3
830.467	19.3
830.675	19.3
830.883	19.3
831.092	19.3
831.3	19.3
831.508	19.3
831.716	19.3
831.924	19.3
832.133	19.3
832.341	19.3
832.549	19.3
832.757	19.3
832.966	19.3
833.174	19.3
833.382	19.3
833.59	19.3
833.799	19.3
834.007	19.4
834.215	19.4
834.423	19.4
834.632	19.4
834.84	19.4
835.048	19.4
835.256	19.4
835.465	19.4
835.673	19.4
835.881	19.4
836.09	19.4
836.298	19.4
836.506	19.4
836.715	19.4
836.923	19.4
837.131	19.4
837.34	19.4
837.548	19.4
837.756	19.4
837.965	19.4
838.173	19.5
838.381	19.5
838.59	19.5
838.798	19.5
839.006	19.5
839.215	19.5
839.423	19.5
839.632	19.5
839.84	19.5
840.048	19.5
840.257	19.5
840.465	19.5
840.674	19.5
840.882	19.5
841.091	19.5
841.299	19.6
841.508	19.6
841.716	19.6
841.924	19.6
842.133	19.6
842.341	19.6
842.55	19.6
842.758	19.6
842.967	19.7
843.175	19.7
843.384	19.7
843.593	19.7
843.801	19.7
844.01	19.7
844.218	19.7
844.427	19.7
844.635	19.7
844.844	19.7
845.052	19.7
845.261	19.7
845.47	19.7
845.678	19.7
845.887	19.7
846.095	19.8
846.304	19.8
846.513	19.8
846.721	19.8
846.93	19.8
847.139	19.8
847.347	19.8
847.556	19.8
847.765	19.8
847.973	19.8
848.182	19.8
848.391	19.8
848.6	19.8
848.808	19.9
849.017	19.9
849.226	19.9
849.435	19.9
849.643	19.9
849.852	19.9
850.061	19.9
850.27	19.9
850.478	19.9
850.687	19.9
850.896	19.9
851.105	19.9
851.314	19.9
851.523	19.9
851.731	19.9
851.94	19.9
852.149	19.9
852.358	20
852.567	20
852.776	20
852.985	20
853.194	20
853.403	20
853.612	20
853.821	20.1
854.03	20.1
854.239	20.1
854.447	20.1
854.656	20.1
854.865	20.1
855.075	20.1
855.284	20.1
855.493	20.1
855.702	20.2
855.911	20.2
856.12	20.2
856.329	20.2
856.538	20.2
856.747	20.2
856.956	20.2
857.165	20.2
857.374	20.2
857.584	20.2
857.793	20.3
858.002	20.3
858.211	20.3
858.42	20.3
858.629	20.3
858.839	20.3
859.048	20.3
859.257	20.4
859.466	20.4
859.676	20.4
859.885	20.4
860.094	20.4
860.304	20.4
860.513	20.4
860.722	20.4
860.932	20.4
861.141	20.4
861.35	20.4
861.56	20.4
861.769	20.5
861.978	20.5
862.188	20.5
862.397	20.5
862.607	20.5
862.816	20.5
863.026	20.5
863.235	20.5
863.445	20.5
863.654	20.6
863.864	20.6
864.073	20.6
864.283	20.6
864.492	20.6
864.702	20.6
864.911	20.6
865.121	20.6
865.33	20.6
865.54	20.6
865.75	20.6
865.959	20.7
866.169	20.7
866.379	20.7
866.588	20.7
866.798	20.7
867.008	20.7
867.218	20.8
867.427	20.8
867.637	20.8
867.847	20.8
868.057	20.8
868.266	20.8
868.476	20.8
868.686	20.8
868.896	20.8
869.106	20.8
869.316	20.9
869.525	20.9
869.735	20.9
869.945	20.9
870.155	20.9
870.365	20.9
870.575	20.9
870.785	20.9
870.995	20.9
871.205	20.9
871.415	20.9
871.625	21
871.835	21
872.045	21
872.255	21
872.465	21
872.675	21
872.886	21
873.096	21
873.306	21
873.516	21
873.726	21.1
873.936	21.1
874.147	21.1
874.357	21.1
874.567	21.1
874.777	21.1
874.988	21.1
875.198	21.1
875.408	21.1
875.619	21.1
875.829	21.1
876.039	21.1
876.25	21.1
876.46	21.1
876.67	21.1
876.881	21.2
877.091	21.2
877.302	21.2
877.512	21.2
877.723	21.2
877.933	21.2
878.144	21.2
878.354	21.2
878.565	21.2
878.775	21.2
878.986	21.2
879.197	21.2
879.407	21.2
879.618	21.2
879.829	21.2
880.039	21.1
880.25	21.2
880.461	21.2
880.671	21.2
880.882	21.2
881.093	21.2
881.304	21.2
881.515	21.2
881.725	21.2
881.936	21.2
882.147	21.2
882.358	21.3
882.569	21.3
882.78	21.3
882.991	21.3
883.202	21.3
883.413	21.3
883.624	21.3
883.835	21.3
884.046	21.3
884.257	21.3
884.468	21.4
884.679	21.4
884.89	21.4
885.101	21.4
885.312	21.4
885.523	21.5
885.735	21.5
885.946	21.5
886.157	21.5
886.368	21.5
886.579	21.5
886.791	21.5
887.002	21.5
887.213	21.6
887.425	21.6
887.636	21.6
887.847	21.6
888.059	21.7
888.27	21.7
888.481	21.7
888.693	21.7
888.904	21.7
889.116	21.7
889.327	21.7
889.539	21.7
889.75	21.8
889.962	21.8
890.174	21.8
890.385	21.8
890.597	21.8
890.808	21.9
891.02	21.9
891.232	21.9
891.444	21.9
891.655	22
891.867	22
892.079	22
892.291	22
892.502	22
892.714	22
892.926	22.1
893.138	22.1
893.35	22.1
893.562	22.1
893.774	22.1
893.986	22.1
894.198	22.1
894.41	22.1
894.622	22.1
894.834	22.1
895.046	22.1
895.258	22.2
895.47	22.2
895.682	22.2
895.894	22.2
896.106	22.2
896.319	22.2
896.531	22.2
896.743	22.2
896.955	22.2
897.168	22.2
897.38	22.2
897.592	22.3
897.805	22.3
898.017	22.3
898.229	22.3
898.442	22.3
898.654	22.4
898.867	22.4
899.079	22.4
899.292	22.4
899.504	22.4
899.717	22.4
899.929	22.4
900.142	22.4
900.355	22.4
900.567	22.4
900.78	22.4
900.993	22.4
901.205	22.5
901.418	22.5
901.631	22.5
901.844	22.5
902.056	22.5
902.269	22.5
902.482	22.5
902.695	22.5
902.908	22.5
903.121	22.5
903.334	22.5
903.547	22.5
903.76	22.5
903.973	22.6
904.186	22.6
904.399	22.6
904.612	22.6
904.825	22.6
905.038	22.7
905.251	22.7
905.465	22.7
905.678	22.7
905.891	22.7
906.104	22.7
906.318	22.7
906.531	22.7
906.744	22.7
906.958	22.7
907.171	22.7
907.384	22.7
907.598	22.7
907.811	22.7
908.025	22.7
908.238	22.7
908.452	22.7
908.665	22.8
908.879	22.8
909.093	22.8
909.306	22.8
909.52	22.8
909.734	22.8
909.947	22.9
910.161	22.9
910.375	22.9
910.589	22.9
910.803	22.9
911.016	23
911.23	23
911.444	23
911.658	23
911.872	23
912.086	23
912.3	23.1
912.514	23.1
912.728	23.1
912.942	23.1
913.156	23.1
913.37	23.1
913.585	23.1
913.799	23.1
914.013	23.1
914.227	23.1
914.442	23.1
914.656	23.2
914.87	23.2
915.084	23.2
915.299	23.2
915.513	23.3
915.728	23.3
915.942	23.3
916.157	23.3
916.371	23.3
916.586	23.4
916.8	23.4
917.015	23.4
917.229	23.4
917.444	23.3
917.659	23.4
917.874	23.4
918.088	23.4
918.303	23.5
918.518	23.5
918.733	23.5
918.947	23.5
919.162	23.5
919.377	23.5
919.592	23.5
919.807	23.5
920.022	23.5
920.237	23.5
920.452	23.5
920.667	23.6
920.882	23.6
921.097	23.6
921.313	23.6
921.528	23.6
921.743	23.6
921.958	23.6
922.174	23.7
922.389	23.7
922.604	23.7
922.82	23.8
923.035	23.8
923.25	23.8
923.466	23.8
923.681	23.8
923.897	23.9
924.112	23.9
924.328	23.9
924.544	23.9
924.759	23.9
924.975	23.9
925.19	23.9
925.406	24
925.622	24
925.838	24
926.054	24.1
926.269	24.1
926.485	24.2
926.701	24.2
926.917	24.2
927.133	24.2
927.349	24.2
927.565	24.2
927.781	24.2
927.997	24.2
928.213	24.3
928.429	24.3
928.646	24.3
928.862	24.4
929.078	24.4
929.294	24.4
929.511	24.5
929.727	24.5
929.943	24.5
930.16	24.6
930.376	24.6
930.592	24.6
930.809	24.6
931.025	24.7
931.242	24.7
931.459	24.7
931.675	24.8
931.892	24.8
932.108	24.8
932.325	24.8
932.542	24.9
932.759	24.9
932.975	24.9
933.192	24.9
933.409	24.9
933.626	25
933.843	25
934.06	25
934.277	25
934.494	25
934.711	25
934.928	25
935.145	25
935.362	25.1
935.58	25.1
935.797	25
936.014	25
936.231	25
936.449	24.9
936.666	24.9
936.883	24.9
937.101	24.9
937.318	24.9
937.536	24.9
937.753	24.9
937.971	24.9
938.188	24.9
938.406	24.9
938.624	24.9
938.841	24.9
939.059	24.9
939.277	24.9
939.494	25
939.712	25
939.93	25
