360.161	29.6
360.333	29.6
360.504	29.6
360.676	29.5
360.847	29.5
361.019	29.5
361.19	29.6
361.361	29.6
361.533	29.7
361.704	29.7
361.876	29.7
362.047	29.7
362.219	29.6
362.391	29.6
362.562	29.6
362.734	29.6
362.905	29.5
363.077	29.5
363.248	29.5
363.42	29.5
363.592	29.5
363.763	29.4
363.935	29.4
364.106	29.4
364.278	29.4
364.45	29.4
364.621	29.4
364.793	29.4
364.965	29.4
365.137	29.4
365.308	29.4
365.48	29.4
365.652	29.4
365.824	29.3
365.995	29.3
366.167	29.2
366.339	29.2
366.511	29.2
366.683	29.2
366.854	29.2
367.026	29.2
367.198	29.2
367.37	29.1
367.542	29.1
367.714	29.1
367.886	29
368.058	29
368.23	29
368.402	29
368.574	28.9
368.746	28.9
368.918	28.8
369.09	28.8
369.262	28.8
369.434	28.7
369.606	28.8
369.778	28.8
369.95	28.8
370.122	28.8
370.294	28.8
370.467	28.8
370.639	28.8
370.811	28.9
370.983	28.9
371.155	28.9
371.328	28.9
371.5	28.9
371.672	28.9
371.844	28.9
372.017	28.9
372.189	28.9
372.361	28.8
372.534	28.8
372.706	28.7
372.878	28.7
373.051	28.7
373.223	28.7
373.396	28.7
373.568	28.7
373.741	28.7
373.913	28.7
374.086	28.7
374.258	28.7
374.431	28.7
374.603	28.7
374.776	28.7
374.949	28.7
375.121	28.7
375.294	28.7
375.467	28.7
375.639	28.7
375.812	28.7
375.985	28.7
376.157	28.7
376.33	28.7
376.503	28.7
376.676	28.6
376.849	28.6
377.021	28.6
377.194	28.7
377.367	28.6
377.54	28.6
377.713	28.6
377.886	28.6
378.059	28.6
378.232	28.6
378.405	28.5
378.578	28.6
378.751	28.6
378.924	28.6
379.097	28.5
379.27	28.5
379.444	28.5
379.617	28.5
379.79	28.5
379.963	28.5
380.136	28.5
380.31	28.5
380.483	28.5
380.656	28.5
380.829	28.4
381.003	28.4
381.176	28.4
381.35	28.3
381.523	28.4
381.696	28.4
381.87	28.4
382.043	28.4
382.217	28.4
382.39	28.3
382.564	28.3
382.738	28.3
382.911	28.3
383.085	28.3
383.258	28.4
383.432	28.4
383.606	28.5
383.779	28.5
383.953	28.5
384.127	28.5
384.301	28.4
384.475	28.4
384.648	28.4
384.822	28.5
384.996	28.5
385.17	28.4
385.344	28.4
385.518	28.4
385.692	28.4
385.866	28.4
386.04	28.4
386.214	28.4
386.388	28.4
386.562	28.4
386.737	28.4
386.911	28.4
387.085	28.4
387.259	28.4
387.434	28.4
387.608	28.4
387.782	28.4
387.956	28.4
388.131	28.4
388.305	28.5
388.48	28.5
388.654	28.5
388.829	28.4
389.003	28.4
389.178	28.4
389.352	28.5
389.527	28.5
389.701	28.5
389.876	28.5
390.051	28.5
390.226	28.5
390.4	28.5
390.575	28.5
390.75	28.5
390.925	28.5
391.099	28.5
391.274	28.5
391.449	28.6
391.624	28.6
391.799	28.6
391.974	28.6
392.149	28.6
392.324	28.6
392.499	28.6
392.675	28.6
392.85	28.7
393.025	28.7
393.2	28.7
393.375	28.7
393.551	28.7
393.726	28.8
393.901	28.8
394.077	28.8
394.252	28.8
394.427	28.8
394.603	28.9
394.778	28.9
394.954	28.9
395.129	28.9
395.305	28.9
395.481	28.9
395.656	28.9
395.832	28.9
396.008	28.9
396.184	28.9
396.359	28.9
396.535	28.9
396.711	28.9
396.887	28.9
397.063	28.9
397.239	28.9
397.415	29
397.591	29
397.767	28.9
397.943	28.9
398.119	28.9
398.295	29
398.471	29
398.648	29
398.824	29
399	29
399.176	29
399.353	29
399.529	29
399.706	29
399.882	29
400.058	29
400.235	29
400.412	29
400.588	29.1
400.765	29.1
400.942	29.1
401.118	29
401.295	29
401.472	29
401.649	29
401.825	29
402.002	29.1
402.179	29.1
402.356	29.1
402.533	29.1
402.71	29.1
402.887	29.1
403.064	29.1
403.242	29.1
403.419	29.1
403.596	29.1
403.773	29.1
403.95	29.1
404.128	29.2
404.305	29.2
404.483	29.2
404.66	29.1
404.837	29.1
405.015	29.2
405.193	29.2
405.37	29.2
405.548	29.2
405.725	29.2
405.903	29.2
406.081	29.2
406.259	29.2
406.437	29.2
406.614	29.2
406.792	29.3
406.97	29.3
407.148	29.3
407.326	29.3
407.504	29.3
407.682	29.3
407.86	29.3
408.039	29.3
408.217	29.3
408.395	29.4
408.573	29.4
408.751	29.4
408.93	29.4
409.108	29.4
409.287	29.4
409.465	29.4
409.643	29.4
409.822	29.4
410	29.4
410.179	29.4
410.358	29.5
410.536	29.5
410.715	29.5
410.894	29.5
411.072	29.5
411.251	29.5
411.43	29.5
411.609	29.5
411.788	29.5
411.967	29.6
412.146	29.6
412.325	29.6
412.504	29.6
412.683	29.6
412.862	29.6
413.041	29.6
413.22	29.6
413.399	29.7
413.578	29.7
413.758	29.7
413.937	29.7
414.116	29.7
414.296	29.7
414.475	29.7
414.654	29.7
414.834	29.7
415.013	29.7
415.193	29.7
415.372	29.7
415.552	29.8
415.732	29.8
415.911	29.8
416.091	29.8
416.271	29.8
416.45	29.8
416.63	29.8
416.81	29.8
416.99	29.8
417.169	29.8
417.349	29.8
417.529	29.8
417.709	29.8
417.889	29.8
418.069	29.8
418.249	29.8
418.429	29.8
418.609	29.8
418.789	29.9
418.97	29.9
419.15	29.9
419.33	29.9
419.51	29.9
419.691	29.9
419.871	29.9
420.051	29.9
420.232	29.9
420.412	29.9
420.592	29.9
420.773	29.9
420.953	29.9
421.134	29.9
421.314	29.9
421.495	29.9
421.675	29.9
421.856	29.9
422.037	29.9
422.217	29.9
422.398	29.9
422.579	29.9
422.76	29.9
422.94	29.9
423.121	29.9
423.302	29.9
423.483	29.9
423.664	29.9
423.845	29.9
424.026	29.9
424.207	29.9
424.388	29.9
424.569	29.9
424.75	30
424.931	30
425.112	30
425.293	30
425.474	30
425.655	30
425.837	30
426.018	30
426.199	30
426.38	30
426.562	30
426.743	30
426.924	30
427.106	30
427.287	30
427.469	30
427.65	30
427.832	30
428.013	30
428.195	30
428.376	30
428.558	30.1
428.739	30.1
428.921	30.1
429.103	30.1
429.284	30.1
429.466	30.1
429.648	30.1
429.83	30.1
430.011	30.1
430.193	30.1
430.375	30.1
430.557	30.1
430.739	30.1
430.921	30.1
431.102	30.1
431.284	30.1
431.466	30.1
431.648	30.1
431.83	30.1
432.012	30.1
432.194	30.1
432.377	30.1
432.559	30.1
432.741	30.1
432.923	30.1
433.105	30.1
433.287	30.1
433.469	30.1
433.652	30.1
433.834	30.1
434.016	30.1
434.198	30.2
434.381	30.2
434.563	30.2
434.745	30.2
434.928	30.2
435.11	30.2
435.293	30.2
435.475	30.2
435.658	30.2
435.84	30.2
436.022	30.2
436.205	30.2
436.388	30.2
436.57	30.2
436.753	30.2
436.935	30.3
437.118	30.3
437.301	30.3
437.483	30.3
437.666	30.3
437.849	30.3
438.031	30.3
438.214	30.3
438.397	30.3
438.58	30.3
438.762	30.3
438.945	30.3
439.128	30.4
439.311	30.4
439.494	30.4
439.677	30.4
439.859	30.4
440.042	30.4
440.225	30.4
440.408	30.5
440.591	30.5
440.774	30.5
440.957	30.5
441.14	30.5
441.323	30.5
441.507	30.5
441.69	30.5
441.873	30.5
442.056	30.5
442.239	30.5
442.422	30.5
442.605	30.5
442.789	30.5
442.972	30.5
443.155	30.5
443.338	30.5
443.522	30.5
443.705	30.5
443.888	30.5
444.072	30.5
444.255	30.5
444.438	30.5
444.622	30.6
444.805	30.6
444.989	30.6
445.172	30.6
445.356	30.6
445.539	30.6
445.723	30.6
445.906	30.6
446.09	30.6
446.273	30.6
446.457	30.6
446.64	30.6
446.824	30.6
447.008	30.6
447.191	30.6
447.375	30.6
447.559	30.6
447.742	30.6
447.926	30.6
448.11	30.6
448.293	30.6
448.477	30.6
448.661	30.6
448.845	30.6
449.029	30.6
449.212	30.6
449.396	30.6
449.58	30.6
449.764	30.6
449.948	30.6
450.132	30.6
450.316	30.6
450.5	30.6
450.684	30.7
450.868	30.7
451.052	30.7
451.236	30.7
451.42	30.7
451.604	30.7
451.788	30.7
451.972	30.7
452.156	30.7
452.34	30.7
452.525	30.7
452.709	30.7
452.893	30.7
453.077	30.7
453.261	30.7
453.446	30.7
453.63	30.7
453.814	30.7
453.998	30.7
454.183	30.7
454.367	30.7
454.551	30.7
454.736	30.7
454.92	30.7
455.104	30.7
455.289	30.7
455.473	30.7
455.658	30.7
455.842	30.7
456.026	30.7
456.211	30.7
456.395	30.7
456.58	30.8
456.764	30.8
456.949	30.8
457.134	30.8
457.318	30.8
457.503	30.8
457.687	30.8
457.872	30.8
458.057	30.8
458.241	30.8
458.426	30.8
458.611	30.8
458.795	30.8
458.98	30.8
459.165	30.9
459.349	30.9
459.534	30.9
459.719	30.9
459.904	30.9
460.088	30.9
460.273	30.9
460.458	30.9
460.643	30.9
460.828	30.9
461.013	30.9
461.198	30.9
461.382	30.9
461.567	30.9
461.752	30.9
461.937	30.9
462.122	30.9
462.307	30.9
462.492	30.9
462.677	30.9
462.862	31
463.047	31
463.232	31
463.417	31
463.602	31
463.788	31
463.973	31
464.158	31
464.343	31
464.528	31
464.713	31
464.898	31
465.084	31
465.269	31
465.454	31
465.639	31
465.824	31
466.01	31
466.195	31
466.38	31
466.566	31
466.751	31
466.936	31
467.122	31
467.307	31
467.492	31
467.678	31
467.863	31
468.048	31
468.234	31.1
468.419	31.1
468.605	31.1
468.79	31.1
468.976	31.1
469.161	31.1
469.347	31.1
469.532	31.1
469.718	31.1
469.903	31.1
470.089	31.1
470.274	31.1
470.46	31.1
470.646	31.1
470.831	31.1
471.017	31.1
471.202	31.1
471.388	31.1
471.574	31.1
471.759	31.1
471.945	31.1
472.131	31.1
472.317	31.1
472.502	31.1
472.688	31.1
472.874	31.1
473.059	31.1
473.245	31.1
473.431	31.2
473.617	31.2
473.803	31.2
473.988	31.2
474.174	31.2
474.36	31.2
474.546	31.2
474.732	31.2
474.918	31.2
475.104	31.2
475.29	31.2
475.475	31.2
475.661	31.2
475.847	31.2
476.033	31.2
476.219	31.2
476.405	31.2
476.591	31.2
476.777	31.2
476.963	31.2
477.149	31.2
477.335	31.2
477.521	31.2
477.707	31.2
477.893	31.2
478.08	31.2
478.266	31.2
478.452	31.2
478.638	31.2
478.824	31.2
479.01	31.2
479.196	31.2
479.382	31.2
479.569	31.2
479.755	31.2
479.941	31.2
480.127	31.2
480.313	31.1
480.5	31.1
480.686	31.1
480.872	31.1
481.058	31.1
481.245	31.1
481.431	31.1
481.617	31.1
481.803	31.1
481.99	31.1
482.176	31.1
482.362	31.1
482.549	31.1
482.735	31.1
482.921	31.1
483.108	31.1
483.294	31.1
483.481	31.1
483.667	31.1
483.853	31.1
484.04	31.1
484.226	31.1
484.413	31.1
484.599	31.1
484.786	31.1
484.972	31.1
485.159	31.1
485.345	31.1
485.532	31.1
485.718	31.1
485.905	31.2
486.091	31.2
486.278	31.2
486.464	31.2
486.651	31.2
486.837	31.2
487.024	31.2
487.211	31.2
487.397	31.2
487.584	31.2
487.77	31.2
487.957	31.2
488.144	31.2
488.33	31.2
488.517	31.2
488.704	31.2
488.89	31.2
489.077	31.3
489.264	31.3
489.45	31.3
489.637	31.3
489.824	31.3
490.01	31.3
490.197	31.3
490.384	31.3
490.571	31.3
490.757	31.3
490.944	31.3
491.131	31.4
491.318	31.4
491.505	31.4
491.691	31.4
491.878	31.4
492.065	31.4
492.252	31.4
492.439	31.4
492.626	31.4
492.812	31.4
492.999	31.4
493.186	31.5
493.373	31.5
493.56	31.5
493.747	31.5
493.934	31.5
494.121	31.5
494.308	31.5
494.494	31.5
494.681	31.5
494.868	31.5
495.055	31.5
495.242	31.6
495.429	31.6
495.616	31.6
495.803	31.6
495.99	31.6
496.177	31.6
496.364	31.6
496.551	31.6
496.738	31.6
496.925	31.6
497.112	31.6
497.299	31.6
497.486	31.6
497.673	31.7
497.861	31.7
498.048	31.7
498.235	31.7
498.422	31.7
498.609	31.7
498.796	31.7
498.983	31.7
499.17	31.7
499.357	31.7
499.544	31.7
499.732	31.7
499.919	31.7
500.106	31.7
500.293	31.7
500.48	31.8
500.667	31.8
500.855	31.8
501.042	31.8
501.229	31.8
501.416	31.8
501.603	31.8
501.791	31.8
501.978	31.8
502.165	31.8
502.352	31.8
502.54	31.8
502.727	31.8
502.914	31.8
503.101	31.8
503.289	31.9
503.476	31.9
503.663	31.9
503.85	31.9
504.038	31.9
504.225	31.9
504.412	31.9
504.6	31.9
504.787	31.9
504.974	31.9
505.161	31.9
505.349	32
505.536	32
505.723	32
505.911	32
506.098	32
506.286	32
506.473	32
506.66	32
506.848	32.1
507.035	32.1
507.222	32.1
507.41	32.1
507.597	32.1
507.785	32.1
507.972	32.1
508.159	32.1
508.347	32.1
508.534	32.1
508.722	32.2
508.909	32.2
509.097	32.2
509.284	32.2
509.471	32.2
509.659	32.2
509.846	32.2
510.034	32.2
510.221	32.2
510.409	32.3
510.596	32.3
510.784	32.3
510.971	32.3
511.159	32.3
511.346	32.3
511.534	32.3
511.721	32.3
511.909	32.3
512.096	32.4
512.284	32.4
512.471	32.4
512.659	32.4
512.846	32.4
513.034	32.4
513.221	32.4
513.409	32.4
513.596	32.4
513.784	32.5
513.972	32.5
514.159	32.5
514.347	32.5
514.534	32.5
514.722	32.5
514.909	32.5
515.097	32.5
515.285	32.6
515.472	32.6
515.66	32.6
515.847	32.6
516.035	32.6
516.222	32.6
516.41	32.6
516.598	32.7
516.785	32.7
516.973	32.7
517.161	32.7
517.348	32.7
517.536	32.7
517.723	32.7
517.911	32.7
518.099	32.8
518.286	32.8
518.474	32.8
518.662	32.8
518.849	32.8
519.037	32.8
519.225	32.8
519.412	32.8
519.6	32.9
519.787	32.9
519.975	32.9
520.163	32.9
520.35	32.9
520.538	32.9
520.726	32.9
520.914	33
521.101	33
521.289	33
521.477	33
521.664	33
521.852	33
522.04	33
522.227	33
522.415	33.1
522.603	33.1
522.79	33.1
522.978	33.1
523.166	33.1
523.354	33.1
523.541	33.1
523.729	33.1
523.917	33.1
524.104	33.2
524.292	33.2
524.48	33.2
524.668	33.2
524.855	33.2
525.043	33.2
525.231	33.2
525.418	33.2
525.606	33.3
525.794	33.3
525.982	33.3
526.169	33.3
526.357	33.3
526.545	33.3
526.733	33.3
526.92	33.3
527.108	33.3
527.296	33.4
527.484	33.4
527.671	33.4
527.859	33.4
528.047	33.4
528.235	33.4
528.422	33.4
528.61	33.5
528.798	33.5
528.986	33.5
529.173	33.5
529.361	33.5
529.549	33.5
529.737	33.5
529.924	33.5
530.112	33.5
530.3	33.6
530.488	33.6
530.675	33.6
530.863	33.6
531.051	33.6
531.239	33.6
531.426	33.6
531.614	33.6
531.802	33.6
531.99	33.6
532.177	33.6
532.365	33.6
532.553	33.6
532.741	33.6
532.928	33.6
533.116	33.6
533.304	33.6
533.492	33.6
533.679	33.6
533.867	33.6
534.055	33.6
534.243	33.6
534.431	33.6
534.618	33.6
534.806	33.6
534.994	33.6
535.182	33.6
535.369	33.6
535.557	33.6
535.745	33.6
535.933	33.6
536.12	33.6
536.308	33.6
536.496	33.6
536.684	33.6
536.871	33.6
537.059	33.6
537.247	33.6
537.435	33.6
537.622	33.6
537.81	33.6
537.998	33.6
538.186	33.6
538.373	33.6
538.561	33.6
538.749	33.6
538.937	33.6
539.124	33.6
539.312	33.6
539.5	33.6
539.688	33.6
539.875	33.6
540.063	33.6
540.251	33.6
540.439	33.6
540.626	33.6
540.814	33.7
541.002	33.7
541.19	33.7
541.377	33.7
541.565	33.7
541.753	33.7
541.941	33.7
542.128	33.7
542.316	33.7
542.504	33.7
542.691	33.7
542.879	33.7
543.067	33.7
543.255	33.7
543.442	33.7
543.63	33.7
543.818	33.8
544.005	33.8
544.193	33.8
544.381	33.8
544.568	33.8
544.756	33.8
544.944	33.8
545.132	33.8
545.319	33.8
545.507	33.8
545.695	33.8
545.882	33.8
546.07	33.8
546.258	33.8
546.445	33.9
546.633	33.9
546.821	33.9
547.008	33.9
547.196	33.9
547.384	33.9
547.571	33.9
547.759	33.9
547.947	33.9
548.134	33.9
548.322	33.9
548.51	33.9
548.697	34
548.885	34
549.073	34
549.26	34
549.448	34
549.636	34
549.823	34
550.011	34
550.199	34
550.386	34
550.574	34
550.762	34
550.949	34
551.137	34
551.325	34.1
551.512	34.1
551.7	34.1
551.888	34.1
552.075	34.1
552.263	34.1
552.451	34.1
552.639	34.1
552.826	34.1
553.014	34.1
553.202	34.1
553.389	34.1
553.577	34.2
553.765	34.2
553.953	34.2
554.14	34.2
554.328	34.2
554.516	34.2
554.704	34.2
554.891	34.2
555.079	34.2
555.267	34.2
555.455	34.2
555.643	34.2
555.83	34.3
556.018	34.3
556.206	34.3
556.394	34.3
556.582	34.3
556.77	34.3
556.957	34.3
557.145	34.3
557.333	34.3
557.521	34.3
557.709	34.3
557.897	34.3
558.085	34.4
558.273	34.4
558.461	34.4
558.649	34.4
558.837	34.4
559.025	34.4
559.213	34.4
559.4	34.4
559.588	34.4
559.777	34.4
559.965	34.4
560.153	34.4
560.341	34.4
560.529	34.5
560.717	34.5
560.905	34.5
561.093	34.5
561.281	34.5
561.469	34.5
561.657	34.5
561.845	34.5
562.034	34.5
562.222	34.5
562.41	34.5
562.598	34.5
562.786	34.5
562.975	34.5
563.163	34.5
563.351	34.5
563.539	34.5
563.728	34.5
563.916	34.5
564.104	34.5
564.293	34.5
564.481	34.5
564.67	34.5
564.858	34.6
565.046	34.6
565.235	34.6
565.423	34.6
565.612	34.6
565.8	34.6
565.989	34.6
566.177	34.6
566.366	34.6
566.554	34.6
566.743	34.6
566.932	34.6
567.12	34.6
567.309	34.6
567.497	34.6
567.686	34.6
567.875	34.6
568.064	34.6
568.252	34.6
568.441	34.6
568.63	34.6
568.819	34.6
569.007	34.6
569.196	34.6
569.385	34.6
569.574	34.6
569.763	34.6
569.952	34.6
570.141	34.6
570.33	34.6
570.519	34.6
570.708	34.6
570.897	34.6
571.086	34.6
571.275	34.6
571.464	34.6
571.653	34.6
571.843	34.6
572.032	34.6
572.221	34.6
572.41	34.7
572.599	34.6
572.789	34.7
572.978	34.7
573.167	34.7
573.357	34.7
573.546	34.6
573.736	34.6
573.925	34.7
574.115	34.7
574.304	34.7
574.494	34.7
574.683	34.7
574.873	34.7
575.062	34.7
575.252	34.7
575.442	34.7
575.631	34.7
575.821	34.7
576.011	34.7
576.201	34.7
576.39	34.7
576.58	34.7
576.77	34.7
576.96	34.7
577.15	34.7
577.34	34.7
577.53	34.7
577.72	34.7
577.91	34.7
578.1	34.7
578.29	34.7
578.48	34.7
578.67	34.7
578.861	34.7
579.051	34.7
579.241	34.7
579.431	34.7
579.622	34.7
579.812	34.7
580.002	34.7
580.193	34.7
580.383	34.7
580.574	34.7
580.764	34.7
580.955	34.7
581.145	34.7
581.336	34.7
581.526	34.7
581.717	34.7
581.908	34.8
582.098	34.8
582.289	34.8
582.48	34.8
582.671	34.8
582.862	34.8
583.052	34.8
583.243	34.8
583.434	34.8
583.625	34.8
583.816	34.8
584.007	34.8
584.198	34.8
584.389	34.8
584.58	34.8
584.771	34.8
584.962	34.8
585.154	34.8
585.345	34.8
585.536	34.8
585.727	34.8
585.918	34.8
586.11	34.8
586.301	34.8
586.492	34.8
586.684	34.8
586.875	34.8
587.067	34.8
587.258	34.8
587.45	34.8
587.641	34.8
587.833	34.8
588.024	34.9
588.216	34.9
588.408	34.9
588.599	34.9
588.791	34.9
588.983	34.9
589.174	34.9
589.366	34.9
589.558	34.9
589.75	34.9
589.942	34.9
590.134	34.9
590.326	34.9
590.518	34.9
590.71	34.9
590.902	34.9
591.094	34.9
591.286	34.9
591.478	34.9
591.67	34.9
591.862	34.9
592.054	34.9
592.246	34.9
592.439	34.9
592.631	34.9
592.823	34.9
593.016	34.9
593.208	35
593.4	35
593.593	35
593.785	35
593.978	35
594.17	35
594.363	35
594.555	35
594.748	35
594.94	35
595.133	35
595.326	35
595.518	35
595.711	35
595.904	35
596.096	35
596.289	35
596.482	35
596.675	35
596.868	35
597.061	35
597.254	35
597.447	35
597.64	35
597.833	35
598.026	35
598.219	35
598.412	35
598.605	35
598.798	35
598.991	35
599.184	35
599.378	35
599.571	35
599.764	35
599.957	35
600.151	35
600.344	35
600.538	35
600.731	35
600.924	35
601.118	35
601.311	35
601.505	35.1
601.698	35.1
601.892	35.1
602.086	35.1
602.279	35.1
602.473	35.1
602.667	35.1
602.86	35.1
603.054	35.1
603.248	35.1
603.442	35.1
603.635	35.1
603.829	35.1
604.023	35.1
604.217	35.1
604.411	35.1
604.605	35.1
604.799	35.1
604.993	35.1
605.187	35.1
605.381	35.1
605.575	35.1
605.769	35.1
605.963	35.1
606.157	35.1
606.352	35.1
606.546	35.1
606.74	35.1
606.934	35.1
607.129	35.1
607.323	35.1
607.517	35.1
607.712	35.1
607.906	35.1
608.1	35.1
608.295	35.1
608.489	35.1
608.684	35.1
608.878	35.1
609.073	35.2
609.267	35.2
609.462	35.2
609.657	35.2
609.851	35.2
610.046	35.2
610.241	35.2
610.435	35.2
610.63	35.2
610.825	35.2
611.02	35.2
611.215	35.2
611.41	35.2
611.604	35.2
611.799	35.2
611.994	35.2
612.189	35.2
612.384	35.2
612.579	35.2
612.774	35.2
612.969	35.2
613.164	35.2
613.359	35.2
613.555	35.2
613.75	35.2
613.945	35.2
614.14	35.2
614.335	35.2
614.531	35.2
614.726	35.2
614.921	35.2
615.117	35.2
615.312	35.2
615.507	35.2
615.703	35.2
615.898	35.2
616.094	35.1
616.289	35.1
616.485	35.1
616.68	35.1
616.876	35.1
617.071	35.1
617.267	35.1
617.463	35.1
617.658	35.1
617.854	35.1
618.05	35.1
618.245	35.1
618.441	35.1
618.637	35.1
618.833	35.1
619.029	35.1
619.225	35.1
619.42	35.1
619.616	35.1
619.812	35.1
620.008	35.1
620.204	35.1
620.4	35.1
620.596	35.1
620.792	35.1
620.988	35.1
621.184	35.1
621.381	35.1
621.577	35.1
621.773	35.1
621.969	35.1
622.165	35.1
622.362	35.1
622.558	35.1
622.754	35.1
622.951	35.1
623.147	35.1
623.343	35.1
623.54	35.1
623.736	35.1
623.933	35.1
624.129	35.1
624.326	35.1
624.522	35.1
624.719	35.1
624.915	35.1
625.112	35.2
625.308	35.2
625.505	35.2
625.702	35.2
625.898	35.2
626.095	35.2
626.292	35.2
626.489	35.2
626.685	35.2
626.882	35.2
627.079	35.2
627.276	35.2
627.473	35.2
627.67	35.2
627.866	35.2
628.063	35.2
628.26	35.2
628.457	35.2
628.654	35.2
628.851	35.2
629.048	35.2
629.246	35.2
629.443	35.2
629.64	35.2
629.837	35.2
630.034	35.2
630.231	35.2
630.429	35.2
630.626	35.2
630.823	35.2
631.02	35.2
631.218	35.2
631.415	35.2
631.612	35.2
631.81	35.2
632.007	35.2
632.205	35.2
632.402	35.2
632.6	35.2
632.797	35.2
632.995	35.2
633.192	35.2
633.39	35.2
633.587	35.2
633.785	35.2
633.983	35.2
634.18	35.2
634.378	35.2
634.576	35.2
634.773	35.2
634.971	35.2
635.169	35.2
635.367	35.2
635.565	35.2
635.762	35.2
635.96	35.2
636.158	35.2
636.356	35.2
636.554	35.2
636.752	35.2
636.95	35.2
637.148	35.2
637.346	35.2
637.544	35.2
637.742	35.2
637.94	35.2
638.138	35.2
638.337	35.2
638.535	35.2
638.733	35.2
638.931	35.2
639.129	35.2
639.328	35.2
639.526	35.2
639.724	35.2
639.922	35.2
640.121	35.2
640.319	35.2
640.518	35.3
640.716	35.3
640.914	35.3
641.113	35.3
641.311	35.3
641.51	35.3
641.708	35.3
641.907	35.3
642.105	35.3
642.304	35.3
642.503	35.3
642.701	35.3
642.9	35.3
643.098	35.3
643.297	35.3
643.496	35.3
643.695	35.3
643.893	35.3
644.092	35.3
644.291	35.3
644.49	35.3
644.689	35.3
644.887	35.3
645.086	35.3
645.285	35.3
645.484	35.3
645.683	35.3
645.882	35.3
646.081	35.3
646.28	35.3
646.479	35.3
646.678	35.3
646.877	35.3
647.076	35.3
647.276	35.3
647.475	35.3
647.674	35.3
647.873	35.3
648.072	35.4
648.271	35.4
648.471	35.4
648.67	35.4
648.869	35.4
649.069	35.4
649.268	35.4
649.467	35.4
649.667	35.4
649.866	35.4
650.065	35.4
650.265	35.4
650.464	35.4
650.664	35.4
650.863	35.4
651.063	35.4
651.262	35.4
651.462	35.4
651.662	35.4
651.861	35.4
652.061	35.4
652.26	35.4
652.46	35.4
652.66	35.4
652.859	35.4
653.059	35.4
653.259	35.4
653.459	35.4
653.658	35.4
653.858	35.4
654.058	35.4
654.258	35.4
654.458	35.4
654.658	35.4
654.858	35.4
655.058	35.4
655.258	35.4
655.457	35.4
655.657	35.4
655.857	35.3
656.058	35.3
656.258	35.3
656.458	35.3
656.658	35.3
656.858	35.3
657.058	35.3
657.258	35.3
657.458	35.3
657.659	35.3
657.859	35.3
658.059	35.3
658.259	35.3
658.459	35.3
658.66	35.3
658.86	35.3
659.06	35.3
659.261	35.3
659.461	35.3
659.662	35.3
659.862	35.3
660.062	35.3
660.263	35.3
660.463	35.3
660.664	35.3
660.864	35.3
661.065	35.3
661.265	35.3
661.466	35.3
661.667	35.3
661.867	35.3
662.068	35.3
662.268	35.3
662.469	35.3
662.67	35.3
662.87	35.3
663.071	35.3
663.272	35.3
663.473	35.3
663.674	35.3
663.874	35.3
664.075	35.3
664.276	35.3
664.477	35.3
664.678	35.3
664.879	35.3
665.08	35.3
665.28	35.3
665.481	35.3
665.682	35.3
665.883	35.3
666.084	35.3
666.285	35.3
666.486	35.3
666.688	35.3
666.889	35.3
667.09	35.3
667.291	35.3
667.492	35.3
667.693	35.3
667.894	35.3
668.096	35.3
668.297	35.3
668.498	35.3
668.699	35.2
668.901	35.2
669.102	35.2
669.303	35.2
669.505	35.2
669.706	35.2
669.907	35.2
670.109	35.2
670.31	35.2
670.511	35.2
670.713	35.2
670.914	35.2
671.116	35.2
671.317	35.2
671.519	35.2
671.72	35.2
671.922	35.2
672.124	35.2
672.325	35.2
672.527	35.2
672.728	35.2
672.93	35.2
673.132	35.2
673.333	35.2
673.535	35.2
673.737	35.2
673.939	35.2
674.14	35.2
674.342	35.2
674.544	35.2
674.746	35.2
674.948	35.2
675.149	35.2
675.351	35.2
675.553	35.2
675.755	35.2
675.957	35.2
676.159	35.2
676.361	35.2
676.563	35.2
676.765	35.2
676.967	35.2
677.169	35.2
677.371	35.2
677.573	35.2
677.775	35.2
677.977	35.2
678.179	35.2
678.381	35.2
678.583	35.2
678.786	35.2
678.988	35.2
679.19	35.2
679.392	35.2
679.594	35.2
679.797	35.2
679.999	35.2
680.201	35.2
680.404	35.2
680.606	35.2
680.808	35.2
681.011	35.2
681.213	35.2
681.415	35.2
681.618	35.2
681.82	35.2
682.023	35.2
682.225	35.2
682.428	35.2
682.63	35.2
682.833	35.2
683.035	35.2
683.238	35.2
683.44	35.2
683.643	35.2
683.845	35.2
684.048	35.2
684.251	35.2
684.453	35.2
684.656	35.2
684.859	35.2
685.061	35.2
685.264	35.2
685.467	35.2
685.67	35.2
685.872	35.2
686.075	35.2
686.278	35.2
686.481	35.2
686.684	35.2
686.886	35.2
687.089	35.2
687.292	35.2
687.495	35.2
687.698	35.2
687.901	35.3
688.104	35.3
688.307	35.3
688.51	35.3
688.713	35.3
688.916	35.3
689.119	35.3
689.322	35.3
689.525	35.3
689.728	35.3
689.931	35.3
690.134	35.3
690.337	35.3
690.54	35.3
690.744	35.3
690.947	35.3
691.15	35.3
691.353	35.3
691.556	35.3
691.76	35.3
691.963	35.3
692.166	35.3
692.37	35.3
692.573	35.3
692.776	35.3
692.979	35.3
693.183	35.3
693.386	35.3
693.59	35.3
693.793	35.3
693.996	35.3
694.2	35.3
694.403	35.4
694.607	35.4
694.81	35.4
695.014	35.4
695.217	35.4
695.421	35.4
695.624	35.4
695.828	35.4
696.031	35.4
696.235	35.4
696.439	35.4
696.642	35.4
696.846	35.4
697.049	35.4
697.253	35.4
697.457	35.4
697.661	35.5
697.864	35.5
698.068	35.5
698.272	35.5
698.475	35.5
698.679	35.5
698.883	35.5
699.087	35.5
699.291	35.5
699.494	35.5
699.698	35.5
699.902	35.5
700.106	35.5
700.31	35.5
700.514	35.5
700.718	35.5
700.922	35.5
701.126	35.5
701.33	35.5
701.534	35.5
701.738	35.5
701.942	35.5
702.146	35.5
702.35	35.5
702.554	35.5
702.758	35.5
702.962	35.5
703.166	35.5
703.37	35.5
703.574	35.5
703.778	35.5
703.983	35.5
704.187	35.5
704.391	35.5
704.595	35.5
704.799	35.5
705.004	35.5
705.208	35.5
705.412	35.5
705.616	35.5
705.821	35.5
706.025	35.5
706.229	35.5
706.434	35.5
706.638	35.5
706.842	35.5
707.047	35.5
707.251	35.5
707.455	35.5
707.66	35.5
707.864	35.5
708.069	35.5
708.273	35.5
708.478	35.5
708.682	35.5
708.887	35.5
709.091	35.5
709.296	35.5
709.5	35.5
709.705	35.6
709.909	35.6
710.114	35.6
710.319	35.6
710.523	35.6
710.728	35.6
710.932	35.6
711.137	35.6
711.342	35.6
711.546	35.6
711.751	35.6
711.956	35.6
712.161	35.6
712.365	35.6
712.57	35.6
712.775	35.6
712.98	35.6
713.184	35.6
713.389	35.6
713.594	35.6
713.799	35.6
714.004	35.6
714.209	35.6
714.413	35.6
714.618	35.6
714.823	35.6
715.028	35.6
715.233	35.6
715.438	35.6
715.643	35.6
715.848	35.6
716.053	35.6
716.258	35.6
716.463	35.6
716.668	35.7
716.873	35.7
717.078	35.7
717.283	35.7
717.488	35.7
717.693	35.7
717.898	35.7
718.103	35.7
718.308	35.7
718.514	35.7
718.719	35.7
718.924	35.7
719.129	35.7
719.334	35.7
719.539	35.7
719.745	35.8
719.95	35.8
720.155	35.8
720.36	35.8
720.566	35.8
720.771	35.8
720.976	35.8
721.182	35.8
721.387	35.8
721.592	35.8
721.798	35.8
722.003	35.8
722.208	35.8
722.414	35.8
722.619	35.8
722.824	35.8
723.03	35.8
723.235	35.8
723.441	35.8
723.646	35.8
723.852	35.8
724.057	35.8
724.263	35.8
724.468	35.8
724.674	35.8
724.879	35.8
725.085	35.8
725.29	35.8
725.496	35.8
725.701	35.8
725.907	35.8
726.112	35.8
726.318	35.8
726.524	35.8
726.729	35.8
726.935	35.8
727.141	35.8
727.346	35.8
727.552	35.8
727.758	35.8
727.963	35.8
728.169	35.8
728.375	35.8
728.581	35.8
728.786	35.8
728.992	35.8
729.198	35.8
729.404	35.8
729.609	35.9
729.815	35.9
730.021	35.9
730.227	35.9
730.433	35.9
730.639	35.9
730.844	35.9
731.05	35.9
731.256	35.9
731.462	35.9
731.668	35.9
731.874	35.9
732.08	35.9
732.286	35.9
732.492	35.9
732.698	35.9
732.904	35.9
733.11	36
733.316	36
733.522	36
733.728	36
733.934	36
734.14	36
734.346	36
734.552	36
734.758	36
734.964	36
735.17	36
735.376	36
735.583	36
735.789	36
735.995	36
736.201	36
736.407	36
736.613	36
736.819	36
737.026	36
737.232	36
737.438	36
737.644	36
737.851	36
738.057	36
738.263	36
738.469	36
738.676	36
738.882	36.1
739.088	36.1
739.295	36
739.501	36
739.707	36
739.914	36
740.12	36.1
740.326	36.1
740.533	36.1
740.739	36.1
740.946	36.1
741.152	36.1
741.358	36.1
741.565	36
741.771	36
741.978	36
742.184	36
742.391	36
742.597	36.1
742.804	36.1
743.01	36.1
743.217	36.1
743.423	36.1
743.63	36.1
743.836	36.1
744.043	36.1
744.249	36.1
744.456	36.1
744.663	36.1
744.869	36.1
745.076	36.1
745.282	36.1
745.489	36.1
745.696	36.1
745.902	36.1
746.109	36.1
746.316	36.1
746.522	36.1
746.729	36.1
746.936	36.1
747.142	36.1
747.349	36.1
747.556	36.1
747.762	36.1
747.969	36.1
748.176	36.1
748.383	36.1
748.589	36.1
748.796	36.1
749.003	36.1
749.21	36.1
749.417	36.1
749.623	36.1
749.83	36.1
750.037	36.1
750.244	36.2
750.451	36.2
750.658	36.2
750.865	36.2
751.071	36.2
751.278	36.2
751.485	36.2
751.692	36.2
751.899	36.2
752.106	36.2
752.313	36.2
752.52	36.2
752.727	36.2
752.934	36.2
753.141	36.2
753.348	36.2
753.555	36.2
753.762	36.3
753.969	36.3
754.176	36.3
754.383	36.3
754.59	36.3
754.797	36.3
755.004	36.3
755.211	36.3
755.418	36.3
755.625	36.3
755.832	36.3
756.039	36.3
756.246	36.3
756.453	36.3
756.66	36.3
756.868	36.3
757.075	36.3
757.282	36.3
757.489	36.3
757.696	36.3
757.903	36.3
758.111	36.3
758.318	36.3
758.525	36.3
758.732	36.3
758.939	36.3
759.147	36.3
759.354	36.3
759.561	36.3
759.768	36.3
759.976	36.3
760.183	36.3
760.39	36.3
760.597	36.3
760.805	36.3
761.012	36.3
761.219	36.3
761.426	36.3
761.634	36.3
761.841	36.3
762.048	36.3
762.256	36.4
762.463	36.4
762.67	36.4
762.878	36.4
763.085	36.4
763.293	36.4
763.5	36.4
763.707	36.4
763.915	36.4
764.122	36.4
764.33	36.4
764.537	36.4
764.744	36.4
764.952	36.4
765.159	36.4
765.367	36.4
765.574	36.4
765.782	36.4
765.989	36.5
766.197	36.5
766.404	36.5
766.612	36.5
766.819	36.5
767.027	36.5
767.234	36.5
767.442	36.5
767.649	36.5
767.857	36.5
768.064	36.5
768.272	36.5
768.479	36.5
768.687	36.5
768.895	36.5
769.102	36.5
769.31	36.5
769.517	36.5
769.725	36.5
769.933	36.5
770.14	36.5
770.348	36.6
770.555	36.6
770.763	36.6
770.971	36.6
771.178	36.6
771.386	36.6
771.594	36.6
771.801	36.6
772.009	36.6
772.217	36.6
772.424	36.6
772.632	36.6
772.84	36.6
773.047	36.6
773.255	36.6
773.463	36.6
773.671	36.6
773.878	36.6
774.086	36.6
774.294	36.6
774.502	36.7
774.709	36.7
774.917	36.7
775.125	36.7
775.333	36.7
775.54	36.7
775.748	36.7
775.956	36.7
776.164	36.7
776.371	36.7
776.579	36.7
776.787	36.7
776.995	36.7
777.203	36.7
777.41	36.7
777.618	36.7
777.826	36.7
778.034	36.7
778.242	36.8
778.45	36.8
778.657	36.8
778.865	36.8
779.073	36.8
779.281	36.8
779.489	36.8
779.697	36.8
779.905	36.8
780.112	36.8
780.32	36.8
780.528	36.8
780.736	36.8
780.944	36.8
781.152	36.8
781.36	36.8
781.568	36.8
781.776	36.8
781.984	36.8
782.191	36.8
782.399	36.9
782.607	36.8
782.815	36.9
783.023	36.9
783.231	36.9
783.439	36.9
783.647	36.9
783.855	36.9
784.063	36.9
784.271	36.9
784.479	36.9
784.687	36.9
784.895	36.9
785.103	36.9
785.311	36.9
785.519	36.9
785.727	36.9
785.935	36.9
786.143	36.9
786.351	37
786.559	37
786.767	37
786.975	37
787.183	37
787.391	37
787.599	37
787.807	37
788.015	37
788.223	37
788.431	37
788.639	37
788.847	37
789.055	37
789.263	37
789.471	37
789.679	37
789.887	37
790.095	37
790.303	37
790.511	37
790.719	37
790.927	37
791.135	37
791.343	37.1
791.551	37.1
791.76	37.1
791.968	37.1
792.176	37.1
792.384	37.1
792.592	37.1
792.8	37.1
793.008	37.1
793.216	37.1
793.424	37.1
793.632	37.1
793.84	37.1
794.048	37.1
794.256	37.1
794.465	37.1
794.673	37.1
794.881	37.1
795.089	37.1
795.297	37.1
795.505	37.1
795.713	37.1
795.921	37.1
796.129	37.1
796.337	37.1
796.546	37.1
796.754	37.1
796.962	37.2
797.17	37.2
797.378	37.2
797.586	37.2
797.794	37.2
798.002	37.2
798.21	37.2
798.419	37.2
798.627	37.2
798.835	37.2
799.043	37.2
799.251	37.2
799.459	37.2
799.667	37.2
799.875	37.2
800.083	37.2
800.292	37.2
800.5	37.2
800.708	37.2
800.916	37.2
801.124	37.2
801.332	37.2
801.54	37.2
801.748	37.2
801.957	37.3
802.165	37.3
802.373	37.3
802.581	37.3
802.789	37.3
802.997	37.3
803.205	37.3
803.414	37.3
803.622	37.3
803.83	37.3
804.038	37.3
804.246	37.3
804.454	37.3
804.662	37.3
804.87	37.3
805.079	37.3
805.287	37.3
805.495	37.3
805.703	37.3
805.911	37.3
806.119	37.3
806.327	37.4
806.535	37.4
806.743	37.4
806.952	37.4
807.16	37.4
807.368	37.4
807.576	37.4
807.784	37.4
807.992	37.4
808.2	37.4
808.408	37.4
808.617	37.4
808.825	37.4
809.033	37.4
809.241	37.4
809.449	37.4
809.657	37.4
809.865	37.4
810.073	37.5
810.281	37.5
810.49	37.5
810.698	37.5
810.906	37.5
811.114	37.5
811.322	37.5
811.53	37.5
811.738	37.5
811.946	37.5
812.154	37.5
812.362	37.5
812.57	37.5
812.779	37.5
812.987	37.5
813.195	37.5
813.403	37.5
813.611	37.5
813.819	37.5
814.027	37.5
814.235	37.5
814.443	37.5
814.651	37.5
814.859	37.5
815.067	37.5
815.275	37.5
815.484	37.5
815.692	37.6
815.9	37.6
816.108	37.6
816.316	37.6
816.524	37.6
816.732	37.6
816.94	37.6
817.148	37.6
817.356	37.6
817.564	37.6
817.772	37.6
817.98	37.6
818.188	37.6
818.397	37.6
818.605	37.6
818.813	37.6
819.021	37.6
819.229	37.6
819.437	37.6
819.645	37.6
819.853	37.6
820.061	37.7
820.269	37.7
820.477	37.7
820.685	37.7
820.893	37.7
821.102	37.7
821.31	37.7
821.518	37.7
821.726	37.7
821.934	37.8
822.142	37.8
822.35	37.8
822.558	37.8
822.766	37.8
822.974	37.8
823.182	37.8
823.39	37.8
823.599	37.8
823.807	37.8
824.015	37.8
824.223	37.8
824.431	37.8
824.639	37.8
824.847	37.8
825.055	37.8
825.263	37.8
825.472	37.8
825.68	37.9
825.888	37.9
826.096	37.9
826.304	37.9
826.512	37.9
826.72	37.9
826.928	37.9
827.137	37.9
827.345	38
827.553	38
827.761	38
827.969	38
828.177	38
828.385	38
828.594	38
828.802	38
829.01	38
829.218	38
829.426	38
829.634	38
829.843	38
830.051	38
830.259	38
830.467	38
830.675	38
830.883	38
831.092	38.1
831.3	38.1
831.508	38.1
831.716	38.1
831.924	38.1
832.133	38.1
832.341	38.1
832.549	38.1
832.757	38.1
832.966	38.1
833.174	38.1
833.382	38.1
833.59	38.1
833.799	38.1
834.007	38.1
834.215	38.1
834.423	38.1
834.632	38.1
834.84	38.1
835.048	38.1
835.256	38.1
835.465	38.1
835.673	38.1
835.881	38.1
836.09	38.1
836.298	38.1
836.506	38.1
836.715	38.1
836.923	38.2
837.131	38.1
837.34	38.2
837.548	38.2
837.756	38.2
837.965	38.2
838.173	38.2
838.381	38.2
838.59	38.2
838.798	38.1
839.006	38.1
839.215	38.2
839.423	38.2
839.632	38.1
839.84	38.1
840.048	38.1
840.257	38.1
840.465	38.2
840.674	38.1
840.882	38.2
841.091	38.2
841.299	38.2
841.508	38.2
841.716	38.2
841.924	38.2
842.133	38.2
842.341	38.2
842.55	38.3
842.758	38.3
842.967	38.3
843.175	38.3
843.384	38.3
843.593	38.3
843.801	38.3
844.01	38.3
844.218	38.3
844.427	38.3
844.635	38.3
844.844	38.3
845.052	38.3
845.261	38.3
845.47	38.3
845.678	38.4
845.887	38.4
846.095	38.4
846.304	38.4
846.513	38.4
846.721	38.4
846.93	38.4
847.139	38.4
847.347	38.4
847.556	38.5
847.765	38.5
847.973	38.5
848.182	38.5
848.391	38.5
848.6	38.5
848.808	38.5
849.017	38.5
849.226	38.5
849.435	38.5
849.643	38.5
849.852	38.5
850.061	38.5
850.27	38.5
850.478	38.5
850.687	38.5
850.896	38.5
851.105	38.5
851.314	38.5
851.523	38.5
851.731	38.5
851.94	38.6
852.149	38.6
852.358	38.6
852.567	38.6
852.776	38.6
852.985	38.6
853.194	38.6
853.403	38.7
853.612	38.7
853.821	38.7
854.03	38.7
854.239	38.7
854.447	38.7
854.656	38.7
854.865	38.7
855.075	38.7
855.284	38.7
855.493	38.7
855.702	38.7
855.911	38.7
856.12	38.7
856.329	38.7
856.538	38.7
856.747	38.7
856.956	38.7
857.165	38.7
857.374	38.8
857.584	38.8
857.793	38.8
858.002	38.8
858.211	38.8
858.42	38.8
858.629	38.8
858.839	38.8
859.048	38.8
859.257	38.8
859.466	38.8
859.676	38.8
859.885	38.8
860.094	38.8
860.304	38.8
860.513	38.8
860.722	38.8
860.932	38.8
861.141	38.8
861.35	38.8
861.56	38.8
861.769	38.8
861.978	38.8
862.188	38.8
862.397	38.8
862.607	38.8
862.816	38.8
863.026	38.8
863.235	38.8
863.445	38.8
863.654	38.8
863.864	38.8
864.073	38.9
864.283	38.9
864.492	38.9
864.702	38.8
864.911	38.9
865.121	38.9
865.33	38.9
865.54	38.9
865.75	38.9
865.959	38.9
866.169	38.9
866.379	38.9
866.588	38.9
866.798	38.9
867.008	38.9
867.218	39
867.427	39
867.637	39
867.847	39
868.057	39
868.266	39
868.476	39
868.686	39
868.896	39
869.106	39
869.316	39.1
869.525	39.1
869.735	39
869.945	39
870.155	39
870.365	39
870.575	39
870.785	39
870.995	39
871.205	39
871.415	39
871.625	39
871.835	39
872.045	39.1
872.255	39.1
872.465	39.1
872.675	39
872.886	39
873.096	39.1
873.306	39.1
873.516	39.1
873.726	39.1
873.936	39.1
874.147	39.1
874.357	39
874.567	39.1
874.777	39
874.988	39
875.198	39
875.408	39
875.619	39
875.829	39
876.039	39
876.25	39
876.46	39
876.67	39
876.881	39
877.091	39
877.302	39
877.512	39
877.723	39
877.933	38.9
878.144	39
878.354	39
878.565	39
878.775	39
878.986	39
879.197	39
879.407	38.9
879.618	38.9
879.829	38.9
880.039	38.9
880.25	38.9
880.461	38.9
880.671	38.9
880.882	38.9
881.093	38.9
881.304	38.9
881.515	38.9
881.725	38.8
881.936	38.8
882.147	38.8
882.358	38.8
882.569	38.8
882.78	38.8
882.991	38.9
883.202	38.9
883.413	38.9
883.624	38.9
883.835	38.9
884.046	38.9
884.257	38.9
884.468	38.9
884.679	38.9
884.89	38.9
885.101	38.9
885.312	38.9
885.523	38.9
885.735	38.9
885.946	38.9
886.157	38.9
886.368	38.9
886.579	38.9
886.791	38.9
887.002	39
887.213	39
887.425	39
887.636	39
887.847	39.1
888.059	39.1
888.27	39.1
888.481	39.1
888.693	39.2
888.904	39.2
889.116	39.2
889.327	39.2
889.539	39.2
889.75	39.2
889.962	39.2
890.174	39.2
890.385	39.3
890.597	39.3
890.808	39.3
891.02	39.3
891.232	39.3
891.444	39.3
891.655	39.3
891.867	39.3
892.079	39.3
892.291	39.3
892.502	39.3
892.714	39.3
892.926	39.3
893.138	39.3
893.35	39.3
893.562	39.3
893.774	39.3
893.986	39.3
894.198	39.3
894.41	39.3
894.622	39.4
894.834	39.4
895.046	39.4
895.258	39.4
895.47	39.4
895.682	39.4
895.894	39.4
896.106	39.4
896.319	39.3
896.531	39.3
896.743	39.3
896.955	39.4
897.168	39.4
897.38	39.4
897.592	39.4
897.805	39.4
898.017	39.4
898.229	39.4
898.442	39.4
898.654	39.4
898.867	39.4
899.079	39.4
899.292	39.5
899.504	39.5
899.717	39.5
899.929	39.4
900.142	39.5
900.355	39.5
900.567	39.5
900.78	39.5
900.993	39.5
901.205	39.5
901.418	39.5
901.631	39.5
901.844	39.5
902.056	39.5
902.269	39.5
902.482	39.5
902.695	39.5
902.908	39.5
903.121	39.5
903.334	39.5
903.547	39.5
903.76	39.5
903.973	39.5
904.186	39.5
904.399	39.5
904.612	39.5
904.825	39.5
905.038	39.5
905.251	39.6
905.465	39.5
905.678	39.5
905.891	39.5
906.104	39.5
906.318	39.5
906.531	39.4
906.744	39.4
906.958	39.5
907.171	39.5
907.384	39.5
907.598	39.5
907.811	39.5
908.025	39.5
908.238	39.5
908.452	39.5
908.665	39.5
908.879	39.5
909.093	39.5
909.306	39.5
909.52	39.5
909.734	39.4
909.947	39.4
910.161	39.4
910.375	39.4
910.589	39.4
910.803	39.4
911.016	39.4
911.23	39.4
911.444	39.4
911.658	39.4
911.872	39.4
912.086	39.4
912.3	39.4
912.514	39.4
912.728	39.4
912.942	39.4
913.156	39.4
913.37	39.4
913.585	39.4
913.799	39.4
914.013	39.4
914.227	39.4
914.442	39.4
914.656	39.4
914.87	39.4
915.084	39.5
915.299	39.5
915.513	39.5
915.728	39.5
915.942	39.4
916.157	39.4
916.371	39.4
916.586	39.4
916.8	39.4
917.015	39.4
917.229	39.4
917.444	39.4
917.659	39.4
917.874	39.4
918.088	39.4
918.303	39.4
918.518	39.4
918.733	39.4
918.947	39.4
919.162	39.5
919.377	39.5
919.592	39.5
919.807	39.5
920.022	39.5
920.237	39.5
920.452	39.5
920.667	39.5
920.882	39.5
921.097	39.5
921.313	39.5
921.528	39.5
921.743	39.4
921.958	39.4
922.174	39.4
922.389	39.4
922.604	39.4
922.82	39.4
923.035	39.4
923.25	39.4
923.466	39.4
923.681	39.4
923.897	39.4
924.112	39.4
924.328	39.4
924.544	39.4
924.759	39.4
924.975	39.4
925.19	39.5
925.406	39.5
925.622	39.5
925.838	39.5
926.054	39.6
926.269	39.6
926.485	39.6
926.701	39.7
926.917	39.7
927.133	39.7
927.349	39.8
927.565	39.8
927.781	39.8
927.997	39.8
928.213	39.8
928.429	39.8
928.646	39.9
928.862	39.9
929.078	40
929.294	40
929.511	40.1
929.727	40.1
929.943	40.1
930.16	40.2
930.376	40.2
930.592	40.1
930.809	40.1
931.025	40.2
931.242	40.2
931.459	40.2
931.675	40.2
931.892	40.2
932.108	40.2
932.325	40.2
932.542	40.2
932.759	40.2
932.975	40.2
933.192	40.2
933.409	40.2
933.626	40.2
933.843	40.2
934.06	40.2
934.277	40.2
934.494	40.1
934.711	40.1
934.928	40.1
935.145	40
935.362	40
935.58	39.9
935.797	39.9
936.014	39.8
936.231	39.8
936.449	39.7
936.666	39.6
936.883	39.6
937.101	39.5
937.318	39.4
937.536	39.4
937.753	39.4
937.971	39.3
938.188	39.2
938.406	39.1
938.624	39.1
938.841	39.1
939.059	39
939.277	39
939.494	39
939.712	38.9
939.93	38.9
