360.161	12.6
360.333	12.5
360.504	12.5
360.676	12.4
360.847	12.4
361.019	12.4
361.19	12.3
361.361	12.3
361.533	12.3
361.704	12.2
361.876	12.2
362.047	12.2
362.219	12.1
362.391	12
362.562	12
362.734	12
362.905	12
363.077	12
363.248	12
363.42	12
363.592	11.9
363.763	11.9
363.935	11.8
364.106	11.8
364.278	11.8
364.45	11.8
364.621	11.7
364.793	11.7
364.965	11.7
365.137	11.6
365.308	11.6
365.48	11.5
365.652	11.5
365.824	11.5
365.995	11.4
366.167	11.3
366.339	11.3
366.511	11.3
366.683	11.3
366.854	11.2
367.026	11.2
367.198	11.2
367.37	11.1
367.542	11.1
367.714	11.1
367.886	11.1
368.058	11
368.23	11.1
368.402	11.1
368.574	11
368.746	11.1
368.918	11
369.09	10.9
369.262	10.9
369.434	10.9
369.606	10.9
369.778	10.8
369.95	10.8
370.122	10.7
370.294	10.7
370.467	10.7
370.639	10.7
370.811	10.7
370.983	10.8
371.155	10.7
371.328	10.7
371.5	10.7
371.672	10.7
371.844	10.7
372.017	10.7
372.189	10.7
372.361	10.7
372.534	10.6
372.706	10.6
372.878	10.6
373.051	10.5
373.223	10.5
373.396	10.4
373.568	10.3
373.741	10.3
373.913	10.3
374.086	10.3
374.258	10.3
374.431	10.3
374.603	10.3
374.776	10.3
374.949	10.2
375.121	10.2
375.294	10.2
375.467	10.2
375.639	10.1
375.812	10.1
375.985	10.1
376.157	10.1
376.33	10.1
376.503	10
376.676	10
376.849	9.9
377.021	9.9
377.194	9.9
377.367	9.9
377.54	9.9
377.713	9.8
377.886	9.8
378.059	9.7
378.232	9.6
378.405	9.6
378.578	9.6
378.751	9.6
378.924	9.5
379.097	9.5
379.27	9.5
379.444	9.4
379.617	9.4
379.79	9.4
379.963	9.4
380.136	9.4
380.31	9.4
380.483	9.4
380.656	9.3
380.829	9.3
381.003	9.2
381.176	9.2
381.35	9.2
381.523	9.1
381.696	9.1
381.87	9.1
382.043	9.1
382.217	9
382.39	9
382.564	9
382.738	8.9
382.911	8.9
383.085	8.9
383.258	8.9
383.432	8.8
383.606	8.9
383.779	8.9
383.953	8.8
384.127	8.8
384.301	8.8
384.475	8.8
384.648	8.7
384.822	8.7
384.996	8.7
385.17	8.7
385.344	8.7
385.518	8.7
385.692	8.7
385.866	8.7
386.04	8.7
386.214	8.6
386.388	8.6
386.562	8.6
386.737	8.6
386.911	8.6
387.085	8.6
387.259	8.6
387.434	8.6
387.608	8.6
387.782	8.6
387.956	8.6
388.131	8.6
388.305	8.6
388.48	8.6
388.654	8.6
388.829	8.6
389.003	8.6
389.178	8.6
389.352	8.6
389.527	8.6
389.701	8.6
389.876	8.6
390.051	8.6
390.226	8.6
390.4	8.6
390.575	8.6
390.75	8.6
390.925	8.6
391.099	8.6
391.274	8.6
391.449	8.6
391.624	8.6
391.799	8.6
391.974	8.6
392.149	8.6
392.324	8.6
392.499	8.6
392.675	8.6
392.85	8.7
393.025	8.7
393.2	8.6
393.375	8.6
393.551	8.6
393.726	8.6
393.901	8.6
394.077	8.6
394.252	8.6
394.427	8.6
394.603	8.6
394.778	8.6
394.954	8.6
395.129	8.6
395.305	8.6
395.481	8.6
395.656	8.5
395.832	8.5
396.008	8.5
396.184	8.5
396.359	8.5
396.535	8.5
396.711	8.5
396.887	8.5
397.063	8.5
397.239	8.5
397.415	8.5
397.591	8.5
397.767	8.5
397.943	8.4
398.119	8.4
398.295	8.4
398.471	8.4
398.648	8.4
398.824	8.4
399	8.4
399.176	8.4
399.353	8.4
399.529	8.4
399.706	8.4
399.882	8.4
400.058	8.4
400.235	8.4
400.412	8.4
400.588	8.4
400.765	8.4
400.942	8.4
401.118	8.4
401.295	8.4
401.472	8.4
401.649	8.4
401.825	8.3
402.002	8.4
402.179	8.4
402.356	8.3
402.533	8.3
402.71	8.3
402.887	8.3
403.064	8.3
403.242	8.3
403.419	8.3
403.596	8.3
403.773	8.3
403.95	8.3
404.128	8.3
404.305	8.3
404.483	8.3
404.66	8.3
404.837	8.3
405.015	8.3
405.193	8.3
405.37	8.4
405.548	8.3
405.725	8.3
405.903	8.3
406.081	8.3
406.259	8.3
406.437	8.3
406.614	8.3
406.792	8.3
406.97	8.3
407.148	8.3
407.326	8.3
407.504	8.3
407.682	8.3
407.86	8.3
408.039	8.3
408.217	8.3
408.395	8.3
408.573	8.3
408.751	8.3
408.93	8.3
409.108	8.3
409.287	8.2
409.465	8.2
409.643	8.2
409.822	8.3
410	8.2
410.179	8.3
410.358	8.2
410.536	8.2
410.715	8.2
410.894	8.2
411.072	8.2
411.251	8.2
411.43	8.2
411.609	8.2
411.788	8.2
411.967	8.2
412.146	8.2
412.325	8.2
412.504	8.2
412.683	8.2
412.862	8.2
413.041	8.3
413.22	8.3
413.399	8.3
413.578	8.3
413.758	8.3
413.937	8.3
414.116	8.3
414.296	8.3
414.475	8.3
414.654	8.3
414.834	8.3
415.013	8.3
415.193	8.3
415.372	8.3
415.552	8.3
415.732	8.3
415.911	8.3
416.091	8.3
416.271	8.3
416.45	8.3
416.63	8.3
416.81	8.3
416.99	8.3
417.169	8.3
417.349	8.3
417.529	8.3
417.709	8.3
417.889	8.3
418.069	8.3
418.249	8.3
418.429	8.3
418.609	8.3
418.789	8.3
418.97	8.3
419.15	8.3
419.33	8.3
419.51	8.3
419.691	8.3
419.871	8.3
420.051	8.3
420.232	8.3
420.412	8.3
420.592	8.3
420.773	8.3
420.953	8.3
421.134	8.3
421.314	8.2
421.495	8.2
421.675	8.2
421.856	8.2
422.037	8.2
422.217	8.2
422.398	8.2
422.579	8.2
422.76	8.2
422.94	8.2
423.121	8.2
423.302	8.2
423.483	8.2
423.664	8.2
423.845	8.2
424.026	8.2
424.207	8.2
424.388	8.2
424.569	8.2
424.75	8.2
424.931	8.2
425.112	8.2
425.293	8.2
425.474	8.2
425.655	8.2
425.837	8.2
426.018	8.2
426.199	8.2
426.38	8.2
426.562	8.2
426.743	8.2
426.924	8.2
427.106	8.2
427.287	8.2
427.469	8.2
427.65	8.2
427.832	8.2
428.013	8.2
428.195	8.2
428.376	8.2
428.558	8.2
428.739	8.2
428.921	8.2
429.103	8.2
429.284	8.2
429.466	8.2
429.648	8.2
429.83	8.2
430.011	8.2
430.193	8.2
430.375	8.2
430.557	8.2
430.739	8.2
430.921	8.2
431.102	8.2
431.284	8.2
431.466	8.2
431.648	8.2
431.83	8.2
432.012	8.2
432.194	8.2
432.377	8.1
432.559	8.1
432.741	8.1
432.923	8.1
433.105	8.1
433.287	8.1
433.469	8.1
433.652	8.1
433.834	8.1
434.016	8.1
434.198	8.1
434.381	8.1
434.563	8.1
434.745	8.1
434.928	8.1
435.11	8.1
435.293	8.1
435.475	8.1
435.658	8.1
435.84	8
436.022	8
436.205	8
436.388	8
436.57	8
436.753	8
436.935	8
437.118	8
437.301	8
437.483	8
437.666	8
437.849	8
438.031	8
438.214	8
438.397	8
438.58	8
438.762	8
438.945	8
439.128	8
439.311	8
439.494	8
439.677	8
439.859	8
440.042	8
440.225	8
440.408	8
440.591	8
440.774	8
440.957	8
441.14	8
441.323	8
441.507	8
441.69	8
441.873	8
442.056	8
442.239	8
442.422	8
442.605	8
442.789	8
442.972	8
443.155	8
443.338	8
443.522	8
443.705	8
443.888	8
444.072	8
444.255	8
444.438	8
444.622	8
444.805	8
444.989	8
445.172	8
445.356	8
445.539	8
445.723	8
445.906	8
446.09	8
446.273	8
446.457	8
446.64	8
446.824	8
447.008	8
447.191	8
447.375	8
447.559	8
447.742	8
447.926	8
448.11	8
448.293	8
448.477	8
448.661	8
448.845	8
449.029	8
449.212	8
449.396	8
449.58	8
449.764	8
449.948	8
450.132	8
450.316	8
450.5	8
450.684	8
450.868	8
451.052	8
451.236	8
451.42	8
451.604	8
451.788	8
451.972	8
452.156	8
452.34	8
452.525	8
452.709	8
452.893	8
453.077	7.9
453.261	7.9
453.446	7.9
453.63	7.9
453.814	7.9
453.998	7.9
454.183	7.9
454.367	7.9
454.551	7.9
454.736	7.9
454.92	7.9
455.104	7.9
455.289	7.9
455.473	7.9
455.658	7.9
455.842	7.9
456.026	7.9
456.211	7.9
456.395	7.9
456.58	7.9
456.764	7.9
456.949	7.9
457.134	7.9
457.318	7.9
457.503	7.9
457.687	7.9
457.872	7.9
458.057	7.9
458.241	7.9
458.426	7.9
458.611	7.9
458.795	7.9
458.98	7.9
459.165	7.9
459.349	7.9
459.534	7.9
459.719	7.9
459.904	7.9
460.088	7.9
460.273	7.9
460.458	7.9
460.643	7.9
460.828	7.9
461.013	7.9
461.198	7.9
461.382	7.9
461.567	7.9
461.752	7.9
461.937	7.9
462.122	7.9
462.307	7.9
462.492	7.9
462.677	7.9
462.862	7.9
463.047	7.9
463.232	7.9
463.417	7.9
463.602	7.9
463.788	7.9
463.973	7.9
464.158	7.9
464.343	7.9
464.528	7.9
464.713	7.9
464.898	7.9
465.084	7.9
465.269	7.9
465.454	7.9
465.639	7.9
465.824	7.9
466.01	7.9
466.195	7.9
466.38	7.9
466.566	7.9
466.751	7.9
466.936	7.9
467.122	7.9
467.307	7.9
467.492	7.9
467.678	7.9
467.863	7.9
468.048	7.9
468.234	7.9
468.419	7.9
468.605	7.9
468.79	7.9
468.976	7.9
469.161	7.9
469.347	7.9
469.532	7.9
469.718	7.9
469.903	7.9
470.089	7.9
470.274	7.9
470.46	7.9
470.646	7.9
470.831	7.9
471.017	7.9
471.202	7.9
471.388	7.9
471.574	7.9
471.759	7.9
471.945	7.9
472.131	7.9
472.317	7.9
472.502	7.9
472.688	7.9
472.874	7.9
473.059	7.9
473.245	7.9
473.431	7.9
473.617	7.9
473.803	7.9
473.988	7.9
474.174	7.9
474.36	7.9
474.546	7.9
474.732	7.9
474.918	7.9
475.104	7.9
475.29	7.9
475.475	7.9
475.661	7.9
475.847	7.9
476.033	7.9
476.219	7.9
476.405	7.9
476.591	7.9
476.777	7.9
476.963	7.9
477.149	7.9
477.335	7.9
477.521	7.9
477.707	7.9
477.893	7.9
478.08	7.9
478.266	7.9
478.452	7.9
478.638	7.9
478.824	7.9
479.01	7.9
479.196	7.9
479.382	7.9
479.569	7.9
479.755	7.9
479.941	7.9
480.127	8
480.313	8
480.5	8
480.686	8
480.872	8
481.058	8
481.245	8
481.431	8
481.617	8
481.803	8
481.99	8
482.176	8
482.362	8
482.549	8
482.735	8
482.921	8
483.108	8
483.294	8
483.481	8
483.667	8
483.853	8
484.04	8
484.226	8
484.413	8
484.599	8
484.786	8
484.972	8
485.159	8
485.345	8
485.532	8
485.718	8
485.905	8
486.091	8
486.278	8
486.464	8
486.651	8
486.837	8
487.024	8
487.211	8
487.397	8
487.584	8
487.77	8
487.957	8
488.144	8
488.33	8
488.517	8
488.704	8
488.89	8
489.077	8
489.264	8
489.45	8
489.637	8
489.824	8
490.01	8
490.197	8
490.384	8
490.571	8
490.757	8
490.944	8
491.131	8
491.318	8
491.505	8
491.691	8
491.878	8
492.065	8
492.252	8
492.439	8
492.626	8
492.812	8
492.999	8
493.186	8
493.373	8
493.56	8
493.747	8
493.934	8
494.121	8
494.308	8
494.494	8
494.681	8.1
494.868	8.1
495.055	8.1
495.242	8.1
495.429	8.1
495.616	8.1
495.803	8.1
495.99	8.1
496.177	8.1
496.364	8.1
496.551	8.1
496.738	8.1
496.925	8.1
497.112	8.1
497.299	8.1
497.486	8.1
497.673	8.1
497.861	8.1
498.048	8.1
498.235	8.1
498.422	8.1
498.609	8.1
498.796	8.1
498.983	8.1
499.17	8.1
499.357	8.1
499.544	8.1
499.732	8.1
499.919	8.1
500.106	8.1
500.293	8.1
500.48	8.1
500.667	8.1
500.855	8.1
501.042	8.1
501.229	8.1
501.416	8.1
501.603	8.1
501.791	8.1
501.978	8.1
502.165	8.1
502.352	8.1
502.54	8.1
502.727	8.1
502.914	8.1
503.101	8.1
503.289	8.1
503.476	8.1
503.663	8.1
503.85	8.1
504.038	8.1
504.225	8.1
504.412	8.1
504.6	8.1
504.787	8.1
504.974	8.1
505.161	8.1
505.349	8.1
505.536	8.1
505.723	8.1
505.911	8.1
506.098	8.1
506.286	8.1
506.473	8.1
506.66	8.1
506.848	8.1
507.035	8.1
507.222	8.1
507.41	8.1
507.597	8.1
507.785	8.1
507.972	8.1
508.159	8.1
508.347	8.1
508.534	8.1
508.722	8.1
508.909	8.1
509.097	8.1
509.284	8.1
509.471	8.1
509.659	8.1
509.846	8.1
510.034	8.1
510.221	8.1
510.409	8.1
510.596	8.1
510.784	8.1
510.971	8.1
511.159	8.1
511.346	8.1
511.534	8.1
511.721	8.1
511.909	8.1
512.096	8.1
512.284	8.1
512.471	8.1
512.659	8.1
512.846	8.1
513.034	8.1
513.221	8.1
513.409	8.1
513.596	8.1
513.784	8.1
513.972	8.1
514.159	8.1
514.347	8.1
514.534	8.1
514.722	8.1
514.909	8.1
515.097	8.1
515.285	8.1
515.472	8.1
515.66	8.1
515.847	8.1
516.035	8.1
516.222	8.1
516.41	8.1
516.598	8.1
516.785	8.1
516.973	8.1
517.161	8.1
517.348	8.1
517.536	8.1
517.723	8.1
517.911	8.1
518.099	8.1
518.286	8.1
518.474	8.1
518.662	8.1
518.849	8.1
519.037	8.1
519.225	8.1
519.412	8.1
519.6	8.1
519.787	8.1
519.975	8.1
520.163	8.1
520.35	8.1
520.538	8.1
520.726	8.1
520.914	8.1
521.101	8.1
521.289	8.1
521.477	8.1
521.664	8.1
521.852	8.1
522.04	8.1
522.227	8.1
522.415	8.1
522.603	8.1
522.79	8.1
522.978	8.1
523.166	8.1
523.354	8.1
523.541	8.1
523.729	8.1
523.917	8.1
524.104	8.1
524.292	8.1
524.48	8.1
524.668	8.1
524.855	8.1
525.043	8.1
525.231	8.1
525.418	8.1
525.606	8.1
525.794	8.1
525.982	8.1
526.169	8.1
526.357	8.1
526.545	8.1
526.733	8.1
526.92	8.1
527.108	8.1
527.296	8.1
527.484	8.1
527.671	8.1
527.859	8.1
528.047	8.1
528.235	8.2
528.422	8.2
528.61	8.2
528.798	8.2
528.986	8.2
529.173	8.2
529.361	8.2
529.549	8.2
529.737	8.2
529.924	8.2
530.112	8.2
530.3	8.2
530.488	8.2
530.675	8.2
530.863	8.2
531.051	8.2
531.239	8.2
531.426	8.2
531.614	8.2
531.802	8.2
531.99	8.2
532.177	8.2
532.365	8.2
532.553	8.2
532.741	8.2
532.928	8.2
533.116	8.2
533.304	8.2
533.492	8.2
533.679	8.2
533.867	8.2
534.055	8.2
534.243	8.2
534.431	8.2
534.618	8.2
534.806	8.2
534.994	8.2
535.182	8.2
535.369	8.2
535.557	8.3
535.745	8.3
535.933	8.3
536.12	8.3
536.308	8.3
536.496	8.3
536.684	8.3
536.871	8.3
537.059	8.3
537.247	8.3
537.435	8.3
537.622	8.3
537.81	8.3
537.998	8.3
538.186	8.3
538.373	8.3
538.561	8.3
538.749	8.3
538.937	8.3
539.124	8.3
539.312	8.3
539.5	8.3
539.688	8.3
539.875	8.4
540.063	8.4
540.251	8.4
540.439	8.4
540.626	8.4
540.814	8.4
541.002	8.4
541.19	8.4
541.377	8.4
541.565	8.4
541.753	8.4
541.941	8.4
542.128	8.4
542.316	8.4
542.504	8.4
542.691	8.4
542.879	8.4
543.067	8.4
543.255	8.4
543.442	8.4
543.63	8.4
543.818	8.4
544.005	8.4
544.193	8.4
544.381	8.4
544.568	8.4
544.756	8.4
544.944	8.4
545.132	8.4
545.319	8.4
545.507	8.4
545.695	8.5
545.882	8.5
546.07	8.5
546.258	8.5
546.445	8.5
546.633	8.5
546.821	8.5
547.008	8.5
547.196	8.5
547.384	8.5
547.571	8.5
547.759	8.5
547.947	8.5
548.134	8.5
548.322	8.5
548.51	8.5
548.697	8.5
548.885	8.5
549.073	8.5
549.26	8.5
549.448	8.5
549.636	8.5
549.823	8.5
550.011	8.5
550.199	8.6
550.386	8.6
550.574	8.6
550.762	8.6
550.949	8.6
551.137	8.6
551.325	8.6
551.512	8.6
551.7	8.6
551.888	8.6
552.075	8.6
552.263	8.6
552.451	8.6
552.639	8.6
552.826	8.6
553.014	8.6
553.202	8.6
553.389	8.6
553.577	8.6
553.765	8.6
553.953	8.6
554.14	8.6
554.328	8.7
554.516	8.7
554.704	8.7
554.891	8.7
555.079	8.7
555.267	8.7
555.455	8.7
555.643	8.7
555.83	8.7
556.018	8.7
556.206	8.7
556.394	8.7
556.582	8.7
556.77	8.8
556.957	8.8
557.145	8.8
557.333	8.8
557.521	8.8
557.709	8.8
557.897	8.8
558.085	8.8
558.273	8.8
558.461	8.8
558.649	8.8
558.837	8.8
559.025	8.9
559.213	8.9
559.4	8.9
559.588	8.9
559.777	8.9
559.965	8.9
560.153	8.9
560.341	8.9
560.529	8.9
560.717	8.9
560.905	8.9
561.093	8.9
561.281	9
561.469	9
561.657	9
561.845	9
562.034	9
562.222	9
562.41	9
562.598	9
562.786	9
562.975	9
563.163	9
563.351	9
563.539	9.1
563.728	9.1
563.916	9.1
564.104	9.1
564.293	9.1
564.481	9.1
564.67	9.1
564.858	9.1
565.046	9.1
565.235	9.1
565.423	9.1
565.612	9.1
565.8	9.1
565.989	9.2
566.177	9.2
566.366	9.2
566.554	9.2
566.743	9.2
566.932	9.2
567.12	9.2
567.309	9.2
567.497	9.2
567.686	9.2
567.875	9.2
568.064	9.2
568.252	9.3
568.441	9.3
568.63	9.3
568.819	9.3
569.007	9.3
569.196	9.3
569.385	9.3
569.574	9.3
569.763	9.3
569.952	9.4
570.141	9.4
570.33	9.4
570.519	9.4
570.708	9.4
570.897	9.4
571.086	9.4
571.275	9.4
571.464	9.4
571.653	9.5
571.843	9.5
572.032	9.5
572.221	9.5
572.41	9.5
572.599	9.5
572.789	9.5
572.978	9.5
573.167	9.6
573.357	9.6
573.546	9.6
573.736	9.6
573.925	9.6
574.115	9.6
574.304	9.6
574.494	9.6
574.683	9.7
574.873	9.7
575.062	9.7
575.252	9.7
575.442	9.7
575.631	9.7
575.821	9.7
576.011	9.8
576.201	9.8
576.39	9.8
576.58	9.8
576.77	9.8
576.96	9.8
577.15	9.8
577.34	9.9
577.53	9.9
577.72	9.9
577.91	9.9
578.1	9.9
578.29	9.9
578.48	9.9
578.67	10
578.861	10
579.051	10
579.241	10
579.431	10
579.622	10
579.812	10.1
580.002	10.1
580.193	10.1
580.383	10.1
580.574	10.1
580.764	10.1
580.955	10.2
581.145	10.2
581.336	10.2
581.526	10.2
581.717	10.2
581.908	10.2
582.098	10.3
582.289	10.3
582.48	10.3
582.671	10.3
582.862	10.3
583.052	10.3
583.243	10.4
583.434	10.4
583.625	10.4
583.816	10.4
584.007	10.4
584.198	10.5
584.389	10.5
584.58	10.5
584.771	10.5
584.962	10.5
585.154	10.6
585.345	10.6
585.536	10.6
585.727	10.6
585.918	10.6
586.11	10.7
586.301	10.7
586.492	10.7
586.684	10.7
586.875	10.8
587.067	10.8
587.258	10.8
587.45	10.8
587.641	10.8
587.833	10.9
588.024	10.9
588.216	10.9
588.408	10.9
588.599	11
588.791	11
588.983	11
589.174	11
589.366	11
589.558	11.1
589.75	11.1
589.942	11.1
590.134	11.1
590.326	11.2
590.518	11.2
590.71	11.2
590.902	11.2
591.094	11.3
591.286	11.3
591.478	11.3
591.67	11.3
591.862	11.3
592.054	11.4
592.246	11.4
592.439	11.4
592.631	11.4
592.823	11.5
593.016	11.5
593.208	11.5
593.4	11.5
593.593	11.6
593.785	11.6
593.978	11.6
594.17	11.6
594.363	11.7
594.555	11.7
594.748	11.7
594.94	11.7
595.133	11.8
595.326	11.8
595.518	11.8
595.711	11.8
595.904	11.9
596.096	11.9
596.289	11.9
596.482	11.9
596.675	12
596.868	12
597.061	12
597.254	12
597.447	12.1
597.64	12.1
597.833	12.1
598.026	12.2
598.219	12.2
598.412	12.2
598.605	12.2
598.798	12.3
598.991	12.3
599.184	12.3
599.378	12.4
599.571	12.4
599.764	12.4
599.957	12.4
600.151	12.5
600.344	12.5
600.538	12.5
600.731	12.6
600.924	12.6
601.118	12.6
601.311	12.6
601.505	12.7
601.698	12.7
601.892	12.7
602.086	12.8
602.279	12.8
602.473	12.8
602.667	12.8
602.86	12.9
603.054	12.9
603.248	12.9
603.442	13
603.635	13
603.829	13
604.023	13
604.217	13.1
604.411	13.1
604.605	13.1
604.799	13.2
604.993	13.2
605.187	13.2
605.381	13.2
605.575	13.3
605.769	13.3
605.963	13.3
606.157	13.4
606.352	13.4
606.546	13.4
606.74	13.4
606.934	13.5
607.129	13.5
607.323	13.5
607.517	13.6
607.712	13.6
607.906	13.6
608.1	13.6
608.295	13.7
608.489	13.7
608.684	13.7
608.878	13.8
609.073	13.8
609.267	13.8
609.462	13.8
609.657	13.9
609.851	13.9
610.046	13.9
610.241	14
610.435	14
610.63	14
610.825	14
611.02	14.1
611.215	14.1
611.41	14.1
611.604	14.2
611.799	14.2
611.994	14.2
612.189	14.2
612.384	14.3
612.579	14.3
612.774	14.3
612.969	14.4
613.164	14.4
613.359	14.4
613.555	14.4
613.75	14.5
613.945	14.5
614.14	14.5
614.335	14.5
614.531	14.6
614.726	14.6
614.921	14.6
615.117	14.7
615.312	14.7
615.507	14.7
615.703	14.7
615.898	14.8
616.094	14.8
616.289	14.8
616.485	14.8
616.68	14.9
616.876	14.9
617.071	14.9
617.267	15
617.463	15
617.658	15
617.854	15
618.05	15.1
618.245	15.1
618.441	15.1
618.637	15.2
618.833	15.2
619.029	15.2
619.225	15.3
619.42	15.3
619.616	15.3
619.812	15.3
620.008	15.4
620.204	15.4
620.4	15.4
620.596	15.5
620.792	15.5
620.988	15.5
621.184	15.5
621.381	15.6
621.577	15.6
621.773	15.6
621.969	15.6
622.165	15.7
622.362	15.7
622.558	15.7
622.754	15.8
622.951	15.8
623.147	15.8
623.343	15.8
623.54	15.9
623.736	15.9
623.933	15.9
624.129	15.9
624.326	16
624.522	16
624.719	16
624.915	16.1
625.112	16.1
625.308	16.1
625.505	16.1
625.702	16.2
625.898	16.2
626.095	16.2
626.292	16.3
626.489	16.3
626.685	16.3
626.882	16.3
627.079	16.4
627.276	16.4
627.473	16.4
627.67	16.4
627.866	16.5
628.063	16.5
628.26	16.5
628.457	16.6
628.654	16.6
628.851	16.6
629.048	16.7
629.246	16.7
629.443	16.7
629.64	16.8
629.837	16.8
630.034	16.8
630.231	16.8
630.429	16.9
630.626	16.9
630.823	16.9
631.02	17
631.218	17
631.415	17
631.612	17.1
631.81	17.1
632.007	17.1
632.205	17.2
632.402	17.2
632.6	17.2
632.797	17.3
632.995	17.3
633.192	17.3
633.39	17.3
633.587	17.4
633.785	17.4
633.983	17.4
634.18	17.5
634.378	17.5
634.576	17.5
634.773	17.6
634.971	17.6
635.169	17.6
635.367	17.7
635.565	17.7
635.762	17.7
635.96	17.7
636.158	17.8
636.356	17.8
636.554	17.8
636.752	17.9
636.95	17.9
637.148	17.9
637.346	18
637.544	18
637.742	18
637.94	18.1
638.138	18.1
638.337	18.1
638.535	18.2
638.733	18.2
638.931	18.2
639.129	18.2
639.328	18.3
639.526	18.3
639.724	18.3
639.922	18.4
640.121	18.4
640.319	18.4
640.518	18.5
640.716	18.5
640.914	18.5
641.113	18.6
641.311	18.6
641.51	18.6
641.708	18.7
641.907	18.7
642.105	18.7
642.304	18.8
642.503	18.8
642.701	18.8
642.9	18.9
643.098	18.9
643.297	19
643.496	19
643.695	19
643.893	19.1
644.092	19.1
644.291	19.1
644.49	19.2
644.689	19.2
644.887	19.2
645.086	19.3
645.285	19.3
645.484	19.4
645.683	19.4
645.882	19.4
646.081	19.5
646.28	19.5
646.479	19.5
646.678	19.6
646.877	19.6
647.076	19.6
647.276	19.7
647.475	19.7
647.674	19.7
647.873	19.8
648.072	19.8
648.271	19.9
648.471	19.9
648.67	19.9
648.869	20
649.069	20
649.268	20
649.467	20.1
649.667	20.1
649.866	20.1
650.065	20.2
650.265	20.2
650.464	20.2
650.664	20.3
650.863	20.3
651.063	20.4
651.262	20.4
651.462	20.4
651.662	20.5
651.861	20.5
652.061	20.6
652.26	20.6
652.46	20.6
652.66	20.7
652.859	20.7
653.059	20.7
653.259	20.8
653.459	20.8
653.658	20.9
653.858	20.9
654.058	20.9
654.258	21
654.458	21
654.658	21
654.858	21.1
655.058	21.1
655.258	21.2
655.457	21.2
655.657	21.2
655.857	21.3
656.058	21.3
656.258	21.4
656.458	21.4
656.658	21.4
656.858	21.5
657.058	21.5
657.258	21.6
657.458	21.6
657.659	21.6
657.859	21.7
658.059	21.7
658.259	21.7
658.459	21.8
658.66	21.8
658.86	21.9
659.06	21.9
659.261	21.9
659.461	22
659.662	22
659.862	22.1
660.062	22.1
660.263	22.1
660.463	22.2
660.664	22.2
660.864	22.2
661.065	22.3
661.265	22.3
661.466	22.4
661.667	22.4
661.867	22.5
662.068	22.5
662.268	22.5
662.469	22.6
662.67	22.6
662.87	22.7
663.071	22.7
663.272	22.8
663.473	22.8
663.674	22.8
663.874	22.9
664.075	22.9
664.276	23
664.477	23
664.678	23
664.879	23.1
665.08	23.1
665.28	23.2
665.481	23.2
665.682	23.2
665.883	23.3
666.084	23.3
666.285	23.4
666.486	23.4
666.688	23.5
666.889	23.5
667.09	23.5
667.291	23.6
667.492	23.6
667.693	23.7
667.894	23.7
668.096	23.8
668.297	23.8
668.498	23.9
668.699	23.9
668.901	24
669.102	24
669.303	24
669.505	24.1
669.706	24.1
669.907	24.2
670.109	24.2
670.31	24.3
670.511	24.3
670.713	24.3
670.914	24.4
671.116	24.4
671.317	24.5
671.519	24.5
671.72	24.6
671.922	24.6
672.124	24.7
672.325	24.7
672.527	24.7
672.728	24.8
672.93	24.8
673.132	24.9
673.333	24.9
673.535	25
673.737	25
673.939	25.1
674.14	25.1
674.342	25.2
674.544	25.2
674.746	25.3
674.948	25.3
675.149	25.4
675.351	25.4
675.553	25.5
675.755	25.5
675.957	25.6
676.159	25.6
676.361	25.6
676.563	25.7
676.765	25.7
676.967	25.8
677.169	25.8
677.371	25.9
677.573	25.9
677.775	26
677.977	26
678.179	26.1
678.381	26.1
678.583	26.2
678.786	26.2
678.988	26.3
679.19	26.3
679.392	26.4
679.594	26.4
679.797	26.5
679.999	26.5
680.201	26.6
680.404	26.6
680.606	26.7
680.808	26.7
681.011	26.8
681.213	26.8
681.415	26.9
681.618	26.9
681.82	27
682.023	27
682.225	27.1
682.428	27.1
682.63	27.2
682.833	27.2
683.035	27.3
683.238	27.3
683.44	27.4
683.643	27.4
683.845	27.5
684.048	27.5
684.251	27.6
684.453	27.6
684.656	27.7
684.859	27.7
685.061	27.8
685.264	27.8
685.467	27.9
685.67	28
685.872	28
686.075	28.1
686.278	28.1
686.481	28.2
686.684	28.2
686.886	28.3
687.089	28.4
687.292	28.4
687.495	28.5
687.698	28.5
687.901	28.6
688.104	28.6
688.307	28.7
688.51	28.8
688.713	28.8
688.916	28.9
689.119	28.9
689.322	29
689.525	29
689.728	29.1
689.931	29.2
690.134	29.2
690.337	29.3
690.54	29.4
690.744	29.4
690.947	29.5
691.15	29.5
691.353	29.6
691.556	29.6
691.76	29.7
691.963	29.7
692.166	29.8
692.37	29.9
692.573	29.9
692.776	30
692.979	30
693.183	30.1
693.386	30.2
693.59	30.2
693.793	30.3
693.996	30.3
694.2	30.4
694.403	30.5
694.607	30.5
694.81	30.6
695.014	30.6
695.217	30.7
695.421	30.7
695.624	30.8
695.828	30.9
696.031	30.9
696.235	31
696.439	31
696.642	31.1
696.846	31.2
697.049	31.2
697.253	31.3
697.457	31.3
697.661	31.4
697.864	31.5
698.068	31.5
698.272	31.6
698.475	31.6
698.679	31.7
698.883	31.8
699.087	31.8
699.291	31.9
699.494	31.9
699.698	32
699.902	32.1
700.106	32.1
700.31	32.2
700.514	32.2
700.718	32.3
700.922	32.4
701.126	32.4
701.33	32.5
701.534	32.5
701.738	32.6
701.942	32.7
702.146	32.7
702.35	32.8
702.554	32.8
702.758	32.9
702.962	32.9
703.166	33
703.37	33.1
703.574	33.1
703.778	33.2
703.983	33.2
704.187	33.3
704.391	33.4
704.595	33.4
704.799	33.5
705.004	33.5
705.208	33.6
705.412	33.7
705.616	33.7
705.821	33.8
706.025	33.8
706.229	33.9
706.434	34
706.638	34
706.842	34.1
707.047	34.1
707.251	34.2
707.455	34.3
707.66	34.3
707.864	34.4
708.069	34.4
708.273	34.5
708.478	34.6
708.682	34.6
708.887	34.7
709.091	34.8
709.296	34.8
709.5	34.9
709.705	34.9
709.909	35
710.114	35.1
710.319	35.1
710.523	35.2
710.728	35.3
710.932	35.3
711.137	35.4
711.342	35.4
711.546	35.5
711.751	35.6
711.956	35.6
712.161	35.7
712.365	35.8
712.57	35.8
712.775	35.9
712.98	35.9
713.184	36
713.389	36.1
713.594	36.1
713.799	36.2
714.004	36.2
714.209	36.3
714.413	36.4
714.618	36.4
714.823	36.5
715.028	36.6
715.233	36.6
715.438	36.7
715.643	36.7
715.848	36.8
716.053	36.8
716.258	36.9
716.463	37
716.668	37
716.873	37.1
717.078	37.1
717.283	37.2
717.488	37.2
717.693	37.3
717.898	37.3
718.103	37.4
718.308	37.5
718.514	37.5
718.719	37.6
718.924	37.6
719.129	37.7
719.334	37.7
719.539	37.8
719.745	37.8
719.95	37.9
720.155	38
720.36	38
720.566	38.1
720.771	38.1
720.976	38.2
721.182	38.2
721.387	38.3
721.592	38.3
721.798	38.4
722.003	38.5
722.208	38.5
722.414	38.6
722.619	38.6
722.824	38.7
723.03	38.7
723.235	38.8
723.441	38.8
723.646	38.9
723.852	38.9
724.057	39
724.263	39.1
724.468	39.1
724.674	39.2
724.879	39.2
725.085	39.3
725.29	39.3
725.496	39.4
725.701	39.5
725.907	39.5
726.112	39.6
726.318	39.6
726.524	39.7
726.729	39.7
726.935	39.8
727.141	39.9
727.346	39.9
727.552	40
727.758	40
727.963	40.1
728.169	40.1
728.375	40.2
728.581	40.2
728.786	40.3
728.992	40.3
729.198	40.4
729.404	40.4
729.609	40.5
729.815	40.5
730.021	40.6
730.227	40.6
730.433	40.7
730.639	40.7
730.844	40.8
731.05	40.8
731.256	40.9
731.462	40.9
731.668	41
731.874	41.1
732.08	41.1
732.286	41.2
732.492	41.2
732.698	41.2
732.904	41.3
733.11	41.3
733.316	41.4
733.522	41.4
733.728	41.5
733.934	41.5
734.14	41.6
734.346	41.6
734.552	41.7
734.758	41.7
734.964	41.8
735.17	41.8
735.376	41.9
735.583	41.9
735.789	41.9
735.995	42
736.201	42
736.407	42.1
736.613	42.1
736.819	42.2
737.026	42.2
737.232	42.3
737.438	42.3
737.644	42.3
737.851	42.4
738.057	42.4
738.263	42.5
738.469	42.5
738.676	42.6
738.882	42.6
739.088	42.6
739.295	42.7
739.501	42.7
739.707	42.8
739.914	42.8
740.12	42.9
740.326	42.9
740.533	42.9
740.739	43
740.946	43
741.152	43.1
741.358	43.1
741.565	43.2
741.771	43.2
741.978	43.2
742.184	43.3
742.391	43.3
742.597	43.3
742.804	43.4
743.01	43.4
743.217	43.5
743.423	43.5
743.63	43.6
743.836	43.6
744.043	43.6
744.249	43.7
744.456	43.7
744.663	43.8
744.869	43.8
745.076	43.9
745.282	43.9
745.489	43.9
745.696	44
745.902	44
746.109	44
746.316	44.1
746.522	44.1
746.729	44.1
746.936	44.2
747.142	44.2
747.349	44.3
747.556	44.3
747.762	44.4
747.969	44.4
748.176	44.4
748.383	44.5
748.589	44.5
748.796	44.6
749.003	44.6
749.21	44.6
749.417	44.7
749.623	44.7
749.83	44.7
750.037	44.8
750.244	44.8
750.451	44.8
750.658	44.9
750.865	44.9
751.071	45
751.278	45
751.485	45
751.692	45.1
751.899	45.1
752.106	45.2
752.313	45.2
752.52	45.2
752.727	45.3
752.934	45.3
753.141	45.3
753.348	45.4
753.555	45.4
753.762	45.4
753.969	45.5
754.176	45.5
754.383	45.5
754.59	45.6
754.797	45.6
755.004	45.7
755.211	45.7
755.418	45.8
755.625	45.8
755.832	45.8
756.039	45.9
756.246	45.9
756.453	45.9
756.66	46
756.868	46
757.075	46
757.282	46
757.489	46.1
757.696	46.1
757.903	46.2
758.111	46.2
758.318	46.2
758.525	46.2
758.732	46.3
758.939	46.3
759.147	46.3
759.354	46.4
759.561	46.4
759.768	46.5
759.976	46.5
760.183	46.5
760.39	46.6
760.597	46.6
760.805	46.6
761.012	46.6
761.219	46.7
761.426	46.7
761.634	46.7
761.841	46.8
762.048	46.8
762.256	46.8
762.463	46.9
762.67	46.9
762.878	47
763.085	47
763.293	47
763.5	47.1
763.707	47.1
763.915	47.1
764.122	47.2
764.33	47.2
764.537	47.2
764.744	47.3
764.952	47.3
765.159	47.3
765.367	47.4
765.574	47.4
765.782	47.4
765.989	47.5
766.197	47.5
766.404	47.5
766.612	47.6
766.819	47.6
767.027	47.6
767.234	47.7
767.442	47.7
767.649	47.7
767.857	47.8
768.064	47.8
768.272	47.8
768.479	47.9
768.687	47.9
768.895	47.9
769.102	48
769.31	48
769.517	48
769.725	48.1
769.933	48.1
770.14	48.1
770.348	48.2
770.555	48.2
770.763	48.2
770.971	48.3
771.178	48.3
771.386	48.3
771.594	48.4
771.801	48.4
772.009	48.4
772.217	48.5
772.424	48.5
772.632	48.5
772.84	48.5
773.047	48.6
773.255	48.6
773.463	48.6
773.671	48.6
773.878	48.7
774.086	48.7
774.294	48.7
774.502	48.8
774.709	48.8
774.917	48.8
775.125	48.8
775.333	48.9
775.54	48.9
775.748	48.9
775.956	49
776.164	49
776.371	49
776.579	49.1
776.787	49.1
776.995	49.1
777.203	49.1
777.41	49.2
777.618	49.2
777.826	49.2
778.034	49.3
778.242	49.3
778.45	49.3
778.657	49.4
778.865	49.4
779.073	49.4
779.281	49.5
779.489	49.5
779.697	49.5
779.905	49.5
780.112	49.6
780.32	49.6
780.528	49.6
780.736	49.7
780.944	49.7
781.152	49.7
781.36	49.8
781.568	49.8
781.776	49.8
781.984	49.9
782.191	49.9
782.399	49.9
782.607	50
782.815	50
783.023	50
783.231	50.1
783.439	50.1
783.647	50.1
783.855	50.2
784.063	50.2
784.271	50.2
784.479	50.2
784.687	50.3
784.895	50.3
785.103	50.3
785.311	50.4
785.519	50.4
785.727	50.4
785.935	50.5
786.143	50.5
786.351	50.5
786.559	50.5
786.767	50.6
786.975	50.6
787.183	50.6
787.391	50.6
787.599	50.6
787.807	50.7
788.015	50.7
788.223	50.7
788.431	50.8
788.639	50.8
788.847	50.8
789.055	50.8
789.263	50.9
789.471	50.9
789.679	50.9
789.887	50.9
790.095	51
790.303	51
790.511	51
790.719	51
790.927	51.1
791.135	51.1
791.343	51.1
791.551	51.1
791.76	51.2
791.968	51.2
792.176	51.2
792.384	51.2
792.592	51.3
792.8	51.3
793.008	51.3
793.216	51.3
793.424	51.4
793.632	51.4
793.84	51.4
794.048	51.5
794.256	51.5
794.465	51.5
794.673	51.5
794.881	51.6
795.089	51.6
795.297	51.6
795.505	51.6
795.713	51.7
795.921	51.7
796.129	51.7
796.337	51.8
796.546	51.8
796.754	51.8
796.962	51.8
797.17	51.8
797.378	51.9
797.586	51.9
797.794	51.9
798.002	51.9
798.21	52
798.419	52
798.627	52
798.835	52
799.043	52
799.251	52.1
799.459	52.1
799.667	52.1
799.875	52.1
800.083	52.1
800.292	52.2
800.5	52.2
800.708	52.2
800.916	52.3
801.124	52.3
801.332	52.3
801.54	52.3
801.748	52.3
801.957	52.4
802.165	52.4
802.373	52.4
802.581	52.4
802.789	52.4
802.997	52.5
803.205	52.5
803.414	52.5
803.622	52.6
803.83	52.6
804.038	52.6
804.246	52.6
804.454	52.7
804.662	52.7
804.87	52.7
805.079	52.7
805.287	52.7
805.495	52.8
805.703	52.8
805.911	52.8
806.119	52.8
806.327	52.8
806.535	52.8
806.743	52.9
806.952	52.9
807.16	52.9
807.368	52.9
807.576	53
807.784	53
807.992	53
808.2	53.1
808.408	53.1
808.617	53.1
808.825	53.1
809.033	53.1
809.241	53.2
809.449	53.2
809.657	53.2
809.865	53.2
810.073	53.3
810.281	53.3
810.49	53.3
810.698	53.3
810.906	53.3
811.114	53.3
811.322	53.4
811.53	53.4
811.738	53.4
811.946	53.4
812.154	53.4
812.362	53.4
812.57	53.4
812.779	53.4
812.987	53.4
813.195	53.5
813.403	53.5
813.611	53.5
813.819	53.5
814.027	53.5
814.235	53.6
814.443	53.6
814.651	53.6
814.859	53.6
815.067	53.7
815.275	53.7
815.484	53.7
815.692	53.7
815.9	53.7
816.108	53.7
816.316	53.7
816.524	53.7
816.732	53.8
816.94	53.8
817.148	53.8
817.356	53.8
817.564	53.8
817.772	53.8
817.98	53.8
818.188	53.9
818.397	53.9
818.605	53.9
818.813	53.9
819.021	53.9
819.229	54
819.437	54
819.645	54
819.853	54
820.061	54
820.269	54
820.477	54.1
820.685	54.1
820.893	54.1
821.102	54.1
821.31	54.2
821.518	54.2
821.726	54.2
821.934	54.2
822.142	54.2
822.35	54.2
822.558	54.3
822.766	54.3
822.974	54.3
823.182	54.3
823.39	54.3
823.599	54.3
823.807	54.4
824.015	54.4
824.223	54.4
824.431	54.4
824.639	54.4
824.847	54.4
825.055	54.5
825.263	54.5
825.472	54.5
825.68	54.5
825.888	54.5
826.096	54.6
826.304	54.6
826.512	54.6
826.72	54.6
826.928	54.7
827.137	54.7
827.345	54.7
827.553	54.7
827.761	54.7
827.969	54.7
828.177	54.7
828.385	54.7
828.594	54.8
828.802	54.8
829.01	54.8
829.218	54.8
829.426	54.8
829.634	54.8
829.843	54.8
830.051	54.8
830.259	54.9
830.467	54.9
830.675	54.9
830.883	54.9
831.092	54.9
831.3	54.9
831.508	55
831.716	55
831.924	55
832.133	55
832.341	55.1
832.549	55.1
832.757	55.1
832.966	55.1
833.174	55.2
833.382	55.2
833.59	55.2
833.799	55.2
834.007	55.2
834.215	55.2
834.423	55.2
834.632	55.2
834.84	55.3
835.048	55.3
835.256	55.2
835.465	55.3
835.673	55.3
835.881	55.3
836.09	55.3
836.298	55.3
836.506	55.4
836.715	55.4
836.923	55.4
837.131	55.4
837.34	55.4
837.548	55.5
837.756	55.5
837.965	55.5
838.173	55.5
838.381	55.5
838.59	55.6
838.798	55.6
839.006	55.6
839.215	55.6
839.423	55.6
839.632	55.6
839.84	55.6
840.048	55.6
840.257	55.7
840.465	55.6
840.674	55.6
840.882	55.6
841.091	55.7
841.299	55.7
841.508	55.7
841.716	55.7
841.924	55.7
842.133	55.8
842.341	55.8
842.55	55.8
842.758	55.8
842.967	55.8
843.175	55.8
843.384	55.8
843.593	55.9
843.801	55.9
844.01	55.9
844.218	55.9
844.427	55.9
844.635	55.9
844.844	55.9
845.052	56
845.261	56
845.47	56
845.678	56
845.887	56
846.095	56
846.304	56
846.513	56.1
846.721	56.1
846.93	56.1
847.139	56.1
847.347	56.1
847.556	56.1
847.765	56.2
847.973	56.2
848.182	56.2
848.391	56.2
848.6	56.2
848.808	56.3
849.017	56.3
849.226	56.3
849.435	56.3
849.643	56.3
849.852	56.3
850.061	56.3
850.27	56.3
850.478	56.4
850.687	56.4
850.896	56.4
851.105	56.4
851.314	56.4
851.523	56.4
851.731	56.4
851.94	56.4
852.149	56.5
852.358	56.5
852.567	56.5
852.776	56.5
852.985	56.6
853.194	56.6
853.403	56.6
853.612	56.6
853.821	56.6
854.03	56.6
854.239	56.7
854.447	56.7
854.656	56.7
854.865	56.7
855.075	56.7
855.284	56.7
855.493	56.7
855.702	56.7
855.911	56.7
856.12	56.8
856.329	56.8
856.538	56.8
856.747	56.8
856.956	56.8
857.165	56.8
857.374	56.8
857.584	56.8
857.793	56.8
858.002	56.9
858.211	56.8
858.42	56.9
858.629	56.9
858.839	56.9
859.048	56.9
859.257	56.9
859.466	56.9
859.676	56.9
859.885	57
860.094	57
860.304	57
860.513	57
860.722	57
860.932	57
861.141	57
861.35	57
861.56	57
861.769	57
861.978	57
862.188	57
862.397	57
862.607	57
862.816	57
863.026	57.1
863.235	57.1
863.445	57.1
863.654	57.1
863.864	57.1
864.073	57.2
864.283	57.2
864.492	57.2
864.702	57.2
864.911	57.2
865.121	57.2
865.33	57.2
865.54	57.3
865.75	57.3
865.959	57.3
866.169	57.3
866.379	57.3
866.588	57.3
866.798	57.4
867.008	57.3
867.218	57.4
867.427	57.4
867.637	57.4
867.847	57.4
868.057	57.4
868.266	57.4
868.476	57.4
868.686	57.4
868.896	57.5
869.106	57.5
869.316	57.5
869.525	57.5
869.735	57.6
869.945	57.6
870.155	57.6
870.365	57.6
870.575	57.6
870.785	57.6
870.995	57.6
871.205	57.6
871.415	57.6
871.625	57.6
871.835	57.6
872.045	57.7
872.255	57.7
872.465	57.7
872.675	57.7
872.886	57.7
873.096	57.7
873.306	57.7
873.516	57.7
873.726	57.7
873.936	57.7
874.147	57.7
874.357	57.7
874.567	57.8
874.777	57.8
874.988	57.8
875.198	57.8
875.408	57.8
875.619	57.8
875.829	57.8
876.039	57.8
876.25	57.8
876.46	57.8
876.67	57.8
876.881	57.9
877.091	57.9
877.302	57.9
877.512	57.8
877.723	57.8
877.933	57.8
878.144	57.8
878.354	57.8
878.565	57.7
878.775	57.7
878.986	57.7
879.197	57.7
879.407	57.7
879.618	57.7
879.829	57.7
880.039	57.7
880.25	57.7
880.461	57.7
880.671	57.6
880.882	57.6
881.093	57.6
881.304	57.6
881.515	57.6
881.725	57.6
881.936	57.6
882.147	57.6
882.358	57.6
882.569	57.6
882.78	57.6
882.991	57.6
883.202	57.6
883.413	57.6
883.624	57.6
883.835	57.7
884.046	57.7
884.257	57.7
884.468	57.7
884.679	57.8
884.89	57.8
885.101	57.8
885.312	57.8
885.523	57.8
885.735	57.8
885.946	57.8
886.157	57.8
886.368	57.9
886.579	57.9
886.791	57.9
887.002	58
887.213	58
887.425	58
887.636	58.1
887.847	58.1
888.059	58.1
888.27	58.2
888.481	58.2
888.693	58.3
888.904	58.3
889.116	58.3
889.327	58.3
889.539	58.4
889.75	58.4
889.962	58.4
890.174	58.4
890.385	58.5
890.597	58.5
890.808	58.5
891.02	58.6
891.232	58.6
891.444	58.6
891.655	58.6
891.867	58.6
892.079	58.6
892.291	58.6
892.502	58.6
892.714	58.6
892.926	58.6
893.138	58.6
893.35	58.6
893.562	58.6
893.774	58.6
893.986	58.5
894.198	58.6
894.41	58.6
894.622	58.6
894.834	58.6
895.046	58.6
895.258	58.6
895.47	58.6
895.682	58.6
895.894	58.6
896.106	58.6
896.319	58.6
896.531	58.6
896.743	58.7
896.955	58.7
897.168	58.7
897.38	58.7
897.592	58.7
897.805	58.7
898.017	58.7
898.229	58.7
898.442	58.8
898.654	58.8
898.867	58.8
899.079	58.7
899.292	58.7
899.504	58.7
899.717	58.7
899.929	58.7
900.142	58.7
900.355	58.7
900.567	58.7
900.78	58.7
900.993	58.7
901.205	58.8
901.418	58.8
901.631	58.8
901.844	58.8
902.056	58.8
902.269	58.8
902.482	58.8
902.695	58.8
902.908	58.8
903.121	58.7
903.334	58.7
903.547	58.7
903.76	58.8
903.973	58.8
904.186	58.8
904.399	58.8
904.612	58.8
904.825	58.8
905.038	58.8
905.251	58.8
905.465	58.8
905.678	58.8
905.891	58.8
906.104	58.8
906.318	58.8
906.531	58.8
906.744	58.8
906.958	58.8
907.171	58.8
907.384	58.7
907.598	58.7
907.811	58.7
908.025	58.7
908.238	58.7
908.452	58.7
908.665	58.7
908.879	58.7
909.093	58.7
909.306	58.6
909.52	58.6
909.734	58.7
909.947	58.6
910.161	58.6
910.375	58.6
910.589	58.6
910.803	58.7
911.016	58.7
911.23	58.7
911.444	58.7
911.658	58.8
911.872	58.8
912.086	58.8
912.3	58.8
912.514	58.8
912.728	58.8
912.942	58.7
913.156	58.7
913.37	58.7
913.585	58.8
913.799	58.7
914.013	58.8
914.227	58.8
914.442	58.8
914.656	58.8
914.87	58.8
915.084	58.9
915.299	58.9
915.513	58.9
915.728	58.9
915.942	58.9
916.157	58.9
916.371	58.8
916.586	58.8
916.8	58.8
917.015	58.8
917.229	58.8
917.444	58.8
917.659	58.8
917.874	58.8
918.088	58.8
918.303	58.8
918.518	58.8
918.733	58.8
918.947	58.8
919.162	58.9
919.377	58.8
919.592	58.8
919.807	58.8
920.022	58.8
920.237	58.7
920.452	58.7
920.667	58.7
920.882	58.7
921.097	58.7
921.313	58.7
921.528	58.7
921.743	58.8
921.958	58.8
922.174	58.8
922.389	58.7
922.604	58.8
922.82	58.8
923.035	58.7
923.25	58.7
923.466	58.7
923.681	58.7
923.897	58.7
924.112	58.7
924.328	58.7
924.544	58.7
924.759	58.8
924.975	58.8
925.19	58.9
925.406	58.9
925.622	58.9
925.838	59
926.054	59
926.269	59
926.485	59
926.701	59
926.917	59
927.133	59
927.349	59
927.565	59.1
927.781	59.1
927.997	59.1
928.213	59.1
928.429	59.2
928.646	59.2
928.862	59.2
929.078	59.2
929.294	59.3
929.511	59.3
929.727	59.3
929.943	59.3
930.16	59.3
930.376	59.4
930.592	59.4
930.809	59.4
931.025	59.5
931.242	59.5
931.459	59.5
931.675	59.5
931.892	59.5
932.108	59.5
932.325	59.5
932.542	59.5
932.759	59.6
932.975	59.6
933.192	59.6
933.409	59.6
933.626	59.6
933.843	59.5
934.06	59.5
934.277	59.4
934.494	59.4
934.711	59.4
934.928	59.3
935.145	59.3
935.362	59.2
935.58	59.2
935.797	59.2
936.014	59.1
936.231	59
936.449	58.9
936.666	58.8
936.883	58.8
937.101	58.7
937.318	58.6
937.536	58.5
937.753	58.4
937.971	58.4
938.188	58.3
938.406	58.3
938.624	58.3
938.841	58.2
939.059	58.1
939.277	58
939.494	57.9
939.712	57.8
939.93	57.7
