360.161	9.7
360.333	9.6
360.504	9.5
360.676	9.4
360.847	9.3
361.019	9.2
361.19	9.2
361.361	9.2
361.533	9.1
361.704	9.1
361.876	9
362.047	9
362.219	8.9
362.391	8.9
362.562	8.9
362.734	8.9
362.905	8.8
363.077	8.8
363.248	8.7
363.42	8.6
363.592	8.6
363.763	8.6
363.935	8.6
364.106	8.6
364.278	8.6
364.45	8.5
364.621	8.5
364.793	8.5
364.965	8.4
365.137	8.4
365.308	8.3
365.48	8.3
365.652	8.3
365.824	8.2
365.995	8.2
366.167	8.1
366.339	8
366.511	8
366.683	8
366.854	8
367.026	7.9
367.198	7.9
367.37	7.9
367.542	7.9
367.714	7.9
367.886	7.9
368.058	7.9
368.23	7.9
368.402	7.9
368.574	7.9
368.746	7.9
368.918	7.8
369.09	7.8
369.262	7.8
369.434	7.7
369.606	7.7
369.778	7.6
369.95	7.6
370.122	7.5
370.294	7.5
370.467	7.5
370.639	7.5
370.811	7.5
370.983	7.5
371.155	7.5
371.328	7.5
371.5	7.5
371.672	7.4
371.844	7.4
372.017	7.4
372.189	7.4
372.361	7.4
372.534	7.3
372.706	7.3
372.878	7.3
373.051	7.3
373.223	7.2
373.396	7.2
373.568	7.1
373.741	7.1
373.913	7.1
374.086	7.1
374.258	7
374.431	7
374.603	7
374.776	6.9
374.949	6.9
375.121	6.9
375.294	6.9
375.467	6.8
375.639	6.8
375.812	6.8
375.985	6.8
376.157	6.8
376.33	6.8
376.503	6.7
376.676	6.7
376.849	6.7
377.021	6.6
377.194	6.6
377.367	6.6
377.54	6.6
377.713	6.6
377.886	6.6
378.059	6.5
378.232	6.5
378.405	6.5
378.578	6.5
378.751	6.5
378.924	6.5
379.097	6.5
379.27	6.5
379.444	6.5
379.617	6.4
379.79	6.4
379.963	6.4
380.136	6.4
380.31	6.3
380.483	6.3
380.656	6.3
380.829	6.3
381.003	6.2
381.176	6.2
381.35	6.2
381.523	6.2
381.696	6.1
381.87	6.2
382.043	6.2
382.217	6.1
382.39	6.1
382.564	6.1
382.738	6.1
382.911	6.1
383.085	6
383.258	6
383.432	6
383.606	6
383.779	6
383.953	6
384.127	6
384.301	6
384.475	5.9
384.648	5.9
384.822	5.9
384.996	5.9
385.17	5.9
385.344	5.8
385.518	5.8
385.692	5.8
385.866	5.8
386.04	5.7
386.214	5.7
386.388	5.7
386.562	5.6
386.737	5.6
386.911	5.6
387.085	5.6
387.259	5.6
387.434	5.6
387.608	5.6
387.782	5.6
387.956	5.7
388.131	5.7
388.305	5.7
388.48	5.6
388.654	5.7
388.829	5.7
389.003	5.7
389.178	5.7
389.352	5.7
389.527	5.7
389.701	5.7
389.876	5.6
390.051	5.6
390.226	5.6
390.4	5.6
390.575	5.6
390.75	5.6
390.925	5.6
391.099	5.6
391.274	5.6
391.449	5.6
391.624	5.6
391.799	5.6
391.974	5.6
392.149	5.6
392.324	5.6
392.499	5.6
392.675	5.6
392.85	5.6
393.025	5.6
393.2	5.6
393.375	5.6
393.551	5.6
393.726	5.6
393.901	5.6
394.077	5.6
394.252	5.6
394.427	5.6
394.603	5.5
394.778	5.5
394.954	5.5
395.129	5.5
395.305	5.5
395.481	5.5
395.656	5.5
395.832	5.5
396.008	5.4
396.184	5.4
396.359	5.4
396.535	5.4
396.711	5.4
396.887	5.4
397.063	5.4
397.239	5.4
397.415	5.4
397.591	5.4
397.767	5.4
397.943	5.4
398.119	5.3
398.295	5.3
398.471	5.3
398.648	5.3
398.824	5.3
399	5.3
399.176	5.4
399.353	5.4
399.529	5.4
399.706	5.4
399.882	5.3
400.058	5.3
400.235	5.3
400.412	5.3
400.588	5.3
400.765	5.3
400.942	5.3
401.118	5.4
401.295	5.4
401.472	5.4
401.649	5.4
401.825	5.4
402.002	5.4
402.179	5.4
402.356	5.3
402.533	5.3
402.71	5.3
402.887	5.3
403.064	5.3
403.242	5.3
403.419	5.3
403.596	5.3
403.773	5.3
403.95	5.3
404.128	5.3
404.305	5.3
404.483	5.3
404.66	5.2
404.837	5.2
405.015	5.2
405.193	5.2
405.37	5.2
405.548	5.2
405.725	5.2
405.903	5.2
406.081	5.2
406.259	5.2
406.437	5.2
406.614	5.2
406.792	5.1
406.97	5.2
407.148	5.1
407.326	5.1
407.504	5.1
407.682	5.1
407.86	5.1
408.039	5.1
408.217	5.1
408.395	5.1
408.573	5.1
408.751	5.1
408.93	5.1
409.108	5.1
409.287	5.1
409.465	5.1
409.643	5.1
409.822	5.1
410	5.1
410.179	5.1
410.358	5.1
410.536	5.1
410.715	5.1
410.894	5.1
411.072	5.1
411.251	5.1
411.43	5.1
411.609	5.1
411.788	5.1
411.967	5.1
412.146	5.1
412.325	5.1
412.504	5.1
412.683	5.1
412.862	5.1
413.041	5.1
413.22	5.1
413.399	5.1
413.578	5.1
413.758	5
413.937	5
414.116	5
414.296	5
414.475	5
414.654	5
414.834	5
415.013	5
415.193	5
415.372	5
415.552	5
415.732	5
415.911	5
416.091	5
416.271	5
416.45	5
416.63	5
416.81	5
416.99	5
417.169	5
417.349	5
417.529	5
417.709	5
417.889	5
418.069	5
418.249	5
418.429	5
418.609	5
418.789	5
418.97	5
419.15	5
419.33	5
419.51	5
419.691	5
419.871	5
420.051	5
420.232	5
420.412	5
420.592	5
420.773	5
420.953	5
421.134	5
421.314	5
421.495	5
421.675	5
421.856	5
422.037	5
422.217	5
422.398	5
422.579	5
422.76	5
422.94	5
423.121	5
423.302	5
423.483	5
423.664	5
423.845	5
424.026	5
424.207	5
424.388	5
424.569	5
424.75	5
424.931	5
425.112	5
425.293	5
425.474	5
425.655	5
425.837	5
426.018	5
426.199	5
426.38	5
426.562	5
426.743	5
426.924	5
427.106	5
427.287	5
427.469	5
427.65	5
427.832	5
428.013	5
428.195	5
428.376	5
428.558	5
428.739	4.9
428.921	4.9
429.103	4.9
429.284	4.9
429.466	4.9
429.648	4.9
429.83	4.9
430.011	4.9
430.193	4.9
430.375	4.9
430.557	4.9
430.739	4.9
430.921	4.9
431.102	4.9
431.284	4.9
431.466	4.9
431.648	4.9
431.83	4.9
432.012	4.9
432.194	4.9
432.377	4.9
432.559	4.9
432.741	4.9
432.923	4.9
433.105	4.9
433.287	4.9
433.469	4.9
433.652	4.8
433.834	4.9
434.016	4.9
434.198	4.8
434.381	4.8
434.563	4.8
434.745	4.8
434.928	4.8
435.11	4.8
435.293	4.8
435.475	4.8
435.658	4.8
435.84	4.8
436.022	4.8
436.205	4.8
436.388	4.8
436.57	4.8
436.753	4.8
436.935	4.8
437.118	4.8
437.301	4.8
437.483	4.8
437.666	4.8
437.849	4.8
438.031	4.8
438.214	4.8
438.397	4.8
438.58	4.8
438.762	4.8
438.945	4.8
439.128	4.8
439.311	4.8
439.494	4.8
439.677	4.8
439.859	4.8
440.042	4.8
440.225	4.8
440.408	4.8
440.591	4.8
440.774	4.8
440.957	4.8
441.14	4.8
441.323	4.8
441.507	4.8
441.69	4.8
441.873	4.8
442.056	4.8
442.239	4.8
442.422	4.8
442.605	4.8
442.789	4.8
442.972	4.8
443.155	4.8
443.338	4.8
443.522	4.8
443.705	4.8
443.888	4.8
444.072	4.8
444.255	4.8
444.438	4.8
444.622	4.8
444.805	4.8
444.989	4.8
445.172	4.8
445.356	4.8
445.539	4.8
445.723	4.8
445.906	4.8
446.09	4.8
446.273	4.8
446.457	4.8
446.64	4.8
446.824	4.8
447.008	4.8
447.191	4.8
447.375	4.8
447.559	4.8
447.742	4.8
447.926	4.8
448.11	4.8
448.293	4.8
448.477	4.8
448.661	4.8
448.845	4.8
449.029	4.8
449.212	4.8
449.396	4.8
449.58	4.8
449.764	4.8
449.948	4.8
450.132	4.8
450.316	4.8
450.5	4.8
450.684	4.8
450.868	4.8
451.052	4.8
451.236	4.8
451.42	4.8
451.604	4.8
451.788	4.8
451.972	4.8
452.156	4.8
452.34	4.8
452.525	4.8
452.709	4.8
452.893	4.8
453.077	4.8
453.261	4.8
453.446	4.8
453.63	4.8
453.814	4.8
453.998	4.8
454.183	4.8
454.367	4.8
454.551	4.8
454.736	4.8
454.92	4.8
455.104	4.8
455.289	4.8
455.473	4.8
455.658	4.8
455.842	4.8
456.026	4.8
456.211	4.8
456.395	4.8
456.58	4.8
456.764	4.8
456.949	4.8
457.134	4.8
457.318	4.8
457.503	4.8
457.687	4.8
457.872	4.8
458.057	4.8
458.241	4.8
458.426	4.8
458.611	4.7
458.795	4.7
458.98	4.7
459.165	4.7
459.349	4.8
459.534	4.8
459.719	4.8
459.904	4.8
460.088	4.8
460.273	4.8
460.458	4.8
460.643	4.8
460.828	4.8
461.013	4.8
461.198	4.8
461.382	4.8
461.567	4.8
461.752	4.8
461.937	4.8
462.122	4.8
462.307	4.8
462.492	4.8
462.677	4.8
462.862	4.8
463.047	4.8
463.232	4.8
463.417	4.8
463.602	4.8
463.788	4.8
463.973	4.8
464.158	4.8
464.343	4.8
464.528	4.8
464.713	4.8
464.898	4.8
465.084	4.8
465.269	4.8
465.454	4.8
465.639	4.8
465.824	4.8
466.01	4.8
466.195	4.8
466.38	4.8
466.566	4.8
466.751	4.8
466.936	4.8
467.122	4.8
467.307	4.8
467.492	4.8
467.678	4.8
467.863	4.8
468.048	4.8
468.234	4.8
468.419	4.8
468.605	4.8
468.79	4.8
468.976	4.8
469.161	4.8
469.347	4.8
469.532	4.8
469.718	4.8
469.903	4.8
470.089	4.8
470.274	4.8
470.46	4.8
470.646	4.8
470.831	4.8
471.017	4.8
471.202	4.8
471.388	4.8
471.574	4.8
471.759	4.7
471.945	4.8
472.131	4.8
472.317	4.8
472.502	4.8
472.688	4.8
472.874	4.8
473.059	4.8
473.245	4.8
473.431	4.8
473.617	4.8
473.803	4.8
473.988	4.8
474.174	4.8
474.36	4.8
474.546	4.8
474.732	4.8
474.918	4.8
475.104	4.8
475.29	4.8
475.475	4.8
475.661	4.8
475.847	4.8
476.033	4.8
476.219	4.8
476.405	4.8
476.591	4.8
476.777	4.8
476.963	4.8
477.149	4.8
477.335	4.8
477.521	4.8
477.707	4.8
477.893	4.8
478.08	4.8
478.266	4.8
478.452	4.8
478.638	4.8
478.824	4.8
479.01	4.8
479.196	4.8
479.382	4.8
479.569	4.8
479.755	4.8
479.941	4.8
480.127	4.8
480.313	4.9
480.5	4.9
480.686	4.9
480.872	4.9
481.058	4.9
481.245	4.9
481.431	4.9
481.617	4.9
481.803	4.9
481.99	4.9
482.176	4.9
482.362	4.9
482.549	4.9
482.735	4.9
482.921	4.9
483.108	4.9
483.294	4.9
483.481	4.9
483.667	4.9
483.853	4.9
484.04	4.9
484.226	4.9
484.413	4.9
484.599	4.9
484.786	4.9
484.972	4.9
485.159	4.9
485.345	4.9
485.532	4.9
485.718	5
485.905	5
486.091	5
486.278	5
486.464	5
486.651	5
486.837	5
487.024	5
487.211	5
487.397	5
487.584	5
487.77	5
487.957	5
488.144	5
488.33	5
488.517	5
488.704	5
488.89	5
489.077	5
489.264	5
489.45	5
489.637	5
489.824	5
490.01	5
490.197	5
490.384	5
490.571	4.9
490.757	4.9
490.944	4.9
491.131	4.9
491.318	4.9
491.505	4.9
491.691	4.9
491.878	4.9
492.065	4.9
492.252	4.9
492.439	4.9
492.626	4.9
492.812	4.9
492.999	4.9
493.186	4.9
493.373	4.9
493.56	4.9
493.747	4.9
493.934	4.9
494.121	4.9
494.308	4.9
494.494	4.9
494.681	4.9
494.868	4.9
495.055	4.9
495.242	4.9
495.429	4.9
495.616	4.9
495.803	4.9
495.99	4.9
496.177	4.9
496.364	4.9
496.551	4.9
496.738	4.9
496.925	4.9
497.112	4.9
497.299	4.9
497.486	4.9
497.673	4.9
497.861	4.9
498.048	4.9
498.235	4.9
498.422	4.9
498.609	4.9
498.796	4.9
498.983	4.9
499.17	4.9
499.357	4.9
499.544	4.9
499.732	4.9
499.919	4.9
500.106	4.9
500.293	4.9
500.48	4.9
500.667	4.9
500.855	4.9
501.042	4.9
501.229	4.9
501.416	4.9
501.603	4.9
501.791	4.9
501.978	4.9
502.165	4.9
502.352	4.9
502.54	4.9
502.727	4.9
502.914	4.9
503.101	4.9
503.289	4.9
503.476	4.9
503.663	4.9
503.85	4.9
504.038	4.9
504.225	4.9
504.412	4.9
504.6	4.9
504.787	4.9
504.974	4.9
505.161	4.9
505.349	4.9
505.536	4.9
505.723	4.9
505.911	4.9
506.098	4.9
506.286	4.9
506.473	4.9
506.66	4.9
506.848	4.9
507.035	4.9
507.222	4.9
507.41	4.9
507.597	4.9
507.785	4.9
507.972	4.9
508.159	4.9
508.347	4.9
508.534	4.9
508.722	4.9
508.909	4.8
509.097	4.8
509.284	4.8
509.471	4.8
509.659	4.8
509.846	4.8
510.034	4.8
510.221	4.8
510.409	4.8
510.596	4.8
510.784	4.8
510.971	4.8
511.159	4.8
511.346	4.8
511.534	4.8
511.721	4.8
511.909	4.8
512.096	4.8
512.284	4.8
512.471	4.8
512.659	4.8
512.846	4.8
513.034	4.8
513.221	4.8
513.409	4.8
513.596	4.8
513.784	4.8
513.972	4.8
514.159	4.8
514.347	4.8
514.534	4.8
514.722	4.8
514.909	4.8
515.097	4.8
515.285	4.8
515.472	4.8
515.66	4.7
515.847	4.7
516.035	4.7
516.222	4.7
516.41	4.7
516.598	4.7
516.785	4.7
516.973	4.7
517.161	4.7
517.348	4.7
517.536	4.7
517.723	4.7
517.911	4.7
518.099	4.7
518.286	4.7
518.474	4.7
518.662	4.7
518.849	4.7
519.037	4.7
519.225	4.7
519.412	4.7
519.6	4.7
519.787	4.7
519.975	4.7
520.163	4.7
520.35	4.7
520.538	4.7
520.726	4.6
520.914	4.6
521.101	4.6
521.289	4.6
521.477	4.6
521.664	4.6
521.852	4.6
522.04	4.6
522.227	4.6
522.415	4.6
522.603	4.6
522.79	4.6
522.978	4.6
523.166	4.6
523.354	4.6
523.541	4.6
523.729	4.6
523.917	4.6
524.104	4.6
524.292	4.6
524.48	4.6
524.668	4.6
524.855	4.6
525.043	4.6
525.231	4.6
525.418	4.6
525.606	4.6
525.794	4.5
525.982	4.5
526.169	4.5
526.357	4.5
526.545	4.5
526.733	4.5
526.92	4.5
527.108	4.5
527.296	4.5
527.484	4.5
527.671	4.5
527.859	4.5
528.047	4.5
528.235	4.5
528.422	4.5
528.61	4.5
528.798	4.5
528.986	4.5
529.173	4.5
529.361	4.5
529.549	4.5
529.737	4.5
529.924	4.5
530.112	4.5
530.3	4.5
530.488	4.5
530.675	4.5
530.863	4.5
531.051	4.5
531.239	4.5
531.426	4.5
531.614	4.5
531.802	4.5
531.99	4.5
532.177	4.5
532.365	4.5
532.553	4.5
532.741	4.5
532.928	4.5
533.116	4.5
533.304	4.5
533.492	4.6
533.679	4.6
533.867	4.6
534.055	4.6
534.243	4.6
534.431	4.6
534.618	4.6
534.806	4.6
534.994	4.6
535.182	4.6
535.369	4.6
535.557	4.6
535.745	4.6
535.933	4.6
536.12	4.7
536.308	4.7
536.496	4.7
536.684	4.7
536.871	4.7
537.059	4.7
537.247	4.7
537.435	4.7
537.622	4.7
537.81	4.7
537.998	4.7
538.186	4.7
538.373	4.7
538.561	4.7
538.749	4.7
538.937	4.7
539.124	4.7
539.312	4.7
539.5	4.7
539.688	4.7
539.875	4.7
540.063	4.7
540.251	4.7
540.439	4.7
540.626	4.7
540.814	4.7
541.002	4.7
541.19	4.7
541.377	4.7
541.565	4.7
541.753	4.7
541.941	4.7
542.128	4.7
542.316	4.7
542.504	4.7
542.691	4.7
542.879	4.7
543.067	4.7
543.255	4.7
543.442	4.7
543.63	4.7
543.818	4.7
544.005	4.7
544.193	4.7
544.381	4.7
544.568	4.7
544.756	4.7
544.944	4.7
545.132	4.7
545.319	4.7
545.507	4.7
545.695	4.7
545.882	4.7
546.07	4.7
546.258	4.7
546.445	4.7
546.633	4.7
546.821	4.7
547.008	4.7
547.196	4.7
547.384	4.7
547.571	4.7
547.759	4.7
547.947	4.7
548.134	4.7
548.322	4.7
548.51	4.7
548.697	4.7
548.885	4.7
549.073	4.7
549.26	4.7
549.448	4.7
549.636	4.7
549.823	4.7
550.011	4.7
550.199	4.7
550.386	4.7
550.574	4.7
550.762	4.7
550.949	4.7
551.137	4.7
551.325	4.7
551.512	4.7
551.7	4.7
551.888	4.7
552.075	4.7
552.263	4.7
552.451	4.7
552.639	4.7
552.826	4.7
553.014	4.7
553.202	4.7
553.389	4.7
553.577	4.7
553.765	4.7
553.953	4.7
554.14	4.7
554.328	4.7
554.516	4.7
554.704	4.7
554.891	4.7
555.079	4.7
555.267	4.7
555.455	4.7
555.643	4.7
555.83	4.7
556.018	4.7
556.206	4.7
556.394	4.7
556.582	4.7
556.77	4.7
556.957	4.7
557.145	4.7
557.333	4.7
557.521	4.7
557.709	4.7
557.897	4.7
558.085	4.7
558.273	4.7
558.461	4.7
558.649	4.7
558.837	4.7
559.025	4.7
559.213	4.7
559.4	4.7
559.588	4.7
559.777	4.7
559.965	4.7
560.153	4.7
560.341	4.7
560.529	4.7
560.717	4.7
560.905	4.7
561.093	4.7
561.281	4.7
561.469	4.7
561.657	4.7
561.845	4.7
562.034	4.7
562.222	4.7
562.41	4.7
562.598	4.7
562.786	4.7
562.975	4.7
563.163	4.7
563.351	4.7
563.539	4.7
563.728	4.7
563.916	4.7
564.104	4.7
564.293	4.7
564.481	4.7
564.67	4.7
564.858	4.7
565.046	4.7
565.235	4.7
565.423	4.7
565.612	4.7
565.8	4.7
565.989	4.7
566.177	4.7
566.366	4.7
566.554	4.7
566.743	4.7
566.932	4.7
567.12	4.7
567.309	4.7
567.497	4.7
567.686	4.7
567.875	4.7
568.064	4.7
568.252	4.7
568.441	4.7
568.63	4.7
568.819	4.7
569.007	4.7
569.196	4.7
569.385	4.7
569.574	4.7
569.763	4.7
569.952	4.7
570.141	4.7
570.33	4.7
570.519	4.7
570.708	4.7
570.897	4.7
571.086	4.7
571.275	4.7
571.464	4.7
571.653	4.7
571.843	4.7
572.032	4.7
572.221	4.7
572.41	4.7
572.599	4.7
572.789	4.7
572.978	4.7
573.167	4.7
573.357	4.7
573.546	4.7
573.736	4.7
573.925	4.7
574.115	4.7
574.304	4.7
574.494	4.7
574.683	4.7
574.873	4.7
575.062	4.7
575.252	4.6
575.442	4.6
575.631	4.6
575.821	4.6
576.011	4.6
576.201	4.6
576.39	4.6
576.58	4.6
576.77	4.6
576.96	4.6
577.15	4.6
577.34	4.6
577.53	4.6
577.72	4.6
577.91	4.6
578.1	4.6
578.29	4.6
578.48	4.6
578.67	4.6
578.861	4.6
579.051	4.6
579.241	4.6
579.431	4.6
579.622	4.6
579.812	4.6
580.002	4.6
580.193	4.6
580.383	4.6
580.574	4.6
580.764	4.6
580.955	4.6
581.145	4.6
581.336	4.6
581.526	4.6
581.717	4.6
581.908	4.6
582.098	4.6
582.289	4.6
582.48	4.6
582.671	4.6
582.862	4.6
583.052	4.6
583.243	4.6
583.434	4.6
583.625	4.6
583.816	4.6
584.007	4.6
584.198	4.6
584.389	4.6
584.58	4.6
584.771	4.6
584.962	4.6
585.154	4.6
585.345	4.6
585.536	4.6
585.727	4.6
585.918	4.6
586.11	4.6
586.301	4.6
586.492	4.6
586.684	4.6
586.875	4.6
587.067	4.6
587.258	4.6
587.45	4.6
587.641	4.5
587.833	4.5
588.024	4.6
588.216	4.5
588.408	4.5
588.599	4.5
588.791	4.5
588.983	4.5
589.174	4.5
589.366	4.5
589.558	4.5
589.75	4.5
589.942	4.5
590.134	4.5
590.326	4.5
590.518	4.5
590.71	4.5
590.902	4.5
591.094	4.5
591.286	4.5
591.478	4.5
591.67	4.5
591.862	4.5
592.054	4.5
592.246	4.5
592.439	4.5
592.631	4.5
592.823	4.5
593.016	4.5
593.208	4.5
593.4	4.5
593.593	4.5
593.785	4.5
593.978	4.5
594.17	4.5
594.363	4.5
594.555	4.5
594.748	4.5
594.94	4.5
595.133	4.5
595.326	4.5
595.518	4.5
595.711	4.5
595.904	4.5
596.096	4.5
596.289	4.5
596.482	4.5
596.675	4.5
596.868	4.5
597.061	4.5
597.254	4.5
597.447	4.5
597.64	4.5
597.833	4.5
598.026	4.5
598.219	4.5
598.412	4.5
598.605	4.5
598.798	4.5
598.991	4.5
599.184	4.5
599.378	4.5
599.571	4.5
599.764	4.5
599.957	4.5
600.151	4.5
600.344	4.5
600.538	4.5
600.731	4.5
600.924	4.5
601.118	4.5
601.311	4.5
601.505	4.5
601.698	4.5
601.892	4.5
602.086	4.5
602.279	4.5
602.473	4.5
602.667	4.5
602.86	4.5
603.054	4.5
603.248	4.5
603.442	4.5
603.635	4.5
603.829	4.5
604.023	4.5
604.217	4.5
604.411	4.5
604.605	4.5
604.799	4.5
604.993	4.5
605.187	4.5
605.381	4.5
605.575	4.5
605.769	4.5
605.963	4.5
606.157	4.5
606.352	4.5
606.546	4.5
606.74	4.5
606.934	4.5
607.129	4.5
607.323	4.5
607.517	4.5
607.712	4.5
607.906	4.5
608.1	4.5
608.295	4.5
608.489	4.5
608.684	4.4
608.878	4.4
609.073	4.4
609.267	4.4
609.462	4.4
609.657	4.4
609.851	4.4
610.046	4.4
610.241	4.4
610.435	4.4
610.63	4.4
610.825	4.4
611.02	4.4
611.215	4.4
611.41	4.4
611.604	4.4
611.799	4.4
611.994	4.4
612.189	4.4
612.384	4.4
612.579	4.4
612.774	4.4
612.969	4.4
613.164	4.4
613.359	4.4
613.555	4.4
613.75	4.4
613.945	4.4
614.14	4.4
614.335	4.4
614.531	4.4
614.726	4.4
614.921	4.4
615.117	4.4
615.312	4.4
615.507	4.4
615.703	4.4
615.898	4.4
616.094	4.4
616.289	4.4
616.485	4.4
616.68	4.4
616.876	4.4
617.071	4.4
617.267	4.4
617.463	4.4
617.658	4.4
617.854	4.4
618.05	4.4
618.245	4.4
618.441	4.4
618.637	4.4
618.833	4.4
619.029	4.4
619.225	4.4
619.42	4.4
619.616	4.4
619.812	4.4
620.008	4.4
620.204	4.4
620.4	4.4
620.596	4.4
620.792	4.4
620.988	4.4
621.184	4.4
621.381	4.4
621.577	4.4
621.773	4.4
621.969	4.4
622.165	4.4
622.362	4.4
622.558	4.4
622.754	4.4
622.951	4.4
623.147	4.4
623.343	4.4
623.54	4.4
623.736	4.4
623.933	4.4
624.129	4.4
624.326	4.4
624.522	4.4
624.719	4.4
624.915	4.4
625.112	4.4
625.308	4.4
625.505	4.4
625.702	4.4
625.898	4.3
626.095	4.3
626.292	4.3
626.489	4.3
626.685	4.3
626.882	4.3
627.079	4.3
627.276	4.3
627.473	4.3
627.67	4.3
627.866	4.3
628.063	4.3
628.26	4.3
628.457	4.3
628.654	4.3
628.851	4.3
629.048	4.3
629.246	4.3
629.443	4.3
629.64	4.3
629.837	4.3
630.034	4.3
630.231	4.3
630.429	4.3
630.626	4.3
630.823	4.3
631.02	4.3
631.218	4.3
631.415	4.3
631.612	4.3
631.81	4.3
632.007	4.3
632.205	4.3
632.402	4.3
632.6	4.3
632.797	4.3
632.995	4.3
633.192	4.3
633.39	4.3
633.587	4.3
633.785	4.3
633.983	4.3
634.18	4.3
634.378	4.3
634.576	4.3
634.773	4.3
634.971	4.3
635.169	4.3
635.367	4.3
635.565	4.3
635.762	4.3
635.96	4.3
636.158	4.3
636.356	4.3
636.554	4.3
636.752	4.3
636.95	4.3
637.148	4.3
637.346	4.3
637.544	4.3
637.742	4.3
637.94	4.3
638.138	4.2
638.337	4.2
638.535	4.2
638.733	4.2
638.931	4.2
639.129	4.2
639.328	4.2
639.526	4.2
639.724	4.2
639.922	4.2
640.121	4.2
640.319	4.2
640.518	4.2
640.716	4.2
640.914	4.2
641.113	4.2
641.311	4.2
641.51	4.2
641.708	4.2
641.907	4.2
642.105	4.2
642.304	4.2
642.503	4.2
642.701	4.2
642.9	4.2
643.098	4.2
643.297	4.2
643.496	4.2
643.695	4.2
643.893	4.2
644.092	4.2
644.291	4.2
644.49	4.2
644.689	4.2
644.887	4.2
645.086	4.2
645.285	4.2
645.484	4.2
645.683	4.2
645.882	4.2
646.081	4.2
646.28	4.2
646.479	4.2
646.678	4.2
646.877	4.2
647.076	4.2
647.276	4.2
647.475	4.2
647.674	4.2
647.873	4.2
648.072	4.2
648.271	4.2
648.471	4.2
648.67	4.2
648.869	4.2
649.069	4.2
649.268	4.2
649.467	4.2
649.667	4.2
649.866	4.2
650.065	4.2
650.265	4.2
650.464	4.2
650.664	4.2
650.863	4.2
651.063	4.2
651.262	4.2
651.462	4.2
651.662	4.2
651.861	4.2
652.061	4.2
652.26	4.2
652.46	4.2
652.66	4.2
652.859	4.2
653.059	4.2
653.259	4.2
653.459	4.2
653.658	4.2
653.858	4.2
654.058	4.2
654.258	4.2
654.458	4.2
654.658	4.2
654.858	4.2
655.058	4.2
655.258	4.2
655.457	4.2
655.657	4.2
655.857	4.2
656.058	4.2
656.258	4.2
656.458	4.2
656.658	4.2
656.858	4.2
657.058	4.2
657.258	4.2
657.458	4.2
657.659	4.2
657.859	4.2
658.059	4.2
658.259	4.2
658.459	4.2
658.66	4.2
658.86	4.2
659.06	4.2
659.261	4.2
659.461	4.2
659.662	4.2
659.862	4.2
660.062	4.2
660.263	4.2
660.463	4.2
660.664	4.2
660.864	4.2
661.065	4.2
661.265	4.2
661.466	4.2
661.667	4.2
661.867	4.2
662.068	4.2
662.268	4.2
662.469	4.2
662.67	4.2
662.87	4.2
663.071	4.2
663.272	4.2
663.473	4.2
663.674	4.2
663.874	4.2
664.075	4.2
664.276	4.2
664.477	4.2
664.678	4.2
664.879	4.2
665.08	4.2
665.28	4.2
665.481	4.2
665.682	4.2
665.883	4.2
666.084	4.2
666.285	4.2
666.486	4.2
666.688	4.2
666.889	4.2
667.09	4.2
667.291	4.2
667.492	4.1
667.693	4.1
667.894	4.1
668.096	4.1
668.297	4.1
668.498	4.1
668.699	4.1
668.901	4.1
669.102	4.1
669.303	4.1
669.505	4.1
669.706	4.1
669.907	4.1
670.109	4.1
670.31	4.1
670.511	4.1
670.713	4.1
670.914	4.1
671.116	4.1
671.317	4.1
671.519	4.1
671.72	4.1
671.922	4.1
672.124	4.1
672.325	4.1
672.527	4.1
672.728	4.1
672.93	4.1
673.132	4.1
673.333	4.1
673.535	4.1
673.737	4.1
673.939	4.1
674.14	4.1
674.342	4.1
674.544	4.1
674.746	4.1
674.948	4.1
675.149	4.1
675.351	4.1
675.553	4.1
675.755	4.1
675.957	4.1
676.159	4.1
676.361	4.1
676.563	4.1
676.765	4.1
676.967	4.1
677.169	4.1
677.371	4.1
677.573	4.1
677.775	4.1
677.977	4.1
678.179	4.1
678.381	4.1
678.583	4.1
678.786	4.1
678.988	4.1
679.19	4.1
679.392	4.1
679.594	4.1
679.797	4.1
679.999	4.1
680.201	4.1
680.404	4.1
680.606	4.1
680.808	4.1
681.011	4.1
681.213	4.1
681.415	4.1
681.618	4.1
681.82	4.1
682.023	4.1
682.225	4.1
682.428	4.1
682.63	4.1
682.833	4.1
683.035	4.1
683.238	4.1
683.44	4.1
683.643	4.1
683.845	4.1
684.048	4.1
684.251	4.1
684.453	4.1
684.656	4.1
684.859	4.1
685.061	4.1
685.264	4.1
685.467	4.1
685.67	4.1
685.872	4.1
686.075	4.1
686.278	4.1
686.481	4.1
686.684	4.1
686.886	4.1
687.089	4.1
687.292	4.1
687.495	4.1
687.698	4.1
687.901	4.1
688.104	4.1
688.307	4.1
688.51	4.1
688.713	4.1
688.916	4.1
689.119	4.1
689.322	4.1
689.525	4.1
689.728	4.1
689.931	4.1
690.134	4.1
690.337	4.1
690.54	4.1
690.744	4.1
690.947	4.1
691.15	4.1
691.353	4.1
691.556	4.1
691.76	4.1
691.963	4.1
692.166	4
692.37	4.1
692.573	4
692.776	4
692.979	4
693.183	4
693.386	4
693.59	4
693.793	4
693.996	4
694.2	4
694.403	4
694.607	4
694.81	4
695.014	4
695.217	4
695.421	4
695.624	4
695.828	4
696.031	4
696.235	4
696.439	4
696.642	4
696.846	4
697.049	4
697.253	4
697.457	4
697.661	4
697.864	4
698.068	4
698.272	4
698.475	4
698.679	4
698.883	4
699.087	4
699.291	4
699.494	4
699.698	4
699.902	4
700.106	4
700.31	4
700.514	4
700.718	4
700.922	4
701.126	4
701.33	4
701.534	4
701.738	4
701.942	4
702.146	4.1
702.35	4.1
702.554	4.1
702.758	4.1
702.962	4.1
703.166	4.1
703.37	4
703.574	4
703.778	4
703.983	4
704.187	4
704.391	4
704.595	4
704.799	4
705.004	4
705.208	4
705.412	4
705.616	4
705.821	4
706.025	4
706.229	4
706.434	4
706.638	4
706.842	4
707.047	4
707.251	4
707.455	4
707.66	4
707.864	4
708.069	4
708.273	4
708.478	4
708.682	4
708.887	4
709.091	4
709.296	4
709.5	4
709.705	4
709.909	4
710.114	4
710.319	4
710.523	4
710.728	4
710.932	4
711.137	4
711.342	4
711.546	4
711.751	4
711.956	4
712.161	4
712.365	4
712.57	4
712.775	4
712.98	4
713.184	4
713.389	4
713.594	4
713.799	4
714.004	4
714.209	4
714.413	4
714.618	4
714.823	4
715.028	4
715.233	4
715.438	4
715.643	4
715.848	4
716.053	4
716.258	4
716.463	4
716.668	4
716.873	4
717.078	4
717.283	4
717.488	4
717.693	4
717.898	4
718.103	4
718.308	4
718.514	4
718.719	4
718.924	4
719.129	4
719.334	4
719.539	4
719.745	4
719.95	4
720.155	4
720.36	4
720.566	4
720.771	4
720.976	4
721.182	4
721.387	4
721.592	4
721.798	4
722.003	4
722.208	4
722.414	4
722.619	4
722.824	4
723.03	4
723.235	4
723.441	4
723.646	4
723.852	4
724.057	4
724.263	4
724.468	4
724.674	4
724.879	4
725.085	4
725.29	4
725.496	4
725.701	4
725.907	4
726.112	4
726.318	4
726.524	4
726.729	4
726.935	4
727.141	4
727.346	4
727.552	4
727.758	4
727.963	4
728.169	4
728.375	4
728.581	4
728.786	4
728.992	4
729.198	4
729.404	4
729.609	4
729.815	4
730.021	4
730.227	4
730.433	4
730.639	4
730.844	4
731.05	4
731.256	4
731.462	4
731.668	4
731.874	4
732.08	4
732.286	4
732.492	4
732.698	4
732.904	4
733.11	4
733.316	4
733.522	4.1
733.728	4.1
733.934	4.1
734.14	4.1
734.346	4.1
734.552	4.1
734.758	4.1
734.964	4.1
735.17	4.1
735.376	4.1
735.583	4.1
735.789	4.1
735.995	4.1
736.201	4.1
736.407	4.1
736.613	4.1
736.819	4.1
737.026	4.1
737.232	4.1
737.438	4.1
737.644	4.1
737.851	4.1
738.057	4.1
738.263	4.1
738.469	4.1
738.676	4.1
738.882	4.1
739.088	4.1
739.295	4.1
739.501	4.1
739.707	4.1
739.914	4.1
740.12	4.1
740.326	4.1
740.533	4.1
740.739	4.1
740.946	4.1
741.152	4
741.358	4
741.565	4.1
741.771	4.1
741.978	4
742.184	4
742.391	4
742.597	4
742.804	4
743.01	4
743.217	4
743.423	4
743.63	4
743.836	4
744.043	4
744.249	4
744.456	4
744.663	4
744.869	4
745.076	4
745.282	4
745.489	4
745.696	4
745.902	4
746.109	4
746.316	4
746.522	4
746.729	4
746.936	4
747.142	4
747.349	4
747.556	4
747.762	4
747.969	4
748.176	4
748.383	4
748.589	4
748.796	4
749.003	4
749.21	4
749.417	4
749.623	4
749.83	4
750.037	4
750.244	4
750.451	4
750.658	4
750.865	4
751.071	4
751.278	4
751.485	4
751.692	4
751.899	4
752.106	4
752.313	4
752.52	4
752.727	4
752.934	4
753.141	4
753.348	4
753.555	4
753.762	4
753.969	4
754.176	4
754.383	4
754.59	4
754.797	4
755.004	4
755.211	4
755.418	4
755.625	4
755.832	4
756.039	4
756.246	4
756.453	4
756.66	4.1
756.868	4.1
757.075	4
757.282	4
757.489	4.1
757.696	4
757.903	4
758.111	4
758.318	4
758.525	4.1
758.732	4.1
758.939	4.1
759.147	4.1
759.354	4.1
759.561	4.1
759.768	4.1
759.976	4.1
760.183	4.1
760.39	4.1
760.597	4.1
760.805	4.1
761.012	4.1
761.219	4.1
761.426	4.1
761.634	4.1
761.841	4.1
762.048	4.1
762.256	4.1
762.463	4.1
762.67	4.1
762.878	4.1
763.085	4.1
763.293	4.1
763.5	4.1
763.707	4.1
763.915	4.1
764.122	4.1
764.33	4.1
764.537	4.1
764.744	4.1
764.952	4.1
765.159	4.1
765.367	4.1
765.574	4.1
765.782	4.1
765.989	4.1
766.197	4.1
766.404	4.1
766.612	4.1
766.819	4.1
767.027	4.1
767.234	4.1
767.442	4.1
767.649	4.1
767.857	4.1
768.064	4.1
768.272	4.1
768.479	4.1
768.687	4.1
768.895	4.1
769.102	4.1
769.31	4.1
769.517	4.1
769.725	4.1
769.933	4.1
770.14	4.1
770.348	4.1
770.555	4.1
770.763	4.1
770.971	4.1
771.178	4.1
771.386	4.1
771.594	4.1
771.801	4.1
772.009	4.1
772.217	4.1
772.424	4.1
772.632	4.1
772.84	4.1
773.047	4.1
773.255	4.1
773.463	4.1
773.671	4.1
773.878	4.1
774.086	4.1
774.294	4.1
774.502	4.1
774.709	4.1
774.917	4.1
775.125	4.1
775.333	4.1
775.54	4.1
775.748	4.1
775.956	4.1
776.164	4.1
776.371	4.1
776.579	4.1
776.787	4.1
776.995	4.1
777.203	4.1
777.41	4.1
777.618	4.1
777.826	4.1
778.034	4.1
778.242	4.1
778.45	4.1
778.657	4.1
778.865	4.1
779.073	4.1
779.281	4.1
779.489	4.1
779.697	4.1
779.905	4.1
780.112	4.1
780.32	4.1
780.528	4.1
780.736	4.1
780.944	4.1
781.152	4.1
781.36	4.1
781.568	4.1
781.776	4.1
781.984	4.1
782.191	4.1
782.399	4.1
782.607	4.1
782.815	4.1
783.023	4.1
783.231	4.1
783.439	4.1
783.647	4.1
783.855	4.1
784.063	4.1
784.271	4.1
784.479	4.1
784.687	4.1
784.895	4.1
785.103	4.1
785.311	4.1
785.519	4.1
785.727	4.1
785.935	4.1
786.143	4.1
786.351	4.1
786.559	4.1
786.767	4.1
786.975	4.1
787.183	4.1
787.391	4.1
787.599	4.1
787.807	4.1
788.015	4.1
788.223	4.1
788.431	4.1
788.639	4.1
788.847	4.1
789.055	4.1
789.263	4.1
789.471	4.2
789.679	4.2
789.887	4.2
790.095	4.2
790.303	4.2
790.511	4.2
790.719	4.2
790.927	4.2
791.135	4.2
791.343	4.2
791.551	4.2
791.76	4.2
791.968	4.2
792.176	4.2
792.384	4.2
792.592	4.2
792.8	4.2
793.008	4.2
793.216	4.2
793.424	4.2
793.632	4.2
793.84	4.2
794.048	4.2
794.256	4.2
794.465	4.2
794.673	4.2
794.881	4.2
795.089	4.2
795.297	4.2
795.505	4.2
795.713	4.2
795.921	4.2
796.129	4.2
796.337	4.2
796.546	4.2
796.754	4.2
796.962	4.2
797.17	4.2
797.378	4.2
797.586	4.2
797.794	4.2
798.002	4.2
798.21	4.2
798.419	4.2
798.627	4.2
798.835	4.2
799.043	4.2
799.251	4.2
799.459	4.2
799.667	4.2
799.875	4.2
800.083	4.2
800.292	4.2
800.5	4.2
800.708	4.2
800.916	4.2
801.124	4.2
801.332	4.2
801.54	4.2
801.748	4.2
801.957	4.2
802.165	4.2
802.373	4.2
802.581	4.2
802.789	4.2
802.997	4.2
803.205	4.2
803.414	4.2
803.622	4.2
803.83	4.2
804.038	4.2
804.246	4.2
804.454	4.2
804.662	4.2
804.87	4.2
805.079	4.2
805.287	4.2
805.495	4.2
805.703	4.2
805.911	4.2
806.119	4.2
806.327	4.2
806.535	4.2
806.743	4.2
806.952	4.2
807.16	4.2
807.368	4.2
807.576	4.2
807.784	4.2
807.992	4.2
808.2	4.2
808.408	4.2
808.617	4.2
808.825	4.2
809.033	4.2
809.241	4.2
809.449	4.2
809.657	4.2
809.865	4.2
810.073	4.2
810.281	4.2
810.49	4.2
810.698	4.3
810.906	4.3
811.114	4.3
811.322	4.3
811.53	4.3
811.738	4.3
811.946	4.3
812.154	4.3
812.362	4.3
812.57	4.3
812.779	4.3
812.987	4.3
813.195	4.3
813.403	4.3
813.611	4.3
813.819	4.3
814.027	4.3
814.235	4.3
814.443	4.3
814.651	4.3
814.859	4.3
815.067	4.3
815.275	4.3
815.484	4.3
815.692	4.3
815.9	4.3
816.108	4.3
816.316	4.3
816.524	4.3
816.732	4.3
816.94	4.3
817.148	4.3
817.356	4.3
817.564	4.3
817.772	4.3
817.98	4.3
818.188	4.3
818.397	4.3
818.605	4.3
818.813	4.3
819.021	4.3
819.229	4.3
819.437	4.3
819.645	4.3
819.853	4.3
820.061	4.3
820.269	4.3
820.477	4.3
820.685	4.3
820.893	4.3
821.102	4.3
821.31	4.3
821.518	4.3
821.726	4.3
821.934	4.3
822.142	4.3
822.35	4.3
822.558	4.3
822.766	4.3
822.974	4.3
823.182	4.3
823.39	4.3
823.599	4.3
823.807	4.3
824.015	4.3
824.223	4.3
824.431	4.3
824.639	4.4
824.847	4.4
825.055	4.4
825.263	4.4
825.472	4.3
825.68	4.3
825.888	4.4
826.096	4.4
826.304	4.4
826.512	4.4
826.72	4.4
826.928	4.4
827.137	4.4
827.345	4.4
827.553	4.4
827.761	4.4
827.969	4.4
828.177	4.4
828.385	4.4
828.594	4.4
828.802	4.4
829.01	4.4
829.218	4.4
829.426	4.4
829.634	4.4
829.843	4.4
830.051	4.4
830.259	4.4
830.467	4.4
830.675	4.4
830.883	4.4
831.092	4.4
831.3	4.4
831.508	4.4
831.716	4.4
831.924	4.4
832.133	4.4
832.341	4.4
832.549	4.4
832.757	4.4
832.966	4.4
833.174	4.4
833.382	4.4
833.59	4.4
833.799	4.4
834.007	4.4
834.215	4.4
834.423	4.4
834.632	4.4
834.84	4.4
835.048	4.4
835.256	4.4
835.465	4.4
835.673	4.4
835.881	4.4
836.09	4.4
836.298	4.4
836.506	4.5
836.715	4.5
836.923	4.5
837.131	4.5
837.34	4.5
837.548	4.5
837.756	4.4
837.965	4.4
838.173	4.5
838.381	4.5
838.59	4.5
838.798	4.5
839.006	4.4
839.215	4.5
839.423	4.5
839.632	4.5
839.84	4.5
840.048	4.5
840.257	4.4
840.465	4.4
840.674	4.4
840.882	4.4
841.091	4.4
841.299	4.4
841.508	4.4
841.716	4.4
841.924	4.5
842.133	4.5
842.341	4.5
842.55	4.5
842.758	4.5
842.967	4.5
843.175	4.5
843.384	4.5
843.593	4.5
843.801	4.5
844.01	4.5
844.218	4.5
844.427	4.5
844.635	4.5
844.844	4.5
845.052	4.5
845.261	4.5
845.47	4.5
845.678	4.5
845.887	4.5
846.095	4.5
846.304	4.5
846.513	4.5
846.721	4.5
846.93	4.5
847.139	4.5
847.347	4.5
847.556	4.5
847.765	4.5
847.973	4.5
848.182	4.5
848.391	4.5
848.6	4.5
848.808	4.5
849.017	4.5
849.226	4.5
849.435	4.5
849.643	4.5
849.852	4.5
850.061	4.5
850.27	4.5
850.478	4.5
850.687	4.5
850.896	4.5
851.105	4.5
851.314	4.5
851.523	4.5
851.731	4.5
851.94	4.5
852.149	4.5
852.358	4.6
852.567	4.6
852.776	4.6
852.985	4.6
853.194	4.6
853.403	4.6
853.612	4.6
853.821	4.5
854.03	4.6
854.239	4.6
854.447	4.5
854.656	4.5
854.865	4.5
855.075	4.5
855.284	4.5
855.493	4.5
855.702	4.5
855.911	4.5
856.12	4.5
856.329	4.6
856.538	4.6
856.747	4.6
856.956	4.6
857.165	4.6
857.374	4.6
857.584	4.6
857.793	4.6
858.002	4.6
858.211	4.6
858.42	4.6
858.629	4.6
858.839	4.6
859.048	4.6
859.257	4.6
859.466	4.6
859.676	4.6
859.885	4.6
860.094	4.6
860.304	4.6
860.513	4.6
860.722	4.6
860.932	4.5
861.141	4.5
861.35	4.6
861.56	4.6
861.769	4.6
861.978	4.6
862.188	4.6
862.397	4.6
862.607	4.6
862.816	4.6
863.026	4.6
863.235	4.6
863.445	4.7
863.654	4.7
863.864	4.7
864.073	4.7
864.283	4.7
864.492	4.7
864.702	4.7
864.911	4.7
865.121	4.7
865.33	4.7
865.54	4.7
865.75	4.7
865.959	4.7
866.169	4.7
866.379	4.7
866.588	4.7
866.798	4.7
867.008	4.7
867.218	4.7
867.427	4.7
867.637	4.7
867.847	4.7
868.057	4.7
868.266	4.7
868.476	4.7
868.686	4.7
868.896	4.7
869.106	4.8
869.316	4.8
869.525	4.8
869.735	4.8
869.945	4.8
870.155	4.8
870.365	4.8
870.575	4.8
870.785	4.8
870.995	4.8
871.205	4.8
871.415	4.8
871.625	4.8
871.835	4.8
872.045	4.8
872.255	4.8
872.465	4.8
872.675	4.8
872.886	4.8
873.096	4.8
873.306	4.8
873.516	4.8
873.726	4.8
873.936	4.8
874.147	4.8
874.357	4.8
874.567	4.8
874.777	4.8
874.988	4.8
875.198	4.8
875.408	4.8
875.619	4.8
875.829	4.9
876.039	4.9
876.25	4.9
876.46	4.8
876.67	4.8
876.881	4.9
877.091	4.9
877.302	4.9
877.512	4.9
877.723	4.9
877.933	4.8
878.144	4.9
878.354	4.9
878.565	4.8
878.775	4.8
878.986	4.8
879.197	4.8
879.407	4.9
879.618	4.9
879.829	4.9
880.039	4.9
880.25	4.9
880.461	4.9
880.671	4.9
880.882	4.9
881.093	4.9
881.304	4.9
881.515	4.9
881.725	4.9
881.936	4.9
882.147	4.9
882.358	4.9
882.569	4.9
882.78	4.9
882.991	4.9
883.202	4.9
883.413	4.9
883.624	5
883.835	5
884.046	5
884.257	5
884.468	5
884.679	5
884.89	5
885.101	5
885.312	5
885.523	5
885.735	5
885.946	4.9
886.157	4.9
886.368	4.9
886.579	4.9
886.791	4.9
887.002	4.9
887.213	4.9
887.425	4.9
887.636	5
887.847	5
888.059	5
888.27	5
888.481	4.9
888.693	4.9
888.904	4.9
889.116	4.9
889.327	4.9
889.539	4.9
889.75	4.9
889.962	4.9
890.174	4.9
890.385	5
890.597	5
890.808	5
891.02	5
891.232	5
891.444	5
891.655	5
891.867	5
892.079	4.9
892.291	4.9
892.502	4.9
892.714	4.9
892.926	4.9
893.138	4.9
893.35	4.9
893.562	4.9
893.774	4.9
893.986	4.9
894.198	4.9
894.41	4.9
894.622	4.9
894.834	4.9
895.046	4.9
895.258	4.9
895.47	5
895.682	5
895.894	4.9
896.106	4.9
896.319	4.9
896.531	4.9
896.743	4.9
896.955	5
897.168	5
897.38	5
897.592	5
897.805	5
898.017	5
898.229	5
898.442	5
898.654	5
898.867	5
899.079	5
899.292	5
899.504	5
899.717	5
899.929	5
900.142	5
900.355	5
900.567	5
900.78	5
900.993	5
901.205	5
901.418	5
901.631	5
901.844	5.1
902.056	5.1
902.269	5.1
902.482	5.1
902.695	5.1
902.908	5.1
903.121	5.1
903.334	5.1
903.547	5.1
903.76	5.1
903.973	5.1
904.186	5.1
904.399	5.1
904.612	5.1
904.825	5.1
905.038	5.1
905.251	5.1
905.465	5.1
905.678	5.1
905.891	5.1
906.104	5.1
906.318	5.1
906.531	5.1
906.744	5.1
906.958	5.1
907.171	5.1
907.384	5.1
907.598	5.1
907.811	5.2
908.025	5.2
908.238	5.2
908.452	5.2
908.665	5.2
908.879	5.2
909.093	5.1
909.306	5.2
909.52	5.2
909.734	5.2
909.947	5.2
910.161	5.2
910.375	5.2
910.589	5.2
910.803	5.2
911.016	5.2
911.23	5.2
911.444	5.2
911.658	5.2
911.872	5.2
912.086	5.2
912.3	5.2
912.514	5.2
912.728	5.2
912.942	5.2
913.156	5.2
913.37	5.3
913.585	5.3
913.799	5.3
914.013	5.3
914.227	5.3
914.442	5.3
914.656	5.4
914.87	5.4
915.084	5.4
915.299	5.4
915.513	5.4
915.728	5.4
915.942	5.4
916.157	5.4
916.371	5.4
916.586	5.4
916.8	5.4
917.015	5.4
917.229	5.4
917.444	5.4
917.659	5.4
917.874	5.4
918.088	5.4
918.303	5.4
918.518	5.4
918.733	5.4
918.947	5.4
919.162	5.4
919.377	5.4
919.592	5.4
919.807	5.4
920.022	5.4
920.237	5.4
920.452	5.4
920.667	5.4
920.882	5.4
921.097	5.4
921.313	5.4
921.528	5.4
921.743	5.5
921.958	5.4
922.174	5.4
922.389	5.4
922.604	5.4
922.82	5.4
923.035	5.4
923.25	5.4
923.466	5.4
923.681	5.4
923.897	5.4
924.112	5.4
924.328	5.4
924.544	5.4
924.759	5.4
924.975	5.5
925.19	5.5
925.406	5.6
925.622	5.6
925.838	5.6
926.054	5.6
926.269	5.6
926.485	5.6
926.701	5.6
926.917	5.6
927.133	5.6
927.349	5.6
927.565	5.6
927.781	5.7
927.997	5.6
928.213	5.6
928.429	5.6
928.646	5.6
928.862	5.7
929.078	5.7
929.294	5.7
929.511	5.8
929.727	5.8
929.943	5.8
930.16	5.8
930.376	5.8
930.592	5.8
930.809	5.8
931.025	5.8
931.242	5.8
931.459	5.8
931.675	5.8
931.892	5.9
932.108	5.9
932.325	5.9
932.542	6
932.759	6
932.975	6
933.192	6
933.409	6
933.626	6
933.843	6
934.06	6
934.277	6
934.494	6
934.711	6
934.928	6
935.145	6
935.362	6
935.58	6
935.797	6
936.014	6
936.231	6
936.449	6
936.666	6
936.883	6
937.101	6.1
937.318	6.1
937.536	6.2
937.753	6.2
937.971	6.2
938.188	6.3
938.406	6.3
938.624	6.3
938.841	6.4
939.059	6.4
939.277	6.4
939.494	6.5
939.712	6.6
939.93	6.6
