360.161	50.7
360.333	50.6
360.504	50.7
360.676	50.7
360.847	50.7
361.019	50.7
361.19	50.7
361.361	50.8
361.533	50.9
361.704	50.9
361.876	51
362.047	51
362.219	51.1
362.391	51.1
362.562	51.2
362.734	51.2
362.905	51.2
363.077	51.1
363.248	51.1
363.42	51
363.592	51.1
363.763	51.1
363.935	51.2
364.106	51.3
364.278	51.3
364.45	51.3
364.621	51.4
364.793	51.5
364.965	51.6
365.137	51.6
365.308	51.6
365.48	51.6
365.652	51.7
365.824	51.7
365.995	51.7
366.167	51.7
366.339	51.7
366.511	51.8
366.683	51.8
366.854	51.8
367.026	51.8
367.198	51.8
367.37	51.9
367.542	52
367.714	52.1
367.886	52.1
368.058	52.2
368.23	52.2
368.402	52.3
368.574	52.3
368.746	52.4
368.918	52.4
369.09	52.4
369.262	52.3
369.434	52.3
369.606	52.3
369.778	52.4
369.95	52.4
370.122	52.4
370.294	52.6
370.467	52.6
370.639	52.7
370.811	52.7
370.983	52.8
371.155	52.8
371.328	52.8
371.5	52.9
371.672	52.9
371.844	52.9
372.017	53
372.189	53
372.361	53
372.534	53.1
372.706	53.1
372.878	53.2
373.051	53.2
373.223	53.2
373.396	53.2
373.568	53.3
373.741	53.4
373.913	53.5
374.086	53.6
374.258	53.6
374.431	53.7
374.603	53.7
374.776	53.8
374.949	53.8
375.121	53.9
375.294	53.9
375.467	53.9
375.639	53.9
375.812	54
375.985	54
376.157	54.1
376.33	54.2
376.503	54.2
376.676	54.2
376.849	54.3
377.021	54.3
377.194	54.3
377.367	54.3
377.54	54.4
377.713	54.4
377.886	54.5
378.059	54.5
378.232	54.6
378.405	54.6
378.578	54.7
378.751	54.7
378.924	54.7
379.097	54.7
379.27	54.8
379.444	54.8
379.617	54.8
379.79	54.8
379.963	54.9
380.136	54.9
380.31	54.9
380.483	54.9
380.656	54.9
380.829	54.9
381.003	54.9
381.176	54.8
381.35	54.9
381.523	54.9
381.696	54.9
381.87	54.9
382.043	54.9
382.217	54.9
382.39	54.8
382.564	54.8
382.738	54.9
382.911	54.9
383.085	54.9
383.258	54.9
383.432	54.9
383.606	54.9
383.779	54.9
383.953	55
384.127	55
384.301	54.9
384.475	54.9
384.648	54.9
384.822	54.9
384.996	54.9
385.17	54.8
385.344	54.8
385.518	54.8
385.692	54.8
385.866	54.8
386.04	54.8
386.214	54.8
386.388	54.8
386.562	54.8
386.737	54.8
386.911	54.8
387.085	54.8
387.259	54.8
387.434	54.8
387.608	54.8
387.782	54.8
387.956	54.8
388.131	54.8
388.305	54.8
388.48	54.8
388.654	54.8
388.829	54.8
389.003	54.8
389.178	54.8
389.352	54.8
389.527	54.9
389.701	54.9
389.876	54.8
390.051	54.8
390.226	54.8
390.4	54.8
390.575	54.8
390.75	54.8
390.925	54.8
391.099	54.8
391.274	54.8
391.449	54.8
391.624	54.8
391.799	54.9
391.974	54.9
392.149	54.9
392.324	54.9
392.499	54.9
392.675	54.9
392.85	54.9
393.025	54.9
393.2	54.9
393.375	54.9
393.551	54.9
393.726	54.9
393.901	55
394.077	55
394.252	55
394.427	55
394.603	55
394.778	54.9
394.954	54.9
395.129	54.9
395.305	54.9
395.481	55
395.656	55
395.832	55
396.008	55
396.184	55
396.359	55
396.535	55
396.711	55
396.887	55
397.063	55
397.239	55.1
397.415	55.1
397.591	55.1
397.767	55.1
397.943	55.1
398.119	55.1
398.295	55.1
398.471	55.1
398.648	55.1
398.824	55.1
399	55.1
399.176	55.1
399.353	55.1
399.529	55.1
399.706	55.2
399.882	55.1
400.058	55.1
400.235	55.1
400.412	55.1
400.588	55.1
400.765	55.1
400.942	55.1
401.118	55.1
401.295	55.2
401.472	55.2
401.649	55.2
401.825	55.2
402.002	55.2
402.179	55.2
402.356	55.2
402.533	55.2
402.71	55.2
402.887	55.2
403.064	55.2
403.242	55.2
403.419	55.2
403.596	55.2
403.773	55.2
403.95	55.2
404.128	55.2
404.305	55.2
404.483	55.2
404.66	55.2
404.837	55.2
405.015	55.2
405.193	55.2
405.37	55.3
405.548	55.3
405.725	55.3
405.903	55.3
406.081	55.3
406.259	55.3
406.437	55.3
406.614	55.3
406.792	55.3
406.97	55.3
407.148	55.3
407.326	55.3
407.504	55.3
407.682	55.3
407.86	55.3
408.039	55.3
408.217	55.3
408.395	55.4
408.573	55.4
408.751	55.4
408.93	55.4
409.108	55.4
409.287	55.4
409.465	55.4
409.643	55.4
409.822	55.5
410	55.5
410.179	55.5
410.358	55.5
410.536	55.5
410.715	55.5
410.894	55.5
411.072	55.6
411.251	55.6
411.43	55.6
411.609	55.6
411.788	55.6
411.967	55.6
412.146	55.7
412.325	55.7
412.504	55.7
412.683	55.7
412.862	55.7
413.041	55.7
413.22	55.7
413.399	55.8
413.578	55.8
413.758	55.8
413.937	55.8
414.116	55.8
414.296	55.8
414.475	55.9
414.654	55.9
414.834	55.9
415.013	55.9
415.193	56
415.372	56
415.552	55.9
415.732	55.9
415.911	56
416.091	55.9
416.271	55.9
416.45	55.9
416.63	55.9
416.81	56
416.99	56
417.169	56
417.349	56
417.529	56
417.709	56
417.889	56
418.069	56
418.249	56
418.429	56
418.609	56
418.789	56
418.97	56
419.15	56
419.33	56.1
419.51	56.1
419.691	56.1
419.871	56.1
420.051	56.1
420.232	56.1
420.412	56.1
420.592	56.1
420.773	56.1
420.953	56.1
421.134	56.1
421.314	56.1
421.495	56.1
421.675	56.1
421.856	56.1
422.037	56.1
422.217	56.1
422.398	56.1
422.579	56.1
422.76	56.1
422.94	56.1
423.121	56.1
423.302	56.1
423.483	56.1
423.664	56.1
423.845	56.1
424.026	56.2
424.207	56.2
424.388	56.2
424.569	56.2
424.75	56.2
424.931	56.1
425.112	56.1
425.293	56.1
425.474	56.1
425.655	56.1
425.837	56.1
426.018	56.1
426.199	56.1
426.38	56.1
426.562	56.1
426.743	56.1
426.924	56.1
427.106	56.1
427.287	56.1
427.469	56.1
427.65	56.1
427.832	56.1
428.013	56.1
428.195	56.1
428.376	56.1
428.558	56.1
428.739	56.1
428.921	56.1
429.103	56.1
429.284	56.1
429.466	56.1
429.648	56.1
429.83	56.2
430.011	56.2
430.193	56.2
430.375	56.2
430.557	56.2
430.739	56.2
430.921	56.2
431.102	56.2
431.284	56.2
431.466	56.2
431.648	56.2
431.83	56.2
432.012	56.3
432.194	56.3
432.377	56.3
432.559	56.3
432.741	56.4
432.923	56.4
433.105	56.4
433.287	56.4
433.469	56.4
433.652	56.4
433.834	56.5
434.016	56.4
434.198	56.5
434.381	56.5
434.563	56.5
434.745	56.5
434.928	56.5
435.11	56.6
435.293	56.6
435.475	56.6
435.658	56.6
435.84	56.6
436.022	56.6
436.205	56.6
436.388	56.7
436.57	56.7
436.753	56.7
436.935	56.7
437.118	56.7
437.301	56.7
437.483	56.7
437.666	56.8
437.849	56.8
438.031	56.8
438.214	56.8
438.397	56.8
438.58	56.8
438.762	56.8
438.945	56.8
439.128	56.9
439.311	56.9
439.494	56.9
439.677	56.9
439.859	56.9
440.042	56.9
440.225	56.9
440.408	56.9
440.591	56.9
440.774	57
440.957	57
441.14	57
441.323	57
441.507	57
441.69	57
441.873	57
442.056	57
442.239	57
442.422	57
442.605	57
442.789	57
442.972	57
443.155	57.1
443.338	57.1
443.522	57.1
443.705	57.1
443.888	57.1
444.072	57.1
444.255	57.1
444.438	57.1
444.622	57.1
444.805	57.1
444.989	57.1
445.172	57.1
445.356	57.1
445.539	57.1
445.723	57.2
445.906	57.2
446.09	57.2
446.273	57.2
446.457	57.2
446.64	57.2
446.824	57.2
447.008	57.2
447.191	57.2
447.375	57.2
447.559	57.2
447.742	57.2
447.926	57.2
448.11	57.2
448.293	57.2
448.477	57.3
448.661	57.3
448.845	57.3
449.029	57.3
449.212	57.3
449.396	57.3
449.58	57.3
449.764	57.3
449.948	57.4
450.132	57.4
450.316	57.4
450.5	57.4
450.684	57.4
450.868	57.4
451.052	57.5
451.236	57.5
451.42	57.5
451.604	57.5
451.788	57.5
451.972	57.5
452.156	57.5
452.34	57.5
452.525	57.5
452.709	57.5
452.893	57.6
453.077	57.6
453.261	57.6
453.446	57.6
453.63	57.6
453.814	57.6
453.998	57.6
454.183	57.7
454.367	57.7
454.551	57.7
454.736	57.7
454.92	57.7
455.104	57.7
455.289	57.7
455.473	57.8
455.658	57.8
455.842	57.8
456.026	57.8
456.211	57.8
456.395	57.8
456.58	57.9
456.764	57.9
456.949	57.9
457.134	57.9
457.318	57.9
457.503	57.9
457.687	57.9
457.872	58
458.057	58
458.241	58
458.426	58
458.611	58
458.795	58
458.98	58.1
459.165	58.1
459.349	58.1
459.534	58.1
459.719	58.1
459.904	58.1
460.088	58.2
460.273	58.2
460.458	58.2
460.643	58.2
460.828	58.2
461.013	58.2
461.198	58.2
461.382	58.2
461.567	58.3
461.752	58.3
461.937	58.3
462.122	58.3
462.307	58.3
462.492	58.3
462.677	58.3
462.862	58.3
463.047	58.4
463.232	58.4
463.417	58.4
463.602	58.4
463.788	58.4
463.973	58.4
464.158	58.4
464.343	58.4
464.528	58.4
464.713	58.4
464.898	58.5
465.084	58.5
465.269	58.5
465.454	58.5
465.639	58.5
465.824	58.5
466.01	58.5
466.195	58.5
466.38	58.5
466.566	58.5
466.751	58.6
466.936	58.6
467.122	58.6
467.307	58.6
467.492	58.6
467.678	58.6
467.863	58.6
468.048	58.6
468.234	58.7
468.419	58.7
468.605	58.7
468.79	58.7
468.976	58.8
469.161	58.8
469.347	58.8
469.532	58.8
469.718	58.8
469.903	58.8
470.089	58.8
470.274	58.9
470.46	58.9
470.646	58.9
470.831	58.9
471.017	58.9
471.202	58.9
471.388	58.9
471.574	59
471.759	59
471.945	59
472.131	59
472.317	59
472.502	59
472.688	59
472.874	59.1
473.059	59.1
473.245	59.1
473.431	59.1
473.617	59.1
473.803	59.1
473.988	59.1
474.174	59.1
474.36	59.1
474.546	59.1
474.732	59.1
474.918	59.2
475.104	59.2
475.29	59.2
475.475	59.2
475.661	59.2
475.847	59.2
476.033	59.2
476.219	59.2
476.405	59.2
476.591	59.2
476.777	59.2
476.963	59.2
477.149	59.2
477.335	59.2
477.521	59.2
477.707	59.2
477.893	59.2
478.08	59.2
478.266	59.2
478.452	59.2
478.638	59.2
478.824	59.2
479.01	59.2
479.196	59.2
479.382	59.2
479.569	59.2
479.755	59.2
479.941	59.2
480.127	59.2
480.313	59.2
480.5	59.2
480.686	59.2
480.872	59.2
481.058	59.2
481.245	59.2
481.431	59.2
481.617	59.2
481.803	59.2
481.99	59.2
482.176	59.2
482.362	59.2
482.549	59.2
482.735	59.2
482.921	59.2
483.108	59.2
483.294	59.2
483.481	59.2
483.667	59.2
483.853	59.2
484.04	59.2
484.226	59.2
484.413	59.2
484.599	59.2
484.786	59.2
484.972	59.2
485.159	59.2
485.345	59.2
485.532	59.2
485.718	59.2
485.905	59.2
486.091	59.2
486.278	59.3
486.464	59.3
486.651	59.3
486.837	59.3
487.024	59.3
487.211	59.3
487.397	59.3
487.584	59.3
487.77	59.3
487.957	59.3
488.144	59.4
488.33	59.4
488.517	59.4
488.704	59.4
488.89	59.4
489.077	59.4
489.264	59.4
489.45	59.4
489.637	59.4
489.824	59.4
490.01	59.4
490.197	59.5
490.384	59.5
490.571	59.5
490.757	59.5
490.944	59.5
491.131	59.5
491.318	59.5
491.505	59.5
491.691	59.5
491.878	59.5
492.065	59.5
492.252	59.6
492.439	59.6
492.626	59.6
492.812	59.6
492.999	59.6
493.186	59.6
493.373	59.6
493.56	59.6
493.747	59.7
493.934	59.7
494.121	59.7
494.308	59.7
494.494	59.7
494.681	59.7
494.868	59.7
495.055	59.7
495.242	59.7
495.429	59.7
495.616	59.7
495.803	59.7
495.99	59.7
496.177	59.8
496.364	59.8
496.551	59.8
496.738	59.8
496.925	59.8
497.112	59.8
497.299	59.8
497.486	59.8
497.673	59.8
497.861	59.8
498.048	59.9
498.235	59.9
498.422	59.9
498.609	59.9
498.796	59.9
498.983	59.9
499.17	59.9
499.357	59.9
499.544	59.9
499.732	59.9
499.919	59.9
500.106	59.9
500.293	59.9
500.48	59.9
500.667	59.9
500.855	60
501.042	60
501.229	60
501.416	60
501.603	60
501.791	60
501.978	60
502.165	60
502.352	60
502.54	60
502.727	60.1
502.914	60.1
503.101	60.1
503.289	60.1
503.476	60.1
503.663	60.1
503.85	60.1
504.038	60.1
504.225	60.1
504.412	60.1
504.6	60.2
504.787	60.2
504.974	60.2
505.161	60.2
505.349	60.2
505.536	60.2
505.723	60.2
505.911	60.3
506.098	60.3
506.286	60.3
506.473	60.3
506.66	60.3
506.848	60.3
507.035	60.3
507.222	60.4
507.41	60.4
507.597	60.4
507.785	60.4
507.972	60.4
508.159	60.4
508.347	60.4
508.534	60.4
508.722	60.4
508.909	60.5
509.097	60.5
509.284	60.5
509.471	60.5
509.659	60.5
509.846	60.5
510.034	60.6
510.221	60.6
510.409	60.6
510.596	60.6
510.784	60.6
510.971	60.6
511.159	60.6
511.346	60.7
511.534	60.7
511.721	60.7
511.909	60.7
512.096	60.7
512.284	60.8
512.471	60.8
512.659	60.8
512.846	60.8
513.034	60.8
513.221	60.8
513.409	60.8
513.596	60.9
513.784	60.9
513.972	60.9
514.159	60.9
514.347	60.9
514.534	60.9
514.722	61
514.909	61
515.097	61
515.285	61
515.472	61
515.66	61.1
515.847	61.1
516.035	61.1
516.222	61.1
516.41	61.1
516.598	61.1
516.785	61.2
516.973	61.2
517.161	61.2
517.348	61.2
517.536	61.2
517.723	61.3
517.911	61.3
518.099	61.3
518.286	61.3
518.474	61.3
518.662	61.4
518.849	61.4
519.037	61.4
519.225	61.4
519.412	61.4
519.6	61.4
519.787	61.4
519.975	61.5
520.163	61.5
520.35	61.5
520.538	61.5
520.726	61.5
520.914	61.6
521.101	61.6
521.289	61.6
521.477	61.6
521.664	61.6
521.852	61.6
522.04	61.7
522.227	61.7
522.415	61.7
522.603	61.7
522.79	61.7
522.978	61.7
523.166	61.8
523.354	61.8
523.541	61.8
523.729	61.8
523.917	61.8
524.104	61.8
524.292	61.9
524.48	61.9
524.668	61.9
524.855	61.9
525.043	61.9
525.231	62
525.418	62
525.606	62
525.794	62
525.982	62.1
526.169	62.1
526.357	62.1
526.545	62.1
526.733	62.2
526.92	62.2
527.108	62.2
527.296	62.2
527.484	62.3
527.671	62.3
527.859	62.3
528.047	62.4
528.235	62.4
528.422	62.4
528.61	62.4
528.798	62.4
528.986	62.5
529.173	62.5
529.361	62.5
529.549	62.5
529.737	62.5
529.924	62.5
530.112	62.6
530.3	62.6
530.488	62.6
530.675	62.6
530.863	62.6
531.051	62.6
531.239	62.6
531.426	62.6
531.614	62.6
531.802	62.6
531.99	62.6
532.177	62.6
532.365	62.6
532.553	62.6
532.741	62.6
532.928	62.6
533.116	62.6
533.304	62.6
533.492	62.6
533.679	62.6
533.867	62.6
534.055	62.6
534.243	62.6
534.431	62.5
534.618	62.5
534.806	62.5
534.994	62.5
535.182	62.5
535.369	62.5
535.557	62.5
535.745	62.5
535.933	62.5
536.12	62.5
536.308	62.5
536.496	62.5
536.684	62.5
536.871	62.5
537.059	62.5
537.247	62.5
537.435	62.5
537.622	62.5
537.81	62.5
537.998	62.5
538.186	62.5
538.373	62.5
538.561	62.5
538.749	62.5
538.937	62.5
539.124	62.5
539.312	62.5
539.5	62.5
539.688	62.6
539.875	62.6
540.063	62.6
540.251	62.6
540.439	62.6
540.626	62.6
540.814	62.6
541.002	62.7
541.19	62.7
541.377	62.7
541.565	62.7
541.753	62.7
541.941	62.7
542.128	62.7
542.316	62.8
542.504	62.8
542.691	62.8
542.879	62.8
543.067	62.8
543.255	62.8
543.442	62.8
543.63	62.8
543.818	62.8
544.005	62.8
544.193	62.8
544.381	62.9
544.568	62.9
544.756	62.9
544.944	62.9
545.132	62.9
545.319	63
545.507	63
545.695	63
545.882	63
546.07	63
546.258	63
546.445	63
546.633	63.1
546.821	63.1
547.008	63.1
547.196	63.1
547.384	63.1
547.571	63.1
547.759	63.1
547.947	63.1
548.134	63.1
548.322	63.2
548.51	63.2
548.697	63.2
548.885	63.2
549.073	63.2
549.26	63.2
549.448	63.2
549.636	63.3
549.823	63.3
550.011	63.3
550.199	63.3
550.386	63.3
550.574	63.3
550.762	63.3
550.949	63.4
551.137	63.4
551.325	63.4
551.512	63.4
551.7	63.4
551.888	63.4
552.075	63.4
552.263	63.4
552.451	63.5
552.639	63.5
552.826	63.5
553.014	63.5
553.202	63.5
553.389	63.5
553.577	63.5
553.765	63.5
553.953	63.5
554.14	63.5
554.328	63.6
554.516	63.6
554.704	63.6
554.891	63.6
555.079	63.6
555.267	63.6
555.455	63.6
555.643	63.6
555.83	63.6
556.018	63.7
556.206	63.7
556.394	63.7
556.582	63.7
556.77	63.7
556.957	63.7
557.145	63.7
557.333	63.7
557.521	63.8
557.709	63.8
557.897	63.8
558.085	63.8
558.273	63.8
558.461	63.8
558.649	63.8
558.837	63.9
559.025	63.9
559.213	63.9
559.4	63.9
559.588	63.9
559.777	63.9
559.965	63.9
560.153	63.9
560.341	64
560.529	64
560.717	64
560.905	64
561.093	64
561.281	64
561.469	64
561.657	64
561.845	64
562.034	64.1
562.222	64.1
562.41	64.1
562.598	64.1
562.786	64.1
562.975	64.1
563.163	64.1
563.351	64.1
563.539	64.1
563.728	64.2
563.916	64.2
564.104	64.2
564.293	64.2
564.481	64.2
564.67	64.2
564.858	64.2
565.046	64.2
565.235	64.2
565.423	64.2
565.612	64.2
565.8	64.2
565.989	64.3
566.177	64.3
566.366	64.3
566.554	64.3
566.743	64.3
566.932	64.3
567.12	64.3
567.309	64.3
567.497	64.3
567.686	64.3
567.875	64.3
568.064	64.3
568.252	64.3
568.441	64.3
568.63	64.3
568.819	64.3
569.007	64.3
569.196	64.3
569.385	64.3
569.574	64.4
569.763	64.4
569.952	64.4
570.141	64.4
570.33	64.4
570.519	64.4
570.708	64.4
570.897	64.4
571.086	64.4
571.275	64.4
571.464	64.4
571.653	64.4
571.843	64.4
572.032	64.4
572.221	64.4
572.41	64.4
572.599	64.4
572.789	64.4
572.978	64.4
573.167	64.4
573.357	64.4
573.546	64.4
573.736	64.4
573.925	64.5
574.115	64.5
574.304	64.5
574.494	64.5
574.683	64.5
574.873	64.5
575.062	64.5
575.252	64.5
575.442	64.5
575.631	64.5
575.821	64.5
576.011	64.5
576.201	64.5
576.39	64.5
576.58	64.5
576.77	64.5
576.96	64.5
577.15	64.5
577.34	64.5
577.53	64.6
577.72	64.6
577.91	64.6
578.1	64.6
578.29	64.6
578.48	64.6
578.67	64.6
578.861	64.6
579.051	64.6
579.241	64.6
579.431	64.6
579.622	64.6
579.812	64.6
580.002	64.6
580.193	64.6
580.383	64.6
580.574	64.6
580.764	64.7
580.955	64.7
581.145	64.7
581.336	64.7
581.526	64.7
581.717	64.7
581.908	64.7
582.098	64.7
582.289	64.7
582.48	64.7
582.671	64.7
582.862	64.7
583.052	64.7
583.243	64.7
583.434	64.7
583.625	64.7
583.816	64.7
584.007	64.7
584.198	64.7
584.389	64.7
584.58	64.7
584.771	64.7
584.962	64.7
585.154	64.7
585.345	64.8
585.536	64.8
585.727	64.8
585.918	64.8
586.11	64.8
586.301	64.8
586.492	64.8
586.684	64.8
586.875	64.8
587.067	64.8
587.258	64.8
587.45	64.8
587.641	64.8
587.833	64.8
588.024	64.8
588.216	64.8
588.408	64.8
588.599	64.8
588.791	64.9
588.983	64.9
589.174	64.9
589.366	64.9
589.558	64.9
589.75	64.9
589.942	64.9
590.134	64.9
590.326	64.9
590.518	64.9
590.71	64.9
590.902	64.9
591.094	64.9
591.286	64.9
591.478	64.9
591.67	64.9
591.862	64.9
592.054	64.9
592.246	64.9
592.439	64.9
592.631	64.9
592.823	64.9
593.016	64.9
593.208	64.9
593.4	64.9
593.593	64.9
593.785	64.9
593.978	64.9
594.17	64.9
594.363	64.9
594.555	65
594.748	65
594.94	65
595.133	65
595.326	65
595.518	65
595.711	65
595.904	65
596.096	65
596.289	65
596.482	65
596.675	65
596.868	65
597.061	65
597.254	65
597.447	65
597.64	65
597.833	65
598.026	65
598.219	65
598.412	65
598.605	65
598.798	65
598.991	65
599.184	65
599.378	65
599.571	65
599.764	65
599.957	65
600.151	65
600.344	65
600.538	65
600.731	65
600.924	65.1
601.118	65.1
601.311	65.1
601.505	65.1
601.698	65.1
601.892	65.1
602.086	65.1
602.279	65.1
602.473	65.1
602.667	65.1
602.86	65.1
603.054	65.1
603.248	65.1
603.442	65.1
603.635	65.1
603.829	65.1
604.023	65.1
604.217	65.1
604.411	65.1
604.605	65.1
604.799	65.1
604.993	65.1
605.187	65.1
605.381	65.1
605.575	65.1
605.769	65.1
605.963	65.1
606.157	65.1
606.352	65.1
606.546	65.1
606.74	65.2
606.934	65.2
607.129	65.2
607.323	65.2
607.517	65.2
607.712	65.2
607.906	65.2
608.1	65.2
608.295	65.2
608.489	65.2
608.684	65.2
608.878	65.2
609.073	65.2
609.267	65.2
609.462	65.2
609.657	65.2
609.851	65.2
610.046	65.2
610.241	65.2
610.435	65.2
610.63	65.2
610.825	65.2
611.02	65.2
611.215	65.2
611.41	65.2
611.604	65.2
611.799	65.2
611.994	65.2
612.189	65.2
612.384	65.2
612.579	65.2
612.774	65.2
612.969	65.2
613.164	65.2
613.359	65.2
613.555	65.2
613.75	65.2
613.945	65.2
614.14	65.2
614.335	65.2
614.531	65.2
614.726	65.2
614.921	65.2
615.117	65.2
615.312	65.2
615.507	65.2
615.703	65.2
615.898	65.2
616.094	65.2
616.289	65.2
616.485	65.2
616.68	65.2
616.876	65.2
617.071	65.2
617.267	65.2
617.463	65.2
617.658	65.2
617.854	65.2
618.05	65.2
618.245	65.2
618.441	65.2
618.637	65.2
618.833	65.2
619.029	65.2
619.225	65.2
619.42	65.2
619.616	65.2
619.812	65.2
620.008	65.2
620.204	65.2
620.4	65.2
620.596	65.2
620.792	65.2
620.988	65.2
621.184	65.2
621.381	65.2
621.577	65.2
621.773	65.2
621.969	65.2
622.165	65.2
622.362	65.2
622.558	65.2
622.754	65.2
622.951	65.2
623.147	65.2
623.343	65.2
623.54	65.2
623.736	65.2
623.933	65.2
624.129	65.2
624.326	65.2
624.522	65.2
624.719	65.2
624.915	65.2
625.112	65.2
625.308	65.2
625.505	65.2
625.702	65.2
625.898	65.2
626.095	65.2
626.292	65.2
626.489	65.2
626.685	65.2
626.882	65.2
627.079	65.2
627.276	65.2
627.473	65.2
627.67	65.2
627.866	65.2
628.063	65.2
628.26	65.2
628.457	65.2
628.654	65.2
628.851	65.2
629.048	65.2
629.246	65.2
629.443	65.2
629.64	65.2
629.837	65.2
630.034	65.2
630.231	65.2
630.429	65.2
630.626	65.2
630.823	65.2
631.02	65.2
631.218	65.2
631.415	65.2
631.612	65.2
631.81	65.2
632.007	65.2
632.205	65.2
632.402	65.2
632.6	65.2
632.797	65.2
632.995	65.2
633.192	65.2
633.39	65.2
633.587	65.2
633.785	65.2
633.983	65.2
634.18	65.2
634.378	65.2
634.576	65.2
634.773	65.2
634.971	65.2
635.169	65.2
635.367	65.2
635.565	65.2
635.762	65.2
635.96	65.3
636.158	65.3
636.356	65.3
636.554	65.3
636.752	65.3
636.95	65.3
637.148	65.3
637.346	65.3
637.544	65.3
637.742	65.3
637.94	65.3
638.138	65.3
638.337	65.3
638.535	65.3
638.733	65.3
638.931	65.3
639.129	65.3
639.328	65.3
639.526	65.3
639.724	65.3
639.922	65.3
640.121	65.3
640.319	65.3
640.518	65.3
640.716	65.3
640.914	65.3
641.113	65.3
641.311	65.3
641.51	65.3
641.708	65.3
641.907	65.3
642.105	65.3
642.304	65.3
642.503	65.4
642.701	65.4
642.9	65.4
643.098	65.4
643.297	65.4
643.496	65.4
643.695	65.4
643.893	65.4
644.092	65.4
644.291	65.4
644.49	65.4
644.689	65.4
644.887	65.4
645.086	65.4
645.285	65.4
645.484	65.4
645.683	65.4
645.882	65.5
646.081	65.5
646.28	65.5
646.479	65.5
646.678	65.5
646.877	65.5
647.076	65.5
647.276	65.5
647.475	65.5
647.674	65.5
647.873	65.5
648.072	65.5
648.271	65.5
648.471	65.5
648.67	65.5
648.869	65.5
649.069	65.5
649.268	65.5
649.467	65.5
649.667	65.6
649.866	65.6
650.065	65.6
650.265	65.6
650.464	65.6
650.664	65.6
650.863	65.6
651.063	65.6
651.262	65.6
651.462	65.6
651.662	65.6
651.861	65.6
652.061	65.6
652.26	65.6
652.46	65.6
652.66	65.6
652.859	65.6
653.059	65.6
653.259	65.6
653.459	65.6
653.658	65.6
653.858	65.6
654.058	65.6
654.258	65.6
654.458	65.6
654.658	65.6
654.858	65.6
655.058	65.6
655.258	65.6
655.457	65.6
655.657	65.6
655.857	65.6
656.058	65.6
656.258	65.6
656.458	65.6
656.658	65.6
656.858	65.6
657.058	65.6
657.258	65.6
657.458	65.6
657.659	65.6
657.859	65.6
658.059	65.6
658.259	65.6
658.459	65.6
658.66	65.6
658.86	65.6
659.06	65.6
659.261	65.6
659.461	65.6
659.662	65.6
659.862	65.6
660.062	65.6
660.263	65.6
660.463	65.6
660.664	65.6
660.864	65.6
661.065	65.6
661.265	65.6
661.466	65.6
661.667	65.6
661.867	65.6
662.068	65.6
662.268	65.6
662.469	65.6
662.67	65.6
662.87	65.6
663.071	65.6
663.272	65.6
663.473	65.6
663.674	65.6
663.874	65.6
664.075	65.6
664.276	65.6
664.477	65.6
664.678	65.6
664.879	65.6
665.08	65.6
665.28	65.6
665.481	65.6
665.682	65.6
665.883	65.6
666.084	65.6
666.285	65.6
666.486	65.6
666.688	65.6
666.889	65.6
667.09	65.6
667.291	65.6
667.492	65.6
667.693	65.6
667.894	65.6
668.096	65.6
668.297	65.6
668.498	65.6
668.699	65.6
668.901	65.6
669.102	65.6
669.303	65.6
669.505	65.6
669.706	65.6
669.907	65.6
670.109	65.6
670.31	65.6
670.511	65.6
670.713	65.6
670.914	65.6
671.116	65.6
671.317	65.6
671.519	65.6
671.72	65.6
671.922	65.6
672.124	65.6
672.325	65.6
672.527	65.6
672.728	65.6
672.93	65.6
673.132	65.6
673.333	65.6
673.535	65.6
673.737	65.6
673.939	65.6
674.14	65.6
674.342	65.6
674.544	65.6
674.746	65.6
674.948	65.6
675.149	65.6
675.351	65.6
675.553	65.6
675.755	65.6
675.957	65.6
676.159	65.6
676.361	65.6
676.563	65.6
676.765	65.6
676.967	65.6
677.169	65.6
677.371	65.6
677.573	65.6
677.775	65.6
677.977	65.6
678.179	65.6
678.381	65.6
678.583	65.6
678.786	65.6
678.988	65.6
679.19	65.6
679.392	65.6
679.594	65.6
679.797	65.6
679.999	65.6
680.201	65.6
680.404	65.6
680.606	65.6
680.808	65.6
681.011	65.6
681.213	65.6
681.415	65.6
681.618	65.6
681.82	65.6
682.023	65.6
682.225	65.6
682.428	65.6
682.63	65.6
682.833	65.6
683.035	65.6
683.238	65.6
683.44	65.6
683.643	65.6
683.845	65.6
684.048	65.6
684.251	65.7
684.453	65.7
684.656	65.7
684.859	65.7
685.061	65.7
685.264	65.7
685.467	65.7
685.67	65.7
685.872	65.7
686.075	65.7
686.278	65.7
686.481	65.7
686.684	65.7
686.886	65.7
687.089	65.7
687.292	65.7
687.495	65.7
687.698	65.7
687.901	65.8
688.104	65.8
688.307	65.8
688.51	65.8
688.713	65.8
688.916	65.8
689.119	65.8
689.322	65.8
689.525	65.8
689.728	65.8
689.931	65.9
690.134	65.9
690.337	65.9
690.54	65.9
690.744	65.9
690.947	65.9
691.15	65.9
691.353	65.9
691.556	65.9
691.76	65.9
691.963	65.9
692.166	65.9
692.37	65.9
692.573	65.9
692.776	66
692.979	66
693.183	66
693.386	66
693.59	66
693.793	66
693.996	66
694.2	66
694.403	66
694.607	66
694.81	66
695.014	66
695.217	66
695.421	66
695.624	66.1
695.828	66.1
696.031	66.1
696.235	66.1
696.439	66.1
696.642	66.1
696.846	66.1
697.049	66.1
697.253	66.1
697.457	66.1
697.661	66.1
697.864	66.1
698.068	66.1
698.272	66.1
698.475	66.1
698.679	66.1
698.883	66.1
699.087	66.1
699.291	66.1
699.494	66.1
699.698	66.1
699.902	66.1
700.106	66.1
700.31	66.1
700.514	66.1
700.718	66.1
700.922	66.1
701.126	66.2
701.33	66.2
701.534	66.2
701.738	66.2
701.942	66.2
702.146	66.2
702.35	66.2
702.554	66.2
702.758	66.2
702.962	66.2
703.166	66.2
703.37	66.2
703.574	66.2
703.778	66.2
703.983	66.2
704.187	66.2
704.391	66.2
704.595	66.2
704.799	66.2
705.004	66.2
705.208	66.2
705.412	66.2
705.616	66.2
705.821	66.2
706.025	66.2
706.229	66.2
706.434	66.2
706.638	66.2
706.842	66.2
707.047	66.2
707.251	66.2
707.455	66.2
707.66	66.2
707.864	66.2
708.069	66.2
708.273	66.2
708.478	66.2
708.682	66.2
708.887	66.2
709.091	66.3
709.296	66.3
709.5	66.3
709.705	66.3
709.909	66.3
710.114	66.3
710.319	66.3
710.523	66.3
710.728	66.3
710.932	66.3
711.137	66.3
711.342	66.3
711.546	66.3
711.751	66.3
711.956	66.3
712.161	66.3
712.365	66.3
712.57	66.3
712.775	66.3
712.98	66.4
713.184	66.4
713.389	66.4
713.594	66.4
713.799	66.4
714.004	66.4
714.209	66.4
714.413	66.4
714.618	66.4
714.823	66.4
715.028	66.4
715.233	66.4
715.438	66.4
715.643	66.4
715.848	66.4
716.053	66.4
716.258	66.4
716.463	66.4
716.668	66.4
716.873	66.4
717.078	66.5
717.283	66.5
717.488	66.5
717.693	66.5
717.898	66.5
718.103	66.5
718.308	66.5
718.514	66.5
718.719	66.5
718.924	66.5
719.129	66.5
719.334	66.5
719.539	66.5
719.745	66.5
719.95	66.5
720.155	66.5
720.36	66.5
720.566	66.5
720.771	66.5
720.976	66.5
721.182	66.5
721.387	66.5
721.592	66.5
721.798	66.5
722.003	66.5
722.208	66.5
722.414	66.5
722.619	66.5
722.824	66.5
723.03	66.5
723.235	66.5
723.441	66.5
723.646	66.5
723.852	66.5
724.057	66.5
724.263	66.5
724.468	66.5
724.674	66.6
724.879	66.6
725.085	66.6
725.29	66.6
725.496	66.6
725.701	66.6
725.907	66.6
726.112	66.6
726.318	66.6
726.524	66.6
726.729	66.6
726.935	66.6
727.141	66.6
727.346	66.6
727.552	66.6
727.758	66.6
727.963	66.6
728.169	66.6
728.375	66.6
728.581	66.6
728.786	66.7
728.992	66.7
729.198	66.7
729.404	66.7
729.609	66.7
729.815	66.7
730.021	66.7
730.227	66.7
730.433	66.7
730.639	66.7
730.844	66.7
731.05	66.7
731.256	66.7
731.462	66.7
731.668	66.7
731.874	66.7
732.08	66.8
732.286	66.8
732.492	66.8
732.698	66.8
732.904	66.8
733.11	66.8
733.316	66.8
733.522	66.8
733.728	66.8
733.934	66.8
734.14	66.8
734.346	66.8
734.552	66.9
734.758	66.9
734.964	66.9
735.17	66.9
735.376	66.9
735.583	66.9
735.789	66.9
735.995	66.9
736.201	66.9
736.407	66.9
736.613	66.9
736.819	66.9
737.026	66.9
737.232	66.9
737.438	66.9
737.644	66.9
737.851	67
738.057	67
738.263	67
738.469	67
738.676	67
738.882	67
739.088	67
739.295	67
739.501	67
739.707	67
739.914	67
740.12	67
740.326	67
740.533	67
740.739	67
740.946	67
741.152	67
741.358	67
741.565	67
741.771	67
741.978	67
742.184	67
742.391	67
742.597	67
742.804	67
743.01	67
743.217	67
743.423	67
743.63	67
743.836	67
744.043	67
744.249	67
744.456	67
744.663	67
744.869	67
745.076	67
745.282	67
745.489	67
745.696	67
745.902	67
746.109	67.1
746.316	67.1
746.522	67.1
746.729	67.1
746.936	67.1
747.142	67.1
747.349	67.1
747.556	67.1
747.762	67.1
747.969	67.1
748.176	67.1
748.383	67.1
748.589	67.1
748.796	67.1
749.003	67.1
749.21	67.1
749.417	67.1
749.623	67.1
749.83	67.1
750.037	67.1
750.244	67.1
750.451	67.1
750.658	67.1
750.865	67.1
751.071	67.1
751.278	67.2
751.485	67.2
751.692	67.2
751.899	67.2
752.106	67.2
752.313	67.2
752.52	67.2
752.727	67.2
752.934	67.2
753.141	67.2
753.348	67.2
753.555	67.2
753.762	67.2
753.969	67.2
754.176	67.2
754.383	67.3
754.59	67.3
754.797	67.3
755.004	67.3
755.211	67.3
755.418	67.3
755.625	67.3
755.832	67.3
756.039	67.3
756.246	67.3
756.453	67.4
756.66	67.4
756.868	67.4
757.075	67.4
757.282	67.4
757.489	67.4
757.696	67.4
757.903	67.4
758.111	67.4
758.318	67.4
758.525	67.4
758.732	67.4
758.939	67.4
759.147	67.4
759.354	67.4
759.561	67.4
759.768	67.5
759.976	67.5
760.183	67.5
760.39	67.5
760.597	67.5
760.805	67.5
761.012	67.5
761.219	67.5
761.426	67.5
761.634	67.5
761.841	67.5
762.048	67.5
762.256	67.5
762.463	67.5
762.67	67.5
762.878	67.5
763.085	67.5
763.293	67.5
763.5	67.5
763.707	67.6
763.915	67.6
764.122	67.6
764.33	67.6
764.537	67.6
764.744	67.6
764.952	67.6
765.159	67.6
765.367	67.6
765.574	67.6
765.782	67.7
765.989	67.7
766.197	67.7
766.404	67.7
766.612	67.7
766.819	67.7
767.027	67.7
767.234	67.7
767.442	67.7
767.649	67.7
767.857	67.7
768.064	67.7
768.272	67.7
768.479	67.7
768.687	67.7
768.895	67.7
769.102	67.7
769.31	67.7
769.517	67.7
769.725	67.7
769.933	67.7
770.14	67.8
770.348	67.8
770.555	67.8
770.763	67.8
770.971	67.8
771.178	67.8
771.386	67.8
771.594	67.8
771.801	67.8
772.009	67.8
772.217	67.8
772.424	67.8
772.632	67.8
772.84	67.8
773.047	67.8
773.255	67.8
773.463	67.8
773.671	67.9
773.878	67.9
774.086	67.9
774.294	67.9
774.502	67.9
774.709	67.8
774.917	67.8
775.125	67.8
775.333	67.8
775.54	67.8
775.748	67.9
775.956	67.9
776.164	67.9
776.371	67.9
776.579	67.9
776.787	67.9
776.995	67.9
777.203	67.9
777.41	67.9
777.618	67.9
777.826	67.9
778.034	67.9
778.242	67.9
778.45	67.9
778.657	68
778.865	68
779.073	68
779.281	68
779.489	68
779.697	68
779.905	68
780.112	68
780.32	68
780.528	68
780.736	68
780.944	68
781.152	68
781.36	68
781.568	68
781.776	68
781.984	68
782.191	68
782.399	68
782.607	68.1
782.815	68.1
783.023	68.1
783.231	68.1
783.439	68.1
783.647	68.1
783.855	68.1
784.063	68.1
784.271	68.2
784.479	68.2
784.687	68.2
784.895	68.2
785.103	68.2
785.311	68.2
785.519	68.2
785.727	68.2
785.935	68.2
786.143	68.2
786.351	68.2
786.559	68.2
786.767	68.2
786.975	68.2
787.183	68.2
787.391	68.2
787.599	68.2
787.807	68.2
788.015	68.2
788.223	68.2
788.431	68.2
788.639	68.2
788.847	68.2
789.055	68.2
789.263	68.3
789.471	68.3
789.679	68.3
789.887	68.3
790.095	68.3
790.303	68.3
790.511	68.3
790.719	68.3
790.927	68.3
791.135	68.3
791.343	68.3
791.551	68.3
791.76	68.3
791.968	68.4
792.176	68.4
792.384	68.4
792.592	68.4
792.8	68.4
793.008	68.4
793.216	68.4
793.424	68.4
793.632	68.4
793.84	68.4
794.048	68.4
794.256	68.4
794.465	68.5
794.673	68.5
794.881	68.5
795.089	68.5
795.297	68.5
795.505	68.5
795.713	68.5
795.921	68.6
796.129	68.6
796.337	68.6
796.546	68.6
796.754	68.6
796.962	68.6
797.17	68.6
797.378	68.7
797.586	68.7
797.794	68.7
798.002	68.7
798.21	68.7
798.419	68.7
798.627	68.7
798.835	68.7
799.043	68.7
799.251	68.7
799.459	68.7
799.667	68.7
799.875	68.7
800.083	68.7
800.292	68.7
800.5	68.7
800.708	68.7
800.916	68.8
801.124	68.8
801.332	68.8
801.54	68.8
801.748	68.8
801.957	68.8
802.165	68.8
802.373	68.8
802.581	68.9
802.789	68.9
802.997	68.9
803.205	68.9
803.414	68.9
803.622	68.9
803.83	68.9
804.038	68.9
804.246	68.9
804.454	68.9
804.662	68.9
804.87	68.9
805.079	68.9
805.287	68.9
805.495	68.9
805.703	68.9
805.911	68.9
806.119	69
806.327	69
806.535	69
806.743	69
806.952	69
807.16	69
807.368	69
807.576	69
807.784	69
807.992	69
808.2	69
808.408	69
808.617	69.1
808.825	69.1
809.033	69.1
809.241	69.1
809.449	69.1
809.657	69.1
809.865	69.1
810.073	69.1
810.281	69.1
810.49	69.1
810.698	69.1
810.906	69.1
811.114	69.1
811.322	69.1
811.53	69.1
811.738	69.1
811.946	69.1
812.154	69.1
812.362	69.1
812.57	69.1
812.779	69
812.987	69
813.195	69
813.403	69
813.611	69.1
813.819	69.1
814.027	69.1
814.235	69.1
814.443	69.1
814.651	69.1
814.859	69.1
815.067	69.1
815.275	69.1
815.484	69.2
815.692	69.1
815.9	69.2
816.108	69.2
816.316	69.2
816.524	69.2
816.732	69.2
816.94	69.2
817.148	69.2
817.356	69.2
817.564	69.2
817.772	69.2
817.98	69.2
818.188	69.3
818.397	69.3
818.605	69.3
818.813	69.3
819.021	69.3
819.229	69.3
819.437	69.3
819.645	69.3
819.853	69.3
820.061	69.3
820.269	69.4
820.477	69.4
820.685	69.4
820.893	69.4
821.102	69.5
821.31	69.5
821.518	69.5
821.726	69.5
821.934	69.5
822.142	69.5
822.35	69.6
822.558	69.6
822.766	69.6
822.974	69.6
823.182	69.6
823.39	69.6
823.599	69.6
823.807	69.6
824.015	69.7
824.223	69.7
824.431	69.7
824.639	69.7
824.847	69.7
825.055	69.7
825.263	69.7
825.472	69.7
825.68	69.7
825.888	69.7
826.096	69.8
826.304	69.8
826.512	69.8
826.72	69.8
826.928	69.8
827.137	69.8
827.345	69.8
827.553	69.8
827.761	69.8
827.969	69.8
828.177	69.8
828.385	69.8
828.594	69.8
828.802	69.8
829.01	69.8
829.218	69.8
829.426	69.8
829.634	69.8
829.843	69.8
830.051	69.8
830.259	69.8
830.467	69.8
830.675	69.8
830.883	69.8
831.092	69.8
831.3	69.8
831.508	69.8
831.716	69.8
831.924	69.8
832.133	69.8
832.341	69.8
832.549	69.8
832.757	69.8
832.966	69.8
833.174	69.8
833.382	69.8
833.59	69.8
833.799	69.8
834.007	69.8
834.215	69.8
834.423	69.8
834.632	69.8
834.84	69.8
835.048	69.8
835.256	69.8
835.465	69.8
835.673	69.8
835.881	69.8
836.09	69.9
836.298	69.9
836.506	69.9
836.715	69.9
836.923	69.9
837.131	69.9
837.34	69.9
837.548	69.9
837.756	69.9
837.965	69.9
838.173	69.9
838.381	69.9
838.59	69.9
838.798	70
839.006	70
839.215	70
839.423	70
839.632	70
839.84	70
840.048	70
840.257	70
840.465	70
840.674	70
840.882	70
841.091	70
841.299	70
841.508	70.1
841.716	70.1
841.924	70.1
842.133	70.1
842.341	70.1
842.55	70.1
842.758	70.1
842.967	70.1
843.175	70.1
843.384	70.1
843.593	70.1
843.801	70.1
844.01	70.1
844.218	70.1
844.427	70.1
844.635	70.1
844.844	70.1
845.052	70.1
845.261	70.2
845.47	70.2
845.678	70.2
845.887	70.2
846.095	70.2
846.304	70.2
846.513	70.2
846.721	70.2
846.93	70.2
847.139	70.2
847.347	70.2
847.556	70.2
847.765	70.3
847.973	70.3
848.182	70.3
848.391	70.3
848.6	70.3
848.808	70.3
849.017	70.3
849.226	70.3
849.435	70.3
849.643	70.3
849.852	70.3
850.061	70.3
850.27	70.3
850.478	70.4
850.687	70.4
850.896	70.4
851.105	70.4
851.314	70.4
851.523	70.4
851.731	70.5
851.94	70.5
852.149	70.5
852.358	70.5
852.567	70.5
852.776	70.6
852.985	70.6
853.194	70.6
853.403	70.6
853.612	70.6
853.821	70.6
854.03	70.7
854.239	70.7
854.447	70.7
854.656	70.7
854.865	70.7
855.075	70.7
855.284	70.7
855.493	70.7
855.702	70.7
855.911	70.7
856.12	70.7
856.329	70.7
856.538	70.7
856.747	70.7
856.956	70.7
857.165	70.8
857.374	70.8
857.584	70.8
857.793	70.8
858.002	70.8
858.211	70.8
858.42	70.9
858.629	70.9
858.839	70.9
859.048	70.9
859.257	70.9
859.466	70.9
859.676	70.9
859.885	70.9
860.094	70.9
860.304	70.9
860.513	70.9
860.722	70.9
860.932	70.9
861.141	70.9
861.35	70.9
861.56	70.9
861.769	70.9
861.978	70.9
862.188	70.9
862.397	70.9
862.607	71
862.816	71
863.026	71
863.235	71
863.445	71
863.654	71
863.864	71
864.073	71
864.283	71.1
864.492	71.1
864.702	71.1
864.911	71.1
865.121	71.1
865.33	71.1
865.54	71.1
865.75	71.1
865.959	71.1
866.169	71.2
866.379	71.2
866.588	71.2
866.798	71.2
867.008	71.2
867.218	71.2
867.427	71.3
867.637	71.3
867.847	71.3
868.057	71.3
868.266	71.3
868.476	71.3
868.686	71.3
868.896	71.3
869.106	71.3
869.316	71.3
869.525	71.3
869.735	71.3
869.945	71.3
870.155	71.4
870.365	71.3
870.575	71.3
870.785	71.3
870.995	71.3
871.205	71.3
871.415	71.3
871.625	71.3
871.835	71.3
872.045	71.3
872.255	71.3
872.465	71.3
872.675	71.3
872.886	71.3
873.096	71.3
873.306	71.4
873.516	71.4
873.726	71.4
873.936	71.4
874.147	71.3
874.357	71.3
874.567	71.4
874.777	71.4
874.988	71.4
875.198	71.3
875.408	71.3
875.619	71.3
875.829	71.3
876.039	71.3
876.25	71.3
876.46	71.3
876.67	71.3
876.881	71.3
877.091	71.4
877.302	71.4
877.512	71.4
877.723	71.4
877.933	71.3
878.144	71.3
878.354	71.3
878.565	71.3
878.775	71.3
878.986	71.3
879.197	71.3
879.407	71.3
879.618	71.2
879.829	71.2
880.039	71.2
880.25	71.2
880.461	71.2
880.671	71.2
880.882	71.2
881.093	71.2
881.304	71.1
881.515	71.1
881.725	71.1
881.936	71.1
882.147	71.1
882.358	71.1
882.569	71.1
882.78	71.1
882.991	71.2
883.202	71.2
883.413	71.2
883.624	71.2
883.835	71.2
884.046	71.2
884.257	71.2
884.468	71.3
884.679	71.3
884.89	71.3
885.101	71.4
885.312	71.4
885.523	71.4
885.735	71.4
885.946	71.4
886.157	71.4
886.368	71.4
886.579	71.4
886.791	71.4
887.002	71.5
887.213	71.5
887.425	71.5
887.636	71.5
887.847	71.6
888.059	71.7
888.27	71.7
888.481	71.8
888.693	71.8
888.904	71.8
889.116	71.8
889.327	71.8
889.539	71.9
889.75	71.9
889.962	71.9
890.174	71.9
890.385	72
890.597	72
890.808	72
891.02	72
891.232	72
891.444	72
891.655	72
891.867	72.1
892.079	72.1
892.291	72.1
892.502	72.1
892.714	72.1
892.926	72.1
893.138	72.1
893.35	72.1
893.562	72.1
893.774	72.1
893.986	72.1
894.198	72.1
894.41	72.1
894.622	72.1
894.834	72.1
895.046	72.1
895.258	72.1
895.47	72.1
895.682	72.1
895.894	72.2
896.106	72.2
896.319	72.2
896.531	72.2
896.743	72.2
896.955	72.2
897.168	72.2
897.38	72.2
897.592	72.3
897.805	72.3
898.017	72.3
898.229	72.3
898.442	72.3
898.654	72.3
898.867	72.3
899.079	72.3
899.292	72.3
899.504	72.3
899.717	72.3
899.929	72.3
900.142	72.3
900.355	72.3
900.567	72.2
900.78	72.2
900.993	72.2
901.205	72.2
901.418	72.2
901.631	72.2
901.844	72.2
902.056	72.1
902.269	72.1
902.482	72.2
902.695	72.2
902.908	72.1
903.121	72.1
903.334	72.2
903.547	72.2
903.76	72.2
903.973	72.2
904.186	72.2
904.399	72.2
904.612	72.2
904.825	72.2
905.038	72.2
905.251	72.2
905.465	72.1
905.678	72.2
905.891	72.2
906.104	72.2
906.318	72.1
906.531	72.1
906.744	72.2
906.958	72.2
907.171	72.2
907.384	72.2
907.598	72.2
907.811	72.2
908.025	72.2
908.238	72.2
908.452	72.2
908.665	72.2
908.879	72.2
909.093	72.2
909.306	72.2
909.52	72.2
909.734	72.2
909.947	72.2
910.161	72.2
910.375	72.2
910.589	72.3
910.803	72.3
911.016	72.3
911.23	72.3
911.444	72.3
911.658	72.3
911.872	72.3
912.086	72.3
912.3	72.3
912.514	72.3
912.728	72.2
912.942	72.2
913.156	72.2
913.37	72.2
913.585	72.2
913.799	72.2
914.013	72.2
914.227	72.2
914.442	72.2
914.656	72.2
914.87	72.2
915.084	72.2
915.299	72.3
915.513	72.2
915.728	72.2
915.942	72.2
916.157	72.2
916.371	72.2
916.586	72.2
916.8	72.2
917.015	72.2
917.229	72.2
917.444	72.2
917.659	72.2
917.874	72.1
918.088	72.2
918.303	72.2
918.518	72.2
918.733	72.2
918.947	72.2
919.162	72.2
919.377	72.2
919.592	72.2
919.807	72.3
920.022	72.3
920.237	72.3
920.452	72.4
920.667	72.4
920.882	72.4
921.097	72.4
921.313	72.4
921.528	72.4
921.743	72.4
921.958	72.4
922.174	72.4
922.389	72.5
922.604	72.5
922.82	72.5
923.035	72.5
923.25	72.5
923.466	72.4
923.681	72.4
923.897	72.4
924.112	72.5
924.328	72.5
924.544	72.5
924.759	72.5
924.975	72.5
925.19	72.6
925.406	72.6
925.622	72.6
925.838	72.7
926.054	72.7
926.269	72.7
926.485	72.8
926.701	72.8
926.917	72.8
927.133	72.8
927.349	72.8
927.565	72.8
927.781	72.9
927.997	72.8
928.213	72.9
928.429	72.9
928.646	72.8
928.862	72.9
929.078	72.9
929.294	73
929.511	73.1
929.727	73.1
929.943	73.1
930.16	73.2
930.376	73.2
930.592	73.3
930.809	73.3
931.025	73.3
931.242	73.3
931.459	73.3
931.675	73.4
931.892	73.4
932.108	73.5
932.325	73.5
932.542	73.5
932.759	73.6
932.975	73.6
933.192	73.5
933.409	73.5
933.626	73.5
933.843	73.5
934.06	73.5
934.277	73.5
934.494	73.4
934.711	73.4
934.928	73.3
935.145	73.2
935.362	73.2
935.58	73.1
935.797	73.1
936.014	73
936.231	73
936.449	72.9
936.666	72.8
936.883	72.8
937.101	72.7
937.318	72.6
937.536	72.5
937.753	72.4
937.971	72.3
938.188	72.1
938.406	72
938.624	72.1
938.841	72
939.059	71.9
939.277	71.9
939.494	71.8
939.712	71.7
939.93	71.7
