360.161	40.6
360.333	40.6
360.504	40.7
360.676	40.7
360.847	40.8
361.019	41
361.19	41.1
361.361	41.3
361.533	41.5
361.704	41.6
361.876	41.8
362.047	42
362.219	42.1
362.391	42.2
362.562	42.3
362.734	42.4
362.905	42.6
363.077	42.6
363.248	42.7
363.42	42.8
363.592	43
363.763	43.2
363.935	43.3
364.106	43.5
364.278	43.7
364.45	43.8
364.621	44
364.793	44.1
364.965	44.1
365.137	44.1
365.308	44.1
365.48	44.2
365.652	44.4
365.824	44.4
365.995	44.5
366.167	44.6
366.339	44.7
366.511	44.8
366.683	44.9
366.854	45
367.026	45.1
367.198	45.2
367.37	45.3
367.542	45.5
367.714	45.6
367.886	45.7
368.058	45.8
368.23	46
368.402	46.1
368.574	46.1
368.746	46.2
368.918	46.3
369.09	46.4
369.262	46.5
369.434	46.5
369.606	46.7
369.778	46.8
369.95	46.9
370.122	47
370.294	47.2
370.467	47.3
370.639	47.4
370.811	47.5
370.983	47.7
371.155	47.7
371.328	47.8
371.5	47.9
371.672	48
371.844	48.2
372.017	48.3
372.189	48.5
372.361	48.6
372.534	48.8
372.706	48.8
372.878	49
373.051	49.1
373.223	49.2
373.396	49.3
373.568	49.4
373.741	49.5
373.913	49.7
374.086	49.8
374.258	49.9
374.431	50
374.603	50.2
374.776	50.3
374.949	50.4
375.121	50.5
375.294	50.6
375.467	50.7
375.639	50.8
375.812	50.9
375.985	51.1
376.157	51.2
376.33	51.3
376.503	51.5
376.676	51.6
376.849	51.7
377.021	51.8
377.194	51.9
377.367	52
377.54	52.1
377.713	52.2
377.886	52.3
378.059	52.4
378.232	52.5
378.405	52.6
378.578	52.8
378.751	52.9
378.924	53
379.097	53.1
379.27	53.1
379.444	53.3
379.617	53.4
379.79	53.5
379.963	53.6
380.136	53.7
380.31	53.8
380.483	53.8
380.656	53.9
380.829	54
381.003	54.1
381.176	54.2
381.35	54.3
381.523	54.4
381.696	54.4
381.87	54.5
382.043	54.6
382.217	54.7
382.39	54.8
382.564	54.9
382.738	55
382.911	55.1
383.085	55.2
383.258	55.2
383.432	55.3
383.606	55.4
383.779	55.5
383.953	55.6
384.127	55.7
384.301	55.7
384.475	55.8
384.648	55.9
384.822	56
384.996	56.1
385.17	56.1
385.344	56.2
385.518	56.3
385.692	56.4
385.866	56.5
386.04	56.6
386.214	56.7
386.388	56.7
386.562	56.8
386.737	56.9
386.911	56.9
387.085	57
387.259	57.1
387.434	57.2
387.608	57.3
387.782	57.4
387.956	57.5
388.131	57.6
388.305	57.7
388.48	57.8
388.654	57.9
388.829	58
389.003	58.1
389.178	58.2
389.352	58.3
389.527	58.4
389.701	58.5
389.876	58.6
390.051	58.7
390.226	58.8
390.4	58.9
390.575	59
390.75	59.1
390.925	59.2
391.099	59.3
391.274	59.4
391.449	59.5
391.624	59.6
391.799	59.6
391.974	59.7
392.149	59.8
392.324	59.9
392.499	60
392.675	60.1
392.85	60.2
393.025	60.3
393.2	60.4
393.375	60.5
393.551	60.6
393.726	60.7
393.901	60.8
394.077	60.8
394.252	60.9
394.427	61
394.603	61.1
394.778	61.2
394.954	61.3
395.129	61.3
395.305	61.4
395.481	61.5
395.656	61.6
395.832	61.6
396.008	61.7
396.184	61.8
396.359	61.8
396.535	61.9
396.711	62
396.887	62
397.063	62.1
397.239	62.2
397.415	62.2
397.591	62.3
397.767	62.3
397.943	62.4
398.119	62.4
398.295	62.5
398.471	62.6
398.648	62.6
398.824	62.7
399	62.8
399.176	62.8
399.353	62.9
399.529	63
399.706	63
399.882	63.1
400.058	63.1
400.235	63.2
400.412	63.2
400.588	63.3
400.765	63.3
400.942	63.4
401.118	63.4
401.295	63.5
401.472	63.6
401.649	63.6
401.825	63.7
402.002	63.7
402.179	63.7
402.356	63.8
402.533	63.8
402.71	63.8
402.887	63.9
403.064	63.9
403.242	64
403.419	64
403.596	64
403.773	64.1
403.95	64.1
404.128	64.2
404.305	64.2
404.483	64.3
404.66	64.3
404.837	64.3
405.015	64.4
405.193	64.4
405.37	64.4
405.548	64.5
405.725	64.5
405.903	64.5
406.081	64.6
406.259	64.6
406.437	64.7
406.614	64.7
406.792	64.7
406.97	64.8
407.148	64.8
407.326	64.8
407.504	64.8
407.682	64.9
407.86	64.9
408.039	64.9
408.217	64.9
408.395	65
408.573	65
408.751	65
408.93	65
409.108	65
409.287	65.1
409.465	65.1
409.643	65.1
409.822	65.2
410	65.2
410.179	65.2
410.358	65.3
410.536	65.3
410.715	65.3
410.894	65.3
411.072	65.4
411.251	65.4
411.43	65.4
411.609	65.4
411.788	65.5
411.967	65.5
412.146	65.5
412.325	65.5
412.504	65.6
412.683	65.6
412.862	65.7
413.041	65.7
413.22	65.7
413.399	65.7
413.578	65.8
413.758	65.8
413.937	65.8
414.116	65.8
414.296	65.9
414.475	65.9
414.654	66
414.834	66
415.013	66
415.193	66
415.372	66
415.552	66.1
415.732	66.1
415.911	66.2
416.091	66.2
416.271	66.2
416.45	66.3
416.63	66.3
416.81	66.3
416.99	66.3
417.169	66.3
417.349	66.4
417.529	66.4
417.709	66.4
417.889	66.4
418.069	66.4
418.249	66.4
418.429	66.4
418.609	66.5
418.789	66.5
418.97	66.5
419.15	66.5
419.33	66.5
419.51	66.5
419.691	66.5
419.871	66.5
420.051	66.5
420.232	66.5
420.412	66.5
420.592	66.5
420.773	66.6
420.953	66.6
421.134	66.6
421.314	66.6
421.495	66.6
421.675	66.6
421.856	66.6
422.037	66.6
422.217	66.5
422.398	66.5
422.579	66.6
422.76	66.6
422.94	66.6
423.121	66.6
423.302	66.6
423.483	66.6
423.664	66.6
423.845	66.6
424.026	66.6
424.207	66.6
424.388	66.6
424.569	66.6
424.75	66.6
424.931	66.6
425.112	66.6
425.293	66.7
425.474	66.7
425.655	66.7
425.837	66.7
426.018	66.7
426.199	66.7
426.38	66.7
426.562	66.7
426.743	66.7
426.924	66.7
427.106	66.7
427.287	66.8
427.469	66.8
427.65	66.8
427.832	66.8
428.013	66.8
428.195	66.8
428.376	66.8
428.558	66.8
428.739	66.8
428.921	66.8
429.103	66.8
429.284	66.9
429.466	66.9
429.648	66.9
429.83	66.9
430.011	67
430.193	67
430.375	67
430.557	67
430.739	67
430.921	67
431.102	67
431.284	67
431.466	67
431.648	67
431.83	67
432.012	67
432.194	67.1
432.377	67.1
432.559	67.1
432.741	67.1
432.923	67.1
433.105	67.1
433.287	67.1
433.469	67.1
433.652	67.1
433.834	67.2
434.016	67.2
434.198	67.2
434.381	67.2
434.563	67.2
434.745	67.2
434.928	67.2
435.11	67.3
435.293	67.3
435.475	67.3
435.658	67.3
435.84	67.3
436.022	67.4
436.205	67.4
436.388	67.4
436.57	67.4
436.753	67.4
436.935	67.5
437.118	67.5
437.301	67.5
437.483	67.5
437.666	67.5
437.849	67.6
438.031	67.6
438.214	67.6
438.397	67.6
438.58	67.6
438.762	67.6
438.945	67.7
439.128	67.7
439.311	67.7
439.494	67.7
439.677	67.7
439.859	67.7
440.042	67.8
440.225	67.8
440.408	67.8
440.591	67.8
440.774	67.8
440.957	67.9
441.14	67.9
441.323	67.9
441.507	67.9
441.69	67.9
441.873	67.9
442.056	67.9
442.239	67.9
442.422	67.9
442.605	68
442.789	68
442.972	68
443.155	68
443.338	68
443.522	68
443.705	68
443.888	68
444.072	68.1
444.255	68.1
444.438	68.1
444.622	68.1
444.805	68.1
444.989	68.1
445.172	68.1
445.356	68.1
445.539	68.1
445.723	68.2
445.906	68.2
446.09	68.2
446.273	68.2
446.457	68.2
446.64	68.2
446.824	68.3
447.008	68.3
447.191	68.3
447.375	68.3
447.559	68.3
447.742	68.3
447.926	68.3
448.11	68.3
448.293	68.3
448.477	68.3
448.661	68.4
448.845	68.4
449.029	68.4
449.212	68.4
449.396	68.4
449.58	68.4
449.764	68.4
449.948	68.4
450.132	68.4
450.316	68.4
450.5	68.5
450.684	68.5
450.868	68.5
451.052	68.5
451.236	68.5
451.42	68.5
451.604	68.5
451.788	68.5
451.972	68.5
452.156	68.5
452.34	68.5
452.525	68.5
452.709	68.5
452.893	68.5
453.077	68.5
453.261	68.5
453.446	68.5
453.63	68.5
453.814	68.5
453.998	68.5
454.183	68.5
454.367	68.5
454.551	68.5
454.736	68.5
454.92	68.5
455.104	68.6
455.289	68.6
455.473	68.6
455.658	68.6
455.842	68.6
456.026	68.6
456.211	68.6
456.395	68.6
456.58	68.7
456.764	68.7
456.949	68.7
457.134	68.7
457.318	68.7
457.503	68.7
457.687	68.7
457.872	68.8
458.057	68.8
458.241	68.8
458.426	68.8
458.611	68.8
458.795	68.8
458.98	68.8
459.165	68.8
459.349	68.8
459.534	68.9
459.719	68.9
459.904	68.9
460.088	68.9
460.273	68.9
460.458	68.9
460.643	68.9
460.828	68.9
461.013	68.9
461.198	69
461.382	69
461.567	69
461.752	69
461.937	69
462.122	69
462.307	69
462.492	69
462.677	69
462.862	69
463.047	69
463.232	69
463.417	69
463.602	69
463.788	69
463.973	69
464.158	69
464.343	69
464.528	69
464.713	69
464.898	69
465.084	69
465.269	69
465.454	69.1
465.639	69.1
465.824	69.1
466.01	69.1
466.195	69.1
466.38	69.1
466.566	69.1
466.751	69.1
466.936	69.1
467.122	69.1
467.307	69.1
467.492	69.1
467.678	69.2
467.863	69.2
468.048	69.2
468.234	69.2
468.419	69.2
468.605	69.2
468.79	69.2
468.976	69.2
469.161	69.2
469.347	69.2
469.532	69.2
469.718	69.3
469.903	69.3
470.089	69.3
470.274	69.3
470.46	69.3
470.646	69.3
470.831	69.3
471.017	69.3
471.202	69.3
471.388	69.3
471.574	69.3
471.759	69.3
471.945	69.3
472.131	69.3
472.317	69.3
472.502	69.3
472.688	69.4
472.874	69.4
473.059	69.4
473.245	69.3
473.431	69.4
473.617	69.4
473.803	69.4
473.988	69.4
474.174	69.4
474.36	69.4
474.546	69.4
474.732	69.4
474.918	69.4
475.104	69.4
475.29	69.4
475.475	69.4
475.661	69.4
475.847	69.4
476.033	69.4
476.219	69.4
476.405	69.4
476.591	69.4
476.777	69.4
476.963	69.5
477.149	69.5
477.335	69.5
477.521	69.5
477.707	69.5
477.893	69.5
478.08	69.5
478.266	69.5
478.452	69.5
478.638	69.5
478.824	69.5
479.01	69.5
479.196	69.5
479.382	69.5
479.569	69.5
479.755	69.5
479.941	69.5
480.127	69.5
480.313	69.5
480.5	69.5
480.686	69.5
480.872	69.5
481.058	69.5
481.245	69.5
481.431	69.5
481.617	69.5
481.803	69.5
481.99	69.5
482.176	69.5
482.362	69.5
482.549	69.5
482.735	69.5
482.921	69.5
483.108	69.6
483.294	69.6
483.481	69.6
483.667	69.6
483.853	69.6
484.04	69.6
484.226	69.6
484.413	69.6
484.599	69.6
484.786	69.6
484.972	69.6
485.159	69.6
485.345	69.6
485.532	69.6
485.718	69.6
485.905	69.7
486.091	69.7
486.278	69.7
486.464	69.7
486.651	69.7
486.837	69.7
487.024	69.7
487.211	69.7
487.397	69.7
487.584	69.7
487.77	69.7
487.957	69.7
488.144	69.8
488.33	69.8
488.517	69.8
488.704	69.8
488.89	69.8
489.077	69.8
489.264	69.8
489.45	69.8
489.637	69.8
489.824	69.8
490.01	69.8
490.197	69.8
490.384	69.8
490.571	69.8
490.757	69.8
490.944	69.8
491.131	69.8
491.318	69.8
491.505	69.8
491.691	69.8
491.878	69.8
492.065	69.8
492.252	69.8
492.439	69.8
492.626	69.9
492.812	69.9
492.999	69.9
493.186	69.9
493.373	69.9
493.56	69.9
493.747	69.9
493.934	69.9
494.121	69.9
494.308	69.9
494.494	69.9
494.681	69.9
494.868	69.9
495.055	69.9
495.242	69.9
495.429	69.9
495.616	70
495.803	70
495.99	70
496.177	70
496.364	70
496.551	70
496.738	70
496.925	70
497.112	70
497.299	70
497.486	70
497.673	70
497.861	70.1
498.048	70.1
498.235	70.1
498.422	70.1
498.609	70.1
498.796	70.1
498.983	70.1
499.17	70.1
499.357	70.1
499.544	70.1
499.732	70.1
499.919	70.1
500.106	70.1
500.293	70.1
500.48	70.1
500.667	70.1
500.855	70.2
501.042	70.2
501.229	70.2
501.416	70.2
501.603	70.2
501.791	70.2
501.978	70.2
502.165	70.2
502.352	70.2
502.54	70.2
502.727	70.2
502.914	70.2
503.101	70.2
503.289	70.2
503.476	70.3
503.663	70.3
503.85	70.3
504.038	70.3
504.225	70.3
504.412	70.3
504.6	70.3
504.787	70.3
504.974	70.3
505.161	70.3
505.349	70.3
505.536	70.4
505.723	70.4
505.911	70.4
506.098	70.4
506.286	70.4
506.473	70.4
506.66	70.4
506.848	70.4
507.035	70.5
507.222	70.5
507.41	70.5
507.597	70.5
507.785	70.5
507.972	70.5
508.159	70.5
508.347	70.5
508.534	70.5
508.722	70.6
508.909	70.6
509.097	70.6
509.284	70.6
509.471	70.6
509.659	70.6
509.846	70.7
510.034	70.7
510.221	70.7
510.409	70.7
510.596	70.7
510.784	70.7
510.971	70.7
511.159	70.7
511.346	70.8
511.534	70.8
511.721	70.8
511.909	70.8
512.096	70.8
512.284	70.8
512.471	70.8
512.659	70.9
512.846	70.9
513.034	70.9
513.221	70.9
513.409	70.9
513.596	70.9
513.784	70.9
513.972	70.9
514.159	70.9
514.347	71
514.534	71
514.722	71
514.909	71
515.097	71
515.285	71
515.472	71
515.66	71
515.847	71.1
516.035	71.1
516.222	71.1
516.41	71.1
516.598	71.1
516.785	71.1
516.973	71.2
517.161	71.2
517.348	71.2
517.536	71.2
517.723	71.2
517.911	71.2
518.099	71.2
518.286	71.2
518.474	71.3
518.662	71.3
518.849	71.3
519.037	71.3
519.225	71.3
519.412	71.3
519.6	71.4
519.787	71.4
519.975	71.4
520.163	71.4
520.35	71.4
520.538	71.4
520.726	71.4
520.914	71.5
521.101	71.5
521.289	71.5
521.477	71.5
521.664	71.5
521.852	71.5
522.04	71.5
522.227	71.6
522.415	71.6
522.603	71.6
522.79	71.6
522.978	71.6
523.166	71.6
523.354	71.7
523.541	71.7
523.729	71.7
523.917	71.7
524.104	71.7
524.292	71.7
524.48	71.7
524.668	71.7
524.855	71.7
525.043	71.8
525.231	71.8
525.418	71.8
525.606	71.8
525.794	71.8
525.982	71.9
526.169	71.9
526.357	71.9
526.545	71.9
526.733	72
526.92	72
527.108	72
527.296	72
527.484	72
527.671	72.1
527.859	72.1
528.047	72.1
528.235	72.1
528.422	72.1
528.61	72.1
528.798	72.2
528.986	72.2
529.173	72.2
529.361	72.2
529.549	72.2
529.737	72.2
529.924	72.2
530.112	72.3
530.3	72.3
530.488	72.3
530.675	72.3
530.863	72.3
531.051	72.3
531.239	72.3
531.426	72.3
531.614	72.3
531.802	72.3
531.99	72.3
532.177	72.3
532.365	72.3
532.553	72.4
532.741	72.4
532.928	72.4
533.116	72.4
533.304	72.4
533.492	72.4
533.679	72.4
533.867	72.4
534.055	72.4
534.243	72.4
534.431	72.4
534.618	72.3
534.806	72.3
534.994	72.3
535.182	72.3
535.369	72.3
535.557	72.3
535.745	72.3
535.933	72.3
536.12	72.3
536.308	72.3
536.496	72.3
536.684	72.3
536.871	72.3
537.059	72.3
537.247	72.3
537.435	72.3
537.622	72.3
537.81	72.3
537.998	72.4
538.186	72.4
538.373	72.4
538.561	72.4
538.749	72.4
538.937	72.4
539.124	72.4
539.312	72.4
539.5	72.4
539.688	72.4
539.875	72.5
540.063	72.5
540.251	72.5
540.439	72.5
540.626	72.5
540.814	72.5
541.002	72.5
541.19	72.6
541.377	72.6
541.565	72.6
541.753	72.6
541.941	72.6
542.128	72.6
542.316	72.6
542.504	72.6
542.691	72.6
542.879	72.6
543.067	72.6
543.255	72.6
543.442	72.6
543.63	72.7
543.818	72.7
544.005	72.7
544.193	72.7
544.381	72.7
544.568	72.7
544.756	72.7
544.944	72.7
545.132	72.8
545.319	72.8
545.507	72.8
545.695	72.8
545.882	72.8
546.07	72.8
546.258	72.8
546.445	72.8
546.633	72.8
546.821	72.8
547.008	72.8
547.196	72.8
547.384	72.8
547.571	72.8
547.759	72.9
547.947	72.9
548.134	72.9
548.322	72.9
548.51	72.9
548.697	72.9
548.885	72.9
549.073	72.9
549.26	72.9
549.448	72.9
549.636	72.9
549.823	72.9
550.011	73
550.199	73
550.386	73
550.574	73
550.762	73
550.949	73
551.137	73
551.325	73
551.512	73
551.7	73.1
551.888	73.1
552.075	73.1
552.263	73.1
552.451	73.1
552.639	73.1
552.826	73.1
553.014	73.1
553.202	73.1
553.389	73.1
553.577	73.1
553.765	73.2
553.953	73.2
554.14	73.2
554.328	73.2
554.516	73.2
554.704	73.2
554.891	73.2
555.079	73.2
555.267	73.2
555.455	73.3
555.643	73.3
555.83	73.3
556.018	73.3
556.206	73.3
556.394	73.3
556.582	73.3
556.77	73.3
556.957	73.3
557.145	73.3
557.333	73.3
557.521	73.4
557.709	73.4
557.897	73.4
558.085	73.4
558.273	73.4
558.461	73.4
558.649	73.4
558.837	73.4
559.025	73.4
559.213	73.5
559.4	73.5
559.588	73.5
559.777	73.5
559.965	73.5
560.153	73.5
560.341	73.5
560.529	73.5
560.717	73.6
560.905	73.6
561.093	73.6
561.281	73.6
561.469	73.6
561.657	73.6
561.845	73.6
562.034	73.6
562.222	73.6
562.41	73.6
562.598	73.6
562.786	73.7
562.975	73.7
563.163	73.7
563.351	73.7
563.539	73.7
563.728	73.7
563.916	73.7
564.104	73.7
564.293	73.7
564.481	73.7
564.67	73.7
564.858	73.8
565.046	73.8
565.235	73.8
565.423	73.8
565.612	73.8
565.8	73.8
565.989	73.8
566.177	73.8
566.366	73.8
566.554	73.8
566.743	73.8
566.932	73.8
567.12	73.8
567.309	73.8
567.497	73.8
567.686	73.8
567.875	73.8
568.064	73.8
568.252	73.8
568.441	73.8
568.63	73.8
568.819	73.8
569.007	73.8
569.196	73.8
569.385	73.8
569.574	73.9
569.763	73.9
569.952	73.9
570.141	73.9
570.33	73.9
570.519	73.9
570.708	73.9
570.897	73.9
571.086	73.9
571.275	73.9
571.464	73.9
571.653	73.9
571.843	73.9
572.032	73.9
572.221	73.9
572.41	73.9
572.599	73.9
572.789	73.9
572.978	73.9
573.167	73.9
573.357	73.9
573.546	73.9
573.736	73.9
573.925	73.9
574.115	73.9
574.304	73.9
574.494	73.9
574.683	73.9
574.873	73.9
575.062	73.9
575.252	73.9
575.442	73.9
575.631	73.9
575.821	73.9
576.011	73.9
576.201	73.9
576.39	73.9
576.58	73.9
576.77	73.9
576.96	73.9
577.15	73.9
577.34	73.8
577.53	73.8
577.72	73.8
577.91	73.8
578.1	73.8
578.29	73.8
578.48	73.8
578.67	73.8
578.861	73.8
579.051	73.8
579.241	73.8
579.431	73.8
579.622	73.8
579.812	73.8
580.002	73.8
580.193	73.8
580.383	73.8
580.574	73.8
580.764	73.8
580.955	73.8
581.145	73.8
581.336	73.8
581.526	73.8
581.717	73.8
581.908	73.8
582.098	73.8
582.289	73.8
582.48	73.8
582.671	73.8
582.862	73.8
583.052	73.8
583.243	73.7
583.434	73.7
583.625	73.7
583.816	73.7
584.007	73.7
584.198	73.7
584.389	73.7
584.58	73.7
584.771	73.7
584.962	73.7
585.154	73.7
585.345	73.7
585.536	73.7
585.727	73.7
585.918	73.7
586.11	73.7
586.301	73.7
586.492	73.7
586.684	73.7
586.875	73.7
587.067	73.7
587.258	73.7
587.45	73.7
587.641	73.7
587.833	73.7
588.024	73.7
588.216	73.7
588.408	73.7
588.599	73.7
588.791	73.7
588.983	73.7
589.174	73.7
589.366	73.7
589.558	73.7
589.75	73.7
589.942	73.7
590.134	73.7
590.326	73.7
590.518	73.7
590.71	73.7
590.902	73.7
591.094	73.7
591.286	73.7
591.478	73.7
591.67	73.7
591.862	73.7
592.054	73.7
592.246	73.7
592.439	73.7
592.631	73.7
592.823	73.7
593.016	73.7
593.208	73.7
593.4	73.7
593.593	73.7
593.785	73.7
593.978	73.7
594.17	73.7
594.363	73.7
594.555	73.7
594.748	73.7
594.94	73.7
595.133	73.7
595.326	73.7
595.518	73.7
595.711	73.7
595.904	73.7
596.096	73.8
596.289	73.8
596.482	73.8
596.675	73.8
596.868	73.8
597.061	73.8
597.254	73.8
597.447	73.8
597.64	73.8
597.833	73.8
598.026	73.8
598.219	73.9
598.412	73.9
598.605	73.9
598.798	73.9
598.991	73.9
599.184	73.9
599.378	73.9
599.571	73.9
599.764	73.9
599.957	73.9
600.151	73.9
600.344	74
600.538	74
600.731	74
600.924	74
601.118	74
601.311	74
601.505	74
601.698	74
601.892	74
602.086	74
602.279	74
602.473	74
602.667	74
602.86	74
603.054	74
603.248	74
603.442	74
603.635	74
603.829	74
604.023	74.1
604.217	74.1
604.411	74.1
604.605	74.1
604.799	74.1
604.993	74.1
605.187	74.1
605.381	74.1
605.575	74.1
605.769	74.1
605.963	74.1
606.157	74.1
606.352	74.1
606.546	74.1
606.74	74.1
606.934	74.1
607.129	74.1
607.323	74.1
607.517	74.1
607.712	74.1
607.906	74.1
608.1	74.1
608.295	74.1
608.489	74.1
608.684	74.1
608.878	74.2
609.073	74.2
609.267	74.2
609.462	74.2
609.657	74.2
609.851	74.2
610.046	74.2
610.241	74.2
610.435	74.2
610.63	74.2
610.825	74.2
611.02	74.2
611.215	74.2
611.41	74.2
611.604	74.2
611.799	74.2
611.994	74.2
612.189	74.2
612.384	74.2
612.579	74.2
612.774	74.2
612.969	74.2
613.164	74.2
613.359	74.2
613.555	74.2
613.75	74.2
613.945	74.2
614.14	74.2
614.335	74.2
614.531	74.1
614.726	74.1
614.921	74.1
615.117	74.1
615.312	74.1
615.507	74.1
615.703	74.1
615.898	74.1
616.094	74.1
616.289	74.1
616.485	74.1
616.68	74.1
616.876	74.1
617.071	74.1
617.267	74
617.463	74
617.658	74.1
617.854	74.1
618.05	74.1
618.245	74.1
618.441	74
618.637	74
618.833	74
619.029	74
619.225	74
619.42	74
619.616	74
619.812	74
620.008	74
620.204	74
620.4	74
620.596	74
620.792	74
620.988	73.9
621.184	73.9
621.381	73.9
621.577	73.9
621.773	73.9
621.969	73.9
622.165	73.9
622.362	73.9
622.558	73.9
622.754	73.9
622.951	73.8
623.147	73.8
623.343	73.8
623.54	73.8
623.736	73.8
623.933	73.8
624.129	73.8
624.326	73.8
624.522	73.8
624.719	73.8
624.915	73.8
625.112	73.7
625.308	73.7
625.505	73.7
625.702	73.7
625.898	73.7
626.095	73.7
626.292	73.7
626.489	73.7
626.685	73.7
626.882	73.6
627.079	73.6
627.276	73.6
627.473	73.6
627.67	73.6
627.866	73.6
628.063	73.5
628.26	73.5
628.457	73.5
628.654	73.5
628.851	73.5
629.048	73.4
629.246	73.4
629.443	73.4
629.64	73.4
629.837	73.4
630.034	73.4
630.231	73.4
630.429	73.3
630.626	73.3
630.823	73.3
631.02	73.3
631.218	73.3
631.415	73.3
631.612	73.2
631.81	73.2
632.007	73.2
632.205	73.2
632.402	73.2
632.6	73.2
632.797	73.1
632.995	73.1
633.192	73.1
633.39	73.1
633.587	73
633.785	73
633.983	73
634.18	73
634.378	73
634.576	72.9
634.773	72.9
634.971	72.9
635.169	72.9
635.367	72.8
635.565	72.8
635.762	72.8
635.96	72.8
636.158	72.8
636.356	72.8
636.554	72.7
636.752	72.7
636.95	72.7
637.148	72.7
637.346	72.7
637.544	72.6
637.742	72.6
637.94	72.6
638.138	72.5
638.337	72.5
638.535	72.5
638.733	72.5
638.931	72.4
639.129	72.4
639.328	72.4
639.526	72.3
639.724	72.3
639.922	72.3
640.121	72.2
640.319	72.2
640.518	72.2
640.716	72.1
640.914	72.1
641.113	72.1
641.311	72
641.51	72
641.708	72
641.907	71.9
642.105	71.9
642.304	71.9
642.503	71.8
642.701	71.8
642.9	71.7
643.098	71.7
643.297	71.7
643.496	71.6
643.695	71.6
643.893	71.5
644.092	71.5
644.291	71.4
644.49	71.4
644.689	71.3
644.887	71.3
645.086	71.2
645.285	71.2
645.484	71.1
645.683	71.1
645.882	71
646.081	71
646.28	70.9
646.479	70.8
646.678	70.8
646.877	70.7
647.076	70.7
647.276	70.6
647.475	70.5
647.674	70.5
647.873	70.4
648.072	70.3
648.271	70.3
648.471	70.2
648.67	70.2
648.869	70.1
649.069	70
649.268	69.9
649.467	69.9
649.667	69.8
649.866	69.7
650.065	69.7
650.265	69.6
650.464	69.5
650.664	69.4
650.863	69.4
651.063	69.3
651.262	69.2
651.462	69.1
651.662	69.1
651.861	69
652.061	68.9
652.26	68.8
652.46	68.8
652.66	68.7
652.859	68.6
653.059	68.5
653.259	68.5
653.459	68.4
653.658	68.3
653.858	68.2
654.058	68.2
654.258	68.1
654.458	68
654.658	67.9
654.858	67.9
655.058	67.8
655.258	67.7
655.457	67.6
655.657	67.5
655.857	67.5
656.058	67.4
656.258	67.3
656.458	67.2
656.658	67.1
656.858	67
657.058	66.9
657.258	66.8
657.458	66.7
657.659	66.6
657.859	66.6
658.059	66.5
658.259	66.3
658.459	66.2
658.66	66.1
658.86	66
659.06	65.9
659.261	65.8
659.461	65.7
659.662	65.6
659.862	65.4
660.062	65.3
660.263	65.2
660.463	65.1
660.664	64.9
660.864	64.8
661.065	64.7
661.265	64.5
661.466	64.4
661.667	64.3
661.867	64.1
662.068	64
662.268	63.8
662.469	63.7
662.67	63.5
662.87	63.4
663.071	63.2
663.272	63.1
663.473	62.9
663.674	62.8
663.874	62.6
664.075	62.5
664.276	62.3
664.477	62.2
664.678	62
664.879	61.9
665.08	61.7
665.28	61.6
665.481	61.5
665.682	61.3
665.883	61.2
666.084	61.1
666.285	60.9
666.486	60.8
666.688	60.7
666.889	60.6
667.09	60.5
667.291	60.3
667.492	60.2
667.693	60.1
667.894	60.1
668.096	60
668.297	59.9
668.498	59.8
668.699	59.7
668.901	59.7
669.102	59.6
669.303	59.6
669.505	59.5
669.706	59.5
669.907	59.4
670.109	59.4
670.31	59.3
670.511	59.3
670.713	59.3
670.914	59.3
671.116	59.2
671.317	59.2
671.519	59.2
671.72	59.2
671.922	59.2
672.124	59.2
672.325	59.2
672.527	59.2
672.728	59.2
672.93	59.2
673.132	59.2
673.333	59.2
673.535	59.3
673.737	59.3
673.939	59.3
674.14	59.3
674.342	59.3
674.544	59.4
674.746	59.4
674.948	59.4
675.149	59.4
675.351	59.4
675.553	59.5
675.755	59.5
675.957	59.5
676.159	59.5
676.361	59.5
676.563	59.6
676.765	59.6
676.967	59.6
677.169	59.6
677.371	59.6
677.573	59.6
677.775	59.6
677.977	59.6
678.179	59.6
678.381	59.7
678.583	59.7
678.786	59.7
678.988	59.7
679.19	59.7
679.392	59.7
679.594	59.7
679.797	59.7
679.999	59.7
680.201	59.7
680.404	59.6
680.606	59.6
680.808	59.6
681.011	59.6
681.213	59.6
681.415	59.6
681.618	59.6
681.82	59.5
682.023	59.5
682.225	59.5
682.428	59.5
682.63	59.4
682.833	59.4
683.035	59.4
683.238	59.4
683.44	59.3
683.643	59.3
683.845	59.3
684.048	59.2
684.251	59.2
684.453	59.2
684.656	59.1
684.859	59.1
685.061	59
685.264	59
685.467	58.9
685.67	58.9
685.872	58.8
686.075	58.8
686.278	58.7
686.481	58.7
686.684	58.6
686.886	58.6
687.089	58.5
687.292	58.5
687.495	58.4
687.698	58.4
687.901	58.3
688.104	58.3
688.307	58.2
688.51	58.1
688.713	58.1
688.916	58
689.119	58
689.322	57.9
689.525	57.8
689.728	57.8
689.931	57.7
690.134	57.7
690.337	57.6
690.54	57.5
690.744	57.5
690.947	57.4
691.15	57.4
691.353	57.3
691.556	57.2
691.76	57.2
691.963	57.1
692.166	57
692.37	57
692.573	56.9
692.776	56.8
692.979	56.8
693.183	56.7
693.386	56.7
693.59	56.6
693.793	56.5
693.996	56.5
694.2	56.4
694.403	56.4
694.607	56.3
694.81	56.3
695.014	56.2
695.217	56.1
695.421	56.1
695.624	56
695.828	56
696.031	55.9
696.235	55.9
696.439	55.8
696.642	55.8
696.846	55.7
697.049	55.7
697.253	55.6
697.457	55.5
697.661	55.5
697.864	55.4
698.068	55.4
698.272	55.4
698.475	55.3
698.679	55.3
698.883	55.2
699.087	55.2
699.291	55.1
699.494	55.1
699.698	55.1
699.902	55
700.106	55
700.31	54.9
700.514	54.9
700.718	54.8
700.922	54.8
701.126	54.8
701.33	54.7
701.534	54.7
701.738	54.7
701.942	54.6
702.146	54.6
702.35	54.6
702.554	54.5
702.758	54.5
702.962	54.5
703.166	54.4
703.37	54.4
703.574	54.3
703.778	54.3
703.983	54.3
704.187	54.3
704.391	54.2
704.595	54.2
704.799	54.2
705.004	54.2
705.208	54.1
705.412	54.1
705.616	54.1
705.821	54.1
706.025	54
706.229	54
706.434	54
706.638	54
706.842	53.9
707.047	53.9
707.251	53.9
707.455	53.9
707.66	53.9
707.864	53.8
708.069	53.8
708.273	53.8
708.478	53.8
708.682	53.8
708.887	53.8
709.091	53.7
709.296	53.7
709.5	53.7
709.705	53.7
709.909	53.6
710.114	53.6
710.319	53.6
710.523	53.6
710.728	53.5
710.932	53.5
711.137	53.5
711.342	53.5
711.546	53.5
711.751	53.4
711.956	53.4
712.161	53.4
712.365	53.4
712.57	53.3
712.775	53.3
712.98	53.3
713.184	53.3
713.389	53.2
713.594	53.2
713.799	53.2
714.004	53.2
714.209	53.1
714.413	53.1
714.618	53.1
714.823	53
715.028	53
715.233	53
715.438	52.9
715.643	52.9
715.848	52.9
716.053	52.8
716.258	52.8
716.463	52.8
716.668	52.7
716.873	52.7
717.078	52.7
717.283	52.6
717.488	52.6
717.693	52.6
717.898	52.6
718.103	52.5
718.308	52.5
718.514	52.4
718.719	52.4
718.924	52.4
719.129	52.4
719.334	52.3
719.539	52.3
719.745	52.2
719.95	52.2
720.155	52.2
720.36	52.1
720.566	52.1
720.771	52.1
720.976	52
721.182	52
721.387	52
721.592	51.9
721.798	51.9
722.003	51.9
722.208	51.8
722.414	51.8
722.619	51.8
722.824	51.7
723.03	51.7
723.235	51.6
723.441	51.6
723.646	51.6
723.852	51.6
724.057	51.5
724.263	51.5
724.468	51.5
724.674	51.5
724.879	51.4
725.085	51.4
725.29	51.4
725.496	51.4
725.701	51.4
725.907	51.4
726.112	51.3
726.318	51.3
726.524	51.3
726.729	51.3
726.935	51.3
727.141	51.3
727.346	51.3
727.552	51.3
727.758	51.3
727.963	51.3
728.169	51.3
728.375	51.3
728.581	51.3
728.786	51.3
728.992	51.3
729.198	51.3
729.404	51.3
729.609	51.3
729.815	51.4
730.021	51.4
730.227	51.4
730.433	51.4
730.639	51.5
730.844	51.5
731.05	51.6
731.256	51.6
731.462	51.6
731.668	51.7
731.874	51.7
732.08	51.8
732.286	51.8
732.492	51.9
732.698	52
732.904	52
733.11	52.1
733.316	52.1
733.522	52.2
733.728	52.3
733.934	52.3
734.14	52.4
734.346	52.5
734.552	52.6
734.758	52.6
734.964	52.7
735.17	52.8
735.376	52.9
735.583	53
735.789	53.1
735.995	53.2
736.201	53.3
736.407	53.4
736.613	53.5
736.819	53.6
737.026	53.7
737.232	53.8
737.438	53.9
737.644	54
737.851	54.2
738.057	54.3
738.263	54.4
738.469	54.5
738.676	54.6
738.882	54.8
739.088	54.9
739.295	55
739.501	55.1
739.707	55.3
739.914	55.4
740.12	55.5
740.326	55.7
740.533	55.8
740.739	55.9
740.946	56
741.152	56.2
741.358	56.3
741.565	56.4
741.771	56.6
741.978	56.7
742.184	56.8
742.391	57
742.597	57.1
742.804	57.2
743.01	57.4
743.217	57.5
743.423	57.7
743.63	57.8
743.836	57.9
744.043	58.1
744.249	58.2
744.456	58.3
744.663	58.5
744.869	58.6
745.076	58.7
745.282	58.9
745.489	59
745.696	59.2
745.902	59.3
746.109	59.4
746.316	59.6
746.522	59.7
746.729	59.8
746.936	60
747.142	60.1
747.349	60.3
747.556	60.4
747.762	60.5
747.969	60.6
748.176	60.8
748.383	60.9
748.589	61
748.796	61.1
749.003	61.3
749.21	61.4
749.417	61.5
749.623	61.6
749.83	61.8
750.037	61.9
750.244	62
750.451	62.1
750.658	62.3
750.865	62.4
751.071	62.5
751.278	62.6
751.485	62.8
751.692	62.9
751.899	63
752.106	63.1
752.313	63.2
752.52	63.3
752.727	63.4
752.934	63.5
753.141	63.6
753.348	63.7
753.555	63.8
753.762	63.9
753.969	64.1
754.176	64.2
754.383	64.2
754.59	64.3
754.797	64.4
755.004	64.6
755.211	64.7
755.418	64.8
755.625	64.9
755.832	65
756.039	65.1
756.246	65.2
756.453	65.3
756.66	65.4
756.868	65.5
757.075	65.6
757.282	65.7
757.489	65.8
757.696	65.8
757.903	65.9
758.111	66
758.318	66.1
758.525	66.2
758.732	66.3
758.939	66.4
759.147	66.5
759.354	66.5
759.561	66.6
759.768	66.7
759.976	66.8
760.183	66.9
760.39	67
760.597	67.1
760.805	67.2
761.012	67.2
761.219	67.3
761.426	67.4
761.634	67.5
761.841	67.5
762.048	67.6
762.256	67.7
762.463	67.8
762.67	67.8
762.878	67.9
763.085	68
763.293	68.1
763.5	68.1
763.707	68.2
763.915	68.3
764.122	68.3
764.33	68.4
764.537	68.5
764.744	68.5
764.952	68.6
765.159	68.6
765.367	68.7
765.574	68.8
765.782	68.8
765.989	68.9
766.197	68.9
766.404	69
766.612	69.1
766.819	69.1
767.027	69.2
767.234	69.2
767.442	69.3
767.649	69.4
767.857	69.4
768.064	69.5
768.272	69.5
768.479	69.6
768.687	69.6
768.895	69.7
769.102	69.7
769.31	69.8
769.517	69.9
769.725	69.9
769.933	70
770.14	70
770.348	70.1
770.555	70.1
770.763	70.2
770.971	70.2
771.178	70.3
771.386	70.4
771.594	70.4
771.801	70.5
772.009	70.5
772.217	70.6
772.424	70.7
772.632	70.7
772.84	70.8
773.047	70.8
773.255	70.8
773.463	70.9
773.671	70.9
773.878	71
774.086	71
774.294	71.1
774.502	71.2
774.709	71.2
774.917	71.3
775.125	71.3
775.333	71.4
775.54	71.4
775.748	71.5
775.956	71.5
776.164	71.6
776.371	71.6
776.579	71.7
776.787	71.7
776.995	71.8
777.203	71.9
777.41	71.9
777.618	72
777.826	72
778.034	72.1
778.242	72.1
778.45	72.2
778.657	72.2
778.865	72.3
779.073	72.3
779.281	72.4
779.489	72.4
779.697	72.5
779.905	72.5
780.112	72.5
780.32	72.6
780.528	72.6
780.736	72.7
780.944	72.7
781.152	72.7
781.36	72.8
781.568	72.8
781.776	72.9
781.984	72.9
782.191	73
782.399	73
782.607	73
782.815	73.1
783.023	73.1
783.231	73.1
783.439	73.2
783.647	73.2
783.855	73.3
784.063	73.3
784.271	73.3
784.479	73.4
784.687	73.4
784.895	73.4
785.103	73.5
785.311	73.5
785.519	73.5
785.727	73.6
785.935	73.6
786.143	73.6
786.351	73.7
786.559	73.7
786.767	73.7
786.975	73.8
787.183	73.8
787.391	73.8
787.599	73.9
787.807	73.9
788.015	73.9
788.223	74
788.431	74
788.639	74.1
788.847	74.1
789.055	74.1
789.263	74.2
789.471	74.2
789.679	74.2
789.887	74.3
790.095	74.3
790.303	74.4
790.511	74.4
790.719	74.4
790.927	74.5
791.135	74.5
791.343	74.6
791.551	74.6
791.76	74.6
791.968	74.7
792.176	74.7
792.384	74.8
792.592	74.8
792.8	74.9
793.008	74.9
793.216	74.9
793.424	75
793.632	75
793.84	75
794.048	75.1
794.256	75.1
794.465	75.1
794.673	75.1
794.881	75.2
795.089	75.2
795.297	75.2
795.505	75.3
795.713	75.3
795.921	75.4
796.129	75.4
796.337	75.4
796.546	75.5
796.754	75.5
796.962	75.5
797.17	75.6
797.378	75.6
797.586	75.6
797.794	75.7
798.002	75.7
798.21	75.7
798.419	75.8
798.627	75.8
798.835	75.8
799.043	75.8
799.251	75.8
799.459	75.9
799.667	75.9
799.875	75.9
800.083	75.9
800.292	75.9
800.5	76
800.708	76
800.916	76
801.124	76
801.332	76
801.54	76.1
801.748	76.1
801.957	76.1
802.165	76.2
802.373	76.2
802.581	76.2
802.789	76.2
802.997	76.2
803.205	76.2
803.414	76.3
803.622	76.3
803.83	76.3
804.038	76.3
804.246	76.3
804.454	76.4
804.662	76.4
804.87	76.4
805.079	76.4
805.287	76.4
805.495	76.4
805.703	76.4
805.911	76.5
806.119	76.5
806.327	76.5
806.535	76.5
806.743	76.5
806.952	76.5
807.16	76.5
807.368	76.5
807.576	76.6
807.784	76.6
807.992	76.6
808.2	76.6
808.408	76.6
808.617	76.7
808.825	76.7
809.033	76.7
809.241	76.7
809.449	76.7
809.657	76.7
809.865	76.7
810.073	76.7
810.281	76.8
810.49	76.8
810.698	76.8
810.906	76.8
811.114	76.8
811.322	76.8
811.53	76.8
811.738	76.9
811.946	76.9
812.154	76.9
812.362	76.9
812.57	76.9
812.779	76.9
812.987	76.9
813.195	76.9
813.403	76.9
813.611	76.9
813.819	76.9
814.027	77
814.235	77
814.443	77
814.651	77
814.859	77
815.067	77.1
815.275	77.1
815.484	77.1
815.692	77.1
815.9	77.1
816.108	77.1
816.316	77.2
816.524	77.2
816.732	77.2
816.94	77.2
817.148	77.2
817.356	77.2
817.564	77.2
817.772	77.2
817.98	77.2
818.188	77.2
818.397	77.3
818.605	77.3
818.813	77.3
819.021	77.3
819.229	77.3
819.437	77.3
819.645	77.3
819.853	77.3
820.061	77.3
820.269	77.3
820.477	77.4
820.685	77.4
820.893	77.4
821.102	77.4
821.31	77.4
821.518	77.5
821.726	77.5
821.934	77.5
822.142	77.5
822.35	77.5
822.558	77.5
822.766	77.5
822.974	77.6
823.182	77.6
823.39	77.6
823.599	77.6
823.807	77.6
824.015	77.6
824.223	77.6
824.431	77.6
824.639	77.6
824.847	77.6
825.055	77.6
825.263	77.6
825.472	77.6
825.68	77.7
825.888	77.7
826.096	77.7
826.304	77.7
826.512	77.7
826.72	77.7
826.928	77.8
827.137	77.8
827.345	77.8
827.553	77.8
827.761	77.8
827.969	77.8
828.177	77.8
828.385	77.8
828.594	77.9
828.802	77.9
829.01	77.9
829.218	77.9
829.426	77.9
829.634	77.9
829.843	77.9
830.051	77.9
830.259	77.9
830.467	77.9
830.675	77.9
830.883	77.9
831.092	77.9
831.3	77.9
831.508	77.9
831.716	77.9
831.924	77.9
832.133	78
832.341	78
832.549	78
832.757	78
832.966	78
833.174	78
833.382	78
833.59	78
833.799	78.1
834.007	78.1
834.215	78.1
834.423	78.1
834.632	78.1
834.84	78
835.048	78
835.256	78
835.465	78.1
835.673	78.1
835.881	78.1
836.09	78.1
836.298	78.1
836.506	78.1
836.715	78.1
836.923	78.1
837.131	78.2
837.34	78.2
837.548	78.2
837.756	78.2
837.965	78.2
838.173	78.2
838.381	78.2
838.59	78.2
838.798	78.2
839.006	78.2
839.215	78.2
839.423	78.2
839.632	78.2
839.84	78.2
840.048	78.2
840.257	78.2
840.465	78.2
840.674	78.2
840.882	78.2
841.091	78.2
841.299	78.2
841.508	78.3
841.716	78.3
841.924	78.3
842.133	78.3
842.341	78.3
842.55	78.3
842.758	78.3
842.967	78.3
843.175	78.4
843.384	78.4
843.593	78.4
843.801	78.4
844.01	78.4
844.218	78.4
844.427	78.4
844.635	78.4
844.844	78.4
845.052	78.4
845.261	78.4
845.47	78.4
845.678	78.4
845.887	78.4
846.095	78.4
846.304	78.4
846.513	78.5
846.721	78.5
846.93	78.5
847.139	78.5
847.347	78.5
847.556	78.6
847.765	78.6
847.973	78.6
848.182	78.6
848.391	78.6
848.6	78.6
848.808	78.6
849.017	78.6
849.226	78.6
849.435	78.6
849.643	78.6
849.852	78.7
850.061	78.7
850.27	78.6
850.478	78.6
850.687	78.6
850.896	78.6
851.105	78.6
851.314	78.6
851.523	78.7
851.731	78.7
851.94	78.7
852.149	78.7
852.358	78.8
852.567	78.8
852.776	78.8
852.985	78.8
853.194	78.9
853.403	78.9
853.612	78.9
853.821	78.9
854.03	78.9
854.239	78.9
854.447	78.9
854.656	78.9
854.865	78.9
855.075	78.9
855.284	79
855.493	79
855.702	79
855.911	79
856.12	79
856.329	79
856.538	79
856.747	79
856.956	79
857.165	79
857.374	79.1
857.584	79.1
857.793	79.1
858.002	79.1
858.211	79.1
858.42	79.1
858.629	79.2
858.839	79.2
859.048	79.2
859.257	79.2
859.466	79.2
859.676	79.2
859.885	79.3
860.094	79.3
860.304	79.3
860.513	79.3
860.722	79.3
860.932	79.2
861.141	79.2
861.35	79.3
861.56	79.3
861.769	79.3
861.978	79.3
862.188	79.3
862.397	79.3
862.607	79.3
862.816	79.4
863.026	79.4
863.235	79.4
863.445	79.4
863.654	79.5
863.864	79.5
864.073	79.5
864.283	79.5
864.492	79.5
864.702	79.5
864.911	79.5
865.121	79.5
865.33	79.5
865.54	79.6
865.75	79.6
865.959	79.6
866.169	79.6
866.379	79.6
866.588	79.6
866.798	79.6
867.008	79.6
867.218	79.6
867.427	79.6
867.637	79.7
867.847	79.7
868.057	79.7
868.266	79.7
868.476	79.7
868.686	79.7
868.896	79.7
869.106	79.7
869.316	79.7
869.525	79.7
869.735	79.7
869.945	79.7
870.155	79.7
870.365	79.7
870.575	79.7
870.785	79.7
870.995	79.7
871.205	79.7
871.415	79.7
871.625	79.7
871.835	79.7
872.045	79.7
872.255	79.7
872.465	79.7
872.675	79.7
872.886	79.7
873.096	79.7
873.306	79.7
873.516	79.7
873.726	79.7
873.936	79.7
874.147	79.8
874.357	79.8
874.567	79.8
874.777	79.8
874.988	79.7
875.198	79.8
875.408	79.8
875.619	79.8
875.829	79.8
876.039	79.8
876.25	79.8
876.46	79.8
876.67	79.8
876.881	79.8
877.091	79.8
877.302	79.8
877.512	79.8
877.723	79.8
877.933	79.8
878.144	79.8
878.354	79.8
878.565	79.7
878.775	79.7
878.986	79.7
879.197	79.7
879.407	79.7
879.618	79.7
879.829	79.6
880.039	79.7
880.25	79.6
880.461	79.6
880.671	79.6
880.882	79.5
881.093	79.5
881.304	79.5
881.515	79.5
881.725	79.5
881.936	79.5
882.147	79.4
882.358	79.4
882.569	79.4
882.78	79.4
882.991	79.4
883.202	79.4
883.413	79.4
883.624	79.5
883.835	79.5
884.046	79.5
884.257	79.6
884.468	79.6
884.679	79.6
884.89	79.6
885.101	79.6
885.312	79.7
885.523	79.7
885.735	79.7
885.946	79.7
886.157	79.7
886.368	79.8
886.579	79.8
886.791	79.8
887.002	79.9
887.213	79.9
887.425	79.9
887.636	80
887.847	80
888.059	80.1
888.27	80.1
888.481	80.2
888.693	80.2
888.904	80.3
889.116	80.3
889.327	80.3
889.539	80.4
889.75	80.4
889.962	80.5
890.174	80.5
890.385	80.5
890.597	80.5
890.808	80.6
891.02	80.6
891.232	80.6
891.444	80.7
891.655	80.7
891.867	80.7
892.079	80.7
892.291	80.7
892.502	80.7
892.714	80.7
892.926	80.7
893.138	80.6
893.35	80.7
893.562	80.7
893.774	80.7
893.986	80.6
894.198	80.6
894.41	80.6
894.622	80.7
894.834	80.6
895.046	80.6
895.258	80.6
895.47	80.6
895.682	80.6
895.894	80.6
896.106	80.6
896.319	80.6
896.531	80.6
896.743	80.6
896.955	80.6
897.168	80.6
897.38	80.6
897.592	80.6
897.805	80.6
898.017	80.7
898.229	80.7
898.442	80.7
898.654	80.7
898.867	80.7
899.079	80.7
899.292	80.7
899.504	80.7
899.717	80.7
899.929	80.7
900.142	80.7
900.355	80.7
900.567	80.7
900.78	80.7
900.993	80.6
901.205	80.6
901.418	80.6
901.631	80.7
901.844	80.7
902.056	80.7
902.269	80.7
902.482	80.7
902.695	80.7
902.908	80.7
903.121	80.7
903.334	80.7
903.547	80.8
903.76	80.8
903.973	80.8
904.186	80.8
904.399	80.8
904.612	80.8
904.825	80.8
905.038	80.8
905.251	80.8
905.465	80.8
905.678	80.7
905.891	80.8
906.104	80.8
906.318	80.7
906.531	80.7
906.744	80.8
906.958	80.8
907.171	80.8
907.384	80.8
907.598	80.8
907.811	80.8
908.025	80.8
908.238	80.8
908.452	80.8
908.665	80.8
908.879	80.7
909.093	80.7
909.306	80.8
909.52	80.8
909.734	80.8
909.947	80.8
910.161	80.7
910.375	80.7
910.589	80.7
910.803	80.7
911.016	80.8
911.23	80.7
911.444	80.7
911.658	80.8
911.872	80.8
912.086	80.8
912.3	80.8
912.514	80.8
912.728	80.8
912.942	80.8
913.156	80.8
913.37	80.8
913.585	80.8
913.799	80.8
914.013	80.8
914.227	80.9
914.442	80.9
914.656	80.8
914.87	80.8
915.084	80.9
915.299	80.9
915.513	80.8
915.728	80.8
915.942	80.8
916.157	80.8
916.371	80.8
916.586	80.8
916.8	80.9
917.015	80.8
917.229	80.8
917.444	80.8
917.659	80.9
917.874	80.9
918.088	81
918.303	81
918.518	81
918.733	81.1
918.947	81.1
919.162	81.2
919.377	81.2
919.592	81.2
919.807	81.2
920.022	81.2
920.237	81.2
920.452	81.2
920.667	81.2
920.882	81.2
921.097	81.2
921.313	81.2
921.528	81.2
921.743	81.2
921.958	81.2
922.174	81.2
922.389	81.2
922.604	81.2
922.82	81.2
923.035	81.3
923.25	81.3
923.466	81.3
923.681	81.3
923.897	81.3
924.112	81.3
924.328	81.3
924.544	81.3
924.759	81.4
924.975	81.4
925.19	81.4
925.406	81.5
925.622	81.5
925.838	81.5
926.054	81.6
926.269	81.6
926.485	81.6
926.701	81.5
926.917	81.6
927.133	81.6
927.349	81.6
927.565	81.6
927.781	81.7
927.997	81.7
928.213	81.7
928.429	81.7
928.646	81.7
928.862	81.7
929.078	81.8
929.294	81.8
929.511	81.9
929.727	81.9
929.943	82
930.16	82
930.376	82.1
930.592	82.1
930.809	82.2
931.025	82.2
931.242	82.3
931.459	82.3
931.675	82.4
931.892	82.4
932.108	82.4
932.325	82.4
932.542	82.5
932.759	82.5
932.975	82.6
933.192	82.6
933.409	82.6
933.626	82.6
933.843	82.5
934.06	82.5
934.277	82.4
934.494	82.4
934.711	82.4
934.928	82.4
935.145	82.3
935.362	82.2
935.58	82.2
935.797	82.2
936.014	82
936.231	81.9
936.449	81.7
936.666	81.6
936.883	81.5
937.101	81.4
937.318	81.3
937.536	81.3
937.753	81.2
937.971	81.2
938.188	81.1
938.406	81
938.624	80.9
938.841	80.8
939.059	80.7
939.277	80.7
939.494	80.6
939.712	80.5
939.93	80.4
