360.161	30
360.333	30
360.504	29.9
360.676	30
360.847	29.9
361.019	29.9
361.19	29.9
361.361	30
361.533	29.9
361.704	29.8
361.876	29.9
362.047	29.9
362.219	29.9
362.391	29.9
362.562	29.9
362.734	29.9
362.905	29.9
363.077	29.8
363.248	29.8
363.42	29.8
363.592	29.7
363.763	29.7
363.935	29.7
364.106	29.8
364.278	29.8
364.45	29.8
364.621	29.7
364.793	29.7
364.965	29.6
365.137	29.6
365.308	29.6
365.48	29.6
365.652	29.6
365.824	29.5
365.995	29.5
366.167	29.4
366.339	29.4
366.511	29.4
366.683	29.3
366.854	29.3
367.026	29.2
367.198	29.2
367.37	29.2
367.542	29.2
367.714	29.2
367.886	29.2
368.058	29.2
368.23	29.2
368.402	29.1
368.574	29.1
368.746	29.2
368.918	29.1
369.09	29.1
369.262	29.1
369.434	29
369.606	29
369.778	29
369.95	29
370.122	29
370.294	29
370.467	29
370.639	29
370.811	29
370.983	29.1
371.155	29
371.328	29
371.5	29
371.672	29
371.844	29
372.017	29
372.189	29.1
372.361	29
372.534	29
372.706	29
372.878	29
373.051	29
373.223	29
373.396	29
373.568	29
373.741	29
373.913	29
374.086	29
374.258	29
374.431	29.1
374.603	29.1
374.776	29.1
374.949	29.2
375.121	29.2
375.294	29.2
375.467	29.2
375.639	29.3
375.812	29.3
375.985	29.3
376.157	29.4
376.33	29.4
376.503	29.4
376.676	29.5
376.849	29.5
377.021	29.5
377.194	29.6
377.367	29.6
377.54	29.6
377.713	29.6
377.886	29.7
378.059	29.7
378.232	29.7
378.405	29.7
378.578	29.8
378.751	29.9
378.924	29.9
379.097	30
379.27	30
379.444	30
379.617	30
379.79	30.1
379.963	30.1
380.136	30.2
380.31	30.2
380.483	30.2
380.656	30.3
380.829	30.4
381.003	30.4
381.176	30.4
381.35	30.4
381.523	30.4
381.696	30.4
381.87	30.4
382.043	30.5
382.217	30.5
382.39	30.5
382.564	30.6
382.738	30.6
382.911	30.7
383.085	30.7
383.258	30.7
383.432	30.8
383.606	30.8
383.779	30.8
383.953	30.8
384.127	30.9
384.301	30.9
384.475	30.9
384.648	30.9
384.822	30.9
384.996	30.9
385.17	30.9
385.344	31
385.518	31
385.692	31.1
385.866	31.1
386.04	31.1
386.214	31.1
386.388	31.1
386.562	31.2
386.737	31.2
386.911	31.2
387.085	31.2
387.259	31.2
387.434	31.3
387.608	31.3
387.782	31.4
387.956	31.4
388.131	31.4
388.305	31.5
388.48	31.5
388.654	31.5
388.829	31.6
389.003	31.6
389.178	31.6
389.352	31.6
389.527	31.6
389.701	31.6
389.876	31.6
390.051	31.6
390.226	31.7
390.4	31.7
390.575	31.7
390.75	31.7
390.925	31.8
391.099	31.8
391.274	31.8
391.449	31.9
391.624	31.9
391.799	31.9
391.974	31.9
392.149	32
392.324	32
392.499	32
392.675	32
392.85	32
393.025	32
393.2	32
393.375	32
393.551	32
393.726	32
393.901	32.1
394.077	32.1
394.252	32.1
394.427	32.1
394.603	32.1
394.778	32.1
394.954	32.1
395.129	32.2
395.305	32.2
395.481	32.2
395.656	32.2
395.832	32.2
396.008	32.3
396.184	32.3
396.359	32.3
396.535	32.3
396.711	32.3
396.887	32.3
397.063	32.3
397.239	32.4
397.415	32.4
397.591	32.4
397.767	32.4
397.943	32.4
398.119	32.4
398.295	32.3
398.471	32.3
398.648	32.4
398.824	32.4
399	32.4
399.176	32.4
399.353	32.4
399.529	32.4
399.706	32.5
399.882	32.5
400.058	32.5
400.235	32.5
400.412	32.5
400.588	32.5
400.765	32.5
400.942	32.5
401.118	32.5
401.295	32.5
401.472	32.5
401.649	32.5
401.825	32.6
402.002	32.6
402.179	32.6
402.356	32.5
402.533	32.5
402.71	32.5
402.887	32.5
403.064	32.5
403.242	32.5
403.419	32.5
403.596	32.5
403.773	32.5
403.95	32.5
404.128	32.5
404.305	32.5
404.483	32.5
404.66	32.5
404.837	32.5
405.015	32.5
405.193	32.5
405.37	32.6
405.548	32.6
405.725	32.6
405.903	32.6
406.081	32.6
406.259	32.6
406.437	32.6
406.614	32.6
406.792	32.6
406.97	32.6
407.148	32.6
407.326	32.6
407.504	32.6
407.682	32.6
407.86	32.6
408.039	32.6
408.217	32.6
408.395	32.6
408.573	32.6
408.751	32.6
408.93	32.6
409.108	32.6
409.287	32.6
409.465	32.6
409.643	32.6
409.822	32.6
410	32.6
410.179	32.6
410.358	32.6
410.536	32.6
410.715	32.6
410.894	32.6
411.072	32.6
411.251	32.6
411.43	32.6
411.609	32.6
411.788	32.6
411.967	32.6
412.146	32.6
412.325	32.6
412.504	32.6
412.683	32.6
412.862	32.6
413.041	32.6
413.22	32.6
413.399	32.6
413.578	32.6
413.758	32.6
413.937	32.6
414.116	32.6
414.296	32.6
414.475	32.6
414.654	32.6
414.834	32.6
415.013	32.7
415.193	32.7
415.372	32.7
415.552	32.7
415.732	32.6
415.911	32.6
416.091	32.6
416.271	32.6
416.45	32.6
416.63	32.6
416.81	32.6
416.99	32.6
417.169	32.6
417.349	32.6
417.529	32.6
417.709	32.6
417.889	32.6
418.069	32.6
418.249	32.6
418.429	32.6
418.609	32.6
418.789	32.6
418.97	32.6
419.15	32.6
419.33	32.6
419.51	32.5
419.691	32.5
419.871	32.5
420.051	32.5
420.232	32.5
420.412	32.5
420.592	32.4
420.773	32.4
420.953	32.4
421.134	32.4
421.314	32.4
421.495	32.4
421.675	32.4
421.856	32.4
422.037	32.3
422.217	32.3
422.398	32.3
422.579	32.3
422.76	32.3
422.94	32.3
423.121	32.3
423.302	32.3
423.483	32.3
423.664	32.2
423.845	32.2
424.026	32.2
424.207	32.2
424.388	32.2
424.569	32.2
424.75	32.1
424.931	32.1
425.112	32.1
425.293	32.1
425.474	32.1
425.655	32.1
425.837	32
426.018	32
426.199	32
426.38	32
426.562	32
426.743	32
426.924	32
427.106	31.9
427.287	31.9
427.469	32
427.65	31.9
427.832	31.9
428.013	31.9
428.195	31.9
428.376	31.9
428.558	31.8
428.739	31.8
428.921	31.8
429.103	31.8
429.284	31.8
429.466	31.8
429.648	31.8
429.83	31.7
430.011	31.7
430.193	31.7
430.375	31.7
430.557	31.6
430.739	31.6
430.921	31.6
431.102	31.6
431.284	31.6
431.466	31.5
431.648	31.5
431.83	31.5
432.012	31.5
432.194	31.5
432.377	31.5
432.559	31.5
432.741	31.4
432.923	31.4
433.105	31.4
433.287	31.4
433.469	31.4
433.652	31.3
433.834	31.3
434.016	31.3
434.198	31.3
434.381	31.3
434.563	31.2
434.745	31.2
434.928	31.2
435.11	31.2
435.293	31.2
435.475	31.1
435.658	31.1
435.84	31.1
436.022	31.1
436.205	31.1
436.388	31
436.57	31
436.753	31
436.935	31
437.118	31
437.301	30.9
437.483	30.9
437.666	30.9
437.849	30.9
438.031	30.9
438.214	30.9
438.397	30.8
438.58	30.8
438.762	30.8
438.945	30.8
439.128	30.8
439.311	30.7
439.494	30.7
439.677	30.7
439.859	30.7
440.042	30.6
440.225	30.6
440.408	30.6
440.591	30.6
440.774	30.5
440.957	30.5
441.14	30.5
441.323	30.5
441.507	30.4
441.69	30.4
441.873	30.4
442.056	30.4
442.239	30.3
442.422	30.3
442.605	30.3
442.789	30.3
442.972	30.2
443.155	30.2
443.338	30.2
443.522	30.1
443.705	30.1
443.888	30.1
444.072	30.1
444.255	30
444.438	30
444.622	30
444.805	29.9
444.989	29.9
445.172	29.9
445.356	29.8
445.539	29.8
445.723	29.8
445.906	29.8
446.09	29.8
446.273	29.7
446.457	29.7
446.64	29.7
446.824	29.7
447.008	29.7
447.191	29.6
447.375	29.6
447.559	29.6
447.742	29.6
447.926	29.5
448.11	29.5
448.293	29.5
448.477	29.4
448.661	29.4
448.845	29.4
449.029	29.4
449.212	29.3
449.396	29.3
449.58	29.3
449.764	29.2
449.948	29.2
450.132	29.2
450.316	29.2
450.5	29.1
450.684	29.1
450.868	29.1
451.052	29.1
451.236	29
451.42	29
451.604	29
451.788	28.9
451.972	28.9
452.156	28.9
452.34	28.9
452.525	28.9
452.709	28.8
452.893	28.8
453.077	28.8
453.261	28.7
453.446	28.7
453.63	28.7
453.814	28.7
453.998	28.6
454.183	28.6
454.367	28.6
454.551	28.5
454.736	28.5
454.92	28.5
455.104	28.5
455.289	28.4
455.473	28.4
455.658	28.4
455.842	28.4
456.026	28.3
456.211	28.3
456.395	28.3
456.58	28.3
456.764	28.2
456.949	28.2
457.134	28.2
457.318	28.2
457.503	28.1
457.687	28.1
457.872	28.1
458.057	28
458.241	28
458.426	28
458.611	28
458.795	28
458.98	27.9
459.165	27.9
459.349	27.9
459.534	27.8
459.719	27.8
459.904	27.8
460.088	27.7
460.273	27.7
460.458	27.7
460.643	27.7
460.828	27.6
461.013	27.6
461.198	27.6
461.382	27.5
461.567	27.5
461.752	27.5
461.937	27.4
462.122	27.4
462.307	27.4
462.492	27.3
462.677	27.3
462.862	27.3
463.047	27.2
463.232	27.2
463.417	27.2
463.602	27.1
463.788	27.1
463.973	27.1
464.158	27
464.343	27
464.528	27
464.713	26.9
464.898	26.9
465.084	26.9
465.269	26.8
465.454	26.8
465.639	26.8
465.824	26.7
466.01	26.7
466.195	26.7
466.38	26.6
466.566	26.6
466.751	26.6
466.936	26.5
467.122	26.5
467.307	26.5
467.492	26.4
467.678	26.4
467.863	26.4
468.048	26.3
468.234	26.3
468.419	26.3
468.605	26.2
468.79	26.2
468.976	26.2
469.161	26.1
469.347	26.1
469.532	26.1
469.718	26
469.903	26
470.089	25.9
470.274	25.9
470.46	25.9
470.646	25.9
470.831	25.8
471.017	25.8
471.202	25.7
471.388	25.7
471.574	25.7
471.759	25.6
471.945	25.6
472.131	25.6
472.317	25.5
472.502	25.5
472.688	25.5
472.874	25.4
473.059	25.4
473.245	25.4
473.431	25.3
473.617	25.3
473.803	25.3
473.988	25.2
474.174	25.2
474.36	25.2
474.546	25.2
474.732	25.1
474.918	25.1
475.104	25.1
475.29	25
475.475	25
475.661	25
475.847	24.9
476.033	24.9
476.219	24.9
476.405	24.8
476.591	24.8
476.777	24.8
476.963	24.8
477.149	24.7
477.335	24.7
477.521	24.7
477.707	24.6
477.893	24.6
478.08	24.6
478.266	24.5
478.452	24.5
478.638	24.5
478.824	24.5
479.01	24.4
479.196	24.4
479.382	24.4
479.569	24.4
479.755	24.3
479.941	24.3
480.127	24.3
480.313	24.3
480.5	24.2
480.686	24.2
480.872	24.2
481.058	24.2
481.245	24.1
481.431	24.1
481.617	24.1
481.803	24.1
481.99	24.1
482.176	24
482.362	24
482.549	24
482.735	24
482.921	23.9
483.108	23.9
483.294	23.9
483.481	23.9
483.667	23.8
483.853	23.8
484.04	23.8
484.226	23.8
484.413	23.8
484.599	23.8
484.786	23.7
484.972	23.7
485.159	23.7
485.345	23.7
485.532	23.7
485.718	23.7
485.905	23.6
486.091	23.6
486.278	23.6
486.464	23.6
486.651	23.6
486.837	23.6
487.024	23.6
487.211	23.5
487.397	23.5
487.584	23.5
487.77	23.5
487.957	23.5
488.144	23.5
488.33	23.4
488.517	23.4
488.704	23.4
488.89	23.4
489.077	23.4
489.264	23.4
489.45	23.3
489.637	23.3
489.824	23.3
490.01	23.3
490.197	23.3
490.384	23.3
490.571	23.3
490.757	23.3
490.944	23.2
491.131	23.2
491.318	23.2
491.505	23.2
491.691	23.2
491.878	23.2
492.065	23.2
492.252	23.1
492.439	23.1
492.626	23.1
492.812	23.1
492.999	23.1
493.186	23.1
493.373	23
493.56	23
493.747	23
493.934	23
494.121	23
494.308	23
494.494	22.9
494.681	22.9
494.868	22.9
495.055	22.9
495.242	22.9
495.429	22.8
495.616	22.8
495.803	22.8
495.99	22.8
496.177	22.8
496.364	22.8
496.551	22.7
496.738	22.7
496.925	22.7
497.112	22.7
497.299	22.7
497.486	22.6
497.673	22.6
497.861	22.6
498.048	22.6
498.235	22.6
498.422	22.5
498.609	22.5
498.796	22.5
498.983	22.5
499.17	22.5
499.357	22.4
499.544	22.4
499.732	22.4
499.919	22.4
500.106	22.4
500.293	22.3
500.48	22.3
500.667	22.3
500.855	22.3
501.042	22.2
501.229	22.2
501.416	22.2
501.603	22.2
501.791	22.2
501.978	22.1
502.165	22.1
502.352	22.1
502.54	22.1
502.727	22.1
502.914	22
503.101	22
503.289	22
503.476	22
503.663	22
503.85	21.9
504.038	21.9
504.225	21.9
504.412	21.9
504.6	21.9
504.787	21.9
504.974	21.8
505.161	21.8
505.349	21.8
505.536	21.8
505.723	21.8
505.911	21.7
506.098	21.7
506.286	21.7
506.473	21.7
506.66	21.7
506.848	21.7
507.035	21.6
507.222	21.6
507.41	21.6
507.597	21.6
507.785	21.6
507.972	21.6
508.159	21.6
508.347	21.5
508.534	21.5
508.722	21.5
508.909	21.5
509.097	21.5
509.284	21.5
509.471	21.5
509.659	21.5
509.846	21.5
510.034	21.4
510.221	21.4
510.409	21.4
510.596	21.4
510.784	21.4
510.971	21.4
511.159	21.4
511.346	21.4
511.534	21.4
511.721	21.4
511.909	21.4
512.096	21.4
512.284	21.3
512.471	21.3
512.659	21.3
512.846	21.3
513.034	21.3
513.221	21.3
513.409	21.3
513.596	21.3
513.784	21.3
513.972	21.3
514.159	21.3
514.347	21.3
514.534	21.3
514.722	21.3
514.909	21.3
515.097	21.3
515.285	21.3
515.472	21.3
515.66	21.3
515.847	21.3
516.035	21.3
516.222	21.3
516.41	21.3
516.598	21.3
516.785	21.4
516.973	21.4
517.161	21.4
517.348	21.4
517.536	21.4
517.723	21.4
517.911	21.4
518.099	21.4
518.286	21.4
518.474	21.4
518.662	21.5
518.849	21.5
519.037	21.5
519.225	21.5
519.412	21.5
519.6	21.5
519.787	21.5
519.975	21.5
520.163	21.5
520.35	21.6
520.538	21.6
520.726	21.6
520.914	21.6
521.101	21.6
521.289	21.6
521.477	21.7
521.664	21.7
521.852	21.7
522.04	21.7
522.227	21.7
522.415	21.7
522.603	21.7
522.79	21.8
522.978	21.8
523.166	21.8
523.354	21.8
523.541	21.8
523.729	21.8
523.917	21.9
524.104	21.9
524.292	21.9
524.48	21.9
524.668	21.9
524.855	21.9
525.043	22
525.231	22
525.418	22
525.606	22
525.794	22
525.982	22.1
526.169	22.1
526.357	22.1
526.545	22.1
526.733	22.1
526.92	22.2
527.108	22.2
527.296	22.2
527.484	22.2
527.671	22.3
527.859	22.3
528.047	22.3
528.235	22.3
528.422	22.3
528.61	22.3
528.798	22.4
528.986	22.4
529.173	22.4
529.361	22.4
529.549	22.4
529.737	22.4
529.924	22.4
530.112	22.5
530.3	22.5
530.488	22.5
530.675	22.5
530.863	22.5
531.051	22.5
531.239	22.5
531.426	22.5
531.614	22.6
531.802	22.6
531.99	22.6
532.177	22.6
532.365	22.6
532.553	22.6
532.741	22.6
532.928	22.6
533.116	22.6
533.304	22.6
533.492	22.6
533.679	22.6
533.867	22.6
534.055	22.6
534.243	22.6
534.431	22.6
534.618	22.6
534.806	22.6
534.994	22.6
535.182	22.6
535.369	22.6
535.557	22.6
535.745	22.6
535.933	22.6
536.12	22.6
536.308	22.6
536.496	22.6
536.684	22.6
536.871	22.6
537.059	22.6
537.247	22.6
537.435	22.6
537.622	22.6
537.81	22.6
537.998	22.6
538.186	22.6
538.373	22.6
538.561	22.6
538.749	22.6
538.937	22.6
539.124	22.6
539.312	22.6
539.5	22.6
539.688	22.6
539.875	22.6
540.063	22.6
540.251	22.6
540.439	22.6
540.626	22.6
540.814	22.6
541.002	22.6
541.19	22.6
541.377	22.6
541.565	22.6
541.753	22.6
541.941	22.6
542.128	22.6
542.316	22.6
542.504	22.6
542.691	22.6
542.879	22.6
543.067	22.5
543.255	22.5
543.442	22.5
543.63	22.5
543.818	22.5
544.005	22.6
544.193	22.6
544.381	22.6
544.568	22.6
544.756	22.6
544.944	22.6
545.132	22.6
545.319	22.6
545.507	22.6
545.695	22.6
545.882	22.6
546.07	22.6
546.258	22.6
546.445	22.6
546.633	22.6
546.821	22.6
547.008	22.6
547.196	22.7
547.384	22.7
547.571	22.7
547.759	22.7
547.947	22.7
548.134	22.7
548.322	22.7
548.51	22.7
548.697	22.8
548.885	22.8
549.073	22.8
549.26	22.8
549.448	22.8
549.636	22.8
549.823	22.9
550.011	22.9
550.199	22.9
550.386	22.9
550.574	22.9
550.762	23
550.949	23
551.137	23
551.325	23.1
551.512	23.1
551.7	23.1
551.888	23.1
552.075	23.2
552.263	23.2
552.451	23.2
552.639	23.3
552.826	23.3
553.014	23.3
553.202	23.4
553.389	23.4
553.577	23.4
553.765	23.5
553.953	23.5
554.14	23.6
554.328	23.6
554.516	23.6
554.704	23.7
554.891	23.7
555.079	23.8
555.267	23.8
555.455	23.9
555.643	23.9
555.83	24
556.018	24
556.206	24
556.394	24.1
556.582	24.2
556.77	24.2
556.957	24.3
557.145	24.3
557.333	24.4
557.521	24.4
557.709	24.5
557.897	24.5
558.085	24.6
558.273	24.6
558.461	24.7
558.649	24.8
558.837	24.8
559.025	24.9
559.213	24.9
559.4	25
559.588	25
559.777	25.1
559.965	25.2
560.153	25.2
560.341	25.3
560.529	25.3
560.717	25.4
560.905	25.5
561.093	25.5
561.281	25.6
561.469	25.7
561.657	25.7
561.845	25.8
562.034	25.9
562.222	26
562.41	26
562.598	26.1
562.786	26.2
562.975	26.2
563.163	26.3
563.351	26.4
563.539	26.5
563.728	26.5
563.916	26.6
564.104	26.7
564.293	26.8
564.481	26.9
564.67	26.9
564.858	27
565.046	27.1
565.235	27.2
565.423	27.2
565.612	27.3
565.8	27.4
565.989	27.5
566.177	27.6
566.366	27.6
566.554	27.7
566.743	27.8
566.932	27.9
567.12	28
567.309	28.1
567.497	28.2
567.686	28.2
567.875	28.3
568.064	28.4
568.252	28.5
568.441	28.6
568.63	28.7
568.819	28.8
569.007	28.9
569.196	29
569.385	29
569.574	29.1
569.763	29.2
569.952	29.3
570.141	29.4
570.33	29.5
570.519	29.6
570.708	29.7
570.897	29.8
571.086	29.9
571.275	29.9
571.464	30
571.653	30.1
571.843	30.2
572.032	30.3
572.221	30.4
572.41	30.5
572.599	30.6
572.789	30.7
572.978	30.8
573.167	30.9
573.357	31
573.546	31.1
573.736	31.2
573.925	31.3
574.115	31.4
574.304	31.5
574.494	31.6
574.683	31.7
574.873	31.8
575.062	31.9
575.252	32
575.442	32.1
575.631	32.2
575.821	32.3
576.011	32.4
576.201	32.5
576.39	32.6
576.58	32.7
576.77	32.8
576.96	32.9
577.15	33
577.34	33.1
577.53	33.2
577.72	33.3
577.91	33.4
578.1	33.5
578.29	33.6
578.48	33.7
578.67	33.8
578.861	33.9
579.051	34
579.241	34.1
579.431	34.2
579.622	34.3
579.812	34.4
580.002	34.4
580.193	34.5
580.383	34.6
580.574	34.7
580.764	34.8
580.955	34.9
581.145	35
581.336	35.1
581.526	35.2
581.717	35.3
581.908	35.4
582.098	35.5
582.289	35.6
582.48	35.7
582.671	35.8
582.862	35.9
583.052	36
583.243	36.1
583.434	36.2
583.625	36.3
583.816	36.4
584.007	36.5
584.198	36.6
584.389	36.7
584.58	36.8
584.771	36.9
584.962	37
585.154	37.1
585.345	37.2
585.536	37.3
585.727	37.4
585.918	37.5
586.11	37.6
586.301	37.7
586.492	37.8
586.684	37.9
586.875	38
587.067	38.1
587.258	38.2
587.45	38.3
587.641	38.3
587.833	38.4
588.024	38.5
588.216	38.6
588.408	38.7
588.599	38.8
588.791	38.9
588.983	39
589.174	39.1
589.366	39.2
589.558	39.3
589.75	39.4
589.942	39.4
590.134	39.5
590.326	39.6
590.518	39.7
590.71	39.8
590.902	39.9
591.094	40
591.286	40.1
591.478	40.1
591.67	40.2
591.862	40.3
592.054	40.4
592.246	40.5
592.439	40.6
592.631	40.6
592.823	40.7
593.016	40.8
593.208	40.9
593.4	41
593.593	41
593.785	41.1
593.978	41.2
594.17	41.3
594.363	41.4
594.555	41.4
594.748	41.5
594.94	41.6
595.133	41.7
595.326	41.7
595.518	41.8
595.711	41.9
595.904	42
596.096	42
596.289	42.1
596.482	42.2
596.675	42.3
596.868	42.3
597.061	42.4
597.254	42.5
597.447	42.6
597.64	42.6
597.833	42.7
598.026	42.8
598.219	42.9
598.412	42.9
598.605	43
598.798	43.1
598.991	43.1
599.184	43.2
599.378	43.3
599.571	43.3
599.764	43.4
599.957	43.5
600.151	43.6
600.344	43.6
600.538	43.7
600.731	43.8
600.924	43.8
601.118	43.9
601.311	44
601.505	44
601.698	44.1
601.892	44.2
602.086	44.2
602.279	44.3
602.473	44.4
602.667	44.4
602.86	44.5
603.054	44.6
603.248	44.6
603.442	44.7
603.635	44.7
603.829	44.8
604.023	44.9
604.217	44.9
604.411	45
604.605	45
604.799	45.1
604.993	45.2
605.187	45.2
605.381	45.3
605.575	45.3
605.769	45.4
605.963	45.5
606.157	45.5
606.352	45.6
606.546	45.6
606.74	45.7
606.934	45.8
607.129	45.8
607.323	45.9
607.517	45.9
607.712	46
607.906	46
608.1	46.1
608.295	46.1
608.489	46.2
608.684	46.3
608.878	46.3
609.073	46.4
609.267	46.4
609.462	46.4
609.657	46.5
609.851	46.5
610.046	46.6
610.241	46.6
610.435	46.7
610.63	46.7
610.825	46.8
611.02	46.8
611.215	46.9
611.41	46.9
611.604	47
611.799	47
611.994	47.1
612.189	47.1
612.384	47.2
612.579	47.2
612.774	47.3
612.969	47.3
613.164	47.4
613.359	47.4
613.555	47.5
613.75	47.5
613.945	47.6
614.14	47.6
614.335	47.7
614.531	47.7
614.726	47.7
614.921	47.8
615.117	47.8
615.312	47.9
615.507	47.9
615.703	48
615.898	48
616.094	48.1
616.289	48.1
616.485	48.2
616.68	48.2
616.876	48.2
617.071	48.3
617.267	48.3
617.463	48.4
617.658	48.4
617.854	48.5
618.05	48.5
618.245	48.6
618.441	48.6
618.637	48.6
618.833	48.7
619.029	48.7
619.225	48.8
619.42	48.8
619.616	48.9
619.812	48.9
620.008	49
620.204	49
620.4	49
620.596	49.1
620.792	49.1
620.988	49.1
621.184	49.2
621.381	49.2
621.577	49.3
621.773	49.3
621.969	49.3
622.165	49.4
622.362	49.4
622.558	49.4
622.754	49.5
622.951	49.5
623.147	49.6
623.343	49.6
623.54	49.6
623.736	49.7
623.933	49.7
624.129	49.8
624.326	49.8
624.522	49.9
624.719	49.9
624.915	49.9
625.112	50
625.308	50
625.505	50.1
625.702	50.1
625.898	50.1
626.095	50.2
626.292	50.2
626.489	50.2
626.685	50.3
626.882	50.3
627.079	50.3
627.276	50.4
627.473	50.4
627.67	50.4
627.866	50.5
628.063	50.5
628.26	50.5
628.457	50.6
628.654	50.6
628.851	50.6
629.048	50.7
629.246	50.7
629.443	50.7
629.64	50.8
629.837	50.8
630.034	50.8
630.231	50.9
630.429	50.9
630.626	51
630.823	51
631.02	51
631.218	51.1
631.415	51.1
631.612	51.1
631.81	51.2
632.007	51.2
632.205	51.2
632.402	51.2
632.6	51.3
632.797	51.3
632.995	51.3
633.192	51.4
633.39	51.4
633.587	51.4
633.785	51.5
633.983	51.5
634.18	51.5
634.378	51.6
634.576	51.6
634.773	51.6
634.971	51.7
635.169	51.7
635.367	51.7
635.565	51.8
635.762	51.8
635.96	51.8
636.158	51.9
636.356	51.9
636.554	51.9
636.752	52
636.95	52
637.148	52
637.346	52.1
637.544	52.1
637.742	52.1
637.94	52.1
638.138	52.2
638.337	52.2
638.535	52.2
638.733	52.2
638.931	52.3
639.129	52.3
639.328	52.3
639.526	52.4
639.724	52.4
639.922	52.4
640.121	52.4
640.319	52.5
640.518	52.5
640.716	52.6
640.914	52.6
641.113	52.6
641.311	52.7
641.51	52.7
641.708	52.7
641.907	52.8
642.105	52.8
642.304	52.8
642.503	52.8
642.701	52.9
642.9	52.9
643.098	52.9
643.297	53
643.496	53
643.695	53
643.893	53
644.092	53.1
644.291	53.1
644.49	53.1
644.689	53.2
644.887	53.2
645.086	53.2
645.285	53.2
645.484	53.3
645.683	53.3
645.882	53.3
646.081	53.4
646.28	53.4
646.479	53.4
646.678	53.5
646.877	53.5
647.076	53.5
647.276	53.5
647.475	53.6
647.674	53.6
647.873	53.6
648.072	53.7
648.271	53.7
648.471	53.7
648.67	53.7
648.869	53.8
649.069	53.8
649.268	53.8
649.467	53.8
649.667	53.9
649.866	53.9
650.065	53.9
650.265	54
650.464	54
650.664	54
650.863	54
651.063	54.1
651.262	54.1
651.462	54.1
651.662	54.2
651.861	54.2
652.061	54.2
652.26	54.2
652.46	54.3
652.66	54.3
652.859	54.3
653.059	54.4
653.259	54.4
653.459	54.4
653.658	54.4
653.858	54.5
654.058	54.5
654.258	54.5
654.458	54.5
654.658	54.6
654.858	54.6
655.058	54.6
655.258	54.7
655.457	54.7
655.657	54.7
655.857	54.7
656.058	54.8
656.258	54.8
656.458	54.8
656.658	54.8
656.858	54.9
657.058	54.9
657.258	54.9
657.458	54.9
657.659	55
657.859	55
658.059	55
658.259	55
658.459	55.1
658.66	55.1
658.86	55.1
659.06	55.1
659.261	55.1
659.461	55.2
659.662	55.2
659.862	55.2
660.062	55.2
660.263	55.2
660.463	55.3
660.664	55.3
660.864	55.3
661.065	55.3
661.265	55.3
661.466	55.4
661.667	55.4
661.867	55.4
662.068	55.4
662.268	55.4
662.469	55.5
662.67	55.5
662.87	55.5
663.071	55.5
663.272	55.5
663.473	55.5
663.674	55.6
663.874	55.6
664.075	55.6
664.276	55.6
664.477	55.6
664.678	55.6
664.879	55.6
665.08	55.7
665.28	55.7
665.481	55.7
665.682	55.7
665.883	55.7
666.084	55.8
666.285	55.8
666.486	55.8
666.688	55.8
666.889	55.8
667.09	55.8
667.291	55.9
667.492	55.9
667.693	55.9
667.894	55.9
668.096	55.9
668.297	56
668.498	56
668.699	56
668.901	56
669.102	56
669.303	56.1
669.505	56.1
669.706	56.1
669.907	56.1
670.109	56.1
670.31	56.1
670.511	56.2
670.713	56.2
670.914	56.2
671.116	56.2
671.317	56.2
671.519	56.2
671.72	56.3
671.922	56.3
672.124	56.3
672.325	56.3
672.527	56.4
672.728	56.4
672.93	56.4
673.132	56.4
673.333	56.4
673.535	56.4
673.737	56.5
673.939	56.5
674.14	56.5
674.342	56.5
674.544	56.5
674.746	56.5
674.948	56.6
675.149	56.6
675.351	56.6
675.553	56.6
675.755	56.6
675.957	56.6
676.159	56.7
676.361	56.7
676.563	56.7
676.765	56.7
676.967	56.7
677.169	56.7
677.371	56.8
677.573	56.8
677.775	56.8
677.977	56.8
678.179	56.8
678.381	56.8
678.583	56.8
678.786	56.9
678.988	56.9
679.19	56.9
679.392	56.9
679.594	56.9
679.797	56.9
679.999	57
680.201	57
680.404	57
680.606	57
680.808	57
681.011	57
681.213	57.1
681.415	57.1
681.618	57.1
681.82	57.1
682.023	57.1
682.225	57.1
682.428	57.2
682.63	57.2
682.833	57.2
683.035	57.2
683.238	57.2
683.44	57.2
683.643	57.3
683.845	57.3
684.048	57.3
684.251	57.3
684.453	57.3
684.656	57.3
684.859	57.4
685.061	57.4
685.264	57.4
685.467	57.4
685.67	57.4
685.872	57.5
686.075	57.5
686.278	57.5
686.481	57.5
686.684	57.5
686.886	57.5
687.089	57.6
687.292	57.6
687.495	57.6
687.698	57.6
687.901	57.7
688.104	57.7
688.307	57.7
688.51	57.7
688.713	57.7
688.916	57.7
689.119	57.8
689.322	57.8
689.525	57.8
689.728	57.8
689.931	57.9
690.134	57.9
690.337	57.9
690.54	57.9
690.744	57.9
690.947	58
691.15	58
691.353	58
691.556	58
691.76	58
691.963	58.1
692.166	58.1
692.37	58.1
692.573	58.1
692.776	58.1
692.979	58.2
693.183	58.2
693.386	58.2
693.59	58.2
693.793	58.2
693.996	58.2
694.2	58.3
694.403	58.3
694.607	58.3
694.81	58.3
695.014	58.3
695.217	58.3
695.421	58.4
695.624	58.4
695.828	58.4
696.031	58.4
696.235	58.4
696.439	58.4
696.642	58.5
696.846	58.5
697.049	58.5
697.253	58.5
697.457	58.5
697.661	58.5
697.864	58.6
698.068	58.6
698.272	58.6
698.475	58.6
698.679	58.6
698.883	58.6
699.087	58.6
699.291	58.6
699.494	58.7
699.698	58.7
699.902	58.7
700.106	58.7
700.31	58.7
700.514	58.7
700.718	58.7
700.922	58.8
701.126	58.8
701.33	58.8
701.534	58.8
701.738	58.8
701.942	58.8
702.146	58.8
702.35	58.8
702.554	58.8
702.758	58.9
702.962	58.9
703.166	58.9
703.37	58.9
703.574	58.9
703.778	58.9
703.983	59
704.187	59
704.391	59
704.595	59
704.799	59
705.004	59
705.208	59
705.412	59.1
705.616	59.1
705.821	59.1
706.025	59.1
706.229	59.1
706.434	59.1
706.638	59.1
706.842	59.2
707.047	59.2
707.251	59.2
707.455	59.2
707.66	59.2
707.864	59.3
708.069	59.3
708.273	59.3
708.478	59.3
708.682	59.3
708.887	59.3
709.091	59.4
709.296	59.4
709.5	59.4
709.705	59.4
709.909	59.4
710.114	59.5
710.319	59.5
710.523	59.5
710.728	59.5
710.932	59.6
711.137	59.6
711.342	59.6
711.546	59.6
711.751	59.6
711.956	59.6
712.161	59.6
712.365	59.7
712.57	59.7
712.775	59.7
712.98	59.7
713.184	59.7
713.389	59.7
713.594	59.8
713.799	59.8
714.004	59.8
714.209	59.8
714.413	59.8
714.618	59.8
714.823	59.9
715.028	59.9
715.233	59.9
715.438	59.9
715.643	59.9
715.848	59.9
716.053	59.9
716.258	60
716.463	60
716.668	60
716.873	60
717.078	60
717.283	60
717.488	60
717.693	60
717.898	60.1
718.103	60.1
718.308	60.1
718.514	60.1
718.719	60.1
718.924	60.1
719.129	60.1
719.334	60.1
719.539	60.1
719.745	60.1
719.95	60.2
720.155	60.2
720.36	60.2
720.566	60.2
720.771	60.3
720.976	60.3
721.182	60.3
721.387	60.3
721.592	60.3
721.798	60.3
722.003	60.3
722.208	60.3
722.414	60.3
722.619	60.4
722.824	60.4
723.03	60.4
723.235	60.4
723.441	60.4
723.646	60.4
723.852	60.4
724.057	60.4
724.263	60.5
724.468	60.5
724.674	60.5
724.879	60.5
725.085	60.5
725.29	60.6
725.496	60.6
725.701	60.6
725.907	60.6
726.112	60.6
726.318	60.6
726.524	60.7
726.729	60.7
726.935	60.7
727.141	60.7
727.346	60.7
727.552	60.8
727.758	60.8
727.963	60.8
728.169	60.8
728.375	60.8
728.581	60.8
728.786	60.9
728.992	60.9
729.198	60.9
729.404	60.9
729.609	60.9
729.815	60.9
730.021	61
730.227	61
730.433	61
730.639	61
730.844	61
731.05	61
731.256	61.1
731.462	61.1
731.668	61.1
731.874	61.1
732.08	61.2
732.286	61.2
732.492	61.2
732.698	61.2
732.904	61.2
733.11	61.2
733.316	61.2
733.522	61.3
733.728	61.3
733.934	61.3
734.14	61.3
734.346	61.3
734.552	61.3
734.758	61.3
734.964	61.4
735.17	61.4
735.376	61.4
735.583	61.4
735.789	61.4
735.995	61.4
736.201	61.5
736.407	61.5
736.613	61.5
736.819	61.5
737.026	61.5
737.232	61.5
737.438	61.5
737.644	61.5
737.851	61.5
738.057	61.6
738.263	61.6
738.469	61.6
738.676	61.6
738.882	61.6
739.088	61.6
739.295	61.6
739.501	61.6
739.707	61.6
739.914	61.7
740.12	61.7
740.326	61.7
740.533	61.7
740.739	61.7
740.946	61.7
741.152	61.7
741.358	61.7
741.565	61.7
741.771	61.8
741.978	61.8
742.184	61.8
742.391	61.8
742.597	61.8
742.804	61.8
743.01	61.8
743.217	61.8
743.423	61.8
743.63	61.8
743.836	61.9
744.043	61.9
744.249	61.9
744.456	61.9
744.663	61.9
744.869	61.9
745.076	61.9
745.282	61.9
745.489	61.9
745.696	61.9
745.902	62
746.109	62
746.316	62
746.522	62
746.729	62.1
746.936	62.1
747.142	62.1
747.349	62.1
747.556	62.1
747.762	62.1
747.969	62.1
748.176	62.1
748.383	62.1
748.589	62.1
748.796	62.2
749.003	62.2
749.21	62.2
749.417	62.2
749.623	62.2
749.83	62.2
750.037	62.2
750.244	62.3
750.451	62.3
750.658	62.3
750.865	62.3
751.071	62.3
751.278	62.3
751.485	62.4
751.692	62.4
751.899	62.4
752.106	62.4
752.313	62.4
752.52	62.4
752.727	62.4
752.934	62.4
753.141	62.5
753.348	62.5
753.555	62.5
753.762	62.5
753.969	62.5
754.176	62.5
754.383	62.6
754.59	62.6
754.797	62.6
755.004	62.6
755.211	62.6
755.418	62.6
755.625	62.6
755.832	62.6
756.039	62.7
756.246	62.7
756.453	62.7
756.66	62.7
756.868	62.7
757.075	62.7
757.282	62.7
757.489	62.8
757.696	62.8
757.903	62.8
758.111	62.8
758.318	62.8
758.525	62.8
758.732	62.8
758.939	62.8
759.147	62.8
759.354	62.8
759.561	62.8
759.768	62.8
759.976	62.9
760.183	62.9
760.39	62.9
760.597	62.9
760.805	62.9
761.012	62.9
761.219	63
761.426	63
761.634	63
761.841	63
762.048	63
762.256	63
762.463	63
762.67	63
762.878	63
763.085	63.1
763.293	63.1
763.5	63.1
763.707	63.1
763.915	63.1
764.122	63.1
764.33	63.1
764.537	63.1
764.744	63.2
764.952	63.2
765.159	63.2
765.367	63.2
765.574	63.3
765.782	63.3
765.989	63.3
766.197	63.3
766.404	63.3
766.612	63.3
766.819	63.3
767.027	63.4
767.234	63.4
767.442	63.4
767.649	63.4
767.857	63.4
768.064	63.4
768.272	63.4
768.479	63.5
768.687	63.5
768.895	63.5
769.102	63.5
769.31	63.5
769.517	63.5
769.725	63.5
769.933	63.5
770.14	63.5
770.348	63.5
770.555	63.6
770.763	63.6
770.971	63.6
771.178	63.6
771.386	63.6
771.594	63.6
771.801	63.6
772.009	63.7
772.217	63.7
772.424	63.7
772.632	63.7
772.84	63.7
773.047	63.7
773.255	63.7
773.463	63.7
773.671	63.8
773.878	63.8
774.086	63.8
774.294	63.8
774.502	63.8
774.709	63.8
774.917	63.8
775.125	63.8
775.333	63.8
775.54	63.9
775.748	63.9
775.956	63.9
776.164	63.9
776.371	63.9
776.579	63.9
776.787	63.9
776.995	63.9
777.203	64
777.41	64
777.618	64
777.826	64
778.034	64
778.242	64
778.45	64.1
778.657	64.1
778.865	64.1
779.073	64.1
779.281	64.1
779.489	64.1
779.697	64.2
779.905	64.2
780.112	64.2
780.32	64.2
780.528	64.2
780.736	64.2
780.944	64.2
781.152	64.2
781.36	64.2
781.568	64.2
781.776	64.2
781.984	64.2
782.191	64.2
782.399	64.3
782.607	64.3
782.815	64.3
783.023	64.3
783.231	64.3
783.439	64.3
783.647	64.3
783.855	64.3
784.063	64.4
784.271	64.4
784.479	64.4
784.687	64.4
784.895	64.4
785.103	64.4
785.311	64.4
785.519	64.5
785.727	64.5
785.935	64.5
786.143	64.5
786.351	64.5
786.559	64.5
786.767	64.5
786.975	64.5
787.183	64.5
787.391	64.5
787.599	64.6
787.807	64.6
788.015	64.6
788.223	64.6
788.431	64.6
788.639	64.6
788.847	64.6
789.055	64.7
789.263	64.7
789.471	64.7
789.679	64.7
789.887	64.7
790.095	64.7
790.303	64.8
790.511	64.8
790.719	64.8
790.927	64.8
791.135	64.8
791.343	64.9
791.551	64.9
791.76	64.9
791.968	64.9
792.176	64.9
792.384	64.9
792.592	64.9
792.8	64.9
793.008	64.9
793.216	65
793.424	65
793.632	65
793.84	65
794.048	65
794.256	65
794.465	65
794.673	65
794.881	65
795.089	65
795.297	65.1
795.505	65.1
795.713	65.1
795.921	65.1
796.129	65.1
796.337	65.1
796.546	65.1
796.754	65.2
796.962	65.2
797.17	65.2
797.378	65.2
797.586	65.2
797.794	65.2
798.002	65.2
798.21	65.2
798.419	65.2
798.627	65.3
798.835	65.3
799.043	65.3
799.251	65.3
799.459	65.3
799.667	65.3
799.875	65.3
800.083	65.3
800.292	65.3
800.5	65.4
800.708	65.4
800.916	65.4
801.124	65.4
801.332	65.5
801.54	65.5
801.748	65.5
801.957	65.5
802.165	65.5
802.373	65.5
802.581	65.5
802.789	65.5
802.997	65.6
803.205	65.6
803.414	65.6
803.622	65.6
803.83	65.6
804.038	65.6
804.246	65.7
804.454	65.7
804.662	65.7
804.87	65.7
805.079	65.7
805.287	65.7
805.495	65.7
805.703	65.7
805.911	65.7
806.119	65.7
806.327	65.7
806.535	65.8
806.743	65.8
806.952	65.8
807.16	65.8
807.368	65.8
807.576	65.8
807.784	65.8
807.992	65.8
808.2	65.8
808.408	65.9
808.617	65.9
808.825	65.9
809.033	65.9
809.241	65.9
809.449	65.9
809.657	65.9
809.865	65.9
810.073	65.9
810.281	65.9
810.49	65.9
810.698	65.9
810.906	65.9
811.114	66
811.322	66
811.53	66
811.738	66
811.946	66
812.154	66
812.362	66
812.57	66
812.779	66
812.987	66
813.195	66.1
813.403	66.1
813.611	66.1
813.819	66.1
814.027	66.1
814.235	66.1
814.443	66.1
814.651	66.1
814.859	66.1
815.067	66.1
815.275	66.1
815.484	66.1
815.692	66.1
815.9	66.2
816.108	66.2
816.316	66.2
816.524	66.2
816.732	66.2
816.94	66.2
817.148	66.2
817.356	66.2
817.564	66.2
817.772	66.2
817.98	66.2
818.188	66.2
818.397	66.2
818.605	66.2
818.813	66.2
819.021	66.3
819.229	66.3
819.437	66.3
819.645	66.3
819.853	66.3
820.061	66.3
820.269	66.3
820.477	66.3
820.685	66.3
820.893	66.3
821.102	66.4
821.31	66.4
821.518	66.4
821.726	66.4
821.934	66.4
822.142	66.4
822.35	66.4
822.558	66.5
822.766	66.5
822.974	66.5
823.182	66.5
823.39	66.5
823.599	66.5
823.807	66.5
824.015	66.6
824.223	66.6
824.431	66.6
824.639	66.6
824.847	66.7
825.055	66.7
825.263	66.7
825.472	66.7
825.68	66.7
825.888	66.7
826.096	66.8
826.304	66.8
826.512	66.8
826.72	66.8
826.928	66.8
827.137	66.8
827.345	66.9
827.553	66.9
827.761	66.9
827.969	66.9
828.177	66.9
828.385	66.9
828.594	66.9
828.802	66.9
829.01	67
829.218	67
829.426	67
829.634	66.9
829.843	66.9
830.051	66.9
830.259	67
830.467	67
830.675	67
830.883	67
831.092	67
831.3	67
831.508	67
831.716	67
831.924	67
832.133	67
832.341	67.1
832.549	67.1
832.757	67
832.966	67
833.174	67
833.382	67
833.59	67
833.799	67
834.007	67
834.215	67
834.423	67
834.632	67
834.84	67
835.048	67
835.256	67
835.465	67
835.673	67
835.881	67
836.09	67.1
836.298	67.1
836.506	67.1
836.715	67.1
836.923	67.1
837.131	67.1
837.34	67.1
837.548	67.1
837.756	67.1
837.965	67.1
838.173	67.1
838.381	67.1
838.59	67.1
838.798	67.1
839.006	67.1
839.215	67.1
839.423	67.1
839.632	67.2
839.84	67.2
840.048	67.2
840.257	67.2
840.465	67.2
840.674	67.2
840.882	67.2
841.091	67.2
841.299	67.2
841.508	67.2
841.716	67.3
841.924	67.3
842.133	67.3
842.341	67.3
842.55	67.3
842.758	67.3
842.967	67.4
843.175	67.4
843.384	67.4
843.593	67.4
843.801	67.4
844.01	67.4
844.218	67.5
844.427	67.5
844.635	67.5
844.844	67.5
845.052	67.5
845.261	67.5
845.47	67.5
845.678	67.5
845.887	67.6
846.095	67.6
846.304	67.6
846.513	67.6
846.721	67.6
846.93	67.6
847.139	67.6
847.347	67.7
847.556	67.7
847.765	67.7
847.973	67.7
848.182	67.7
848.391	67.7
848.6	67.7
848.808	67.7
849.017	67.7
849.226	67.7
849.435	67.7
849.643	67.8
849.852	67.8
850.061	67.8
850.27	67.8
850.478	67.8
850.687	67.8
850.896	67.8
851.105	67.8
851.314	67.8
851.523	67.8
851.731	67.8
851.94	67.9
852.149	67.9
852.358	67.9
852.567	67.9
852.776	67.9
852.985	67.9
853.194	67.9
853.403	67.9
853.612	67.9
853.821	67.9
854.03	67.9
854.239	67.9
854.447	67.9
854.656	68
854.865	68
855.075	68
855.284	68
855.493	68
855.702	68
855.911	68
856.12	68
856.329	68
856.538	68.1
856.747	68.1
856.956	68.1
857.165	68.1
857.374	68.1
857.584	68.2
857.793	68.2
858.002	68.2
858.211	68.2
858.42	68.2
858.629	68.2
858.839	68.2
859.048	68.2
859.257	68.2
859.466	68.2
859.676	68.2
859.885	68.2
860.094	68.2
860.304	68.2
860.513	68.2
860.722	68.2
860.932	68.2
861.141	68.3
861.35	68.3
861.56	68.3
861.769	68.3
861.978	68.3
862.188	68.3
862.397	68.3
862.607	68.3
862.816	68.3
863.026	68.3
863.235	68.3
863.445	68.3
863.654	68.3
863.864	68.3
864.073	68.3
864.283	68.3
864.492	68.3
864.702	68.3
864.911	68.3
865.121	68.3
865.33	68.4
865.54	68.4
865.75	68.3
865.959	68.3
866.169	68.3
866.379	68.3
866.588	68.4
866.798	68.4
867.008	68.4
867.218	68.4
867.427	68.4
867.637	68.4
867.847	68.4
868.057	68.5
868.266	68.5
868.476	68.5
868.686	68.5
868.896	68.5
869.106	68.5
869.316	68.6
869.525	68.6
869.735	68.6
869.945	68.6
870.155	68.6
870.365	68.6
870.575	68.6
870.785	68.7
870.995	68.7
871.205	68.7
871.415	68.7
871.625	68.7
871.835	68.8
872.045	68.8
872.255	68.8
872.465	68.8
872.675	68.8
872.886	68.8
873.096	68.8
873.306	68.9
873.516	68.9
873.726	68.9
873.936	68.8
874.147	68.8
874.357	68.8
874.567	68.8
874.777	68.8
874.988	68.8
875.198	68.8
875.408	68.8
875.619	68.8
875.829	68.8
876.039	68.8
876.25	68.8
876.46	68.8
876.67	68.8
876.881	68.8
877.091	68.8
877.302	68.8
877.512	68.8
877.723	68.8
877.933	68.8
878.144	68.8
878.354	68.8
878.565	68.8
878.775	68.8
878.986	68.7
879.197	68.7
879.407	68.7
879.618	68.6
879.829	68.6
880.039	68.6
880.25	68.6
880.461	68.6
880.671	68.6
880.882	68.5
881.093	68.5
881.304	68.5
881.515	68.5
881.725	68.5
881.936	68.5
882.147	68.5
882.358	68.5
882.569	68.6
882.78	68.6
882.991	68.6
883.202	68.6
883.413	68.7
883.624	68.7
883.835	68.7
884.046	68.7
884.257	68.7
884.468	68.8
884.679	68.8
884.89	68.8
885.101	68.8
885.312	68.8
885.523	68.8
885.735	68.9
885.946	68.9
886.157	68.9
886.368	68.9
886.579	68.9
886.791	68.9
887.002	68.9
887.213	69
887.425	69
887.636	69
887.847	69.1
888.059	69.1
888.27	69.1
888.481	69.2
888.693	69.2
888.904	69.2
889.116	69.2
889.327	69.2
889.539	69.3
889.75	69.3
889.962	69.3
890.174	69.4
890.385	69.4
890.597	69.4
890.808	69.5
891.02	69.5
891.232	69.5
891.444	69.5
891.655	69.5
891.867	69.5
892.079	69.5
892.291	69.5
892.502	69.5
892.714	69.5
892.926	69.5
893.138	69.5
893.35	69.5
893.562	69.5
893.774	69.5
893.986	69.5
894.198	69.5
894.41	69.5
894.622	69.6
894.834	69.6
895.046	69.6
895.258	69.6
895.47	69.6
895.682	69.5
895.894	69.5
896.106	69.5
896.319	69.5
896.531	69.5
896.743	69.5
896.955	69.5
897.168	69.5
897.38	69.6
897.592	69.6
897.805	69.6
898.017	69.6
898.229	69.6
898.442	69.6
898.654	69.6
898.867	69.5
899.079	69.5
899.292	69.5
899.504	69.5
899.717	69.5
899.929	69.5
900.142	69.5
900.355	69.5
900.567	69.5
900.78	69.5
900.993	69.5
901.205	69.5
901.418	69.5
901.631	69.5
901.844	69.5
902.056	69.5
902.269	69.5
902.482	69.5
902.695	69.4
902.908	69.4
903.121	69.4
903.334	69.4
903.547	69.4
903.76	69.4
903.973	69.4
904.186	69.4
904.399	69.4
904.612	69.4
904.825	69.4
905.038	69.4
905.251	69.4
905.465	69.4
905.678	69.4
905.891	69.4
906.104	69.4
906.318	69.3
906.531	69.3
906.744	69.3
906.958	69.3
907.171	69.3
907.384	69.3
907.598	69.4
907.811	69.4
908.025	69.4
908.238	69.4
908.452	69.3
908.665	69.4
908.879	69.4
909.093	69.4
909.306	69.4
909.52	69.4
909.734	69.4
909.947	69.3
910.161	69.3
910.375	69.3
910.589	69.3
910.803	69.3
911.016	69.3
911.23	69.3
911.444	69.4
911.658	69.4
911.872	69.4
912.086	69.4
912.3	69.4
912.514	69.3
912.728	69.3
912.942	69.3
913.156	69.3
913.37	69.3
913.585	69.3
913.799	69.3
914.013	69.3
914.227	69.4
914.442	69.4
914.656	69.4
914.87	69.3
915.084	69.3
915.299	69.3
915.513	69.3
915.728	69.3
915.942	69.3
916.157	69.3
916.371	69.3
916.586	69.3
916.8	69.3
917.015	69.2
917.229	69.3
917.444	69.3
917.659	69.2
917.874	69.2
918.088	69.2
918.303	69.2
918.518	69.2
918.733	69.2
918.947	69.2
919.162	69.2
919.377	69.3
919.592	69.3
919.807	69.3
920.022	69.2
920.237	69.2
920.452	69.2
920.667	69.2
920.882	69.2
921.097	69.2
921.313	69.2
921.528	69.3
921.743	69.3
921.958	69.2
922.174	69.2
922.389	69.2
922.604	69.2
922.82	69.2
923.035	69.2
923.25	69.2
923.466	69.2
923.681	69.2
923.897	69.1
924.112	69.2
924.328	69.2
924.544	69.2
924.759	69.1
924.975	69.2
925.19	69.2
925.406	69.3
925.622	69.3
925.838	69.3
926.054	69.3
926.269	69.3
926.485	69.3
926.701	69.3
926.917	69.3
927.133	69.3
927.349	69.3
927.565	69.3
927.781	69.4
927.997	69.4
928.213	69.4
928.429	69.4
928.646	69.4
928.862	69.4
929.078	69.5
929.294	69.5
929.511	69.5
929.727	69.5
929.943	69.5
930.16	69.6
930.376	69.6
930.592	69.6
930.809	69.6
931.025	69.7
931.242	69.6
931.459	69.7
931.675	69.7
931.892	69.8
932.108	69.8
932.325	69.9
932.542	69.9
932.759	69.9
932.975	69.9
933.192	69.9
933.409	69.9
933.626	69.9
933.843	69.8
934.06	69.7
934.277	69.7
934.494	69.6
934.711	69.6
934.928	69.5
935.145	69.5
935.362	69.4
935.58	69.4
935.797	69.4
936.014	69.3
936.231	69.2
936.449	69
936.666	68.9
936.883	68.8
937.101	68.8
937.318	68.7
937.536	68.6
937.753	68.5
937.971	68.5
938.188	68.4
938.406	68.3
938.624	68.3
938.841	68.2
939.059	68.1
939.277	68
939.494	67.9
939.712	67.8
939.93	67.8
