360.161	8.9
360.333	8.8
360.504	8.8
360.676	8.7
360.847	8.6
361.019	8.6
361.19	8.7
361.361	8.7
361.533	8.7
361.704	8.6
361.876	8.5
362.047	8.5
362.219	8.5
362.391	8.6
362.562	8.6
362.734	8.5
362.905	8.5
363.077	8.5
363.248	8.4
363.42	8.4
363.592	8.4
363.763	8.5
363.935	8.5
364.106	8.5
364.278	8.5
364.45	8.5
364.621	8.4
364.793	8.4
364.965	8.4
365.137	8.4
365.308	8.4
365.48	8.3
365.652	8.3
365.824	8.3
365.995	8.2
366.167	8.1
366.339	8.1
366.511	8.1
366.683	8
366.854	8
367.026	7.9
367.198	7.9
367.37	7.8
367.542	7.8
367.714	7.8
367.886	7.8
368.058	7.8
368.23	7.8
368.402	7.7
368.574	7.7
368.746	7.7
368.918	7.7
369.09	7.7
369.262	7.7
369.434	7.6
369.606	7.5
369.778	7.5
369.95	7.5
370.122	7.4
370.294	7.4
370.467	7.4
370.639	7.4
370.811	7.4
370.983	7.4
371.155	7.4
371.328	7.3
371.5	7.4
371.672	7.4
371.844	7.4
372.017	7.4
372.189	7.3
372.361	7.3
372.534	7.3
372.706	7.2
372.878	7.2
373.051	7.2
373.223	7.2
373.396	7.2
373.568	7.1
373.741	7.1
373.913	7.1
374.086	7.1
374.258	7.1
374.431	7.1
374.603	7.1
374.776	7.1
374.949	7
375.121	7
375.294	7
375.467	7
375.639	7
375.812	7
375.985	7
376.157	6.9
376.33	6.9
376.503	6.9
376.676	6.9
376.849	6.9
377.021	6.9
377.194	6.9
377.367	6.9
377.54	6.9
377.713	6.9
377.886	6.8
378.059	6.8
378.232	6.8
378.405	6.8
378.578	6.8
378.751	6.8
378.924	6.8
379.097	6.8
379.27	6.8
379.444	6.8
379.617	6.8
379.79	6.8
379.963	6.8
380.136	6.8
380.31	6.8
380.483	6.8
380.656	6.8
380.829	6.8
381.003	6.7
381.176	6.7
381.35	6.7
381.523	6.7
381.696	6.7
381.87	6.7
382.043	6.7
382.217	6.7
382.39	6.7
382.564	6.7
382.738	6.7
382.911	6.7
383.085	6.7
383.258	6.7
383.432	6.7
383.606	6.7
383.779	6.7
383.953	6.8
384.127	6.7
384.301	6.7
384.475	6.7
384.648	6.7
384.822	6.7
384.996	6.7
385.17	6.7
385.344	6.7
385.518	6.7
385.692	6.7
385.866	6.7
386.04	6.7
386.214	6.7
386.388	6.7
386.562	6.7
386.737	6.7
386.911	6.7
387.085	6.7
387.259	6.8
387.434	6.8
387.608	6.8
387.782	6.8
387.956	6.9
388.131	6.9
388.305	6.9
388.48	6.9
388.654	7
388.829	7
389.003	7
389.178	7
389.352	7
389.527	7
389.701	7.1
389.876	7.1
390.051	7.1
390.226	7.1
390.4	7.2
390.575	7.2
390.75	7.2
390.925	7.2
391.099	7.2
391.274	7.3
391.449	7.3
391.624	7.3
391.799	7.3
391.974	7.4
392.149	7.4
392.324	7.4
392.499	7.4
392.675	7.4
392.85	7.4
393.025	7.5
393.2	7.5
393.375	7.5
393.551	7.5
393.726	7.6
393.901	7.6
394.077	7.6
394.252	7.6
394.427	7.6
394.603	7.6
394.778	7.6
394.954	7.6
395.129	7.7
395.305	7.7
395.481	7.7
395.656	7.8
395.832	7.8
396.008	7.8
396.184	7.8
396.359	7.8
396.535	7.8
396.711	7.8
396.887	7.9
397.063	7.9
397.239	7.9
397.415	7.9
397.591	8
397.767	8
397.943	8
398.119	8
398.295	8
398.471	8
398.648	8
398.824	8.1
399	8.1
399.176	8.1
399.353	8.2
399.529	8.2
399.706	8.2
399.882	8.3
400.058	8.3
400.235	8.3
400.412	8.3
400.588	8.3
400.765	8.4
400.942	8.4
401.118	8.4
401.295	8.5
401.472	8.5
401.649	8.5
401.825	8.5
402.002	8.6
402.179	8.6
402.356	8.6
402.533	8.6
402.71	8.6
402.887	8.6
403.064	8.7
403.242	8.7
403.419	8.7
403.596	8.8
403.773	8.8
403.95	8.8
404.128	8.8
404.305	8.9
404.483	8.9
404.66	8.9
404.837	9
405.015	9
405.193	9
405.37	9
405.548	9.1
405.725	9.1
405.903	9.1
406.081	9.1
406.259	9.1
406.437	9.2
406.614	9.2
406.792	9.2
406.97	9.2
407.148	9.3
407.326	9.3
407.504	9.3
407.682	9.3
407.86	9.4
408.039	9.4
408.217	9.4
408.395	9.4
408.573	9.5
408.751	9.5
408.93	9.5
409.108	9.5
409.287	9.6
409.465	9.6
409.643	9.6
409.822	9.6
410	9.7
410.179	9.7
410.358	9.7
410.536	9.7
410.715	9.7
410.894	9.8
411.072	9.8
411.251	9.8
411.43	9.8
411.609	9.8
411.788	9.9
411.967	9.9
412.146	9.9
412.325	9.9
412.504	9.9
412.683	10
412.862	10
413.041	10
413.22	10.1
413.399	10.1
413.578	10.1
413.758	10.1
413.937	10.2
414.116	10.2
414.296	10.2
414.475	10.2
414.654	10.3
414.834	10.3
415.013	10.3
415.193	10.3
415.372	10.3
415.552	10.4
415.732	10.4
415.911	10.4
416.091	10.4
416.271	10.4
416.45	10.5
416.63	10.5
416.81	10.5
416.99	10.5
417.169	10.6
417.349	10.6
417.529	10.6
417.709	10.6
417.889	10.6
418.069	10.7
418.249	10.7
418.429	10.7
418.609	10.7
418.789	10.7
418.97	10.8
419.15	10.8
419.33	10.8
419.51	10.8
419.691	10.8
419.871	10.9
420.051	10.9
420.232	10.9
420.412	10.9
420.592	10.9
420.773	10.9
420.953	11
421.134	11
421.314	11
421.495	11
421.675	11
421.856	11
422.037	11
422.217	11.1
422.398	11.1
422.579	11.1
422.76	11.1
422.94	11.1
423.121	11.1
423.302	11.1
423.483	11.2
423.664	11.2
423.845	11.2
424.026	11.2
424.207	11.2
424.388	11.2
424.569	11.3
424.75	11.3
424.931	11.3
425.112	11.3
425.293	11.3
425.474	11.4
425.655	11.4
425.837	11.4
426.018	11.4
426.199	11.4
426.38	11.4
426.562	11.4
426.743	11.4
426.924	11.5
427.106	11.5
427.287	11.5
427.469	11.5
427.65	11.5
427.832	11.5
428.013	11.6
428.195	11.6
428.376	11.6
428.558	11.6
428.739	11.6
428.921	11.6
429.103	11.6
429.284	11.6
429.466	11.7
429.648	11.7
429.83	11.7
430.011	11.7
430.193	11.7
430.375	11.8
430.557	11.8
430.739	11.8
430.921	11.8
431.102	11.8
431.284	11.9
431.466	11.9
431.648	11.9
431.83	11.9
432.012	11.9
432.194	11.9
432.377	11.9
432.559	11.9
432.741	12
432.923	12
433.105	12
433.287	12
433.469	12
433.652	12
433.834	12
434.016	12.1
434.198	12.1
434.381	12.1
434.563	12.1
434.745	12.1
434.928	12.1
435.11	12.1
435.293	12.2
435.475	12.2
435.658	12.2
435.84	12.2
436.022	12.2
436.205	12.2
436.388	12.3
436.57	12.3
436.753	12.3
436.935	12.3
437.118	12.3
437.301	12.3
437.483	12.3
437.666	12.4
437.849	12.4
438.031	12.4
438.214	12.4
438.397	12.4
438.58	12.4
438.762	12.4
438.945	12.4
439.128	12.5
439.311	12.5
439.494	12.5
439.677	12.5
439.859	12.5
440.042	12.6
440.225	12.6
440.408	12.6
440.591	12.6
440.774	12.6
440.957	12.6
441.14	12.6
441.323	12.6
441.507	12.7
441.69	12.7
441.873	12.7
442.056	12.7
442.239	12.7
442.422	12.7
442.605	12.7
442.789	12.8
442.972	12.8
443.155	12.8
443.338	12.8
443.522	12.8
443.705	12.8
443.888	12.8
444.072	12.8
444.255	12.9
444.438	12.9
444.622	12.9
444.805	12.9
444.989	12.9
445.172	12.9
445.356	12.9
445.539	13
445.723	13
445.906	13
446.09	13
446.273	13
446.457	13
446.64	13
446.824	13.1
447.008	13.1
447.191	13.1
447.375	13.1
447.559	13.1
447.742	13.1
447.926	13.2
448.11	13.2
448.293	13.2
448.477	13.2
448.661	13.2
448.845	13.2
449.029	13.3
449.212	13.3
449.396	13.3
449.58	13.3
449.764	13.3
449.948	13.3
450.132	13.3
450.316	13.4
450.5	13.4
450.684	13.4
450.868	13.4
451.052	13.4
451.236	13.4
451.42	13.5
451.604	13.5
451.788	13.5
451.972	13.5
452.156	13.5
452.34	13.5
452.525	13.6
452.709	13.6
452.893	13.6
453.077	13.6
453.261	13.6
453.446	13.6
453.63	13.6
453.814	13.6
453.998	13.7
454.183	13.7
454.367	13.7
454.551	13.7
454.736	13.7
454.92	13.8
455.104	13.8
455.289	13.8
455.473	13.8
455.658	13.8
455.842	13.8
456.026	13.9
456.211	13.9
456.395	13.9
456.58	13.9
456.764	13.9
456.949	14
457.134	14
457.318	14
457.503	14
457.687	14
457.872	14
458.057	14.1
458.241	14.1
458.426	14.1
458.611	14.1
458.795	14.1
458.98	14.2
459.165	14.2
459.349	14.2
459.534	14.2
459.719	14.2
459.904	14.3
460.088	14.3
460.273	14.3
460.458	14.3
460.643	14.3
460.828	14.4
461.013	14.4
461.198	14.4
461.382	14.4
461.567	14.4
461.752	14.4
461.937	14.5
462.122	14.5
462.307	14.5
462.492	14.5
462.677	14.5
462.862	14.5
463.047	14.6
463.232	14.6
463.417	14.6
463.602	14.6
463.788	14.6
463.973	14.6
464.158	14.7
464.343	14.7
464.528	14.7
464.713	14.7
464.898	14.7
465.084	14.7
465.269	14.8
465.454	14.8
465.639	14.8
465.824	14.8
466.01	14.8
466.195	14.8
466.38	14.9
466.566	14.9
466.751	14.9
466.936	14.9
467.122	14.9
467.307	15
467.492	15
467.678	15
467.863	15
468.048	15
468.234	15.1
468.419	15.1
468.605	15.1
468.79	15.1
468.976	15.1
469.161	15.2
469.347	15.2
469.532	15.2
469.718	15.2
469.903	15.2
470.089	15.3
470.274	15.3
470.46	15.3
470.646	15.3
470.831	15.3
471.017	15.4
471.202	15.4
471.388	15.4
471.574	15.4
471.759	15.5
471.945	15.5
472.131	15.5
472.317	15.5
472.502	15.5
472.688	15.6
472.874	15.6
473.059	15.6
473.245	15.6
473.431	15.6
473.617	15.7
473.803	15.7
473.988	15.7
474.174	15.7
474.36	15.7
474.546	15.7
474.732	15.8
474.918	15.8
475.104	15.8
475.29	15.8
475.475	15.8
475.661	15.9
475.847	15.9
476.033	15.9
476.219	15.9
476.405	15.9
476.591	15.9
476.777	16
476.963	16
477.149	16
477.335	16
477.521	16
477.707	16.1
477.893	16.1
478.08	16.1
478.266	16.1
478.452	16.1
478.638	16.1
478.824	16.1
479.01	16.2
479.196	16.2
479.382	16.2
479.569	16.2
479.755	16.2
479.941	16.2
480.127	16.3
480.313	16.3
480.5	16.3
480.686	16.3
480.872	16.3
481.058	16.3
481.245	16.4
481.431	16.4
481.617	16.4
481.803	16.4
481.99	16.4
482.176	16.5
482.362	16.5
482.549	16.5
482.735	16.5
482.921	16.5
483.108	16.5
483.294	16.6
483.481	16.6
483.667	16.6
483.853	16.6
484.04	16.6
484.226	16.7
484.413	16.7
484.599	16.7
484.786	16.7
484.972	16.7
485.159	16.7
485.345	16.8
485.532	16.8
485.718	16.8
485.905	16.8
486.091	16.8
486.278	16.8
486.464	16.9
486.651	16.9
486.837	16.9
487.024	16.9
487.211	16.9
487.397	16.9
487.584	17
487.77	17
487.957	17
488.144	17
488.33	17
488.517	17
488.704	17.1
488.89	17.1
489.077	17.1
489.264	17.1
489.45	17.1
489.637	17.1
489.824	17.1
490.01	17.1
490.197	17.2
490.384	17.2
490.571	17.2
490.757	17.2
490.944	17.2
491.131	17.2
491.318	17.2
491.505	17.3
491.691	17.3
491.878	17.3
492.065	17.3
492.252	17.3
492.439	17.3
492.626	17.3
492.812	17.3
492.999	17.4
493.186	17.4
493.373	17.4
493.56	17.4
493.747	17.4
493.934	17.4
494.121	17.4
494.308	17.4
494.494	17.5
494.681	17.5
494.868	17.5
495.055	17.5
495.242	17.5
495.429	17.5
495.616	17.6
495.803	17.6
495.99	17.6
496.177	17.6
496.364	17.6
496.551	17.6
496.738	17.6
496.925	17.6
497.112	17.7
497.299	17.7
497.486	17.7
497.673	17.7
497.861	17.7
498.048	17.8
498.235	17.8
498.422	17.8
498.609	17.8
498.796	17.8
498.983	17.8
499.17	17.8
499.357	17.8
499.544	17.9
499.732	17.9
499.919	17.9
500.106	17.9
500.293	17.9
500.48	17.9
500.667	17.9
500.855	18
501.042	18
501.229	18
501.416	18
501.603	18
501.791	18
501.978	18
502.165	18
502.352	18.1
502.54	18.1
502.727	18.1
502.914	18.1
503.101	18.1
503.289	18.1
503.476	18.1
503.663	18.2
503.85	18.2
504.038	18.2
504.225	18.2
504.412	18.2
504.6	18.2
504.787	18.2
504.974	18.2
505.161	18.3
505.349	18.3
505.536	18.3
505.723	18.3
505.911	18.3
506.098	18.3
506.286	18.3
506.473	18.3
506.66	18.3
506.848	18.4
507.035	18.4
507.222	18.4
507.41	18.4
507.597	18.4
507.785	18.4
507.972	18.4
508.159	18.4
508.347	18.5
508.534	18.5
508.722	18.5
508.909	18.5
509.097	18.5
509.284	18.5
509.471	18.5
509.659	18.5
509.846	18.6
510.034	18.6
510.221	18.6
510.409	18.6
510.596	18.6
510.784	18.6
510.971	18.6
511.159	18.6
511.346	18.6
511.534	18.7
511.721	18.7
511.909	18.7
512.096	18.7
512.284	18.7
512.471	18.7
512.659	18.7
512.846	18.7
513.034	18.7
513.221	18.7
513.409	18.8
513.596	18.8
513.784	18.8
513.972	18.8
514.159	18.8
514.347	18.8
514.534	18.8
514.722	18.8
514.909	18.8
515.097	18.8
515.285	18.8
515.472	18.9
515.66	18.9
515.847	18.9
516.035	18.9
516.222	18.9
516.41	18.9
516.598	18.9
516.785	18.9
516.973	18.9
517.161	18.9
517.348	18.9
517.536	19
517.723	19
517.911	19
518.099	19
518.286	19
518.474	19
518.662	19
518.849	19
519.037	19
519.225	19
519.412	19
519.6	19
519.787	19
519.975	19.1
520.163	19.1
520.35	19.1
520.538	19.1
520.726	19.1
520.914	19.1
521.101	19.1
521.289	19.1
521.477	19.1
521.664	19.1
521.852	19.1
522.04	19.1
522.227	19.1
522.415	19.1
522.603	19.1
522.79	19.1
522.978	19.2
523.166	19.2
523.354	19.2
523.541	19.2
523.729	19.2
523.917	19.2
524.104	19.2
524.292	19.2
524.48	19.2
524.668	19.2
524.855	19.2
525.043	19.2
525.231	19.2
525.418	19.2
525.606	19.2
525.794	19.2
525.982	19.2
526.169	19.2
526.357	19.2
526.545	19.2
526.733	19.2
526.92	19.2
527.108	19.3
527.296	19.3
527.484	19.3
527.671	19.3
527.859	19.3
528.047	19.3
528.235	19.3
528.422	19.3
528.61	19.3
528.798	19.3
528.986	19.3
529.173	19.3
529.361	19.3
529.549	19.3
529.737	19.3
529.924	19.3
530.112	19.3
530.3	19.3
530.488	19.3
530.675	19.3
530.863	19.3
531.051	19.3
531.239	19.3
531.426	19.3
531.614	19.3
531.802	19.3
531.99	19.3
532.177	19.3
532.365	19.3
532.553	19.3
532.741	19.3
532.928	19.3
533.116	19.3
533.304	19.3
533.492	19.3
533.679	19.3
533.867	19.3
534.055	19.3
534.243	19.3
534.431	19.3
534.618	19.3
534.806	19.3
534.994	19.3
535.182	19.3
535.369	19.3
535.557	19.3
535.745	19.3
535.933	19.3
536.12	19.3
536.308	19.3
536.496	19.2
536.684	19.2
536.871	19.2
537.059	19.2
537.247	19.2
537.435	19.2
537.622	19.2
537.81	19.2
537.998	19.2
538.186	19.2
538.373	19.2
538.561	19.2
538.749	19.2
538.937	19.2
539.124	19.2
539.312	19.2
539.5	19.2
539.688	19.2
539.875	19.2
540.063	19.2
540.251	19.2
540.439	19.1
540.626	19.1
540.814	19.1
541.002	19.1
541.19	19.1
541.377	19.1
541.565	19.1
541.753	19.1
541.941	19.1
542.128	19.1
542.316	19.1
542.504	19.1
542.691	19.1
542.879	19
543.067	19
543.255	19
543.442	19
543.63	19
543.818	19
544.005	19
544.193	19
544.381	19
544.568	19
544.756	18.9
544.944	18.9
545.132	18.9
545.319	18.9
545.507	18.9
545.695	18.9
545.882	18.9
546.07	18.9
546.258	18.9
546.445	18.9
546.633	18.8
546.821	18.8
547.008	18.8
547.196	18.8
547.384	18.8
547.571	18.8
547.759	18.8
547.947	18.8
548.134	18.7
548.322	18.7
548.51	18.7
548.697	18.7
548.885	18.7
549.073	18.7
549.26	18.7
549.448	18.6
549.636	18.6
549.823	18.6
550.011	18.6
550.199	18.6
550.386	18.6
550.574	18.5
550.762	18.5
550.949	18.5
551.137	18.5
551.325	18.5
551.512	18.5
551.7	18.5
551.888	18.5
552.075	18.4
552.263	18.4
552.451	18.4
552.639	18.4
552.826	18.4
553.014	18.4
553.202	18.3
553.389	18.3
553.577	18.3
553.765	18.3
553.953	18.3
554.14	18.3
554.328	18.2
554.516	18.2
554.704	18.2
554.891	18.2
555.079	18.2
555.267	18.1
555.455	18.1
555.643	18.1
555.83	18.1
556.018	18.1
556.206	18.1
556.394	18
556.582	18
556.77	18
556.957	18
557.145	18
557.333	17.9
557.521	17.9
557.709	17.9
557.897	17.9
558.085	17.9
558.273	17.9
558.461	17.9
558.649	17.8
558.837	17.8
559.025	17.8
559.213	17.8
559.4	17.7
559.588	17.7
559.777	17.7
559.965	17.7
560.153	17.6
560.341	17.6
560.529	17.6
560.717	17.6
560.905	17.6
561.093	17.5
561.281	17.5
561.469	17.5
561.657	17.5
561.845	17.4
562.034	17.4
562.222	17.4
562.41	17.4
562.598	17.4
562.786	17.3
562.975	17.3
563.163	17.3
563.351	17.3
563.539	17.2
563.728	17.2
563.916	17.2
564.104	17.1
564.293	17.1
564.481	17.1
564.67	17.1
564.858	17
565.046	17
565.235	17
565.423	17
565.612	16.9
565.8	16.9
565.989	16.9
566.177	16.9
566.366	16.8
566.554	16.8
566.743	16.8
566.932	16.8
567.12	16.7
567.309	16.7
567.497	16.7
567.686	16.6
567.875	16.6
568.064	16.6
568.252	16.6
568.441	16.5
568.63	16.5
568.819	16.5
569.007	16.5
569.196	16.4
569.385	16.4
569.574	16.4
569.763	16.3
569.952	16.3
570.141	16.3
570.33	16.2
570.519	16.2
570.708	16.2
570.897	16.2
571.086	16.1
571.275	16.1
571.464	16.1
571.653	16
571.843	16
572.032	16
572.221	16
572.41	15.9
572.599	15.9
572.789	15.9
572.978	15.8
573.167	15.8
573.357	15.8
573.546	15.7
573.736	15.7
573.925	15.7
574.115	15.7
574.304	15.6
574.494	15.6
574.683	15.6
574.873	15.5
575.062	15.5
575.252	15.5
575.442	15.4
575.631	15.4
575.821	15.4
576.011	15.4
576.201	15.3
576.39	15.3
576.58	15.3
576.77	15.2
576.96	15.2
577.15	15.2
577.34	15.1
577.53	15.1
577.72	15.1
577.91	15.1
578.1	15
578.29	15
578.48	15
578.67	14.9
578.861	14.9
579.051	14.9
579.241	14.8
579.431	14.8
579.622	14.8
579.812	14.7
580.002	14.7
580.193	14.7
580.383	14.7
580.574	14.6
580.764	14.6
580.955	14.6
581.145	14.5
581.336	14.5
581.526	14.5
581.717	14.5
581.908	14.4
582.098	14.4
582.289	14.4
582.48	14.3
582.671	14.3
582.862	14.3
583.052	14.3
583.243	14.2
583.434	14.2
583.625	14.2
583.816	14.1
584.007	14.1
584.198	14.1
584.389	14
584.58	14
584.771	14
584.962	14
585.154	13.9
585.345	13.9
585.536	13.9
585.727	13.8
585.918	13.8
586.11	13.8
586.301	13.8
586.492	13.7
586.684	13.7
586.875	13.7
587.067	13.7
587.258	13.6
587.45	13.6
587.641	13.6
587.833	13.5
588.024	13.5
588.216	13.5
588.408	13.5
588.599	13.4
588.791	13.4
588.983	13.4
589.174	13.4
589.366	13.3
589.558	13.3
589.75	13.3
589.942	13.2
590.134	13.2
590.326	13.2
590.518	13.2
590.71	13.1
590.902	13.1
591.094	13.1
591.286	13
591.478	13
591.67	13
591.862	13
592.054	12.9
592.246	12.9
592.439	12.9
592.631	12.8
592.823	12.8
593.016	12.8
593.208	12.8
593.4	12.7
593.593	12.7
593.785	12.7
593.978	12.7
594.17	12.6
594.363	12.6
594.555	12.6
594.748	12.6
594.94	12.5
595.133	12.5
595.326	12.5
595.518	12.4
595.711	12.4
595.904	12.4
596.096	12.3
596.289	12.3
596.482	12.3
596.675	12.3
596.868	12.2
597.061	12.2
597.254	12.2
597.447	12.2
597.64	12.1
597.833	12.1
598.026	12.1
598.219	12.1
598.412	12
598.605	12
598.798	12
598.991	11.9
599.184	11.9
599.378	11.9
599.571	11.9
599.764	11.8
599.957	11.8
600.151	11.8
600.344	11.8
600.538	11.7
600.731	11.7
600.924	11.7
601.118	11.7
601.311	11.6
601.505	11.6
601.698	11.6
601.892	11.6
602.086	11.5
602.279	11.5
602.473	11.5
602.667	11.5
602.86	11.4
603.054	11.4
603.248	11.4
603.442	11.4
603.635	11.3
603.829	11.3
604.023	11.3
604.217	11.3
604.411	11.2
604.605	11.2
604.799	11.2
604.993	11.2
605.187	11.1
605.381	11.1
605.575	11.1
605.769	11.1
605.963	11
606.157	11
606.352	11
606.546	11
606.74	10.9
606.934	10.9
607.129	10.9
607.323	10.9
607.517	10.8
607.712	10.8
607.906	10.8
608.1	10.8
608.295	10.7
608.489	10.7
608.684	10.7
608.878	10.7
609.073	10.6
609.267	10.6
609.462	10.6
609.657	10.6
609.851	10.6
610.046	10.5
610.241	10.5
610.435	10.5
610.63	10.5
610.825	10.4
611.02	10.4
611.215	10.4
611.41	10.4
611.604	10.4
611.799	10.3
611.994	10.3
612.189	10.3
612.384	10.3
612.579	10.2
612.774	10.2
612.969	10.2
613.164	10.2
613.359	10.2
613.555	10.1
613.75	10.1
613.945	10.1
614.14	10.1
614.335	10.1
614.531	10
614.726	10
614.921	10
615.117	10
615.312	10
615.507	9.9
615.703	9.9
615.898	9.9
616.094	9.9
616.289	9.9
616.485	9.8
616.68	9.8
616.876	9.8
617.071	9.8
617.267	9.8
617.463	9.7
617.658	9.7
617.854	9.7
618.05	9.7
618.245	9.7
618.441	9.6
618.637	9.6
618.833	9.6
619.029	9.6
619.225	9.5
619.42	9.5
619.616	9.5
619.812	9.5
620.008	9.5
620.204	9.4
620.4	9.4
620.596	9.4
620.792	9.4
620.988	9.4
621.184	9.3
621.381	9.3
621.577	9.3
621.773	9.3
621.969	9.3
622.165	9.2
622.362	9.2
622.558	9.2
622.754	9.2
622.951	9.2
623.147	9.1
623.343	9.1
623.54	9.1
623.736	9.1
623.933	9.1
624.129	9
624.326	9
624.522	9
624.719	9
624.915	9
625.112	9
625.308	8.9
625.505	8.9
625.702	8.9
625.898	8.9
626.095	8.9
626.292	8.8
626.489	8.8
626.685	8.8
626.882	8.8
627.079	8.8
627.276	8.8
627.473	8.7
627.67	8.7
627.866	8.7
628.063	8.7
628.26	8.7
628.457	8.7
628.654	8.7
628.851	8.6
629.048	8.6
629.246	8.6
629.443	8.6
629.64	8.6
629.837	8.6
630.034	8.5
630.231	8.5
630.429	8.5
630.626	8.5
630.823	8.5
631.02	8.5
631.218	8.5
631.415	8.4
631.612	8.4
631.81	8.4
632.007	8.4
632.205	8.4
632.402	8.4
632.6	8.4
632.797	8.3
632.995	8.3
633.192	8.3
633.39	8.3
633.587	8.3
633.785	8.3
633.983	8.2
634.18	8.2
634.378	8.2
634.576	8.2
634.773	8.2
634.971	8.2
635.169	8.2
635.367	8.1
635.565	8.1
635.762	8.1
635.96	8.1
636.158	8.1
636.356	8.1
636.554	8
636.752	8
636.95	8
637.148	8
637.346	8
637.544	8
637.742	8
637.94	8
638.138	7.9
638.337	7.9
638.535	7.9
638.733	7.9
638.931	7.9
639.129	7.9
639.328	7.9
639.526	7.9
639.724	7.8
639.922	7.8
640.121	7.8
640.319	7.8
640.518	7.8
640.716	7.8
640.914	7.8
641.113	7.7
641.311	7.7
641.51	7.7
641.708	7.7
641.907	7.7
642.105	7.7
642.304	7.7
642.503	7.7
642.701	7.7
642.9	7.6
643.098	7.6
643.297	7.6
643.496	7.6
643.695	7.6
643.893	7.6
644.092	7.6
644.291	7.6
644.49	7.6
644.689	7.5
644.887	7.5
645.086	7.5
645.285	7.5
645.484	7.5
645.683	7.5
645.882	7.5
646.081	7.5
646.28	7.4
646.479	7.4
646.678	7.4
646.877	7.4
647.076	7.4
647.276	7.4
647.475	7.4
647.674	7.4
647.873	7.4
648.072	7.3
648.271	7.3
648.471	7.3
648.67	7.3
648.869	7.3
649.069	7.3
649.268	7.3
649.467	7.3
649.667	7.3
649.866	7.2
650.065	7.2
650.265	7.2
650.464	7.2
650.664	7.2
650.863	7.2
651.063	7.2
651.262	7.2
651.462	7.2
651.662	7.2
651.861	7.1
652.061	7.1
652.26	7.1
652.46	7.1
652.66	7.1
652.859	7.1
653.059	7.1
653.259	7.1
653.459	7.1
653.658	7.1
653.858	7.1
654.058	7
654.258	7
654.458	7
654.658	7
654.858	7
655.058	7
655.258	7
655.457	7
655.657	7
655.857	7
656.058	7
656.258	6.9
656.458	6.9
656.658	6.9
656.858	6.9
657.058	6.9
657.258	6.9
657.458	6.9
657.659	6.9
657.859	6.9
658.059	6.9
658.259	6.9
658.459	6.9
658.66	6.8
658.86	6.8
659.06	6.8
659.261	6.8
659.461	6.8
659.662	6.8
659.862	6.8
660.062	6.8
660.263	6.8
660.463	6.8
660.664	6.8
660.864	6.7
661.065	6.7
661.265	6.7
661.466	6.7
661.667	6.7
661.867	6.7
662.068	6.7
662.268	6.7
662.469	6.7
662.67	6.7
662.87	6.7
663.071	6.6
663.272	6.6
663.473	6.6
663.674	6.6
663.874	6.6
664.075	6.6
664.276	6.6
664.477	6.6
664.678	6.6
664.879	6.6
665.08	6.6
665.28	6.6
665.481	6.6
665.682	6.5
665.883	6.5
666.084	6.5
666.285	6.5
666.486	6.5
666.688	6.5
666.889	6.5
667.09	6.5
667.291	6.5
667.492	6.5
667.693	6.5
667.894	6.5
668.096	6.4
668.297	6.4
668.498	6.4
668.699	6.4
668.901	6.4
669.102	6.4
669.303	6.4
669.505	6.4
669.706	6.4
669.907	6.4
670.109	6.4
670.31	6.4
670.511	6.4
670.713	6.3
670.914	6.3
671.116	6.3
671.317	6.3
671.519	6.3
671.72	6.3
671.922	6.3
672.124	6.3
672.325	6.3
672.527	6.3
672.728	6.3
672.93	6.3
673.132	6.3
673.333	6.3
673.535	6.3
673.737	6.2
673.939	6.2
674.14	6.2
674.342	6.2
674.544	6.2
674.746	6.2
674.948	6.2
675.149	6.2
675.351	6.2
675.553	6.2
675.755	6.2
675.957	6.2
676.159	6.2
676.361	6.2
676.563	6.2
676.765	6.2
676.967	6.2
677.169	6.1
677.371	6.1
677.573	6.1
677.775	6.1
677.977	6.1
678.179	6.1
678.381	6.1
678.583	6.1
678.786	6.1
678.988	6.1
679.19	6.1
679.392	6.1
679.594	6.1
679.797	6.1
679.999	6.1
680.201	6.1
680.404	6
680.606	6
680.808	6
681.011	6
681.213	6
681.415	6
681.618	6
681.82	6
682.023	6
682.225	6
682.428	6
682.63	6
682.833	6
683.035	6
683.238	6
683.44	6
683.643	6
683.845	6
684.048	5.9
684.251	5.9
684.453	5.9
684.656	5.9
684.859	5.9
685.061	5.9
685.264	5.9
685.467	5.9
685.67	5.9
685.872	5.9
686.075	5.9
686.278	5.9
686.481	5.9
686.684	5.9
686.886	5.9
687.089	5.9
687.292	5.9
687.495	5.9
687.698	5.9
687.901	5.9
688.104	5.8
688.307	5.8
688.51	5.8
688.713	5.8
688.916	5.8
689.119	5.8
689.322	5.8
689.525	5.8
689.728	5.8
689.931	5.8
690.134	5.8
690.337	5.8
690.54	5.8
690.744	5.8
690.947	5.8
691.15	5.8
691.353	5.8
691.556	5.8
691.76	5.8
691.963	5.8
692.166	5.7
692.37	5.7
692.573	5.7
692.776	5.7
692.979	5.7
693.183	5.7
693.386	5.7
693.59	5.7
693.793	5.7
693.996	5.7
694.2	5.7
694.403	5.7
694.607	5.7
694.81	5.7
695.014	5.7
695.217	5.7
695.421	5.7
695.624	5.7
695.828	5.7
696.031	5.7
696.235	5.7
696.439	5.7
696.642	5.7
696.846	5.6
697.049	5.6
697.253	5.6
697.457	5.6
697.661	5.6
697.864	5.6
698.068	5.6
698.272	5.6
698.475	5.6
698.679	5.6
698.883	5.6
699.087	5.6
699.291	5.6
699.494	5.6
699.698	5.6
699.902	5.6
700.106	5.6
700.31	5.6
700.514	5.6
700.718	5.6
700.922	5.6
701.126	5.6
701.33	5.6
701.534	5.6
701.738	5.6
701.942	5.6
702.146	5.6
702.35	5.6
702.554	5.6
702.758	5.6
702.962	5.6
703.166	5.5
703.37	5.5
703.574	5.5
703.778	5.5
703.983	5.5
704.187	5.5
704.391	5.5
704.595	5.5
704.799	5.5
705.004	5.5
705.208	5.5
705.412	5.5
705.616	5.5
705.821	5.5
706.025	5.5
706.229	5.5
706.434	5.5
706.638	5.5
706.842	5.5
707.047	5.5
707.251	5.5
707.455	5.5
707.66	5.5
707.864	5.5
708.069	5.5
708.273	5.5
708.478	5.5
708.682	5.4
708.887	5.4
709.091	5.4
709.296	5.4
709.5	5.4
709.705	5.4
709.909	5.4
710.114	5.4
710.319	5.4
710.523	5.4
710.728	5.4
710.932	5.4
711.137	5.4
711.342	5.4
711.546	5.4
711.751	5.4
711.956	5.4
712.161	5.4
712.365	5.4
712.57	5.4
712.775	5.4
712.98	5.4
713.184	5.4
713.389	5.4
713.594	5.3
713.799	5.3
714.004	5.3
714.209	5.3
714.413	5.3
714.618	5.3
714.823	5.3
715.028	5.3
715.233	5.3
715.438	5.3
715.643	5.3
715.848	5.3
716.053	5.3
716.258	5.3
716.463	5.3
716.668	5.3
716.873	5.3
717.078	5.3
717.283	5.3
717.488	5.3
717.693	5.3
717.898	5.3
718.103	5.3
718.308	5.3
718.514	5.3
718.719	5.3
718.924	5.3
719.129	5.3
719.334	5.3
719.539	5.3
719.745	5.3
719.95	5.3
720.155	5.3
720.36	5.3
720.566	5.3
720.771	5.3
720.976	5.2
721.182	5.2
721.387	5.2
721.592	5.2
721.798	5.2
722.003	5.2
722.208	5.2
722.414	5.2
722.619	5.2
722.824	5.2
723.03	5.2
723.235	5.2
723.441	5.2
723.646	5.2
723.852	5.2
724.057	5.2
724.263	5.2
724.468	5.2
724.674	5.2
724.879	5.2
725.085	5.2
725.29	5.2
725.496	5.2
725.701	5.2
725.907	5.2
726.112	5.2
726.318	5.2
726.524	5.2
726.729	5.2
726.935	5.2
727.141	5.2
727.346	5.2
727.552	5.2
727.758	5.2
727.963	5.2
728.169	5.2
728.375	5.2
728.581	5.2
728.786	5.2
728.992	5.1
729.198	5.1
729.404	5.2
729.609	5.2
729.815	5.2
730.021	5.2
730.227	5.1
730.433	5.1
730.639	5.1
730.844	5.1
731.05	5.1
731.256	5.1
731.462	5.1
731.668	5.1
731.874	5.1
732.08	5.1
732.286	5.1
732.492	5.1
732.698	5.1
732.904	5.1
733.11	5.1
733.316	5.1
733.522	5.1
733.728	5.1
733.934	5.1
734.14	5.1
734.346	5.1
734.552	5.1
734.758	5.1
734.964	5.1
735.17	5.1
735.376	5.1
735.583	5.1
735.789	5.1
735.995	5.1
736.201	5.1
736.407	5.1
736.613	5.1
736.819	5.1
737.026	5.1
737.232	5.1
737.438	5.1
737.644	5.1
737.851	5.1
738.057	5.1
738.263	5.1
738.469	5.1
738.676	5.1
738.882	5.1
739.088	5.1
739.295	5.1
739.501	5.1
739.707	5.1
739.914	5.1
740.12	5.1
740.326	5.1
740.533	5.1
740.739	5
740.946	5
741.152	5
741.358	5
741.565	5
741.771	5
741.978	5.1
742.184	5.1
742.391	5
742.597	5
742.804	5
743.01	5
743.217	5
743.423	5
743.63	5
743.836	5
744.043	5
744.249	5.1
744.456	5.1
744.663	5.1
744.869	5
745.076	5
745.282	5
745.489	5
745.696	5
745.902	5
746.109	5
746.316	5
746.522	5
746.729	5
746.936	5
747.142	5
747.349	5
747.556	5
747.762	5
747.969	5
748.176	5
748.383	5
748.589	5
748.796	5
749.003	5
749.21	5
749.417	5
749.623	5
749.83	5
750.037	5
750.244	5
750.451	5
750.658	5
750.865	5
751.071	5
751.278	5
751.485	5
751.692	5
751.899	5
752.106	5
752.313	5
752.52	5
752.727	5
752.934	5
753.141	5
753.348	5
753.555	5
753.762	5
753.969	5
754.176	5
754.383	5
754.59	5
754.797	5
755.004	5
755.211	5
755.418	5
755.625	5
755.832	5
756.039	5
756.246	4.9
756.453	4.9
756.66	4.9
756.868	4.9
757.075	4.9
757.282	4.9
757.489	4.9
757.696	4.9
757.903	4.9
758.111	4.9
758.318	4.9
758.525	4.9
758.732	4.9
758.939	4.9
759.147	4.9
759.354	4.9
759.561	4.9
759.768	4.9
759.976	4.9
760.183	4.9
760.39	4.9
760.597	4.9
760.805	4.9
761.012	4.9
761.219	4.9
761.426	4.9
761.634	4.9
761.841	4.9
762.048	4.9
762.256	4.9
762.463	4.9
762.67	4.9
762.878	4.9
763.085	4.9
763.293	4.9
763.5	4.9
763.707	4.9
763.915	4.9
764.122	4.9
764.33	4.9
764.537	4.9
764.744	4.9
764.952	4.9
765.159	4.9
765.367	4.9
765.574	4.9
765.782	4.9
765.989	4.9
766.197	4.9
766.404	4.9
766.612	4.9
766.819	4.9
767.027	4.9
767.234	4.9
767.442	4.9
767.649	4.9
767.857	4.9
768.064	4.9
768.272	4.9
768.479	4.9
768.687	4.9
768.895	4.9
769.102	4.9
769.31	4.9
769.517	4.9
769.725	4.9
769.933	4.9
770.14	4.9
770.348	4.9
770.555	4.9
770.763	4.9
770.971	4.9
771.178	4.9
771.386	4.9
771.594	4.9
771.801	4.9
772.009	4.9
772.217	4.9
772.424	4.9
772.632	4.9
772.84	4.9
773.047	4.9
773.255	4.9
773.463	4.9
773.671	4.9
773.878	4.9
774.086	4.9
774.294	4.9
774.502	4.9
774.709	4.9
774.917	4.9
775.125	4.9
775.333	4.9
775.54	4.9
775.748	4.9
775.956	4.9
776.164	4.9
776.371	4.9
776.579	4.9
776.787	4.9
776.995	4.9
777.203	4.9
777.41	4.9
777.618	4.9
777.826	4.9
778.034	4.9
778.242	4.9
778.45	4.9
778.657	4.9
778.865	4.9
779.073	4.9
779.281	4.9
779.489	4.9
779.697	4.9
779.905	4.9
780.112	4.9
780.32	4.9
780.528	4.9
780.736	4.9
780.944	4.9
781.152	4.9
781.36	4.9
781.568	4.9
781.776	4.9
781.984	4.9
782.191	4.9
782.399	4.9
782.607	4.9
782.815	4.9
783.023	4.9
783.231	4.9
783.439	4.9
783.647	4.9
783.855	4.9
784.063	4.9
784.271	4.9
784.479	4.9
784.687	4.9
784.895	4.9
785.103	4.9
785.311	4.9
785.519	4.9
785.727	4.9
785.935	4.9
786.143	4.9
786.351	4.9
786.559	4.9
786.767	4.9
786.975	4.9
787.183	4.9
787.391	4.9
787.599	4.9
787.807	4.9
788.015	4.9
788.223	4.9
788.431	4.9
788.639	4.9
788.847	4.9
789.055	4.9
789.263	4.9
789.471	4.9
789.679	4.9
789.887	4.9
790.095	4.9
790.303	4.9
790.511	4.9
790.719	4.9
790.927	4.9
791.135	4.9
791.343	4.9
791.551	4.9
791.76	4.9
791.968	4.9
792.176	4.9
792.384	4.9
792.592	4.9
792.8	4.9
793.008	4.9
793.216	4.9
793.424	4.9
793.632	4.9
793.84	4.9
794.048	4.9
794.256	4.9
794.465	4.9
794.673	4.9
794.881	4.9
795.089	4.9
795.297	4.9
795.505	4.9
795.713	4.9
795.921	4.9
796.129	4.9
796.337	4.9
796.546	4.9
796.754	4.9
796.962	4.9
797.17	4.9
797.378	4.9
797.586	4.9
797.794	4.9
798.002	4.9
798.21	4.9
798.419	4.9
798.627	4.9
798.835	4.9
799.043	4.9
799.251	4.9
799.459	4.9
799.667	4.9
799.875	4.9
800.083	4.9
800.292	4.9
800.5	4.9
800.708	4.9
800.916	4.9
801.124	4.9
801.332	4.9
801.54	4.9
801.748	4.9
801.957	4.9
802.165	4.9
802.373	4.9
802.581	4.9
802.789	4.9
802.997	4.9
803.205	5
803.414	5
803.622	5
803.83	5
804.038	5
804.246	5
804.454	5
804.662	5
804.87	5
805.079	5
805.287	5
805.495	5
805.703	5
805.911	5
806.119	4.9
806.327	5
806.535	4.9
806.743	5
806.952	5
807.16	5
807.368	5
807.576	5
807.784	5
807.992	5
808.2	5
808.408	5
808.617	5
808.825	5
809.033	5
809.241	5
809.449	5
809.657	5
809.865	5
810.073	5
810.281	5
810.49	5
810.698	5
810.906	5
811.114	5
811.322	5
811.53	5
811.738	5
811.946	5
812.154	5
812.362	5
812.57	5
812.779	5
812.987	5
813.195	5
813.403	5
813.611	5
813.819	5
814.027	5
814.235	5
814.443	5
814.651	5
814.859	5
815.067	5
815.275	5
815.484	5
815.692	5
815.9	5
816.108	5
816.316	5
816.524	5
816.732	5
816.94	5
817.148	5
817.356	5
817.564	5
817.772	5
817.98	5
818.188	5
818.397	5
818.605	5
818.813	5
819.021	5
819.229	5
819.437	5
819.645	5
819.853	5
820.061	5
820.269	5
820.477	5
820.685	5
820.893	5
821.102	5
821.31	5
821.518	5
821.726	5
821.934	5
822.142	5
822.35	5
822.558	5
822.766	5
822.974	5
823.182	5
823.39	5
823.599	5.1
823.807	5.1
824.015	5.1
824.223	5.1
824.431	5.1
824.639	5.1
824.847	5.1
825.055	5.1
825.263	5.1
825.472	5.1
825.68	5.1
825.888	5.1
826.096	5.1
826.304	5.1
826.512	5.1
826.72	5.1
826.928	5.1
827.137	5.1
827.345	5.1
827.553	5.1
827.761	5.1
827.969	5.1
828.177	5.1
828.385	5.1
828.594	5.1
828.802	5.1
829.01	5.1
829.218	5.1
829.426	5.1
829.634	5.1
829.843	5.1
830.051	5.1
830.259	5.1
830.467	5.1
830.675	5.1
830.883	5.1
831.092	5.1
831.3	5.1
831.508	5.1
831.716	5.1
831.924	5.1
832.133	5.1
832.341	5.1
832.549	5.1
832.757	5.1
832.966	5.1
833.174	5.1
833.382	5.1
833.59	5.1
833.799	5.1
834.007	5.1
834.215	5.1
834.423	5.1
834.632	5.1
834.84	5.1
835.048	5.1
835.256	5.1
835.465	5.1
835.673	5.1
835.881	5.1
836.09	5.1
836.298	5.1
836.506	5.1
836.715	5.1
836.923	5.1
837.131	5.1
837.34	5.1
837.548	5.1
837.756	5.1
837.965	5.2
838.173	5.2
838.381	5.2
838.59	5.2
838.798	5.2
839.006	5.2
839.215	5.2
839.423	5.2
839.632	5.2
839.84	5.2
840.048	5.2
840.257	5.2
840.465	5.2
840.674	5.2
840.882	5.2
841.091	5.2
841.299	5.2
841.508	5.2
841.716	5.2
841.924	5.2
842.133	5.2
842.341	5.2
842.55	5.3
842.758	5.3
842.967	5.3
843.175	5.3
843.384	5.3
843.593	5.3
843.801	5.3
844.01	5.2
844.218	5.2
844.427	5.2
844.635	5.2
844.844	5.2
845.052	5.2
845.261	5.2
845.47	5.2
845.678	5.2
845.887	5.2
846.095	5.2
846.304	5.2
846.513	5.2
846.721	5.2
846.93	5.2
847.139	5.2
847.347	5.2
847.556	5.2
847.765	5.2
847.973	5.2
848.182	5.2
848.391	5.2
848.6	5.3
848.808	5.3
849.017	5.3
849.226	5.3
849.435	5.3
849.643	5.3
849.852	5.3
850.061	5.3
850.27	5.2
850.478	5.2
850.687	5.2
850.896	5.3
851.105	5.3
851.314	5.3
851.523	5.3
851.731	5.3
851.94	5.3
852.149	5.3
852.358	5.3
852.567	5.3
852.776	5.3
852.985	5.3
853.194	5.3
853.403	5.3
853.612	5.3
853.821	5.3
854.03	5.4
854.239	5.4
854.447	5.4
854.656	5.4
854.865	5.4
855.075	5.4
855.284	5.4
855.493	5.4
855.702	5.4
855.911	5.4
856.12	5.4
856.329	5.4
856.538	5.4
856.747	5.4
856.956	5.4
857.165	5.4
857.374	5.4
857.584	5.4
857.793	5.4
858.002	5.4
858.211	5.4
858.42	5.5
858.629	5.5
858.839	5.5
859.048	5.5
859.257	5.5
859.466	5.5
859.676	5.5
859.885	5.5
860.094	5.5
860.304	5.5
860.513	5.5
860.722	5.5
860.932	5.5
861.141	5.5
861.35	5.5
861.56	5.5
861.769	5.5
861.978	5.5
862.188	5.5
862.397	5.5
862.607	5.5
862.816	5.5
863.026	5.6
863.235	5.6
863.445	5.6
863.654	5.6
863.864	5.6
864.073	5.6
864.283	5.6
864.492	5.6
864.702	5.6
864.911	5.6
865.121	5.6
865.33	5.6
865.54	5.6
865.75	5.7
865.959	5.6
866.169	5.6
866.379	5.6
866.588	5.7
866.798	5.7
867.008	5.7
867.218	5.7
867.427	5.6
867.637	5.6
867.847	5.7
868.057	5.7
868.266	5.7
868.476	5.7
868.686	5.7
868.896	5.7
869.106	5.7
869.316	5.7
869.525	5.7
869.735	5.7
869.945	5.7
870.155	5.7
870.365	5.8
870.575	5.8
870.785	5.8
870.995	5.8
871.205	5.7
871.415	5.7
871.625	5.7
871.835	5.8
872.045	5.8
872.255	5.7
872.465	5.7
872.675	5.7
872.886	5.8
873.096	5.8
873.306	5.8
873.516	5.8
873.726	5.8
873.936	5.8
874.147	5.8
874.357	5.8
874.567	5.8
874.777	5.8
874.988	5.8
875.198	5.8
875.408	5.8
875.619	5.8
875.829	5.8
876.039	5.8
876.25	5.8
876.46	5.8
876.67	5.8
876.881	5.8
877.091	5.8
877.302	5.8
877.512	5.8
877.723	5.8
877.933	5.8
878.144	5.8
878.354	5.8
878.565	5.8
878.775	5.8
878.986	5.8
879.197	5.8
879.407	5.8
879.618	5.8
879.829	5.8
880.039	5.8
880.25	5.8
880.461	5.8
880.671	5.8
880.882	5.8
881.093	5.9
881.304	5.9
881.515	5.9
881.725	5.9
881.936	5.8
882.147	5.8
882.358	5.9
882.569	5.9
882.78	5.9
882.991	5.9
883.202	5.9
883.413	5.9
883.624	6
883.835	6
884.046	6
884.257	6
884.468	6
884.679	6
884.89	6
885.101	6
885.312	6
885.523	6
885.735	6
885.946	6
886.157	6
886.368	6
886.579	6
886.791	6
887.002	6
887.213	6
887.425	6
887.636	6
887.847	6.1
888.059	6.1
888.27	6.1
888.481	6.1
888.693	6.1
888.904	6.1
889.116	6.1
889.327	6.1
889.539	6.1
889.75	6.1
889.962	6.1
890.174	6.1
890.385	6.1
890.597	6.1
890.808	6.1
891.02	6.1
891.232	6.1
891.444	6.1
891.655	6
891.867	6
892.079	6
892.291	6
892.502	6
892.714	6
892.926	6
893.138	6
893.35	6
893.562	6
893.774	6
893.986	6
894.198	6
894.41	6
894.622	6.1
894.834	6.1
895.046	6.1
895.258	6.1
895.47	6.1
895.682	6.1
895.894	6.1
896.106	6.1
896.319	6.1
896.531	6.1
896.743	6.1
896.955	6.1
897.168	6.2
897.38	6.2
897.592	6.2
897.805	6.2
898.017	6.2
898.229	6.3
898.442	6.3
898.654	6.3
898.867	6.3
899.079	6.3
899.292	6.3
899.504	6.3
899.717	6.3
899.929	6.4
900.142	6.4
900.355	6.4
900.567	6.4
900.78	6.4
900.993	6.4
901.205	6.4
901.418	6.4
901.631	6.4
901.844	6.4
902.056	6.4
902.269	6.4
902.482	6.4
902.695	6.4
902.908	6.4
903.121	6.4
903.334	6.4
903.547	6.4
903.76	6.4
903.973	6.4
904.186	6.4
904.399	6.4
904.612	6.4
904.825	6.4
905.038	6.5
905.251	6.5
905.465	6.4
905.678	6.5
905.891	6.5
906.104	6.4
906.318	6.4
906.531	6.4
906.744	6.4
906.958	6.4
907.171	6.4
907.384	6.4
907.598	6.5
907.811	6.5
908.025	6.5
908.238	6.5
908.452	6.5
908.665	6.5
908.879	6.5
909.093	6.4
909.306	6.4
909.52	6.5
909.734	6.5
909.947	6.5
910.161	6.5
910.375	6.5
910.589	6.6
910.803	6.6
911.016	6.6
911.23	6.6
911.444	6.6
911.658	6.6
911.872	6.6
912.086	6.7
912.3	6.7
912.514	6.7
912.728	6.7
912.942	6.7
913.156	6.7
913.37	6.7
913.585	6.8
913.799	6.8
914.013	6.8
914.227	6.8
914.442	6.8
914.656	6.8
914.87	6.8
915.084	6.9
915.299	6.9
915.513	6.9
915.728	6.9
915.942	6.9
916.157	6.9
916.371	6.9
916.586	6.9
916.8	6.9
917.015	6.9
917.229	6.9
917.444	6.9
917.659	6.9
917.874	7
918.088	7
918.303	7
918.518	7
918.733	6.9
918.947	6.9
919.162	7
919.377	7
919.592	7
919.807	7
920.022	7
920.237	7
920.452	7
920.667	7
920.882	7
921.097	7
921.313	7
921.528	7
921.743	7
921.958	7
922.174	7
922.389	7
922.604	7
922.82	7
923.035	7
923.25	7
923.466	7.1
923.681	7.1
923.897	7.1
924.112	7.1
924.328	7.1
924.544	7.1
924.759	7.1
924.975	7.1
925.19	7.2
925.406	7.2
925.622	7.2
925.838	7.3
926.054	7.3
926.269	7.3
926.485	7.3
926.701	7.3
926.917	7.3
927.133	7.4
927.349	7.4
927.565	7.4
927.781	7.4
927.997	7.4
928.213	7.4
928.429	7.4
928.646	7.4
928.862	7.5
929.078	7.5
929.294	7.6
929.511	7.6
929.727	7.6
929.943	7.7
930.16	7.7
930.376	7.7
930.592	7.7
930.809	7.7
931.025	7.7
931.242	7.7
931.459	7.8
931.675	7.8
931.892	7.8
932.108	7.9
932.325	7.9
932.542	7.9
932.759	7.9
932.975	8
933.192	8
933.409	8
933.626	8
933.843	8
934.06	8
934.277	8
934.494	8
934.711	8.1
934.928	8
935.145	8
935.362	8.1
935.58	8.1
935.797	8.1
936.014	8.1
936.231	8.1
936.449	8.2
936.666	8.1
936.883	8.2
937.101	8.2
937.318	8.3
937.536	8.3
937.753	8.3
937.971	8.3
938.188	8.3
938.406	8.3
938.624	8.3
938.841	8.3
939.059	8.4
939.277	8.4
939.494	8.5
939.712	8.5
939.93	8.5
