360.161	9.1
360.333	9
360.504	9.1
360.676	9
360.847	9
361.019	9
361.19	9.1
361.361	9.1
361.533	9
361.704	8.9
361.876	8.9
362.047	8.9
362.219	8.8
362.391	8.7
362.562	8.6
362.734	8.6
362.905	8.6
363.077	8.6
363.248	8.5
363.42	8.5
363.592	8.5
363.763	8.5
363.935	8.5
364.106	8.5
364.278	8.5
364.45	8.5
364.621	8.4
364.793	8.4
364.965	8.4
365.137	8.6
365.308	8.6
365.48	8.6
365.652	8.6
365.824	8.6
365.995	8.6
366.167	8.5
366.339	8.5
366.511	8.5
366.683	8.6
366.854	8.5
367.026	8.5
367.198	8.5
367.37	8.5
367.542	8.5
367.714	8.5
367.886	8.5
368.058	8.4
368.23	8.4
368.402	8.4
368.574	8.4
368.746	8.4
368.918	8.5
369.09	8.4
369.262	8.4
369.434	8.3
369.606	8.3
369.778	8.3
369.95	8.3
370.122	8.3
370.294	8.3
370.467	8.2
370.639	8.3
370.811	8.3
370.983	8.3
371.155	8.3
371.328	8.2
371.5	8.3
371.672	8.3
371.844	8.3
372.017	8.3
372.189	8.3
372.361	8.3
372.534	8.3
372.706	8.2
372.878	8.2
373.051	8.2
373.223	8.2
373.396	8.2
373.568	8.1
373.741	8.1
373.913	8.2
374.086	8.1
374.258	8.1
374.431	8.1
374.603	8.2
374.776	8.2
374.949	8.2
375.121	8.2
375.294	8.2
375.467	8.2
375.639	8.2
375.812	8.1
375.985	8.1
376.157	8.1
376.33	8.2
376.503	8.2
376.676	8.2
376.849	8.2
377.021	8.2
377.194	8.2
377.367	8.2
377.54	8.2
377.713	8.2
377.886	8.1
378.059	8.1
378.232	8.1
378.405	8.1
378.578	8.1
378.751	8.1
378.924	8.1
379.097	8.1
379.27	8.1
379.444	8.1
379.617	8.1
379.79	8.1
379.963	8.1
380.136	8.1
380.31	8.1
380.483	8.1
380.656	8.1
380.829	8.1
381.003	8.1
381.176	8.1
381.35	8.1
381.523	8.1
381.696	8.1
381.87	8.1
382.043	8.1
382.217	8.1
382.39	8
382.564	8
382.738	8
382.911	8.1
383.085	8.1
383.258	8.1
383.432	8.1
383.606	8.1
383.779	8.1
383.953	8.1
384.127	8.1
384.301	8.1
384.475	8.1
384.648	8.1
384.822	8.1
384.996	8.1
385.17	8.2
385.344	8.2
385.518	8.2
385.692	8.2
385.866	8.2
386.04	8.2
386.214	8.2
386.388	8.2
386.562	8.2
386.737	8.2
386.911	8.3
387.085	8.3
387.259	8.3
387.434	8.3
387.608	8.4
387.782	8.4
387.956	8.4
388.131	8.4
388.305	8.4
388.48	8.4
388.654	8.5
388.829	8.5
389.003	8.5
389.178	8.5
389.352	8.6
389.527	8.6
389.701	8.6
389.876	8.7
390.051	8.7
390.226	8.7
390.4	8.7
390.575	8.8
390.75	8.8
390.925	8.8
391.099	8.9
391.274	8.9
391.449	8.9
391.624	9
391.799	9
391.974	9
392.149	9
392.324	9.1
392.499	9.1
392.675	9.2
392.85	9.2
393.025	9.2
393.2	9.3
393.375	9.3
393.551	9.3
393.726	9.4
393.901	9.4
394.077	9.4
394.252	9.5
394.427	9.5
394.603	9.5
394.778	9.5
394.954	9.6
395.129	9.6
395.305	9.6
395.481	9.7
395.656	9.7
395.832	9.7
396.008	9.7
396.184	9.7
396.359	9.8
396.535	9.8
396.711	9.8
396.887	9.8
397.063	9.8
397.239	9.9
397.415	9.9
397.591	9.9
397.767	10
397.943	10
398.119	10
398.295	10.1
398.471	10.1
398.648	10.1
398.824	10.1
399	10.2
399.176	10.2
399.353	10.2
399.529	10.3
399.706	10.3
399.882	10.3
400.058	10.3
400.235	10.4
400.412	10.4
400.588	10.4
400.765	10.5
400.942	10.5
401.118	10.5
401.295	10.6
401.472	10.6
401.649	10.6
401.825	10.7
402.002	10.7
402.179	10.8
402.356	10.8
402.533	10.8
402.71	10.8
402.887	10.9
403.064	10.9
403.242	10.9
403.419	11
403.596	11
403.773	11.1
403.95	11.1
404.128	11.1
404.305	11.2
404.483	11.2
404.66	11.3
404.837	11.3
405.015	11.3
405.193	11.4
405.37	11.4
405.548	11.4
405.725	11.5
405.903	11.5
406.081	11.5
406.259	11.6
406.437	11.6
406.614	11.7
406.792	11.7
406.97	11.7
407.148	11.8
407.326	11.8
407.504	11.8
407.682	11.9
407.86	11.9
408.039	11.9
408.217	12
408.395	12
408.573	12
408.751	12.1
408.93	12.1
409.108	12.1
409.287	12.2
409.465	12.2
409.643	12.3
409.822	12.3
410	12.3
410.179	12.4
410.358	12.4
410.536	12.5
410.715	12.5
410.894	12.5
411.072	12.6
411.251	12.6
411.43	12.7
411.609	12.7
411.788	12.8
411.967	12.8
412.146	12.9
412.325	12.9
412.504	13
412.683	13
412.862	13
413.041	13.1
413.22	13.1
413.399	13.2
413.578	13.2
413.758	13.2
413.937	13.3
414.116	13.3
414.296	13.4
414.475	13.4
414.654	13.5
414.834	13.5
415.013	13.5
415.193	13.6
415.372	13.6
415.552	13.7
415.732	13.7
415.911	13.7
416.091	13.8
416.271	13.8
416.45	13.8
416.63	13.9
416.81	13.9
416.99	13.9
417.169	14
417.349	14
417.529	14.1
417.709	14.1
417.889	14.1
418.069	14.2
418.249	14.2
418.429	14.3
418.609	14.3
418.789	14.3
418.97	14.4
419.15	14.4
419.33	14.4
419.51	14.4
419.691	14.5
419.871	14.5
420.051	14.5
420.232	14.5
420.412	14.6
420.592	14.6
420.773	14.6
420.953	14.7
421.134	14.7
421.314	14.7
421.495	14.7
421.675	14.8
421.856	14.8
422.037	14.8
422.217	14.9
422.398	14.9
422.579	14.9
422.76	14.9
422.94	15
423.121	15
423.302	15
423.483	15.1
423.664	15.1
423.845	15.1
424.026	15.1
424.207	15.2
424.388	15.2
424.569	15.2
424.75	15.2
424.931	15.3
425.112	15.3
425.293	15.3
425.474	15.3
425.655	15.3
425.837	15.3
426.018	15.4
426.199	15.4
426.38	15.4
426.562	15.4
426.743	15.4
426.924	15.5
427.106	15.5
427.287	15.5
427.469	15.5
427.65	15.5
427.832	15.6
428.013	15.6
428.195	15.6
428.376	15.6
428.558	15.6
428.739	15.6
428.921	15.6
429.103	15.6
429.284	15.7
429.466	15.7
429.648	15.7
429.83	15.7
430.011	15.7
430.193	15.7
430.375	15.7
430.557	15.7
430.739	15.7
430.921	15.7
431.102	15.7
431.284	15.7
431.466	15.7
431.648	15.7
431.83	15.7
432.012	15.7
432.194	15.7
432.377	15.7
432.559	15.7
432.741	15.7
432.923	15.7
433.105	15.7
433.287	15.7
433.469	15.7
433.652	15.7
433.834	15.7
434.016	15.7
434.198	15.7
434.381	15.6
434.563	15.6
434.745	15.6
434.928	15.6
435.11	15.6
435.293	15.6
435.475	15.5
435.658	15.5
435.84	15.5
436.022	15.5
436.205	15.5
436.388	15.5
436.57	15.4
436.753	15.4
436.935	15.4
437.118	15.4
437.301	15.3
437.483	15.3
437.666	15.3
437.849	15.2
438.031	15.2
438.214	15.2
438.397	15.1
438.58	15.1
438.762	15
438.945	15
439.128	15
439.311	14.9
439.494	14.8
439.677	14.8
439.859	14.7
440.042	14.6
440.225	14.6
440.408	14.5
440.591	14.4
440.774	14.4
440.957	14.3
441.14	14.2
441.323	14.2
441.507	14.1
441.69	14
441.873	14
442.056	13.9
442.239	13.8
442.422	13.8
442.605	13.7
442.789	13.7
442.972	13.6
443.155	13.5
443.338	13.5
443.522	13.5
443.705	13.4
443.888	13.4
444.072	13.3
444.255	13.3
444.438	13.3
444.622	13.2
444.805	13.2
444.989	13.2
445.172	13.1
445.356	13.1
445.539	13.1
445.723	13
445.906	13
446.09	13
446.273	13
446.457	13
446.64	12.9
446.824	12.9
447.008	12.9
447.191	12.9
447.375	12.9
447.559	12.9
447.742	12.9
447.926	12.9
448.11	12.9
448.293	12.9
448.477	12.9
448.661	12.9
448.845	12.9
449.029	12.9
449.212	12.9
449.396	12.9
449.58	12.9
449.764	12.9
449.948	12.9
450.132	12.9
450.316	12.8
450.5	12.8
450.684	12.8
450.868	12.8
451.052	12.7
451.236	12.7
451.42	12.7
451.604	12.6
451.788	12.6
451.972	12.6
452.156	12.5
452.34	12.5
452.525	12.4
452.709	12.4
452.893	12.4
453.077	12.3
453.261	12.3
453.446	12.2
453.63	12.2
453.814	12.1
453.998	12.1
454.183	12
454.367	12
454.551	11.9
454.736	11.9
454.92	11.8
455.104	11.8
455.289	11.7
455.473	11.6
455.658	11.6
455.842	11.5
456.026	11.5
456.211	11.5
456.395	11.4
456.58	11.4
456.764	11.3
456.949	11.3
457.134	11.2
457.318	11.2
457.503	11.1
457.687	11
457.872	11
458.057	10.9
458.241	10.9
458.426	10.8
458.611	10.8
458.795	10.7
458.98	10.7
459.165	10.6
459.349	10.6
459.534	10.5
459.719	10.5
459.904	10.4
460.088	10.4
460.273	10.3
460.458	10.2
460.643	10.2
460.828	10.1
461.013	10.1
461.198	10
461.382	10
461.567	9.9
461.752	9.9
461.937	9.8
462.122	9.8
462.307	9.7
462.492	9.7
462.677	9.6
462.862	9.6
463.047	9.5
463.232	9.5
463.417	9.4
463.602	9.4
463.788	9.3
463.973	9.2
464.158	9.2
464.343	9.1
464.528	9.1
464.713	9
464.898	9
465.084	8.9
465.269	8.9
465.454	8.8
465.639	8.8
465.824	8.7
466.01	8.7
466.195	8.6
466.38	8.6
466.566	8.5
466.751	8.5
466.936	8.4
467.122	8.4
467.307	8.4
467.492	8.3
467.678	8.3
467.863	8.2
468.048	8.2
468.234	8.1
468.419	8.1
468.605	8
468.79	8
468.976	8
469.161	7.9
469.347	7.9
469.532	7.8
469.718	7.8
469.903	7.7
470.089	7.7
470.274	7.7
470.46	7.6
470.646	7.6
470.831	7.5
471.017	7.5
471.202	7.4
471.388	7.4
471.574	7.4
471.759	7.3
471.945	7.3
472.131	7.3
472.317	7.2
472.502	7.2
472.688	7.1
472.874	7.1
473.059	7.1
473.245	7
473.431	7
473.617	7
473.803	6.9
473.988	6.9
474.174	6.9
474.36	6.8
474.546	6.8
474.732	6.8
474.918	6.7
475.104	6.7
475.29	6.7
475.475	6.6
475.661	6.6
475.847	6.6
476.033	6.5
476.219	6.5
476.405	6.5
476.591	6.4
476.777	6.4
476.963	6.4
477.149	6.3
477.335	6.3
477.521	6.3
477.707	6.3
477.893	6.2
478.08	6.2
478.266	6.2
478.452	6.2
478.638	6.1
478.824	6.1
479.01	6.1
479.196	6.1
479.382	6
479.569	6
479.755	6
479.941	6
480.127	5.9
480.313	5.9
480.5	5.9
480.686	5.9
480.872	5.8
481.058	5.8
481.245	5.8
481.431	5.8
481.617	5.7
481.803	5.7
481.99	5.7
482.176	5.7
482.362	5.7
482.549	5.6
482.735	5.6
482.921	5.6
483.108	5.6
483.294	5.6
483.481	5.5
483.667	5.5
483.853	5.5
484.04	5.5
484.226	5.5
484.413	5.4
484.599	5.4
484.786	5.4
484.972	5.4
485.159	5.3
485.345	5.3
485.532	5.3
485.718	5.3
485.905	5.3
486.091	5.3
486.278	5.2
486.464	5.2
486.651	5.2
486.837	5.2
487.024	5.2
487.211	5.1
487.397	5.1
487.584	5.1
487.77	5.1
487.957	5.1
488.144	5.1
488.33	5
488.517	5
488.704	5
488.89	5
489.077	5
489.264	5
489.45	4.9
489.637	4.9
489.824	4.9
490.01	4.9
490.197	4.9
490.384	4.8
490.571	4.8
490.757	4.8
490.944	4.8
491.131	4.8
491.318	4.8
491.505	4.8
491.691	4.7
491.878	4.7
492.065	4.7
492.252	4.7
492.439	4.7
492.626	4.7
492.812	4.6
492.999	4.6
493.186	4.6
493.373	4.6
493.56	4.6
493.747	4.6
493.934	4.6
494.121	4.5
494.308	4.5
494.494	4.5
494.681	4.5
494.868	4.5
495.055	4.5
495.242	4.5
495.429	4.5
495.616	4.4
495.803	4.4
495.99	4.4
496.177	4.4
496.364	4.4
496.551	4.4
496.738	4.4
496.925	4.4
497.112	4.4
497.299	4.4
497.486	4.3
497.673	4.3
497.861	4.3
498.048	4.3
498.235	4.3
498.422	4.3
498.609	4.3
498.796	4.3
498.983	4.3
499.17	4.3
499.357	4.3
499.544	4.3
499.732	4.3
499.919	4.2
500.106	4.2
500.293	4.2
500.48	4.2
500.667	4.2
500.855	4.2
501.042	4.2
501.229	4.2
501.416	4.2
501.603	4.2
501.791	4.2
501.978	4.2
502.165	4.1
502.352	4.1
502.54	4.1
502.727	4.1
502.914	4.1
503.101	4.1
503.289	4.1
503.476	4.1
503.663	4.1
503.85	4.1
504.038	4
504.225	4
504.412	4
504.6	4
504.787	4
504.974	4
505.161	4
505.349	4
505.536	3.9
505.723	3.9
505.911	3.9
506.098	3.9
506.286	3.9
506.473	3.9
506.66	3.9
506.848	3.9
507.035	3.9
507.222	3.9
507.41	3.8
507.597	3.8
507.785	3.8
507.972	3.8
508.159	3.8
508.347	3.8
508.534	3.8
508.722	3.8
508.909	3.8
509.097	3.7
509.284	3.7
509.471	3.7
509.659	3.7
509.846	3.7
510.034	3.7
510.221	3.7
510.409	3.7
510.596	3.7
510.784	3.7
510.971	3.6
511.159	3.6
511.346	3.6
511.534	3.6
511.721	3.6
511.909	3.6
512.096	3.6
512.284	3.6
512.471	3.6
512.659	3.6
512.846	3.5
513.034	3.5
513.221	3.5
513.409	3.5
513.596	3.5
513.784	3.5
513.972	3.5
514.159	3.5
514.347	3.5
514.534	3.5
514.722	3.5
514.909	3.5
515.097	3.5
515.285	3.4
515.472	3.4
515.66	3.4
515.847	3.4
516.035	3.4
516.222	3.4
516.41	3.4
516.598	3.4
516.785	3.4
516.973	3.4
517.161	3.4
517.348	3.4
517.536	3.4
517.723	3.4
517.911	3.4
518.099	3.4
518.286	3.4
518.474	3.4
518.662	3.4
518.849	3.3
519.037	3.3
519.225	3.3
519.412	3.3
519.6	3.3
519.787	3.3
519.975	3.3
520.163	3.3
520.35	3.3
520.538	3.3
520.726	3.3
520.914	3.3
521.101	3.3
521.289	3.3
521.477	3.3
521.664	3.3
521.852	3.3
522.04	3.3
522.227	3.3
522.415	3.3
522.603	3.3
522.79	3.3
522.978	3.3
523.166	3.3
523.354	3.3
523.541	3.2
523.729	3.2
523.917	3.2
524.104	3.2
524.292	3.2
524.48	3.2
524.668	3.2
524.855	3.2
525.043	3.2
525.231	3.2
525.418	3.2
525.606	3.2
525.794	3.2
525.982	3.2
526.169	3.2
526.357	3.2
526.545	3.2
526.733	3.2
526.92	3.2
527.108	3.2
527.296	3.2
527.484	3.2
527.671	3.2
527.859	3.2
528.047	3.2
528.235	3.2
528.422	3.2
528.61	3.2
528.798	3.2
528.986	3.2
529.173	3.2
529.361	3.2
529.549	3.2
529.737	3.2
529.924	3.2
530.112	3.2
530.3	3.2
530.488	3.2
530.675	3.2
530.863	3.2
531.051	3.1
531.239	3.1
531.426	3.1
531.614	3.1
531.802	3.1
531.99	3.1
532.177	3.1
532.365	3.1
532.553	3.1
532.741	3.1
532.928	3.1
533.116	3.1
533.304	3.1
533.492	3.1
533.679	3.1
533.867	3.1
534.055	3.1
534.243	3.1
534.431	3.1
534.618	3.1
534.806	3.1
534.994	3.1
535.182	3.1
535.369	3.1
535.557	3.1
535.745	3.1
535.933	3.1
536.12	3.1
536.308	3.1
536.496	3.1
536.684	3.1
536.871	3.1
537.059	3.1
537.247	3.1
537.435	3.1
537.622	3.1
537.81	3.1
537.998	3.1
538.186	3.1
538.373	3.1
538.561	3.1
538.749	3.1
538.937	3.1
539.124	3.1
539.312	3.1
539.5	3.1
539.688	3.1
539.875	3.1
540.063	3.1
540.251	3.1
540.439	3.1
540.626	3.1
540.814	3.1
541.002	3.1
541.19	3.1
541.377	3.1
541.565	3.1
541.753	3.1
541.941	3.1
542.128	3.1
542.316	3.1
542.504	3.1
542.691	3.1
542.879	3.1
543.067	3.1
543.255	3.1
543.442	3.1
543.63	3.1
543.818	3.1
544.005	3.1
544.193	3.1
544.381	3.1
544.568	3.1
544.756	3.1
544.944	3.1
545.132	3.1
545.319	3.1
545.507	3.1
545.695	3.1
545.882	3.1
546.07	3.1
546.258	3.1
546.445	3.1
546.633	3.1
546.821	3.1
547.008	3.1
547.196	3.1
547.384	3.1
547.571	3.1
547.759	3.1
547.947	3.1
548.134	3.1
548.322	3.1
548.51	3.1
548.697	3.1
548.885	3.1
549.073	3.1
549.26	3.1
549.448	3.1
549.636	3.1
549.823	3.1
550.011	3.1
550.199	3.1
550.386	3.1
550.574	3.1
550.762	3.1
550.949	3.1
551.137	3.1
551.325	3.1
551.512	3.1
551.7	3.1
551.888	3.1
552.075	3.1
552.263	3.1
552.451	3.1
552.639	3.1
552.826	3.1
553.014	3.1
553.202	3.1
553.389	3.1
553.577	3.1
553.765	3.1
553.953	3.1
554.14	3.1
554.328	3.1
554.516	3.1
554.704	3.1
554.891	3.1
555.079	3.1
555.267	3.1
555.455	3.1
555.643	3.1
555.83	3.1
556.018	3.1
556.206	3.1
556.394	3.1
556.582	3.2
556.77	3.2
556.957	3.2
557.145	3.2
557.333	3.2
557.521	3.2
557.709	3.2
557.897	3.2
558.085	3.2
558.273	3.2
558.461	3.2
558.649	3.2
558.837	3.2
559.025	3.2
559.213	3.2
559.4	3.2
559.588	3.2
559.777	3.2
559.965	3.2
560.153	3.2
560.341	3.2
560.529	3.2
560.717	3.2
560.905	3.2
561.093	3.2
561.281	3.2
561.469	3.2
561.657	3.2
561.845	3.2
562.034	3.2
562.222	3.2
562.41	3.2
562.598	3.2
562.786	3.2
562.975	3.3
563.163	3.3
563.351	3.3
563.539	3.3
563.728	3.3
563.916	3.3
564.104	3.3
564.293	3.3
564.481	3.3
564.67	3.3
564.858	3.3
565.046	3.3
565.235	3.3
565.423	3.3
565.612	3.3
565.8	3.3
565.989	3.3
566.177	3.3
566.366	3.3
566.554	3.3
566.743	3.3
566.932	3.3
567.12	3.3
567.309	3.3
567.497	3.3
567.686	3.3
567.875	3.3
568.064	3.3
568.252	3.3
568.441	3.3
568.63	3.3
568.819	3.3
569.007	3.3
569.196	3.3
569.385	3.3
569.574	3.3
569.763	3.4
569.952	3.4
570.141	3.4
570.33	3.4
570.519	3.4
570.708	3.4
570.897	3.4
571.086	3.4
571.275	3.4
571.464	3.4
571.653	3.4
571.843	3.4
572.032	3.4
572.221	3.4
572.41	3.4
572.599	3.4
572.789	3.4
572.978	3.4
573.167	3.4
573.357	3.4
573.546	3.4
573.736	3.4
573.925	3.4
574.115	3.4
574.304	3.4
574.494	3.4
574.683	3.4
574.873	3.5
575.062	3.5
575.252	3.5
575.442	3.5
575.631	3.5
575.821	3.5
576.011	3.5
576.201	3.5
576.39	3.5
576.58	3.5
576.77	3.5
576.96	3.5
577.15	3.5
577.34	3.5
577.53	3.5
577.72	3.5
577.91	3.5
578.1	3.5
578.29	3.5
578.48	3.5
578.67	3.5
578.861	3.6
579.051	3.6
579.241	3.6
579.431	3.6
579.622	3.6
579.812	3.6
580.002	3.6
580.193	3.6
580.383	3.6
580.574	3.6
580.764	3.6
580.955	3.6
581.145	3.6
581.336	3.6
581.526	3.6
581.717	3.6
581.908	3.6
582.098	3.7
582.289	3.7
582.48	3.7
582.671	3.7
582.862	3.7
583.052	3.7
583.243	3.7
583.434	3.7
583.625	3.7
583.816	3.7
584.007	3.7
584.198	3.7
584.389	3.7
584.58	3.7
584.771	3.7
584.962	3.8
585.154	3.8
585.345	3.8
585.536	3.8
585.727	3.8
585.918	3.8
586.11	3.8
586.301	3.8
586.492	3.8
586.684	3.8
586.875	3.8
587.067	3.8
587.258	3.8
587.45	3.8
587.641	3.9
587.833	3.9
588.024	3.9
588.216	3.9
588.408	3.9
588.599	3.9
588.791	3.9
588.983	3.9
589.174	3.9
589.366	3.9
589.558	4
589.75	4
589.942	4
590.134	4
590.326	4
590.518	4
590.71	4
590.902	4
591.094	4
591.286	4
591.478	4
591.67	4.1
591.862	4.1
592.054	4.1
592.246	4.1
592.439	4.1
592.631	4.1
592.823	4.1
593.016	4.1
593.208	4.1
593.4	4.2
593.593	4.2
593.785	4.2
593.978	4.2
594.17	4.2
594.363	4.2
594.555	4.2
594.748	4.2
594.94	4.2
595.133	4.3
595.326	4.3
595.518	4.3
595.711	4.3
595.904	4.3
596.096	4.3
596.289	4.3
596.482	4.3
596.675	4.4
596.868	4.4
597.061	4.4
597.254	4.4
597.447	4.4
597.64	4.4
597.833	4.4
598.026	4.5
598.219	4.5
598.412	4.5
598.605	4.5
598.798	4.5
598.991	4.5
599.184	4.5
599.378	4.6
599.571	4.6
599.764	4.6
599.957	4.6
600.151	4.6
600.344	4.6
600.538	4.6
600.731	4.7
600.924	4.7
601.118	4.7
601.311	4.7
601.505	4.7
601.698	4.7
601.892	4.8
602.086	4.8
602.279	4.8
602.473	4.8
602.667	4.8
602.86	4.9
603.054	4.9
603.248	4.9
603.442	4.9
603.635	4.9
603.829	4.9
604.023	5
604.217	5
604.411	5
604.605	5
604.799	5
604.993	5.1
605.187	5.1
605.381	5.1
605.575	5.1
605.769	5.1
605.963	5.2
606.157	5.2
606.352	5.2
606.546	5.2
606.74	5.2
606.934	5.3
607.129	5.3
607.323	5.3
607.517	5.3
607.712	5.4
607.906	5.4
608.1	5.4
608.295	5.4
608.489	5.5
608.684	5.5
608.878	5.5
609.073	5.5
609.267	5.6
609.462	5.6
609.657	5.6
609.851	5.6
610.046	5.7
610.241	5.7
610.435	5.7
610.63	5.7
610.825	5.8
611.02	5.8
611.215	5.8
611.41	5.9
611.604	5.9
611.799	5.9
611.994	5.9
612.189	6
612.384	6
612.579	6
612.774	6.1
612.969	6.1
613.164	6.1
613.359	6.1
613.555	6.2
613.75	6.2
613.945	6.2
614.14	6.3
614.335	6.3
614.531	6.3
614.726	6.4
614.921	6.4
615.117	6.4
615.312	6.5
615.507	6.5
615.703	6.5
615.898	6.6
616.094	6.6
616.289	6.6
616.485	6.7
616.68	6.7
616.876	6.7
617.071	6.8
617.267	6.8
617.463	6.8
617.658	6.9
617.854	6.9
618.05	7
618.245	7
618.441	7
618.637	7.1
618.833	7.1
619.029	7.2
619.225	7.2
619.42	7.2
619.616	7.3
619.812	7.3
620.008	7.4
620.204	7.4
620.4	7.4
620.596	7.5
620.792	7.5
620.988	7.6
621.184	7.6
621.381	7.7
621.577	7.7
621.773	7.7
621.969	7.8
622.165	7.8
622.362	7.9
622.558	7.9
622.754	8
622.951	8
623.147	8.1
623.343	8.1
623.54	8.2
623.736	8.2
623.933	8.3
624.129	8.3
624.326	8.4
624.522	8.4
624.719	8.5
624.915	8.5
625.112	8.6
625.308	8.6
625.505	8.7
625.702	8.7
625.898	8.8
626.095	8.8
626.292	8.9
626.489	8.9
626.685	9
626.882	9
627.079	9.1
627.276	9.1
627.473	9.2
627.67	9.2
627.866	9.3
628.063	9.3
628.26	9.4
628.457	9.4
628.654	9.5
628.851	9.6
629.048	9.6
629.246	9.7
629.443	9.7
629.64	9.8
629.837	9.8
630.034	9.9
630.231	9.9
630.429	10
630.626	10.1
630.823	10.1
631.02	10.2
631.218	10.2
631.415	10.3
631.612	10.4
631.81	10.4
632.007	10.5
632.205	10.5
632.402	10.6
632.6	10.7
632.797	10.7
632.995	10.8
633.192	10.9
633.39	10.9
633.587	11
633.785	11
633.983	11.1
634.18	11.2
634.378	11.2
634.576	11.3
634.773	11.4
634.971	11.4
635.169	11.5
635.367	11.6
635.565	11.6
635.762	11.7
635.96	11.8
636.158	11.8
636.356	11.9
636.554	12
636.752	12
636.95	12.1
637.148	12.2
637.346	12.2
637.544	12.3
637.742	12.4
637.94	12.5
638.138	12.5
638.337	12.6
638.535	12.7
638.733	12.8
638.931	12.8
639.129	12.9
639.328	13
639.526	13
639.724	13.1
639.922	13.2
640.121	13.3
640.319	13.3
640.518	13.4
640.716	13.5
640.914	13.6
641.113	13.6
641.311	13.7
641.51	13.8
641.708	13.9
641.907	13.9
642.105	14
642.304	14.1
642.503	14.2
642.701	14.3
642.9	14.3
643.098	14.4
643.297	14.5
643.496	14.6
643.695	14.6
643.893	14.7
644.092	14.8
644.291	14.9
644.49	15
644.689	15
644.887	15.1
645.086	15.2
645.285	15.3
645.484	15.3
645.683	15.4
645.882	15.5
646.081	15.6
646.28	15.7
646.479	15.7
646.678	15.8
646.877	15.9
647.076	16
647.276	16
647.475	16.1
647.674	16.2
647.873	16.3
648.072	16.4
648.271	16.4
648.471	16.5
648.67	16.6
648.869	16.7
649.069	16.7
649.268	16.8
649.467	16.9
649.667	17
649.866	17.1
650.065	17.1
650.265	17.2
650.464	17.3
650.664	17.4
650.863	17.5
651.063	17.5
651.262	17.6
651.462	17.7
651.662	17.8
651.861	17.9
652.061	17.9
652.26	18
652.46	18.1
652.66	18.2
652.859	18.2
653.059	18.3
653.259	18.4
653.459	18.5
653.658	18.6
653.858	18.6
654.058	18.7
654.258	18.8
654.458	18.9
654.658	18.9
654.858	19
655.058	19.1
655.258	19.2
655.457	19.2
655.657	19.3
655.857	19.4
656.058	19.5
656.258	19.5
656.458	19.6
656.658	19.7
656.858	19.7
657.058	19.8
657.258	19.9
657.458	20
657.659	20
657.859	20.1
658.059	20.2
658.259	20.2
658.459	20.3
658.66	20.4
658.86	20.4
659.06	20.5
659.261	20.6
659.461	20.6
659.662	20.7
659.862	20.8
660.062	20.8
660.263	20.9
660.463	21
660.664	21
660.864	21.1
661.065	21.2
661.265	21.2
661.466	21.3
661.667	21.4
661.867	21.4
662.068	21.5
662.268	21.6
662.469	21.6
662.67	21.7
662.87	21.7
663.071	21.8
663.272	21.9
663.473	21.9
663.674	22
663.874	22
664.075	22.1
664.276	22.1
664.477	22.2
664.678	22.3
664.879	22.3
665.08	22.4
665.28	22.4
665.481	22.5
665.682	22.5
665.883	22.6
666.084	22.6
666.285	22.7
666.486	22.7
666.688	22.8
666.889	22.8
667.09	22.9
667.291	22.9
667.492	23
667.693	23
667.894	23.1
668.096	23.1
668.297	23.2
668.498	23.2
668.699	23.3
668.901	23.3
669.102	23.3
669.303	23.4
669.505	23.4
669.706	23.5
669.907	23.5
670.109	23.5
670.31	23.6
670.511	23.6
670.713	23.7
670.914	23.7
671.116	23.7
671.317	23.8
671.519	23.8
671.72	23.8
671.922	23.9
672.124	23.9
672.325	23.9
672.527	24
672.728	24
672.93	24
673.132	24.1
673.333	24.1
673.535	24.1
673.737	24.2
673.939	24.2
674.14	24.2
674.342	24.3
674.544	24.3
674.746	24.3
674.948	24.3
675.149	24.4
675.351	24.4
675.553	24.4
675.755	24.4
675.957	24.5
676.159	24.5
676.361	24.5
676.563	24.5
676.765	24.6
676.967	24.6
677.169	24.6
677.371	24.6
677.573	24.6
677.775	24.7
677.977	24.7
678.179	24.7
678.381	24.7
678.583	24.7
678.786	24.8
678.988	24.8
679.19	24.8
679.392	24.8
679.594	24.8
679.797	24.8
679.999	24.8
680.201	24.9
680.404	24.9
680.606	24.9
680.808	24.9
681.011	24.9
681.213	24.9
681.415	24.9
681.618	25
681.82	25
682.023	25
682.225	25
682.428	25
682.63	25
682.833	25
683.035	25
683.238	25
683.44	25.1
683.643	25.1
683.845	25.1
684.048	25.1
684.251	25.1
684.453	25.1
684.656	25.1
684.859	25.1
685.061	25.1
685.264	25.1
685.467	25.1
685.67	25.1
685.872	25.1
686.075	25.1
686.278	25.1
686.481	25.1
686.684	25.1
686.886	25.1
687.089	25.1
687.292	25.1
687.495	25.1
687.698	25.1
687.901	25.1
688.104	25.1
688.307	25.1
688.51	25.1
688.713	25.1
688.916	25.1
689.119	25.1
689.322	25.1
689.525	25.1
689.728	25.1
689.931	25.1
690.134	25.1
690.337	25.1
690.54	25.1
690.744	25.1
690.947	25.1
691.15	25.1
691.353	25
691.556	25
691.76	25
691.963	25
692.166	25
692.37	25
692.573	25
692.776	25
692.979	25
693.183	25
693.386	25
693.59	24.9
693.793	24.9
693.996	24.9
694.2	24.9
694.403	24.9
694.607	24.9
694.81	24.9
695.014	24.8
695.217	24.8
695.421	24.8
695.624	24.8
695.828	24.8
696.031	24.8
696.235	24.8
696.439	24.8
696.642	24.7
696.846	24.7
697.049	24.7
697.253	24.7
697.457	24.7
697.661	24.7
697.864	24.7
698.068	24.6
698.272	24.6
698.475	24.6
698.679	24.6
698.883	24.6
699.087	24.6
699.291	24.6
699.494	24.6
699.698	24.5
699.902	24.5
700.106	24.5
700.31	24.5
700.514	24.5
700.718	24.5
700.922	24.4
701.126	24.4
701.33	24.4
701.534	24.4
701.738	24.4
701.942	24.4
702.146	24.3
702.35	24.3
702.554	24.3
702.758	24.3
702.962	24.3
703.166	24.3
703.37	24.2
703.574	24.2
703.778	24.2
703.983	24.2
704.187	24.2
704.391	24.1
704.595	24.1
704.799	24.1
705.004	24.1
705.208	24.1
705.412	24
705.616	24
705.821	24
706.025	24
706.229	24
706.434	23.9
706.638	23.9
706.842	23.9
707.047	23.9
707.251	23.9
707.455	23.8
707.66	23.8
707.864	23.8
708.069	23.8
708.273	23.8
708.478	23.7
708.682	23.7
708.887	23.7
709.091	23.7
709.296	23.7
709.5	23.6
709.705	23.6
709.909	23.6
710.114	23.6
710.319	23.6
710.523	23.5
710.728	23.5
710.932	23.5
711.137	23.5
711.342	23.4
711.546	23.4
711.751	23.4
711.956	23.4
712.161	23.4
712.365	23.3
712.57	23.3
712.775	23.3
712.98	23.3
713.184	23.3
713.389	23.2
713.594	23.2
713.799	23.2
714.004	23.2
714.209	23.2
714.413	23.1
714.618	23.1
714.823	23.1
715.028	23.1
715.233	23
715.438	23
715.643	23
715.848	23
716.053	23
716.258	22.9
716.463	22.9
716.668	22.9
716.873	22.9
717.078	22.8
717.283	22.8
717.488	22.8
717.693	22.8
717.898	22.8
718.103	22.7
718.308	22.7
718.514	22.7
718.719	22.7
718.924	22.6
719.129	22.6
719.334	22.6
719.539	22.6
719.745	22.6
719.95	22.5
720.155	22.5
720.36	22.5
720.566	22.5
720.771	22.4
720.976	22.4
721.182	22.4
721.387	22.4
721.592	22.3
721.798	22.3
722.003	22.3
722.208	22.3
722.414	22.3
722.619	22.2
722.824	22.2
723.03	22.2
723.235	22.2
723.441	22.1
723.646	22.1
723.852	22.1
724.057	22.1
724.263	22.1
724.468	22
724.674	22
724.879	22
725.085	22
725.29	22
725.496	21.9
725.701	21.9
725.907	21.9
726.112	21.9
726.318	21.9
726.524	21.8
726.729	21.8
726.935	21.8
727.141	21.8
727.346	21.8
727.552	21.7
727.758	21.7
727.963	21.7
728.169	21.7
728.375	21.7
728.581	21.6
728.786	21.6
728.992	21.6
729.198	21.6
729.404	21.6
729.609	21.5
729.815	21.5
730.021	21.5
730.227	21.5
730.433	21.5
730.639	21.4
730.844	21.4
731.05	21.4
731.256	21.4
731.462	21.4
731.668	21.3
731.874	21.3
732.08	21.3
732.286	21.3
732.492	21.3
732.698	21.2
732.904	21.2
733.11	21.2
733.316	21.2
733.522	21.2
733.728	21.2
733.934	21.1
734.14	21.1
734.346	21.1
734.552	21.1
734.758	21.1
734.964	21
735.17	21
735.376	21
735.583	21
735.789	21
735.995	20.9
736.201	20.9
736.407	20.9
736.613	20.9
736.819	20.9
737.026	20.9
737.232	20.8
737.438	20.8
737.644	20.8
737.851	20.8
738.057	20.8
738.263	20.7
738.469	20.7
738.676	20.7
738.882	20.7
739.088	20.7
739.295	20.6
739.501	20.6
739.707	20.6
739.914	20.6
740.12	20.6
740.326	20.5
740.533	20.5
740.739	20.5
740.946	20.5
741.152	20.5
741.358	20.5
741.565	20.4
741.771	20.4
741.978	20.4
742.184	20.4
742.391	20.4
742.597	20.3
742.804	20.3
743.01	20.3
743.217	20.3
743.423	20.3
743.63	20.3
743.836	20.2
744.043	20.2
744.249	20.2
744.456	20.2
744.663	20.2
744.869	20.1
745.076	20.1
745.282	20.1
745.489	20.1
745.696	20.1
745.902	20.1
746.109	20.1
746.316	20
746.522	20
746.729	20
746.936	20
747.142	20
747.349	19.9
747.556	19.9
747.762	19.9
747.969	19.9
748.176	19.9
748.383	19.9
748.589	19.8
748.796	19.8
749.003	19.8
749.21	19.8
749.417	19.8
749.623	19.8
749.83	19.7
750.037	19.7
750.244	19.7
750.451	19.7
750.658	19.7
750.865	19.7
751.071	19.6
751.278	19.6
751.485	19.6
751.692	19.6
751.899	19.6
752.106	19.5
752.313	19.5
752.52	19.5
752.727	19.5
752.934	19.5
753.141	19.5
753.348	19.4
753.555	19.4
753.762	19.4
753.969	19.4
754.176	19.4
754.383	19.3
754.59	19.3
754.797	19.3
755.004	19.3
755.211	19.3
755.418	19.3
755.625	19.3
755.832	19.2
756.039	19.2
756.246	19.2
756.453	19.2
756.66	19.2
756.868	19.2
757.075	19.1
757.282	19.1
757.489	19.1
757.696	19.1
757.903	19.1
758.111	19.1
758.318	19
758.525	19
758.732	19
758.939	19
759.147	19
759.354	19
759.561	19
759.768	18.9
759.976	18.9
760.183	18.9
760.39	18.9
760.597	18.9
760.805	18.9
761.012	18.9
761.219	18.8
761.426	18.8
761.634	18.8
761.841	18.8
762.048	18.8
762.256	18.8
762.463	18.8
762.67	18.7
762.878	18.7
763.085	18.7
763.293	18.7
763.5	18.7
763.707	18.7
763.915	18.7
764.122	18.6
764.33	18.6
764.537	18.6
764.744	18.6
764.952	18.6
765.159	18.6
765.367	18.6
765.574	18.6
765.782	18.5
765.989	18.5
766.197	18.5
766.404	18.5
766.612	18.5
766.819	18.5
767.027	18.5
767.234	18.4
767.442	18.4
767.649	18.4
767.857	18.4
768.064	18.4
768.272	18.4
768.479	18.3
768.687	18.3
768.895	18.3
769.102	18.3
769.31	18.3
769.517	18.3
769.725	18.3
769.933	18.2
770.14	18.2
770.348	18.2
770.555	18.2
770.763	18.2
770.971	18.2
771.178	18.2
771.386	18.2
771.594	18.1
771.801	18.1
772.009	18.1
772.217	18.1
772.424	18.1
772.632	18.1
772.84	18
773.047	18
773.255	18
773.463	18
773.671	18
773.878	18
774.086	18
774.294	18
774.502	17.9
774.709	17.9
774.917	17.9
775.125	17.9
775.333	17.9
775.54	17.9
775.748	17.9
775.956	17.8
776.164	17.8
776.371	17.8
776.579	17.8
776.787	17.8
776.995	17.8
777.203	17.8
777.41	17.8
777.618	17.7
777.826	17.7
778.034	17.7
778.242	17.7
778.45	17.7
778.657	17.7
778.865	17.7
779.073	17.7
779.281	17.7
779.489	17.6
779.697	17.6
779.905	17.6
780.112	17.6
780.32	17.6
780.528	17.6
780.736	17.6
780.944	17.6
781.152	17.5
781.36	17.5
781.568	17.5
781.776	17.5
781.984	17.5
782.191	17.5
782.399	17.5
782.607	17.4
782.815	17.4
783.023	17.4
783.231	17.4
783.439	17.4
783.647	17.4
783.855	17.4
784.063	17.4
784.271	17.3
784.479	17.3
784.687	17.3
784.895	17.3
785.103	17.3
785.311	17.3
785.519	17.3
785.727	17.3
785.935	17.3
786.143	17.3
786.351	17.2
786.559	17.2
786.767	17.2
786.975	17.2
787.183	17.2
787.391	17.2
787.599	17.2
787.807	17.2
788.015	17.1
788.223	17.1
788.431	17.1
788.639	17.1
788.847	17.1
789.055	17.1
789.263	17.1
789.471	17.1
789.679	17.1
789.887	17.1
790.095	17.1
790.303	17.1
790.511	17.1
790.719	17
790.927	17
791.135	17
791.343	17
791.551	17
791.76	17
791.968	17
792.176	17
792.384	17
792.592	17
792.8	17
793.008	17
793.216	17
793.424	16.9
793.632	16.9
793.84	16.9
794.048	16.9
794.256	16.9
794.465	16.9
794.673	16.9
794.881	16.9
795.089	16.9
795.297	16.9
795.505	16.9
795.713	16.9
795.921	16.9
796.129	16.9
796.337	16.8
796.546	16.8
796.754	16.8
796.962	16.8
797.17	16.8
797.378	16.8
797.586	16.8
797.794	16.8
798.002	16.8
798.21	16.8
798.419	16.7
798.627	16.7
798.835	16.7
799.043	16.7
799.251	16.7
799.459	16.7
799.667	16.7
799.875	16.7
800.083	16.7
800.292	16.7
800.5	16.7
800.708	16.7
800.916	16.7
801.124	16.6
801.332	16.6
801.54	16.6
801.748	16.6
801.957	16.6
802.165	16.6
802.373	16.6
802.581	16.6
802.789	16.6
802.997	16.6
803.205	16.6
803.414	16.6
803.622	16.5
803.83	16.5
804.038	16.5
804.246	16.5
804.454	16.5
804.662	16.5
804.87	16.5
805.079	16.5
805.287	16.5
805.495	16.5
805.703	16.5
805.911	16.5
806.119	16.4
806.327	16.4
806.535	16.4
806.743	16.4
806.952	16.4
807.16	16.4
807.368	16.4
807.576	16.4
807.784	16.4
807.992	16.4
808.2	16.4
808.408	16.3
808.617	16.3
808.825	16.3
809.033	16.3
809.241	16.3
809.449	16.3
809.657	16.3
809.865	16.3
810.073	16.3
810.281	16.3
810.49	16.3
810.698	16.3
810.906	16.3
811.114	16.3
811.322	16.2
811.53	16.2
811.738	16.2
811.946	16.2
812.154	16.2
812.362	16.2
812.57	16.2
812.779	16.2
812.987	16.2
813.195	16.2
813.403	16.2
813.611	16.2
813.819	16.2
814.027	16.2
814.235	16.1
814.443	16.1
814.651	16.1
814.859	16.1
815.067	16.1
815.275	16.1
815.484	16.1
815.692	16.1
815.9	16.1
816.108	16.1
816.316	16.1
816.524	16.1
816.732	16.1
816.94	16.1
817.148	16.1
817.356	16.1
817.564	16.1
817.772	16.1
817.98	16.1
818.188	16.1
818.397	16.1
818.605	16.1
818.813	16.1
819.021	16.1
819.229	16.1
819.437	16
819.645	16
819.853	16
820.061	16
820.269	16
820.477	16
820.685	16
820.893	16
821.102	16
821.31	16
821.518	16
821.726	16
821.934	16
822.142	16
822.35	16
822.558	16
822.766	16
822.974	16
823.182	16
823.39	16
823.599	16
823.807	16
824.015	16
824.223	16
824.431	16
824.639	15.9
824.847	15.9
825.055	15.9
825.263	15.9
825.472	15.9
825.68	15.9
825.888	15.9
826.096	15.9
826.304	15.9
826.512	15.9
826.72	15.9
826.928	15.9
827.137	15.9
827.345	15.9
827.553	15.9
827.761	15.9
827.969	15.9
828.177	15.9
828.385	15.9
828.594	15.9
828.802	15.9
829.01	15.9
829.218	15.8
829.426	15.8
829.634	15.8
829.843	15.8
830.051	15.8
830.259	15.8
830.467	15.8
830.675	15.8
830.883	15.8
831.092	15.8
831.3	15.8
831.508	15.8
831.716	15.8
831.924	15.8
832.133	15.8
832.341	15.8
832.549	15.8
832.757	15.7
832.966	15.7
833.174	15.7
833.382	15.7
833.59	15.7
833.799	15.7
834.007	15.7
834.215	15.7
834.423	15.7
834.632	15.7
834.84	15.7
835.048	15.7
835.256	15.7
835.465	15.7
835.673	15.7
835.881	15.7
836.09	15.7
836.298	15.7
836.506	15.6
836.715	15.6
836.923	15.6
837.131	15.6
837.34	15.6
837.548	15.6
837.756	15.6
837.965	15.6
838.173	15.6
838.381	15.6
838.59	15.6
838.798	15.6
839.006	15.6
839.215	15.6
839.423	15.6
839.632	15.6
839.84	15.6
840.048	15.6
840.257	15.6
840.465	15.6
840.674	15.6
840.882	15.6
841.091	15.6
841.299	15.6
841.508	15.6
841.716	15.6
841.924	15.6
842.133	15.6
842.341	15.6
842.55	15.6
842.758	15.5
842.967	15.5
843.175	15.5
843.384	15.6
843.593	15.6
843.801	15.6
844.01	15.5
844.218	15.5
844.427	15.5
844.635	15.5
844.844	15.5
845.052	15.5
845.261	15.5
845.47	15.5
845.678	15.5
845.887	15.5
846.095	15.5
846.304	15.5
846.513	15.5
846.721	15.5
846.93	15.5
847.139	15.4
847.347	15.4
847.556	15.4
847.765	15.4
847.973	15.4
848.182	15.4
848.391	15.4
848.6	15.4
848.808	15.5
849.017	15.5
849.226	15.5
849.435	15.5
849.643	15.4
849.852	15.5
850.061	15.4
850.27	15.4
850.478	15.4
850.687	15.4
850.896	15.4
851.105	15.5
851.314	15.5
851.523	15.5
851.731	15.5
851.94	15.5
852.149	15.4
852.358	15.5
852.567	15.5
852.776	15.5
852.985	15.5
853.194	15.5
853.403	15.5
853.612	15.5
853.821	15.5
854.03	15.5
854.239	15.5
854.447	15.5
854.656	15.5
854.865	15.5
855.075	15.4
855.284	15.4
855.493	15.5
855.702	15.5
855.911	15.5
856.12	15.5
856.329	15.4
856.538	15.4
856.747	15.4
856.956	15.4
857.165	15.4
857.374	15.4
857.584	15.4
857.793	15.4
858.002	15.4
858.211	15.4
858.42	15.4
858.629	15.4
858.839	15.4
859.048	15.4
859.257	15.4
859.466	15.4
859.676	15.4
859.885	15.4
860.094	15.4
860.304	15.4
860.513	15.4
860.722	15.4
860.932	15.3
861.141	15.3
861.35	15.3
861.56	15.3
861.769	15.4
861.978	15.4
862.188	15.4
862.397	15.4
862.607	15.4
862.816	15.4
863.026	15.4
863.235	15.4
863.445	15.4
863.654	15.4
863.864	15.4
864.073	15.4
864.283	15.4
864.492	15.4
864.702	15.4
864.911	15.4
865.121	15.4
865.33	15.4
865.54	15.4
865.75	15.4
865.959	15.4
866.169	15.4
866.379	15.4
866.588	15.4
866.798	15.4
867.008	15.4
867.218	15.4
867.427	15.4
867.637	15.4
867.847	15.4
868.057	15.4
868.266	15.4
868.476	15.4
868.686	15.4
868.896	15.4
869.106	15.4
869.316	15.4
869.525	15.4
869.735	15.4
869.945	15.4
870.155	15.4
870.365	15.4
870.575	15.4
870.785	15.4
870.995	15.4
871.205	15.4
871.415	15.4
871.625	15.4
871.835	15.4
872.045	15.4
872.255	15.4
872.465	15.4
872.675	15.4
872.886	15.4
873.096	15.4
873.306	15.4
873.516	15.4
873.726	15.4
873.936	15.4
874.147	15.4
874.357	15.4
874.567	15.4
874.777	15.4
874.988	15.4
875.198	15.3
875.408	15.3
875.619	15.3
875.829	15.3
876.039	15.3
876.25	15.3
876.46	15.3
876.67	15.3
876.881	15.4
877.091	15.4
877.302	15.3
877.512	15.3
877.723	15.3
877.933	15.3
878.144	15.3
878.354	15.3
878.565	15.3
878.775	15.3
878.986	15.2
879.197	15.2
879.407	15.2
879.618	15.2
879.829	15.2
880.039	15.2
880.25	15.2
880.461	15.2
880.671	15.2
880.882	15.2
881.093	15.2
881.304	15.2
881.515	15.2
881.725	15.2
881.936	15.2
882.147	15.2
882.358	15.2
882.569	15.3
882.78	15.3
882.991	15.3
883.202	15.3
883.413	15.2
883.624	15.2
883.835	15.2
884.046	15.2
884.257	15.2
884.468	15.2
884.679	15.2
884.89	15.2
885.101	15.2
885.312	15.2
885.523	15.2
885.735	15.2
885.946	15.2
886.157	15.2
886.368	15.2
886.579	15.2
886.791	15.2
887.002	15.2
887.213	15.3
887.425	15.3
887.636	15.3
887.847	15.3
888.059	15.3
888.27	15.3
888.481	15.3
888.693	15.3
888.904	15.3
889.116	15.3
889.327	15.3
889.539	15.3
889.75	15.3
889.962	15.3
890.174	15.3
890.385	15.3
890.597	15.3
890.808	15.3
891.02	15.3
891.232	15.3
891.444	15.3
891.655	15.3
891.867	15.3
892.079	15.3
892.291	15.3
892.502	15.3
892.714	15.3
892.926	15.3
893.138	15.3
893.35	15.4
893.562	15.4
893.774	15.4
893.986	15.4
894.198	15.4
894.41	15.4
894.622	15.4
894.834	15.4
895.046	15.4
895.258	15.4
895.47	15.4
895.682	15.4
895.894	15.4
896.106	15.4
896.319	15.4
896.531	15.4
896.743	15.4
896.955	15.4
897.168	15.4
897.38	15.4
897.592	15.4
897.805	15.4
898.017	15.5
898.229	15.5
898.442	15.5
898.654	15.5
898.867	15.5
899.079	15.5
899.292	15.5
899.504	15.5
899.717	15.5
899.929	15.5
900.142	15.5
900.355	15.5
900.567	15.5
900.78	15.5
900.993	15.5
901.205	15.5
901.418	15.5
901.631	15.5
901.844	15.5
902.056	15.5
902.269	15.5
902.482	15.5
902.695	15.5
902.908	15.5
903.121	15.5
903.334	15.4
903.547	15.5
903.76	15.4
903.973	15.4
904.186	15.4
904.399	15.4
904.612	15.4
904.825	15.4
905.038	15.4
905.251	15.5
905.465	15.5
905.678	15.5
905.891	15.5
906.104	15.4
906.318	15.4
906.531	15.4
906.744	15.4
906.958	15.4
907.171	15.4
907.384	15.4
907.598	15.4
907.811	15.4
908.025	15.4
908.238	15.4
908.452	15.4
908.665	15.4
908.879	15.4
909.093	15.4
909.306	15.3
909.52	15.3
909.734	15.3
909.947	15.3
910.161	15.3
910.375	15.3
910.589	15.3
910.803	15.3
911.016	15.3
911.23	15.3
911.444	15.4
911.658	15.3
911.872	15.3
912.086	15.3
912.3	15.3
912.514	15.3
912.728	15.3
912.942	15.3
913.156	15.3
913.37	15.3
913.585	15.3
913.799	15.4
914.013	15.4
914.227	15.4
914.442	15.3
914.656	15.3
914.87	15.3
915.084	15.4
915.299	15.4
915.513	15.4
915.728	15.4
915.942	15.4
916.157	15.4
916.371	15.3
916.586	15.3
916.8	15.3
917.015	15.3
917.229	15.3
917.444	15.3
917.659	15.3
917.874	15.3
918.088	15.4
918.303	15.4
918.518	15.4
918.733	15.4
918.947	15.4
919.162	15.4
919.377	15.4
919.592	15.4
919.807	15.4
920.022	15.4
920.237	15.4
920.452	15.5
920.667	15.5
920.882	15.5
921.097	15.5
921.313	15.5
921.528	15.5
921.743	15.5
921.958	15.5
922.174	15.5
922.389	15.6
922.604	15.6
922.82	15.6
923.035	15.6
923.25	15.6
923.466	15.6
923.681	15.6
923.897	15.6
924.112	15.6
924.328	15.6
924.544	15.6
924.759	15.6
924.975	15.7
925.19	15.7
925.406	15.7
925.622	15.7
925.838	15.8
926.054	15.8
926.269	15.8
926.485	15.9
926.701	15.9
926.917	15.9
927.133	15.9
927.349	15.9
927.565	15.9
927.781	15.9
927.997	15.9
928.213	15.9
928.429	15.9
928.646	15.9
928.862	15.9
929.078	16
929.294	16
929.511	16
929.727	16
929.943	16
930.16	16
930.376	16
930.592	16.1
930.809	16.1
931.025	16.1
931.242	16.1
931.459	16.2
931.675	16.2
931.892	16.2
932.108	16.2
932.325	16.3
932.542	16.3
932.759	16.3
932.975	16.3
933.192	16.3
933.409	16.3
933.626	16.3
933.843	16.3
934.06	16.3
934.277	16.3
934.494	16.3
934.711	16.3
934.928	16.3
935.145	16.3
935.362	16.4
935.58	16.4
935.797	16.3
936.014	16.3
936.231	16.3
936.449	16.3
936.666	16.2
936.883	16.2
937.101	16.3
937.318	16.3
937.536	16.2
937.753	16.3
937.971	16.3
938.188	16.4
938.406	16.4
938.624	16.4
938.841	16.4
939.059	16.5
939.277	16.5
939.494	16.5
939.712	16.5
939.93	16.4
