360.161	14.6
360.333	14.5
360.504	14.4
360.676	14.3
360.847	14.2
361.019	14.2
361.19	14.2
361.361	14.2
361.533	14.3
361.704	14.2
361.876	14.1
362.047	14.1
362.219	14.1
362.391	14.1
362.562	14.1
362.734	14
362.905	14
363.077	14
363.248	14
363.42	13.9
363.592	13.9
363.763	13.9
363.935	13.9
364.106	13.9
364.278	13.8
364.45	13.8
364.621	13.7
364.793	13.7
364.965	13.8
365.137	13.7
365.308	13.6
365.48	13.5
365.652	13.5
365.824	13.5
365.995	13.3
366.167	13.3
366.339	13.3
366.511	13.3
366.683	13.3
366.854	13.2
367.026	13.2
367.198	13.1
367.37	13.2
367.542	13.2
367.714	13.2
367.886	13.2
368.058	13.2
368.23	13.2
368.402	13.2
368.574	13.1
368.746	13.1
368.918	13.1
369.09	13.1
369.262	13
369.434	13
369.606	13
369.778	13
369.95	12.9
370.122	12.9
370.294	12.9
370.467	12.9
370.639	12.8
370.811	12.8
370.983	12.8
371.155	12.7
371.328	12.7
371.5	12.7
371.672	12.7
371.844	12.7
372.017	12.6
372.189	12.6
372.361	12.6
372.534	12.5
372.706	12.5
372.878	12.5
373.051	12.5
373.223	12.5
373.396	12.4
373.568	12.4
373.741	12.4
373.913	12.4
374.086	12.4
374.258	12.4
374.431	12.3
374.603	12.3
374.776	12.3
374.949	12.2
375.121	12.2
375.294	12.2
375.467	12.1
375.639	12.1
375.812	12
375.985	12
376.157	12
376.33	12
376.503	12
376.676	12
376.849	11.9
377.021	11.9
377.194	11.8
377.367	11.8
377.54	11.8
377.713	11.8
377.886	11.7
378.059	11.7
378.232	11.8
378.405	11.8
378.578	11.8
378.751	11.8
378.924	11.8
379.097	11.7
379.27	11.7
379.444	11.7
379.617	11.7
379.79	11.7
379.963	11.7
380.136	11.7
380.31	11.7
380.483	11.7
380.656	11.7
380.829	11.7
381.003	11.6
381.176	11.6
381.35	11.5
381.523	11.5
381.696	11.5
381.87	11.5
382.043	11.5
382.217	11.4
382.39	11.4
382.564	11.4
382.738	11.4
382.911	11.4
383.085	11.4
383.258	11.4
383.432	11.4
383.606	11.4
383.779	11.4
383.953	11.4
384.127	11.4
384.301	11.3
384.475	11.3
384.648	11.3
384.822	11.3
384.996	11.3
385.17	11.3
385.344	11.3
385.518	11.3
385.692	11.2
385.866	11.2
386.04	11.1
386.214	11.1
386.388	11.1
386.562	11.1
386.737	11.1
386.911	11.1
387.085	11.1
387.259	11.1
387.434	11.1
387.608	11.1
387.782	11
387.956	11.1
388.131	11.1
388.305	11.1
388.48	11.1
388.654	11.1
388.829	11.1
389.003	11.1
389.178	11
389.352	11.1
389.527	11.1
389.701	11
389.876	11
390.051	11
390.226	11
390.4	11
390.575	11
390.75	11
390.925	11
391.099	11
391.274	11
391.449	11
391.624	11
391.799	11
391.974	11
392.149	11
392.324	11
392.499	11
392.675	11
392.85	11
393.025	11
393.2	11
393.375	11
393.551	11
393.726	11
393.901	11
394.077	11
394.252	11
394.427	11
394.603	11
394.778	11
394.954	11
395.129	11
395.305	11
395.481	11
395.656	11
395.832	11
396.008	10.9
396.184	10.9
396.359	10.9
396.535	10.9
396.711	10.9
396.887	10.9
397.063	10.9
397.239	10.9
397.415	10.9
397.591	10.9
397.767	10.9
397.943	10.9
398.119	10.9
398.295	10.9
398.471	10.9
398.648	10.9
398.824	10.9
399	10.9
399.176	10.9
399.353	10.9
399.529	10.9
399.706	10.9
399.882	10.9
400.058	10.9
400.235	11
400.412	11
400.588	11
400.765	11
400.942	11
401.118	11
401.295	11
401.472	11
401.649	11
401.825	11
402.002	11
402.179	11
402.356	10.9
402.533	10.9
402.71	10.9
402.887	10.9
403.064	10.9
403.242	10.9
403.419	11
403.596	11
403.773	11
403.95	11
404.128	11
404.305	11
404.483	11
404.66	11
404.837	10.9
405.015	10.9
405.193	11
405.37	11
405.548	11
405.725	10.9
405.903	10.9
406.081	10.9
406.259	10.9
406.437	10.9
406.614	10.9
406.792	10.9
406.97	11
407.148	11
407.326	10.9
407.504	10.9
407.682	10.9
407.86	10.9
408.039	10.9
408.217	10.9
408.395	10.9
408.573	10.9
408.751	10.9
408.93	10.9
409.108	10.9
409.287	11
409.465	11
409.643	11
409.822	11
410	11
410.179	11
410.358	11
410.536	11
410.715	11
410.894	11
411.072	11
411.251	11
411.43	11
411.609	11
411.788	11
411.967	11
412.146	11
412.325	11
412.504	11
412.683	11
412.862	11
413.041	11.1
413.22	11.1
413.399	11.1
413.578	11.1
413.758	11.1
413.937	11.1
414.116	11.1
414.296	11.1
414.475	11.1
414.654	11.1
414.834	11.1
415.013	11.1
415.193	11.1
415.372	11.1
415.552	11.1
415.732	11.1
415.911	11.1
416.091	11.1
416.271	11.1
416.45	11.2
416.63	11.2
416.81	11.2
416.99	11.2
417.169	11.2
417.349	11.2
417.529	11.2
417.709	11.2
417.889	11.2
418.069	11.3
418.249	11.3
418.429	11.3
418.609	11.3
418.789	11.3
418.97	11.3
419.15	11.3
419.33	11.3
419.51	11.3
419.691	11.4
419.871	11.4
420.051	11.4
420.232	11.4
420.412	11.4
420.592	11.4
420.773	11.4
420.953	11.4
421.134	11.4
421.314	11.4
421.495	11.4
421.675	11.4
421.856	11.4
422.037	11.4
422.217	11.5
422.398	11.5
422.579	11.5
422.76	11.5
422.94	11.5
423.121	11.5
423.302	11.5
423.483	11.5
423.664	11.6
423.845	11.6
424.026	11.6
424.207	11.6
424.388	11.6
424.569	11.6
424.75	11.6
424.931	11.7
425.112	11.7
425.293	11.7
425.474	11.7
425.655	11.7
425.837	11.8
426.018	11.8
426.199	11.8
426.38	11.8
426.562	11.8
426.743	11.9
426.924	11.9
427.106	11.9
427.287	11.9
427.469	11.9
427.65	12
427.832	12
428.013	12
428.195	12
428.376	12.1
428.558	12.1
428.739	12.1
428.921	12.1
429.103	12.1
429.284	12.2
429.466	12.2
429.648	12.2
429.83	12.2
430.011	12.3
430.193	12.3
430.375	12.3
430.557	12.3
430.739	12.4
430.921	12.4
431.102	12.5
431.284	12.5
431.466	12.5
431.648	12.6
431.83	12.6
432.012	12.6
432.194	12.7
432.377	12.7
432.559	12.7
432.741	12.8
432.923	12.8
433.105	12.8
433.287	12.9
433.469	12.9
433.652	12.9
433.834	13
434.016	13
434.198	13.1
434.381	13.1
434.563	13.1
434.745	13.2
434.928	13.2
435.11	13.3
435.293	13.3
435.475	13.4
435.658	13.4
435.84	13.5
436.022	13.5
436.205	13.6
436.388	13.6
436.57	13.7
436.753	13.7
436.935	13.8
437.118	13.8
437.301	13.9
437.483	14
437.666	14
437.849	14.1
438.031	14.1
438.214	14.2
438.397	14.2
438.58	14.3
438.762	14.3
438.945	14.4
439.128	14.5
439.311	14.5
439.494	14.6
439.677	14.6
439.859	14.7
440.042	14.8
440.225	14.9
440.408	14.9
440.591	15
440.774	15.1
440.957	15.1
441.14	15.2
441.323	15.3
441.507	15.4
441.69	15.4
441.873	15.5
442.056	15.6
442.239	15.7
442.422	15.7
442.605	15.8
442.789	15.9
442.972	16
443.155	16
443.338	16.1
443.522	16.2
443.705	16.3
443.888	16.4
444.072	16.4
444.255	16.5
444.438	16.6
444.622	16.7
444.805	16.8
444.989	16.9
445.172	16.9
445.356	17
445.539	17.1
445.723	17.2
445.906	17.3
446.09	17.4
446.273	17.5
446.457	17.5
446.64	17.6
446.824	17.7
447.008	17.8
447.191	17.9
447.375	18
447.559	18.1
447.742	18.2
447.926	18.3
448.11	18.4
448.293	18.4
448.477	18.5
448.661	18.6
448.845	18.7
449.029	18.8
449.212	18.9
449.396	19
449.58	19.1
449.764	19.2
449.948	19.3
450.132	19.3
450.316	19.4
450.5	19.5
450.684	19.6
450.868	19.7
451.052	19.8
451.236	19.9
451.42	20
451.604	20.1
451.788	20.2
451.972	20.3
452.156	20.3
452.34	20.4
452.525	20.5
452.709	20.6
452.893	20.7
453.077	20.8
453.261	20.9
453.446	21
453.63	21
453.814	21.1
453.998	21.2
454.183	21.3
454.367	21.4
454.551	21.5
454.736	21.6
454.92	21.6
455.104	21.7
455.289	21.8
455.473	21.9
455.658	22
455.842	22.1
456.026	22.2
456.211	22.3
456.395	22.3
456.58	22.4
456.764	22.5
456.949	22.6
457.134	22.7
457.318	22.7
457.503	22.8
457.687	22.9
457.872	23
458.057	23
458.241	23.1
458.426	23.2
458.611	23.3
458.795	23.3
458.98	23.4
459.165	23.5
459.349	23.6
459.534	23.6
459.719	23.7
459.904	23.8
460.088	23.8
460.273	23.9
460.458	24
460.643	24
460.828	24.1
461.013	24.2
461.198	24.2
461.382	24.3
461.567	24.3
461.752	24.4
461.937	24.5
462.122	24.5
462.307	24.6
462.492	24.6
462.677	24.7
462.862	24.8
463.047	24.8
463.232	24.9
463.417	24.9
463.602	25
463.788	25
463.973	25.1
464.158	25.1
464.343	25.2
464.528	25.2
464.713	25.2
464.898	25.3
465.084	25.3
465.269	25.4
465.454	25.4
465.639	25.5
465.824	25.5
466.01	25.5
466.195	25.6
466.38	25.6
466.566	25.7
466.751	25.7
466.936	25.7
467.122	25.8
467.307	25.8
467.492	25.9
467.678	25.9
467.863	26
468.048	26
468.234	26
468.419	26.1
468.605	26.1
468.79	26.1
468.976	26.2
469.161	26.2
469.347	26.2
469.532	26.3
469.718	26.3
469.903	26.3
470.089	26.3
470.274	26.4
470.46	26.4
470.646	26.4
470.831	26.4
471.017	26.5
471.202	26.5
471.388	26.5
471.574	26.6
471.759	26.6
471.945	26.6
472.131	26.6
472.317	26.7
472.502	26.7
472.688	26.7
472.874	26.7
473.059	26.7
473.245	26.8
473.431	26.8
473.617	26.8
473.803	26.8
473.988	26.9
474.174	26.9
474.36	26.9
474.546	26.9
474.732	27
474.918	27
475.104	27
475.29	27
475.475	27
475.661	27
475.847	27.1
476.033	27.1
476.219	27.1
476.405	27.1
476.591	27.1
476.777	27.1
476.963	27.2
477.149	27.2
477.335	27.2
477.521	27.2
477.707	27.2
477.893	27.3
478.08	27.3
478.266	27.3
478.452	27.3
478.638	27.3
478.824	27.3
479.01	27.4
479.196	27.4
479.382	27.4
479.569	27.4
479.755	27.4
479.941	27.4
480.127	27.4
480.313	27.5
480.5	27.5
480.686	27.5
480.872	27.5
481.058	27.5
481.245	27.5
481.431	27.6
481.617	27.6
481.803	27.6
481.99	27.6
482.176	27.6
482.362	27.6
482.549	27.6
482.735	27.6
482.921	27.7
483.108	27.7
483.294	27.7
483.481	27.7
483.667	27.7
483.853	27.7
484.04	27.8
484.226	27.8
484.413	27.8
484.599	27.8
484.786	27.8
484.972	27.8
485.159	27.8
485.345	27.8
485.532	27.9
485.718	27.9
485.905	27.9
486.091	27.9
486.278	27.9
486.464	27.9
486.651	27.9
486.837	27.9
487.024	28
487.211	28
487.397	28
487.584	28
487.77	28
487.957	28
488.144	28
488.33	28
488.517	28.1
488.704	28.1
488.89	28.1
489.077	28.1
489.264	28.1
489.45	28.1
489.637	28.1
489.824	28.1
490.01	28.1
490.197	28.2
490.384	28.2
490.571	28.2
490.757	28.2
490.944	28.2
491.131	28.2
491.318	28.2
491.505	28.2
491.691	28.2
491.878	28.3
492.065	28.3
492.252	28.3
492.439	28.3
492.626	28.3
492.812	28.3
492.999	28.3
493.186	28.3
493.373	28.3
493.56	28.4
493.747	28.4
493.934	28.4
494.121	28.4
494.308	28.4
494.494	28.4
494.681	28.4
494.868	28.4
495.055	28.4
495.242	28.5
495.429	28.5
495.616	28.5
495.803	28.5
495.99	28.5
496.177	28.5
496.364	28.5
496.551	28.5
496.738	28.5
496.925	28.5
497.112	28.5
497.299	28.6
497.486	28.6
497.673	28.6
497.861	28.6
498.048	28.6
498.235	28.6
498.422	28.6
498.609	28.6
498.796	28.6
498.983	28.6
499.17	28.6
499.357	28.6
499.544	28.7
499.732	28.7
499.919	28.7
500.106	28.7
500.293	28.7
500.48	28.7
500.667	28.7
500.855	28.7
501.042	28.7
501.229	28.8
501.416	28.8
501.603	28.8
501.791	28.8
501.978	28.8
502.165	28.8
502.352	28.8
502.54	28.8
502.727	28.8
502.914	28.8
503.101	28.8
503.289	28.9
503.476	28.9
503.663	28.9
503.85	28.9
504.038	28.9
504.225	28.9
504.412	28.9
504.6	28.9
504.787	28.9
504.974	29
505.161	29
505.349	29
505.536	29
505.723	29
505.911	29
506.098	29
506.286	29
506.473	29
506.66	29.1
506.848	29.1
507.035	29.1
507.222	29.1
507.41	29.1
507.597	29.1
507.785	29.1
507.972	29.1
508.159	29.1
508.347	29.2
508.534	29.2
508.722	29.2
508.909	29.2
509.097	29.2
509.284	29.2
509.471	29.2
509.659	29.2
509.846	29.2
510.034	29.2
510.221	29.3
510.409	29.3
510.596	29.3
510.784	29.3
510.971	29.3
511.159	29.3
511.346	29.3
511.534	29.3
511.721	29.3
511.909	29.3
512.096	29.4
512.284	29.4
512.471	29.4
512.659	29.4
512.846	29.4
513.034	29.4
513.221	29.4
513.409	29.4
513.596	29.4
513.784	29.5
513.972	29.5
514.159	29.5
514.347	29.5
514.534	29.5
514.722	29.5
514.909	29.5
515.097	29.5
515.285	29.5
515.472	29.5
515.66	29.5
515.847	29.6
516.035	29.6
516.222	29.6
516.41	29.6
516.598	29.6
516.785	29.6
516.973	29.6
517.161	29.6
517.348	29.6
517.536	29.7
517.723	29.7
517.911	29.7
518.099	29.7
518.286	29.7
518.474	29.7
518.662	29.7
518.849	29.7
519.037	29.8
519.225	29.8
519.412	29.8
519.6	29.8
519.787	29.8
519.975	29.8
520.163	29.8
520.35	29.8
520.538	29.8
520.726	29.8
520.914	29.9
521.101	29.9
521.289	29.9
521.477	29.9
521.664	29.9
521.852	29.9
522.04	29.9
522.227	29.9
522.415	29.9
522.603	30
522.79	30
522.978	30
523.166	30
523.354	30
523.541	30
523.729	30
523.917	30
524.104	30
524.292	30.1
524.48	30.1
524.668	30.1
524.855	30.1
525.043	30.1
525.231	30.1
525.418	30.1
525.606	30.1
525.794	30.1
525.982	30.2
526.169	30.2
526.357	30.2
526.545	30.2
526.733	30.2
526.92	30.2
527.108	30.3
527.296	30.3
527.484	30.3
527.671	30.3
527.859	30.3
528.047	30.3
528.235	30.3
528.422	30.3
528.61	30.4
528.798	30.4
528.986	30.4
529.173	30.4
529.361	30.4
529.549	30.4
529.737	30.4
529.924	30.4
530.112	30.4
530.3	30.5
530.488	30.5
530.675	30.5
530.863	30.5
531.051	30.5
531.239	30.5
531.426	30.5
531.614	30.5
531.802	30.5
531.99	30.5
532.177	30.6
532.365	30.6
532.553	30.6
532.741	30.6
532.928	30.6
533.116	30.6
533.304	30.6
533.492	30.6
533.679	30.6
533.867	30.6
534.055	30.7
534.243	30.7
534.431	30.7
534.618	30.7
534.806	30.7
534.994	30.7
535.182	30.7
535.369	30.7
535.557	30.7
535.745	30.7
535.933	30.8
536.12	30.8
536.308	30.8
536.496	30.8
536.684	30.8
536.871	30.8
537.059	30.8
537.247	30.8
537.435	30.9
537.622	30.9
537.81	30.9
537.998	30.9
538.186	30.9
538.373	30.9
538.561	30.9
538.749	30.9
538.937	31
539.124	31
539.312	31
539.5	31
539.688	31
539.875	31
540.063	31
540.251	31.1
540.439	31.1
540.626	31.1
540.814	31.1
541.002	31.1
541.19	31.1
541.377	31.1
541.565	31.1
541.753	31.1
541.941	31.2
542.128	31.2
542.316	31.2
542.504	31.2
542.691	31.2
542.879	31.2
543.067	31.2
543.255	31.2
543.442	31.2
543.63	31.2
543.818	31.2
544.005	31.2
544.193	31.2
544.381	31.3
544.568	31.3
544.756	31.3
544.944	31.3
545.132	31.3
545.319	31.3
545.507	31.3
545.695	31.3
545.882	31.4
546.07	31.4
546.258	31.4
546.445	31.4
546.633	31.4
546.821	31.4
547.008	31.4
547.196	31.4
547.384	31.4
547.571	31.4
547.759	31.4
547.947	31.5
548.134	31.5
548.322	31.5
548.51	31.5
548.697	31.5
548.885	31.5
549.073	31.5
549.26	31.5
549.448	31.5
549.636	31.5
549.823	31.6
550.011	31.6
550.199	31.6
550.386	31.6
550.574	31.6
550.762	31.6
550.949	31.6
551.137	31.6
551.325	31.6
551.512	31.7
551.7	31.7
551.888	31.7
552.075	31.7
552.263	31.7
552.451	31.7
552.639	31.7
552.826	31.7
553.014	31.7
553.202	31.8
553.389	31.8
553.577	31.8
553.765	31.8
553.953	31.8
554.14	31.8
554.328	31.8
554.516	31.8
554.704	31.9
554.891	31.9
555.079	31.9
555.267	31.9
555.455	31.9
555.643	31.9
555.83	31.9
556.018	31.9
556.206	32
556.394	32
556.582	32
556.77	32
556.957	32
557.145	32
557.333	32
557.521	32.1
557.709	32.1
557.897	32.1
558.085	32.1
558.273	32.1
558.461	32.1
558.649	32.1
558.837	32.1
559.025	32.2
559.213	32.2
559.4	32.2
559.588	32.2
559.777	32.2
559.965	32.2
560.153	32.2
560.341	32.2
560.529	32.3
560.717	32.3
560.905	32.3
561.093	32.3
561.281	32.3
561.469	32.3
561.657	32.3
561.845	32.3
562.034	32.3
562.222	32.4
562.41	32.4
562.598	32.4
562.786	32.4
562.975	32.4
563.163	32.4
563.351	32.4
563.539	32.4
563.728	32.4
563.916	32.4
564.104	32.5
564.293	32.5
564.481	32.5
564.67	32.5
564.858	32.5
565.046	32.5
565.235	32.5
565.423	32.5
565.612	32.5
565.8	32.5
565.989	32.5
566.177	32.5
566.366	32.6
566.554	32.6
566.743	32.6
566.932	32.6
567.12	32.6
567.309	32.6
567.497	32.6
567.686	32.6
567.875	32.6
568.064	32.6
568.252	32.6
568.441	32.6
568.63	32.6
568.819	32.6
569.007	32.6
569.196	32.6
569.385	32.6
569.574	32.7
569.763	32.7
569.952	32.7
570.141	32.7
570.33	32.7
570.519	32.7
570.708	32.7
570.897	32.7
571.086	32.7
571.275	32.7
571.464	32.7
571.653	32.7
571.843	32.7
572.032	32.7
572.221	32.8
572.41	32.8
572.599	32.8
572.789	32.8
572.978	32.8
573.167	32.8
573.357	32.8
573.546	32.8
573.736	32.8
573.925	32.8
574.115	32.8
574.304	32.8
574.494	32.8
574.683	32.8
574.873	32.8
575.062	32.8
575.252	32.8
575.442	32.8
575.631	32.8
575.821	32.8
576.011	32.8
576.201	32.8
576.39	32.9
576.58	32.9
576.77	32.9
576.96	32.9
577.15	32.9
577.34	32.9
577.53	32.9
577.72	32.9
577.91	32.9
578.1	32.9
578.29	32.9
578.48	32.9
578.67	32.9
578.861	32.9
579.051	32.9
579.241	32.9
579.431	32.9
579.622	32.9
579.812	32.9
580.002	32.9
580.193	32.9
580.383	32.9
580.574	32.9
580.764	32.9
580.955	32.9
581.145	32.9
581.336	32.9
581.526	32.9
581.717	33
581.908	33
582.098	33
582.289	33
582.48	33
582.671	33
582.862	33
583.052	33
583.243	33
583.434	33
583.625	33
583.816	33
584.007	33
584.198	33
584.389	33
584.58	33
584.771	33
584.962	33
585.154	33.1
585.345	33.1
585.536	33.1
585.727	33.1
585.918	33.1
586.11	33.1
586.301	33.1
586.492	33.1
586.684	33.1
586.875	33.1
587.067	33.1
587.258	33.1
587.45	33.2
587.641	33.2
587.833	33.2
588.024	33.2
588.216	33.2
588.408	33.2
588.599	33.2
588.791	33.2
588.983	33.2
589.174	33.2
589.366	33.2
589.558	33.2
589.75	33.2
589.942	33.2
590.134	33.2
590.326	33.2
590.518	33.2
590.71	33.3
590.902	33.3
591.094	33.3
591.286	33.3
591.478	33.3
591.67	33.3
591.862	33.3
592.054	33.3
592.246	33.3
592.439	33.3
592.631	33.3
592.823	33.3
593.016	33.3
593.208	33.3
593.4	33.4
593.593	33.4
593.785	33.4
593.978	33.4
594.17	33.4
594.363	33.4
594.555	33.4
594.748	33.4
594.94	33.4
595.133	33.4
595.326	33.4
595.518	33.4
595.711	33.4
595.904	33.4
596.096	33.4
596.289	33.4
596.482	33.4
596.675	33.4
596.868	33.4
597.061	33.4
597.254	33.5
597.447	33.5
597.64	33.5
597.833	33.5
598.026	33.5
598.219	33.5
598.412	33.5
598.605	33.5
598.798	33.5
598.991	33.5
599.184	33.5
599.378	33.5
599.571	33.5
599.764	33.5
599.957	33.5
600.151	33.5
600.344	33.5
600.538	33.5
600.731	33.6
600.924	33.6
601.118	33.6
601.311	33.6
601.505	33.6
601.698	33.6
601.892	33.6
602.086	33.6
602.279	33.6
602.473	33.6
602.667	33.6
602.86	33.6
603.054	33.6
603.248	33.6
603.442	33.6
603.635	33.6
603.829	33.6
604.023	33.6
604.217	33.6
604.411	33.6
604.605	33.6
604.799	33.6
604.993	33.6
605.187	33.6
605.381	33.6
605.575	33.6
605.769	33.6
605.963	33.7
606.157	33.7
606.352	33.7
606.546	33.7
606.74	33.7
606.934	33.7
607.129	33.7
607.323	33.7
607.517	33.7
607.712	33.7
607.906	33.7
608.1	33.7
608.295	33.7
608.489	33.7
608.684	33.7
608.878	33.7
609.073	33.7
609.267	33.7
609.462	33.7
609.657	33.7
609.851	33.7
610.046	33.7
610.241	33.7
610.435	33.7
610.63	33.7
610.825	33.7
611.02	33.7
611.215	33.7
611.41	33.7
611.604	33.8
611.799	33.8
611.994	33.8
612.189	33.8
612.384	33.8
612.579	33.8
612.774	33.8
612.969	33.8
613.164	33.8
613.359	33.8
613.555	33.8
613.75	33.8
613.945	33.8
614.14	33.8
614.335	33.8
614.531	33.8
614.726	33.8
614.921	33.8
615.117	33.8
615.312	33.8
615.507	33.8
615.703	33.8
615.898	33.8
616.094	33.8
616.289	33.8
616.485	33.8
616.68	33.8
616.876	33.8
617.071	33.8
617.267	33.8
617.463	33.8
617.658	33.8
617.854	33.8
618.05	33.8
618.245	33.8
618.441	33.8
618.637	33.8
618.833	33.8
619.029	33.8
619.225	33.8
619.42	33.8
619.616	33.8
619.812	33.8
620.008	33.8
620.204	33.8
620.4	33.8
620.596	33.8
620.792	33.8
620.988	33.8
621.184	33.8
621.381	33.8
621.577	33.8
621.773	33.8
621.969	33.8
622.165	33.8
622.362	33.8
622.558	33.8
622.754	33.8
622.951	33.8
623.147	33.8
623.343	33.8
623.54	33.8
623.736	33.8
623.933	33.8
624.129	33.8
624.326	33.8
624.522	33.8
624.719	33.8
624.915	33.8
625.112	33.8
625.308	33.8
625.505	33.8
625.702	33.8
625.898	33.8
626.095	33.8
626.292	33.8
626.489	33.8
626.685	33.8
626.882	33.8
627.079	33.8
627.276	33.8
627.473	33.8
627.67	33.8
627.866	33.8
628.063	33.8
628.26	33.8
628.457	33.8
628.654	33.8
628.851	33.8
629.048	33.8
629.246	33.8
629.443	33.8
629.64	33.8
629.837	33.8
630.034	33.8
630.231	33.8
630.429	33.8
630.626	33.8
630.823	33.8
631.02	33.8
631.218	33.8
631.415	33.8
631.612	33.8
631.81	33.8
632.007	33.8
632.205	33.8
632.402	33.8
632.6	33.8
632.797	33.8
632.995	33.8
633.192	33.8
633.39	33.8
633.587	33.8
633.785	33.8
633.983	33.8
634.18	33.8
634.378	33.8
634.576	33.8
634.773	33.8
634.971	33.8
635.169	33.8
635.367	33.8
635.565	33.8
635.762	33.8
635.96	33.8
636.158	33.8
636.356	33.8
636.554	33.8
636.752	33.8
636.95	33.8
637.148	33.8
637.346	33.8
637.544	33.8
637.742	33.8
637.94	33.8
638.138	33.8
638.337	33.8
638.535	33.8
638.733	33.8
638.931	33.8
639.129	33.8
639.328	33.8
639.526	33.8
639.724	33.8
639.922	33.8
640.121	33.8
640.319	33.8
640.518	33.8
640.716	33.8
640.914	33.8
641.113	33.8
641.311	33.8
641.51	33.8
641.708	33.8
641.907	33.8
642.105	33.8
642.304	33.8
642.503	33.8
642.701	33.8
642.9	33.8
643.098	33.8
643.297	33.9
643.496	33.9
643.695	33.9
643.893	33.9
644.092	33.9
644.291	33.9
644.49	33.9
644.689	33.9
644.887	33.9
645.086	33.9
645.285	33.9
645.484	33.9
645.683	33.9
645.882	33.9
646.081	33.9
646.28	33.9
646.479	33.9
646.678	33.9
646.877	33.9
647.076	33.9
647.276	33.9
647.475	33.9
647.674	33.9
647.873	33.9
648.072	33.9
648.271	33.9
648.471	33.9
648.67	33.9
648.869	33.9
649.069	33.9
649.268	33.9
649.467	33.9
649.667	33.9
649.866	33.9
650.065	33.9
650.265	33.9
650.464	33.9
650.664	33.9
650.863	33.9
651.063	33.9
651.262	33.9
651.462	33.9
651.662	33.9
651.861	33.9
652.061	33.9
652.26	33.9
652.46	33.9
652.66	33.9
652.859	33.9
653.059	33.9
653.259	33.9
653.459	33.9
653.658	33.9
653.858	33.9
654.058	33.9
654.258	33.9
654.458	33.9
654.658	33.9
654.858	33.9
655.058	33.9
655.258	33.9
655.457	33.9
655.657	33.9
655.857	33.9
656.058	33.9
656.258	33.9
656.458	33.9
656.658	33.9
656.858	33.9
657.058	33.9
657.258	33.9
657.458	33.9
657.659	33.9
657.859	33.9
658.059	33.9
658.259	33.9
658.459	33.9
658.66	33.9
658.86	33.9
659.06	33.9
659.261	33.9
659.461	33.9
659.662	33.9
659.862	33.9
660.062	33.9
660.263	33.9
660.463	33.9
660.664	33.9
660.864	33.9
661.065	33.9
661.265	33.9
661.466	33.9
661.667	33.9
661.867	33.9
662.068	33.9
662.268	33.9
662.469	33.8
662.67	33.8
662.87	33.8
663.071	33.8
663.272	33.8
663.473	33.8
663.674	33.8
663.874	33.8
664.075	33.8
664.276	33.8
664.477	33.8
664.678	33.8
664.879	33.8
665.08	33.8
665.28	33.8
665.481	33.8
665.682	33.8
665.883	33.8
666.084	33.8
666.285	33.8
666.486	33.8
666.688	33.8
666.889	33.8
667.09	33.8
667.291	33.8
667.492	33.8
667.693	33.8
667.894	33.8
668.096	33.8
668.297	33.8
668.498	33.8
668.699	33.8
668.901	33.8
669.102	33.8
669.303	33.7
669.505	33.7
669.706	33.7
669.907	33.7
670.109	33.7
670.31	33.7
670.511	33.7
670.713	33.7
670.914	33.7
671.116	33.7
671.317	33.7
671.519	33.7
671.72	33.7
671.922	33.7
672.124	33.7
672.325	33.7
672.527	33.7
672.728	33.7
672.93	33.7
673.132	33.7
673.333	33.7
673.535	33.7
673.737	33.7
673.939	33.7
674.14	33.7
674.342	33.7
674.544	33.7
674.746	33.7
674.948	33.7
675.149	33.7
675.351	33.7
675.553	33.7
675.755	33.7
675.957	33.7
676.159	33.7
676.361	33.7
676.563	33.7
676.765	33.7
676.967	33.7
677.169	33.7
677.371	33.7
677.573	33.7
677.775	33.7
677.977	33.7
678.179	33.7
678.381	33.7
678.583	33.7
678.786	33.7
678.988	33.7
679.19	33.7
679.392	33.7
679.594	33.7
679.797	33.7
679.999	33.7
680.201	33.7
680.404	33.7
680.606	33.7
680.808	33.7
681.011	33.7
681.213	33.7
681.415	33.7
681.618	33.7
681.82	33.7
682.023	33.7
682.225	33.7
682.428	33.7
682.63	33.7
682.833	33.7
683.035	33.7
683.238	33.7
683.44	33.7
683.643	33.7
683.845	33.7
684.048	33.7
684.251	33.7
684.453	33.7
684.656	33.7
684.859	33.7
685.061	33.7
685.264	33.7
685.467	33.7
685.67	33.7
685.872	33.7
686.075	33.7
686.278	33.7
686.481	33.7
686.684	33.7
686.886	33.7
687.089	33.7
687.292	33.7
687.495	33.7
687.698	33.7
687.901	33.7
688.104	33.7
688.307	33.7
688.51	33.7
688.713	33.7
688.916	33.7
689.119	33.7
689.322	33.7
689.525	33.7
689.728	33.7
689.931	33.7
690.134	33.7
690.337	33.7
690.54	33.7
690.744	33.7
690.947	33.7
691.15	33.7
691.353	33.7
691.556	33.7
691.76	33.7
691.963	33.7
692.166	33.7
692.37	33.7
692.573	33.7
692.776	33.7
692.979	33.7
693.183	33.7
693.386	33.7
693.59	33.7
693.793	33.7
693.996	33.7
694.2	33.7
694.403	33.7
694.607	33.7
694.81	33.8
695.014	33.8
695.217	33.8
695.421	33.8
695.624	33.8
695.828	33.8
696.031	33.8
696.235	33.8
696.439	33.8
696.642	33.8
696.846	33.8
697.049	33.8
697.253	33.8
697.457	33.8
697.661	33.8
697.864	33.8
698.068	33.8
698.272	33.8
698.475	33.8
698.679	33.8
698.883	33.8
699.087	33.8
699.291	33.8
699.494	33.8
699.698	33.8
699.902	33.8
700.106	33.8
700.31	33.8
700.514	33.8
700.718	33.8
700.922	33.8
701.126	33.8
701.33	33.8
701.534	33.8
701.738	33.8
701.942	33.8
702.146	33.8
702.35	33.8
702.554	33.8
702.758	33.8
702.962	33.8
703.166	33.8
703.37	33.8
703.574	33.8
703.778	33.8
703.983	33.8
704.187	33.8
704.391	33.8
704.595	33.8
704.799	33.8
705.004	33.8
705.208	33.8
705.412	33.8
705.616	33.8
705.821	33.8
706.025	33.8
706.229	33.8
706.434	33.8
706.638	33.8
706.842	33.8
707.047	33.8
707.251	33.8
707.455	33.8
707.66	33.9
707.864	33.9
708.069	33.9
708.273	33.8
708.478	33.8
708.682	33.8
708.887	33.8
709.091	33.8
709.296	33.8
709.5	33.8
709.705	33.8
709.909	33.8
710.114	33.8
710.319	33.8
710.523	33.8
710.728	33.8
710.932	33.8
711.137	33.8
711.342	33.8
711.546	33.8
711.751	33.8
711.956	33.8
712.161	33.8
712.365	33.8
712.57	33.8
712.775	33.8
712.98	33.9
713.184	33.9
713.389	33.9
713.594	33.9
713.799	33.9
714.004	33.9
714.209	33.9
714.413	33.9
714.618	33.9
714.823	33.9
715.028	33.9
715.233	33.9
715.438	33.9
715.643	33.9
715.848	33.9
716.053	33.9
716.258	33.9
716.463	33.9
716.668	33.9
716.873	33.9
717.078	33.9
717.283	33.9
717.488	33.9
717.693	33.9
717.898	33.9
718.103	33.9
718.308	33.9
718.514	33.9
718.719	33.9
718.924	33.9
719.129	33.9
719.334	33.9
719.539	33.9
719.745	33.9
719.95	33.9
720.155	33.9
720.36	33.9
720.566	33.9
720.771	33.9
720.976	33.9
721.182	33.9
721.387	33.9
721.592	33.9
721.798	33.9
722.003	33.9
722.208	33.9
722.414	33.9
722.619	33.9
722.824	33.9
723.03	33.9
723.235	33.9
723.441	33.9
723.646	33.9
723.852	33.9
724.057	33.9
724.263	33.9
724.468	33.9
724.674	33.9
724.879	33.9
725.085	33.9
725.29	33.9
725.496	33.9
725.701	33.9
725.907	33.9
726.112	33.9
726.318	33.9
726.524	33.9
726.729	33.9
726.935	33.9
727.141	33.9
727.346	34
727.552	34
727.758	34
727.963	34
728.169	34
728.375	34
728.581	34
728.786	34
728.992	34
729.198	34
729.404	34
729.609	34
729.815	34
730.021	34
730.227	34
730.433	34
730.639	34
730.844	34
731.05	34
731.256	34
731.462	34
731.668	34
731.874	34
732.08	34
732.286	34
732.492	34
732.698	34
732.904	34
733.11	34
733.316	34
733.522	34.1
733.728	34.1
733.934	34.1
734.14	34
734.346	34
734.552	34.1
734.758	34.1
734.964	34.1
735.17	34.1
735.376	34.1
735.583	34.1
735.789	34.1
735.995	34.1
736.201	34.1
736.407	34.1
736.613	34.1
736.819	34.1
737.026	34.1
737.232	34.1
737.438	34.1
737.644	34.1
737.851	34.1
738.057	34.1
738.263	34.1
738.469	34.1
738.676	34.1
738.882	34.1
739.088	34.1
739.295	34.1
739.501	34.1
739.707	34.1
739.914	34.1
740.12	34.1
740.326	34.1
740.533	34.1
740.739	34.1
740.946	34.1
741.152	34.1
741.358	34.1
741.565	34.1
741.771	34.1
741.978	34.1
742.184	34.1
742.391	34.1
742.597	34.1
742.804	34.1
743.01	34.1
743.217	34.1
743.423	34.1
743.63	34.1
743.836	34
744.043	34
744.249	34.1
744.456	34.1
744.663	34.1
744.869	34.1
745.076	34.1
745.282	34.1
745.489	34.1
745.696	34.1
745.902	34.1
746.109	34.1
746.316	34.1
746.522	34.1
746.729	34.1
746.936	34.1
747.142	34.1
747.349	34.1
747.556	34.1
747.762	34.1
747.969	34.1
748.176	34.1
748.383	34.1
748.589	34.1
748.796	34.1
749.003	34.1
749.21	34.1
749.417	34.1
749.623	34.1
749.83	34.1
750.037	34.1
750.244	34.1
750.451	34.1
750.658	34.2
750.865	34.2
751.071	34.2
751.278	34.2
751.485	34.2
751.692	34.2
751.899	34.2
752.106	34.2
752.313	34.2
752.52	34.2
752.727	34.2
752.934	34.2
753.141	34.2
753.348	34.2
753.555	34.2
753.762	34.2
753.969	34.2
754.176	34.2
754.383	34.2
754.59	34.2
754.797	34.2
755.004	34.2
755.211	34.2
755.418	34.2
755.625	34.2
755.832	34.2
756.039	34.2
756.246	34.2
756.453	34.2
756.66	34.2
756.868	34.2
757.075	34.2
757.282	34.2
757.489	34.2
757.696	34.2
757.903	34.2
758.111	34.2
758.318	34.2
758.525	34.2
758.732	34.2
758.939	34.2
759.147	34.2
759.354	34.2
759.561	34.2
759.768	34.2
759.976	34.2
760.183	34.2
760.39	34.2
760.597	34.2
760.805	34.2
761.012	34.2
761.219	34.3
761.426	34.3
761.634	34.3
761.841	34.3
762.048	34.3
762.256	34.3
762.463	34.3
762.67	34.3
762.878	34.3
763.085	34.3
763.293	34.3
763.5	34.3
763.707	34.3
763.915	34.3
764.122	34.3
764.33	34.3
764.537	34.3
764.744	34.3
764.952	34.3
765.159	34.3
765.367	34.3
765.574	34.3
765.782	34.3
765.989	34.3
766.197	34.3
766.404	34.4
766.612	34.4
766.819	34.4
767.027	34.4
767.234	34.4
767.442	34.4
767.649	34.4
767.857	34.4
768.064	34.4
768.272	34.4
768.479	34.4
768.687	34.4
768.895	34.4
769.102	34.4
769.31	34.4
769.517	34.4
769.725	34.4
769.933	34.4
770.14	34.4
770.348	34.4
770.555	34.4
770.763	34.4
770.971	34.4
771.178	34.4
771.386	34.4
771.594	34.4
771.801	34.4
772.009	34.4
772.217	34.4
772.424	34.4
772.632	34.4
772.84	34.4
773.047	34.4
773.255	34.4
773.463	34.4
773.671	34.4
773.878	34.4
774.086	34.4
774.294	34.4
774.502	34.5
774.709	34.5
774.917	34.5
775.125	34.5
775.333	34.5
775.54	34.5
775.748	34.5
775.956	34.5
776.164	34.5
776.371	34.5
776.579	34.5
776.787	34.5
776.995	34.5
777.203	34.5
777.41	34.5
777.618	34.5
777.826	34.5
778.034	34.5
778.242	34.5
778.45	34.5
778.657	34.5
778.865	34.5
779.073	34.5
779.281	34.5
779.489	34.5
779.697	34.5
779.905	34.6
780.112	34.6
780.32	34.6
780.528	34.6
780.736	34.5
780.944	34.6
781.152	34.6
781.36	34.6
781.568	34.6
781.776	34.6
781.984	34.6
782.191	34.6
782.399	34.6
782.607	34.6
782.815	34.6
783.023	34.6
783.231	34.6
783.439	34.6
783.647	34.6
783.855	34.6
784.063	34.6
784.271	34.6
784.479	34.6
784.687	34.6
784.895	34.6
785.103	34.6
785.311	34.6
785.519	34.6
785.727	34.6
785.935	34.6
786.143	34.6
786.351	34.7
786.559	34.7
786.767	34.7
786.975	34.7
787.183	34.7
787.391	34.7
787.599	34.7
787.807	34.7
788.015	34.7
788.223	34.7
788.431	34.7
788.639	34.7
788.847	34.7
789.055	34.7
789.263	34.7
789.471	34.7
789.679	34.7
789.887	34.7
790.095	34.7
790.303	34.7
790.511	34.7
790.719	34.8
790.927	34.8
791.135	34.8
791.343	34.8
791.551	34.8
791.76	34.8
791.968	34.8
792.176	34.8
792.384	34.8
792.592	34.8
792.8	34.8
793.008	34.8
793.216	34.8
793.424	34.8
793.632	34.8
793.84	34.8
794.048	34.9
794.256	34.9
794.465	34.8
794.673	34.8
794.881	34.8
795.089	34.8
795.297	34.8
795.505	34.8
795.713	34.9
795.921	34.9
796.129	34.9
796.337	34.9
796.546	34.9
796.754	34.9
796.962	34.9
797.17	34.9
797.378	34.9
797.586	34.9
797.794	34.9
798.002	34.9
798.21	34.9
798.419	34.9
798.627	34.9
798.835	34.9
799.043	35
799.251	35
799.459	35
799.667	35
799.875	35
800.083	35
800.292	35
800.5	35
800.708	35
800.916	35
801.124	35
801.332	35
801.54	35
801.748	35
801.957	35.1
802.165	35.1
802.373	35.1
802.581	35.1
802.789	35.1
802.997	35.1
803.205	35.1
803.414	35.1
803.622	35.1
803.83	35.1
804.038	35.1
804.246	35.1
804.454	35.1
804.662	35.1
804.87	35.1
805.079	35.1
805.287	35.1
805.495	35.1
805.703	35.1
805.911	35.1
806.119	35.1
806.327	35.1
806.535	35.1
806.743	35.1
806.952	35.1
807.16	35.1
807.368	35.1
807.576	35.1
807.784	35.1
807.992	35.1
808.2	35.1
808.408	35.1
808.617	35.1
808.825	35.1
809.033	35.1
809.241	35.1
809.449	35.1
809.657	35.1
809.865	35.1
810.073	35.1
810.281	35.1
810.49	35.1
810.698	35.1
810.906	35.1
811.114	35.1
811.322	35.1
811.53	35.1
811.738	35.1
811.946	35.1
812.154	35.2
812.362	35.2
812.57	35.2
812.779	35.2
812.987	35.2
813.195	35.2
813.403	35.2
813.611	35.2
813.819	35.2
814.027	35.2
814.235	35.2
814.443	35.2
814.651	35.2
814.859	35.2
815.067	35.2
815.275	35.2
815.484	35.2
815.692	35.2
815.9	35.2
816.108	35.2
816.316	35.2
816.524	35.3
816.732	35.3
816.94	35.3
817.148	35.3
817.356	35.3
817.564	35.3
817.772	35.3
817.98	35.3
818.188	35.3
818.397	35.3
818.605	35.3
818.813	35.3
819.021	35.3
819.229	35.3
819.437	35.3
819.645	35.3
819.853	35.3
820.061	35.3
820.269	35.3
820.477	35.3
820.685	35.3
820.893	35.3
821.102	35.4
821.31	35.4
821.518	35.4
821.726	35.4
821.934	35.4
822.142	35.4
822.35	35.4
822.558	35.4
822.766	35.4
822.974	35.4
823.182	35.4
823.39	35.4
823.599	35.5
823.807	35.5
824.015	35.5
824.223	35.5
824.431	35.5
824.639	35.5
824.847	35.5
825.055	35.5
825.263	35.5
825.472	35.5
825.68	35.5
825.888	35.6
826.096	35.6
826.304	35.6
826.512	35.6
826.72	35.6
826.928	35.6
827.137	35.6
827.345	35.6
827.553	35.6
827.761	35.6
827.969	35.6
828.177	35.6
828.385	35.6
828.594	35.6
828.802	35.6
829.01	35.6
829.218	35.6
829.426	35.6
829.634	35.6
829.843	35.6
830.051	35.6
830.259	35.6
830.467	35.6
830.675	35.6
830.883	35.6
831.092	35.6
831.3	35.6
831.508	35.6
831.716	35.6
831.924	35.6
832.133	35.7
832.341	35.7
832.549	35.7
832.757	35.7
832.966	35.7
833.174	35.7
833.382	35.7
833.59	35.7
833.799	35.7
834.007	35.7
834.215	35.7
834.423	35.7
834.632	35.7
834.84	35.7
835.048	35.7
835.256	35.7
835.465	35.7
835.673	35.7
835.881	35.7
836.09	35.7
836.298	35.7
836.506	35.7
836.715	35.7
836.923	35.7
837.131	35.7
837.34	35.7
837.548	35.7
837.756	35.7
837.965	35.7
838.173	35.7
838.381	35.8
838.59	35.8
838.798	35.8
839.006	35.8
839.215	35.8
839.423	35.8
839.632	35.8
839.84	35.8
840.048	35.8
840.257	35.8
840.465	35.8
840.674	35.8
840.882	35.8
841.091	35.8
841.299	35.8
841.508	35.8
841.716	35.8
841.924	35.8
842.133	35.8
842.341	35.8
842.55	35.8
842.758	35.8
842.967	35.8
843.175	35.9
843.384	35.9
843.593	35.9
843.801	35.9
844.01	35.9
844.218	35.9
844.427	35.9
844.635	35.9
844.844	35.9
845.052	35.9
845.261	35.9
845.47	35.9
845.678	35.9
845.887	35.9
846.095	35.9
846.304	35.9
846.513	35.9
846.721	35.9
846.93	35.9
847.139	35.9
847.347	36
847.556	36
847.765	36
847.973	36
848.182	36
848.391	36
848.6	36
848.808	36
849.017	36
849.226	36
849.435	36
849.643	36
849.852	36
850.061	36
850.27	36
850.478	36
850.687	36
850.896	36
851.105	36.1
851.314	36.1
851.523	36.1
851.731	36.1
851.94	36.1
852.149	36.1
852.358	36.1
852.567	36.1
852.776	36.2
852.985	36.2
853.194	36.2
853.403	36.2
853.612	36.2
853.821	36.2
854.03	36.2
854.239	36.2
854.447	36.2
854.656	36.2
854.865	36.2
855.075	36.2
855.284	36.2
855.493	36.2
855.702	36.2
855.911	36.3
856.12	36.3
856.329	36.3
856.538	36.3
856.747	36.3
856.956	36.3
857.165	36.3
857.374	36.3
857.584	36.4
857.793	36.3
858.002	36.4
858.211	36.4
858.42	36.4
858.629	36.4
858.839	36.4
859.048	36.4
859.257	36.4
859.466	36.4
859.676	36.4
859.885	36.4
860.094	36.4
860.304	36.4
860.513	36.4
860.722	36.4
860.932	36.4
861.141	36.4
861.35	36.4
861.56	36.4
861.769	36.4
861.978	36.4
862.188	36.4
862.397	36.4
862.607	36.4
862.816	36.4
863.026	36.4
863.235	36.4
863.445	36.5
863.654	36.5
863.864	36.5
864.073	36.5
864.283	36.5
864.492	36.5
864.702	36.4
864.911	36.5
865.121	36.5
865.33	36.5
865.54	36.5
865.75	36.5
865.959	36.5
866.169	36.5
866.379	36.5
866.588	36.5
866.798	36.5
867.008	36.5
867.218	36.6
867.427	36.6
867.637	36.6
867.847	36.6
868.057	36.6
868.266	36.6
868.476	36.6
868.686	36.7
868.896	36.7
869.106	36.7
869.316	36.7
869.525	36.7
869.735	36.7
869.945	36.8
870.155	36.7
870.365	36.7
870.575	36.7
870.785	36.7
870.995	36.8
871.205	36.7
871.415	36.7
871.625	36.7
871.835	36.8
872.045	36.8
872.255	36.8
872.465	36.8
872.675	36.8
872.886	36.8
873.096	36.8
873.306	36.8
873.516	36.8
873.726	36.8
873.936	36.8
874.147	36.8
874.357	36.8
874.567	36.8
874.777	36.8
874.988	36.8
875.198	36.8
875.408	36.8
875.619	36.8
875.829	36.8
876.039	36.8
876.25	36.8
876.46	36.8
876.67	36.8
876.881	36.8
877.091	36.8
877.302	36.8
877.512	36.8
877.723	36.8
877.933	36.8
878.144	36.8
878.354	36.8
878.565	36.8
878.775	36.8
878.986	36.8
879.197	36.8
879.407	36.8
879.618	36.8
879.829	36.8
880.039	36.8
880.25	36.8
880.461	36.7
880.671	36.7
880.882	36.7
881.093	36.7
881.304	36.7
881.515	36.7
881.725	36.7
881.936	36.7
882.147	36.7
882.358	36.7
882.569	36.7
882.78	36.7
882.991	36.7
883.202	36.8
883.413	36.8
883.624	36.8
883.835	36.8
884.046	36.8
884.257	36.8
884.468	36.8
884.679	36.8
884.89	36.8
885.101	36.9
885.312	36.9
885.523	36.9
885.735	36.9
885.946	36.9
886.157	36.9
886.368	36.9
886.579	36.9
886.791	37
887.002	37
887.213	37
887.425	37
887.636	37
887.847	37
888.059	37
888.27	37.1
888.481	37.1
888.693	37.1
888.904	37.1
889.116	37.1
889.327	37.2
889.539	37.2
889.75	37.2
889.962	37.3
890.174	37.3
890.385	37.3
890.597	37.3
890.808	37.4
891.02	37.4
891.232	37.4
891.444	37.4
891.655	37.4
891.867	37.4
892.079	37.4
892.291	37.4
892.502	37.4
892.714	37.4
892.926	37.4
893.138	37.4
893.35	37.5
893.562	37.5
893.774	37.5
893.986	37.5
894.198	37.5
894.41	37.5
894.622	37.5
894.834	37.5
895.046	37.5
895.258	37.5
895.47	37.5
895.682	37.5
895.894	37.5
896.106	37.5
896.319	37.5
896.531	37.6
896.743	37.6
896.955	37.6
897.168	37.6
897.38	37.6
897.592	37.6
897.805	37.7
898.017	37.7
898.229	37.7
898.442	37.7
898.654	37.7
898.867	37.7
899.079	37.7
899.292	37.7
899.504	37.7
899.717	37.7
899.929	37.7
900.142	37.8
900.355	37.7
900.567	37.8
900.78	37.7
900.993	37.7
901.205	37.8
901.418	37.7
901.631	37.7
901.844	37.7
902.056	37.7
902.269	37.7
902.482	37.7
902.695	37.7
902.908	37.6
903.121	37.7
903.334	37.7
903.547	37.7
903.76	37.7
903.973	37.7
904.186	37.7
904.399	37.7
904.612	37.7
904.825	37.7
905.038	37.7
905.251	37.7
905.465	37.7
905.678	37.7
905.891	37.7
906.104	37.7
906.318	37.6
906.531	37.6
906.744	37.6
906.958	37.6
907.171	37.6
907.384	37.6
907.598	37.6
907.811	37.6
908.025	37.6
908.238	37.6
908.452	37.6
908.665	37.7
908.879	37.7
909.093	37.6
909.306	37.6
909.52	37.6
909.734	37.6
909.947	37.7
910.161	37.7
910.375	37.7
910.589	37.7
910.803	37.7
911.016	37.7
911.23	37.7
911.444	37.7
911.658	37.8
911.872	37.8
912.086	37.8
912.3	37.8
912.514	37.8
912.728	37.8
912.942	37.8
913.156	37.8
913.37	37.8
913.585	37.8
913.799	37.8
914.013	37.8
914.227	37.8
914.442	37.8
914.656	37.8
914.87	37.9
915.084	37.9
915.299	37.9
915.513	37.9
915.728	37.9
915.942	37.8
916.157	37.9
916.371	37.9
916.586	37.8
916.8	37.9
917.015	37.9
917.229	37.8
917.444	37.8
917.659	37.8
917.874	37.8
918.088	37.9
918.303	37.9
918.518	37.9
918.733	37.8
918.947	37.8
919.162	37.9
919.377	37.9
919.592	37.9
919.807	37.9
920.022	37.9
920.237	37.9
920.452	37.9
920.667	37.9
920.882	37.9
921.097	37.9
921.313	37.9
921.528	38
921.743	38
921.958	38
922.174	38
922.389	38.1
922.604	38.1
922.82	38.1
923.035	38.1
923.25	38.1
923.466	38.1
923.681	38.1
923.897	38.1
924.112	38.1
924.328	38.1
924.544	38.1
924.759	38.1
924.975	38.2
925.19	38.2
925.406	38.2
925.622	38.2
925.838	38.3
926.054	38.3
926.269	38.3
926.485	38.4
926.701	38.4
926.917	38.4
927.133	38.5
927.349	38.5
927.565	38.5
927.781	38.6
927.997	38.6
928.213	38.6
928.429	38.6
928.646	38.6
928.862	38.7
929.078	38.7
929.294	38.8
929.511	38.8
929.727	38.8
929.943	38.9
930.16	38.9
930.376	39
930.592	39
930.809	39.1
931.025	39.1
931.242	39.1
931.459	39.1
931.675	39.1
931.892	39.2
932.108	39.2
932.325	39.2
932.542	39.3
932.759	39.3
932.975	39.4
933.192	39.4
933.409	39.4
933.626	39.4
933.843	39.4
934.06	39.4
934.277	39.4
934.494	39.4
934.711	39.4
934.928	39.4
935.145	39.4
935.362	39.4
935.58	39.3
935.797	39.3
936.014	39.3
936.231	39.3
936.449	39.2
936.666	39.1
936.883	39.1
937.101	39.1
937.318	39
937.536	39
937.753	39
937.971	38.9
938.188	38.8
938.406	38.8
938.624	38.8
938.841	38.8
939.059	38.8
939.277	38.7
939.494	38.7
939.712	38.6
939.93	38.6
