360.161	10.4
360.333	10.4
360.504	10.4
360.676	10.4
360.847	10.4
361.019	10.3
361.19	10.3
361.361	10.3
361.533	10.2
361.704	10.2
361.876	10.2
362.047	10.2
362.219	10.2
362.391	10.1
362.562	10.2
362.734	10.1
362.905	10.1
363.077	10
363.248	9.9
363.42	9.9
363.592	9.8
363.763	9.7
363.935	9.7
364.106	9.7
364.278	9.7
364.45	9.7
364.621	9.6
364.793	9.6
364.965	9.6
365.137	9.6
365.308	9.5
365.48	9.5
365.652	9.5
365.824	9.5
365.995	9.4
366.167	9.3
366.339	9.3
366.511	9.3
366.683	9.3
366.854	9.2
367.026	9.2
367.198	9.1
367.37	9.1
367.542	9.1
367.714	9
367.886	9
368.058	8.9
368.23	8.9
368.402	8.9
368.574	8.8
368.746	8.7
368.918	8.7
369.09	8.7
369.262	8.6
369.434	8.6
369.606	8.5
369.778	8.5
369.95	8.5
370.122	8.4
370.294	8.4
370.467	8.4
370.639	8.4
370.811	8.5
370.983	8.5
371.155	8.4
371.328	8.4
371.5	8.4
371.672	8.4
371.844	8.4
372.017	8.4
372.189	8.4
372.361	8.3
372.534	8.3
372.706	8.2
372.878	8.2
373.051	8.2
373.223	8.2
373.396	8.1
373.568	8.1
373.741	8
373.913	8.1
374.086	8.1
374.258	8.1
374.431	8.1
374.603	8.1
374.776	8.2
374.949	8.1
375.121	8.2
375.294	8.1
375.467	8.1
375.639	8.1
375.812	8.1
375.985	8.1
376.157	8
376.33	8
376.503	8
376.676	8
376.849	8
377.021	8
377.194	8
377.367	8
377.54	7.9
377.713	7.9
377.886	7.8
378.059	7.7
378.232	7.7
378.405	7.7
378.578	7.7
378.751	7.7
378.924	7.6
379.097	7.6
379.27	7.6
379.444	7.6
379.617	7.6
379.79	7.6
379.963	7.6
380.136	7.5
380.31	7.5
380.483	7.5
380.656	7.5
380.829	7.4
381.003	7.4
381.176	7.3
381.35	7.3
381.523	7.3
381.696	7.2
381.87	7.2
382.043	7.2
382.217	7.1
382.39	7.1
382.564	7.1
382.738	7
382.911	7
383.085	7
383.258	7
383.432	7
383.606	7
383.779	7
383.953	7
384.127	7
384.301	7
384.475	6.9
384.648	6.9
384.822	6.9
384.996	7
385.17	7
385.344	7
385.518	7
385.692	6.9
385.866	6.9
386.04	6.9
386.214	6.9
386.388	6.9
386.562	6.9
386.737	6.9
386.911	6.9
387.085	6.9
387.259	6.9
387.434	6.9
387.608	6.9
387.782	6.9
387.956	6.9
388.131	6.9
388.305	6.9
388.48	6.9
388.654	6.9
388.829	6.9
389.003	6.9
389.178	6.9
389.352	7
389.527	7
389.701	7
389.876	7
390.051	7
390.226	7
390.4	7
390.575	7
390.75	7.1
390.925	7
391.099	7
391.274	7
391.449	7
391.624	7.1
391.799	7.1
391.974	7.1
392.149	7.1
392.324	7.1
392.499	7.1
392.675	7.1
392.85	7.1
393.025	7.1
393.2	7.1
393.375	7.1
393.551	7.1
393.726	7.1
393.901	7.2
394.077	7.1
394.252	7.2
394.427	7.2
394.603	7.2
394.778	7.2
394.954	7.2
395.129	7.2
395.305	7.2
395.481	7.2
395.656	7.2
395.832	7.2
396.008	7.2
396.184	7.2
396.359	7.3
396.535	7.3
396.711	7.3
396.887	7.3
397.063	7.3
397.239	7.3
397.415	7.4
397.591	7.4
397.767	7.4
397.943	7.4
398.119	7.4
398.295	7.4
398.471	7.4
398.648	7.4
398.824	7.4
399	7.5
399.176	7.5
399.353	7.5
399.529	7.5
399.706	7.6
399.882	7.6
400.058	7.6
400.235	7.6
400.412	7.6
400.588	7.6
400.765	7.6
400.942	7.7
401.118	7.7
401.295	7.7
401.472	7.7
401.649	7.7
401.825	7.8
402.002	7.8
402.179	7.8
402.356	7.8
402.533	7.8
402.71	7.8
402.887	7.9
403.064	7.9
403.242	7.9
403.419	7.9
403.596	7.9
403.773	8
403.95	8
404.128	8
404.305	8
404.483	8
404.66	8
404.837	8.1
405.015	8.1
405.193	8.1
405.37	8.1
405.548	8.1
405.725	8.2
405.903	8.2
406.081	8.2
406.259	8.2
406.437	8.2
406.614	8.2
406.792	8.3
406.97	8.3
407.148	8.3
407.326	8.3
407.504	8.3
407.682	8.4
407.86	8.4
408.039	8.4
408.217	8.4
408.395	8.4
408.573	8.4
408.751	8.5
408.93	8.5
409.108	8.5
409.287	8.5
409.465	8.6
409.643	8.6
409.822	8.6
410	8.6
410.179	8.7
410.358	8.7
410.536	8.7
410.715	8.7
410.894	8.7
411.072	8.8
411.251	8.8
411.43	8.8
411.609	8.9
411.788	8.9
411.967	8.9
412.146	8.9
412.325	9
412.504	9
412.683	9
412.862	9.1
413.041	9.1
413.22	9.1
413.399	9.2
413.578	9.2
413.758	9.3
413.937	9.3
414.116	9.3
414.296	9.4
414.475	9.4
414.654	9.4
414.834	9.5
415.013	9.5
415.193	9.6
415.372	9.6
415.552	9.6
415.732	9.7
415.911	9.7
416.091	9.8
416.271	9.8
416.45	9.8
416.63	9.9
416.81	9.9
416.99	9.9
417.169	10
417.349	10
417.529	10
417.709	10.1
417.889	10.1
418.069	10.1
418.249	10.2
418.429	10.2
418.609	10.2
418.789	10.3
418.97	10.3
419.15	10.3
419.33	10.3
419.51	10.4
419.691	10.4
419.871	10.4
420.051	10.4
420.232	10.5
420.412	10.5
420.592	10.5
420.773	10.5
420.953	10.6
421.134	10.6
421.314	10.6
421.495	10.6
421.675	10.6
421.856	10.7
422.037	10.7
422.217	10.7
422.398	10.7
422.579	10.7
422.76	10.8
422.94	10.8
423.121	10.8
423.302	10.8
423.483	10.8
423.664	10.8
423.845	10.9
424.026	10.9
424.207	10.9
424.388	10.9
424.569	10.9
424.75	10.9
424.931	10.9
425.112	11
425.293	11
425.474	11
425.655	11
425.837	11
426.018	11
426.199	11
426.38	11
426.562	11
426.743	11
426.924	11
427.106	11
427.287	11.1
427.469	11.1
427.65	11.1
427.832	11.1
428.013	11.1
428.195	11.1
428.376	11.1
428.558	11.1
428.739	11.1
428.921	11.1
429.103	11.1
429.284	11.1
429.466	11.1
429.648	11
429.83	11
430.011	11
430.193	11
430.375	11
430.557	11
430.739	11
430.921	11
431.102	11
431.284	11
431.466	11
431.648	11
431.83	11
432.012	11
432.194	11
432.377	10.9
432.559	10.9
432.741	10.9
432.923	10.9
433.105	10.9
433.287	10.9
433.469	10.9
433.652	10.9
433.834	10.9
434.016	10.9
434.198	10.9
434.381	10.9
434.563	10.9
434.745	10.9
434.928	10.8
435.11	10.8
435.293	10.8
435.475	10.8
435.658	10.8
435.84	10.8
436.022	10.8
436.205	10.8
436.388	10.8
436.57	10.8
436.753	10.8
436.935	10.8
437.118	10.8
437.301	10.8
437.483	10.8
437.666	10.8
437.849	10.8
438.031	10.8
438.214	10.8
438.397	10.7
438.58	10.7
438.762	10.7
438.945	10.7
439.128	10.7
439.311	10.7
439.494	10.7
439.677	10.7
439.859	10.7
440.042	10.7
440.225	10.7
440.408	10.7
440.591	10.7
440.774	10.7
440.957	10.7
441.14	10.7
441.323	10.7
441.507	10.6
441.69	10.6
441.873	10.6
442.056	10.6
442.239	10.6
442.422	10.6
442.605	10.6
442.789	10.6
442.972	10.6
443.155	10.5
443.338	10.5
443.522	10.5
443.705	10.5
443.888	10.5
444.072	10.5
444.255	10.5
444.438	10.5
444.622	10.5
444.805	10.4
444.989	10.4
445.172	10.4
445.356	10.4
445.539	10.4
445.723	10.4
445.906	10.4
446.09	10.4
446.273	10.4
446.457	10.3
446.64	10.3
446.824	10.3
447.008	10.3
447.191	10.3
447.375	10.3
447.559	10.3
447.742	10.3
447.926	10.3
448.11	10.3
448.293	10.2
448.477	10.2
448.661	10.2
448.845	10.2
449.029	10.2
449.212	10.2
449.396	10.2
449.58	10.1
449.764	10.1
449.948	10.1
450.132	10.1
450.316	10.1
450.5	10.1
450.684	10.1
450.868	10.1
451.052	10.1
451.236	10.1
451.42	10.1
451.604	10
451.788	10
451.972	10
452.156	10
452.34	10
452.525	10
452.709	10
452.893	10
453.077	9.9
453.261	9.9
453.446	9.9
453.63	9.9
453.814	9.9
453.998	9.9
454.183	9.9
454.367	9.9
454.551	9.9
454.736	9.9
454.92	9.9
455.104	9.8
455.289	9.8
455.473	9.8
455.658	9.8
455.842	9.8
456.026	9.8
456.211	9.8
456.395	9.8
456.58	9.8
456.764	9.8
456.949	9.8
457.134	9.8
457.318	9.8
457.503	9.8
457.687	9.7
457.872	9.7
458.057	9.7
458.241	9.7
458.426	9.7
458.611	9.7
458.795	9.7
458.98	9.7
459.165	9.7
459.349	9.7
459.534	9.7
459.719	9.6
459.904	9.6
460.088	9.6
460.273	9.6
460.458	9.6
460.643	9.6
460.828	9.6
461.013	9.6
461.198	9.6
461.382	9.6
461.567	9.5
461.752	9.5
461.937	9.5
462.122	9.5
462.307	9.5
462.492	9.5
462.677	9.5
462.862	9.5
463.047	9.5
463.232	9.5
463.417	9.4
463.602	9.4
463.788	9.4
463.973	9.4
464.158	9.4
464.343	9.4
464.528	9.4
464.713	9.4
464.898	9.4
465.084	9.3
465.269	9.3
465.454	9.3
465.639	9.3
465.824	9.3
466.01	9.3
466.195	9.3
466.38	9.3
466.566	9.3
466.751	9.3
466.936	9.3
467.122	9.2
467.307	9.2
467.492	9.2
467.678	9.2
467.863	9.2
468.048	9.2
468.234	9.2
468.419	9.2
468.605	9.2
468.79	9.2
468.976	9.1
469.161	9.1
469.347	9.1
469.532	9.1
469.718	9.1
469.903	9.1
470.089	9.1
470.274	9.1
470.46	9.1
470.646	9.1
470.831	9.1
471.017	9.1
471.202	9
471.388	9
471.574	9
471.759	9
471.945	9
472.131	9
472.317	9
472.502	9
472.688	9
472.874	9
473.059	9
473.245	9
473.431	9
473.617	9
473.803	9
473.988	9
474.174	8.9
474.36	8.9
474.546	8.9
474.732	8.9
474.918	8.9
475.104	8.9
475.29	8.9
475.475	8.9
475.661	8.9
475.847	8.9
476.033	8.9
476.219	8.9
476.405	8.9
476.591	8.9
476.777	8.9
476.963	8.9
477.149	8.9
477.335	8.9
477.521	8.9
477.707	8.8
477.893	8.8
478.08	8.8
478.266	8.8
478.452	8.8
478.638	8.8
478.824	8.8
479.01	8.8
479.196	8.8
479.382	8.8
479.569	8.8
479.755	8.8
479.941	8.8
480.127	8.8
480.313	8.8
480.5	8.8
480.686	8.8
480.872	8.8
481.058	8.8
481.245	8.8
481.431	8.8
481.617	8.8
481.803	8.8
481.99	8.8
482.176	8.8
482.362	8.8
482.549	8.8
482.735	8.8
482.921	8.8
483.108	8.8
483.294	8.8
483.481	8.8
483.667	8.8
483.853	8.8
484.04	8.8
484.226	8.8
484.413	8.8
484.599	8.8
484.786	8.7
484.972	8.7
485.159	8.7
485.345	8.7
485.532	8.7
485.718	8.7
485.905	8.7
486.091	8.7
486.278	8.7
486.464	8.7
486.651	8.7
486.837	8.7
487.024	8.7
487.211	8.7
487.397	8.7
487.584	8.7
487.77	8.7
487.957	8.7
488.144	8.7
488.33	8.7
488.517	8.7
488.704	8.7
488.89	8.7
489.077	8.7
489.264	8.7
489.45	8.7
489.637	8.7
489.824	8.7
490.01	8.7
490.197	8.6
490.384	8.6
490.571	8.6
490.757	8.6
490.944	8.6
491.131	8.6
491.318	8.6
491.505	8.6
491.691	8.6
491.878	8.6
492.065	8.6
492.252	8.6
492.439	8.6
492.626	8.6
492.812	8.6
492.999	8.6
493.186	8.6
493.373	8.6
493.56	8.6
493.747	8.5
493.934	8.5
494.121	8.5
494.308	8.5
494.494	8.5
494.681	8.5
494.868	8.5
495.055	8.5
495.242	8.5
495.429	8.5
495.616	8.5
495.803	8.5
495.99	8.5
496.177	8.5
496.364	8.4
496.551	8.4
496.738	8.4
496.925	8.4
497.112	8.4
497.299	8.4
497.486	8.4
497.673	8.4
497.861	8.4
498.048	8.4
498.235	8.4
498.422	8.4
498.609	8.4
498.796	8.4
498.983	8.4
499.17	8.4
499.357	8.4
499.544	8.3
499.732	8.3
499.919	8.3
500.106	8.3
500.293	8.3
500.48	8.3
500.667	8.3
500.855	8.3
501.042	8.3
501.229	8.3
501.416	8.3
501.603	8.3
501.791	8.3
501.978	8.3
502.165	8.3
502.352	8.3
502.54	8.3
502.727	8.3
502.914	8.2
503.101	8.2
503.289	8.2
503.476	8.2
503.663	8.2
503.85	8.2
504.038	8.2
504.225	8.2
504.412	8.2
504.6	8.2
504.787	8.2
504.974	8.2
505.161	8.2
505.349	8.2
505.536	8.2
505.723	8.2
505.911	8.2
506.098	8.2
506.286	8.1
506.473	8.1
506.66	8.1
506.848	8.1
507.035	8.1
507.222	8.1
507.41	8.1
507.597	8.1
507.785	8.1
507.972	8.1
508.159	8.1
508.347	8.1
508.534	8.1
508.722	8.1
508.909	8.1
509.097	8.1
509.284	8.1
509.471	8
509.659	8
509.846	8
510.034	8
510.221	8
510.409	8
510.596	8
510.784	8
510.971	8
511.159	8
511.346	8
511.534	8
511.721	8
511.909	8
512.096	7.9
512.284	7.9
512.471	7.9
512.659	7.9
512.846	7.9
513.034	7.9
513.221	7.9
513.409	7.9
513.596	7.9
513.784	7.9
513.972	7.9
514.159	7.9
514.347	7.8
514.534	7.8
514.722	7.8
514.909	7.8
515.097	7.8
515.285	7.8
515.472	7.8
515.66	7.8
515.847	7.8
516.035	7.8
516.222	7.8
516.41	7.8
516.598	7.8
516.785	7.7
516.973	7.7
517.161	7.7
517.348	7.7
517.536	7.7
517.723	7.7
517.911	7.7
518.099	7.7
518.286	7.7
518.474	7.7
518.662	7.7
518.849	7.7
519.037	7.7
519.225	7.6
519.412	7.6
519.6	7.6
519.787	7.6
519.975	7.6
520.163	7.6
520.35	7.6
520.538	7.6
520.726	7.6
520.914	7.6
521.101	7.6
521.289	7.6
521.477	7.6
521.664	7.6
521.852	7.6
522.04	7.6
522.227	7.6
522.415	7.6
522.603	7.5
522.79	7.5
522.978	7.5
523.166	7.5
523.354	7.5
523.541	7.5
523.729	7.5
523.917	7.5
524.104	7.5
524.292	7.5
524.48	7.5
524.668	7.5
524.855	7.5
525.043	7.5
525.231	7.5
525.418	7.5
525.606	7.5
525.794	7.4
525.982	7.4
526.169	7.4
526.357	7.4
526.545	7.4
526.733	7.4
526.92	7.4
527.108	7.4
527.296	7.4
527.484	7.4
527.671	7.4
527.859	7.4
528.047	7.4
528.235	7.4
528.422	7.4
528.61	7.3
528.798	7.3
528.986	7.3
529.173	7.3
529.361	7.3
529.549	7.3
529.737	7.3
529.924	7.3
530.112	7.3
530.3	7.3
530.488	7.3
530.675	7.3
530.863	7.3
531.051	7.3
531.239	7.3
531.426	7.3
531.614	7.3
531.802	7.3
531.99	7.2
532.177	7.2
532.365	7.2
532.553	7.2
532.741	7.2
532.928	7.2
533.116	7.2
533.304	7.2
533.492	7.2
533.679	7.2
533.867	7.2
534.055	7.2
534.243	7.2
534.431	7.2
534.618	7.2
534.806	7.2
534.994	7.2
535.182	7.2
535.369	7.2
535.557	7.2
535.745	7.2
535.933	7.2
536.12	7.2
536.308	7.2
536.496	7.2
536.684	7.2
536.871	7.2
537.059	7.2
537.247	7.2
537.435	7.2
537.622	7.2
537.81	7.2
537.998	7.2
538.186	7.2
538.373	7.2
538.561	7.2
538.749	7.2
538.937	7.2
539.124	7.2
539.312	7.2
539.5	7.2
539.688	7.1
539.875	7.1
540.063	7.1
540.251	7.1
540.439	7.1
540.626	7.1
540.814	7.1
541.002	7.1
541.19	7.1
541.377	7.1
541.565	7.1
541.753	7.1
541.941	7.1
542.128	7.1
542.316	7
542.504	7
542.691	7
542.879	7
543.067	7
543.255	7
543.442	7
543.63	7
543.818	7
544.005	7
544.193	7
544.381	7
544.568	6.9
544.756	6.9
544.944	6.9
545.132	6.9
545.319	6.9
545.507	6.9
545.695	6.9
545.882	6.9
546.07	6.9
546.258	6.9
546.445	6.9
546.633	6.9
546.821	6.9
547.008	6.9
547.196	6.8
547.384	6.8
547.571	6.8
547.759	6.8
547.947	6.8
548.134	6.8
548.322	6.8
548.51	6.8
548.697	6.8
548.885	6.8
549.073	6.8
549.26	6.8
549.448	6.8
549.636	6.7
549.823	6.7
550.011	6.7
550.199	6.7
550.386	6.7
550.574	6.7
550.762	6.7
550.949	6.7
551.137	6.7
551.325	6.7
551.512	6.7
551.7	6.7
551.888	6.7
552.075	6.7
552.263	6.7
552.451	6.6
552.639	6.6
552.826	6.6
553.014	6.6
553.202	6.6
553.389	6.6
553.577	6.6
553.765	6.6
553.953	6.6
554.14	6.6
554.328	6.6
554.516	6.6
554.704	6.6
554.891	6.6
555.079	6.6
555.267	6.6
555.455	6.5
555.643	6.5
555.83	6.5
556.018	6.5
556.206	6.5
556.394	6.5
556.582	6.5
556.77	6.5
556.957	6.5
557.145	6.5
557.333	6.5
557.521	6.5
557.709	6.5
557.897	6.5
558.085	6.5
558.273	6.5
558.461	6.5
558.649	6.4
558.837	6.4
559.025	6.4
559.213	6.4
559.4	6.4
559.588	6.4
559.777	6.4
559.965	6.4
560.153	6.4
560.341	6.4
560.529	6.4
560.717	6.4
560.905	6.4
561.093	6.4
561.281	6.4
561.469	6.4
561.657	6.3
561.845	6.3
562.034	6.3
562.222	6.3
562.41	6.3
562.598	6.3
562.786	6.3
562.975	6.3
563.163	6.3
563.351	6.3
563.539	6.3
563.728	6.3
563.916	6.3
564.104	6.3
564.293	6.3
564.481	6.2
564.67	6.2
564.858	6.2
565.046	6.2
565.235	6.2
565.423	6.2
565.612	6.2
565.8	6.2
565.989	6.2
566.177	6.2
566.366	6.2
566.554	6.2
566.743	6.2
566.932	6.2
567.12	6.2
567.309	6.2
567.497	6.2
567.686	6.2
567.875	6.1
568.064	6.1
568.252	6.1
568.441	6.1
568.63	6.1
568.819	6.1
569.007	6.1
569.196	6.1
569.385	6.1
569.574	6.1
569.763	6.1
569.952	6.1
570.141	6.1
570.33	6.1
570.519	6.1
570.708	6
570.897	6
571.086	6
571.275	6
571.464	6
571.653	6
571.843	6
572.032	6
572.221	6
572.41	6
572.599	6
572.789	6
572.978	6
573.167	5.9
573.357	5.9
573.546	5.9
573.736	5.9
573.925	5.9
574.115	5.9
574.304	5.9
574.494	5.9
574.683	5.9
574.873	5.9
575.062	5.9
575.252	5.9
575.442	5.9
575.631	5.8
575.821	5.8
576.011	5.8
576.201	5.8
576.39	5.8
576.58	5.8
576.77	5.8
576.96	5.8
577.15	5.8
577.34	5.8
577.53	5.8
577.72	5.8
577.91	5.8
578.1	5.7
578.29	5.7
578.48	5.7
578.67	5.7
578.861	5.7
579.051	5.7
579.241	5.7
579.431	5.7
579.622	5.7
579.812	5.7
580.002	5.7
580.193	5.7
580.383	5.7
580.574	5.7
580.764	5.6
580.955	5.6
581.145	5.6
581.336	5.6
581.526	5.6
581.717	5.6
581.908	5.6
582.098	5.6
582.289	5.6
582.48	5.6
582.671	5.6
582.862	5.6
583.052	5.6
583.243	5.6
583.434	5.5
583.625	5.5
583.816	5.5
584.007	5.5
584.198	5.5
584.389	5.5
584.58	5.5
584.771	5.5
584.962	5.5
585.154	5.5
585.345	5.5
585.536	5.5
585.727	5.5
585.918	5.5
586.11	5.5
586.301	5.4
586.492	5.4
586.684	5.4
586.875	5.4
587.067	5.4
587.258	5.4
587.45	5.4
587.641	5.4
587.833	5.4
588.024	5.4
588.216	5.4
588.408	5.4
588.599	5.4
588.791	5.4
588.983	5.4
589.174	5.4
589.366	5.3
589.558	5.3
589.75	5.3
589.942	5.3
590.134	5.3
590.326	5.3
590.518	5.3
590.71	5.3
590.902	5.3
591.094	5.3
591.286	5.3
591.478	5.3
591.67	5.3
591.862	5.3
592.054	5.3
592.246	5.3
592.439	5.3
592.631	5.3
592.823	5.2
593.016	5.2
593.208	5.2
593.4	5.2
593.593	5.2
593.785	5.2
593.978	5.2
594.17	5.2
594.363	5.2
594.555	5.2
594.748	5.2
594.94	5.2
595.133	5.2
595.326	5.2
595.518	5.2
595.711	5.2
595.904	5.2
596.096	5.2
596.289	5.1
596.482	5.1
596.675	5.1
596.868	5.1
597.061	5.1
597.254	5.1
597.447	5.1
597.64	5.1
597.833	5.1
598.026	5.1
598.219	5.1
598.412	5.1
598.605	5.1
598.798	5.1
598.991	5.1
599.184	5.1
599.378	5.1
599.571	5.1
599.764	5.1
599.957	5.1
600.151	5
600.344	5
600.538	5
600.731	5
600.924	5
601.118	5
601.311	5
601.505	5
601.698	5
601.892	5
602.086	5
602.279	5
602.473	5
602.667	5
602.86	5
603.054	5
603.248	5
603.442	5
603.635	5
603.829	5
604.023	5
604.217	5
604.411	5
604.605	5
604.799	4.9
604.993	4.9
605.187	4.9
605.381	4.9
605.575	4.9
605.769	4.9
605.963	4.9
606.157	4.9
606.352	4.9
606.546	4.9
606.74	4.9
606.934	4.9
607.129	4.9
607.323	4.9
607.517	4.9
607.712	4.9
607.906	4.9
608.1	4.9
608.295	4.9
608.489	4.9
608.684	4.9
608.878	4.9
609.073	4.9
609.267	4.9
609.462	4.9
609.657	4.9
609.851	4.9
610.046	4.8
610.241	4.8
610.435	4.8
610.63	4.8
610.825	4.8
611.02	4.8
611.215	4.8
611.41	4.8
611.604	4.8
611.799	4.8
611.994	4.8
612.189	4.8
612.384	4.8
612.579	4.8
612.774	4.8
612.969	4.8
613.164	4.8
613.359	4.8
613.555	4.8
613.75	4.8
613.945	4.8
614.14	4.8
614.335	4.8
614.531	4.7
614.726	4.7
614.921	4.7
615.117	4.7
615.312	4.7
615.507	4.7
615.703	4.7
615.898	4.7
616.094	4.7
616.289	4.7
616.485	4.7
616.68	4.7
616.876	4.7
617.071	4.7
617.267	4.7
617.463	4.7
617.658	4.7
617.854	4.7
618.05	4.7
618.245	4.7
618.441	4.7
618.637	4.7
618.833	4.7
619.029	4.7
619.225	4.6
619.42	4.6
619.616	4.6
619.812	4.6
620.008	4.6
620.204	4.6
620.4	4.6
620.596	4.6
620.792	4.6
620.988	4.6
621.184	4.6
621.381	4.6
621.577	4.6
621.773	4.6
621.969	4.6
622.165	4.6
622.362	4.6
622.558	4.6
622.754	4.6
622.951	4.6
623.147	4.6
623.343	4.6
623.54	4.6
623.736	4.6
623.933	4.6
624.129	4.5
624.326	4.5
624.522	4.5
624.719	4.5
624.915	4.5
625.112	4.5
625.308	4.5
625.505	4.5
625.702	4.5
625.898	4.5
626.095	4.5
626.292	4.5
626.489	4.5
626.685	4.5
626.882	4.5
627.079	4.5
627.276	4.5
627.473	4.5
627.67	4.5
627.866	4.5
628.063	4.5
628.26	4.5
628.457	4.5
628.654	4.5
628.851	4.5
629.048	4.5
629.246	4.5
629.443	4.5
629.64	4.5
629.837	4.5
630.034	4.4
630.231	4.4
630.429	4.4
630.626	4.4
630.823	4.4
631.02	4.4
631.218	4.4
631.415	4.4
631.612	4.4
631.81	4.4
632.007	4.4
632.205	4.4
632.402	4.4
632.6	4.4
632.797	4.4
632.995	4.4
633.192	4.4
633.39	4.4
633.587	4.4
633.785	4.4
633.983	4.4
634.18	4.4
634.378	4.4
634.576	4.4
634.773	4.4
634.971	4.4
635.169	4.4
635.367	4.4
635.565	4.4
635.762	4.4
635.96	4.4
636.158	4.4
636.356	4.4
636.554	4.4
636.752	4.4
636.95	4.3
637.148	4.3
637.346	4.3
637.544	4.3
637.742	4.3
637.94	4.3
638.138	4.3
638.337	4.3
638.535	4.3
638.733	4.3
638.931	4.3
639.129	4.3
639.328	4.3
639.526	4.3
639.724	4.3
639.922	4.3
640.121	4.3
640.319	4.3
640.518	4.3
640.716	4.3
640.914	4.3
641.113	4.3
641.311	4.3
641.51	4.3
641.708	4.3
641.907	4.3
642.105	4.3
642.304	4.3
642.503	4.3
642.701	4.3
642.9	4.3
643.098	4.3
643.297	4.3
643.496	4.3
643.695	4.3
643.893	4.3
644.092	4.3
644.291	4.3
644.49	4.3
644.689	4.3
644.887	4.3
645.086	4.3
645.285	4.3
645.484	4.3
645.683	4.3
645.882	4.3
646.081	4.3
646.28	4.3
646.479	4.3
646.678	4.3
646.877	4.3
647.076	4.3
647.276	4.3
647.475	4.3
647.674	4.3
647.873	4.3
648.072	4.3
648.271	4.3
648.471	4.3
648.67	4.3
648.869	4.3
649.069	4.3
649.268	4.3
649.467	4.3
649.667	4.3
649.866	4.3
650.065	4.3
650.265	4.3
650.464	4.3
650.664	4.3
650.863	4.3
651.063	4.3
651.262	4.2
651.462	4.2
651.662	4.2
651.861	4.2
652.061	4.2
652.26	4.2
652.46	4.2
652.66	4.2
652.859	4.2
653.059	4.2
653.259	4.2
653.459	4.2
653.658	4.2
653.858	4.2
654.058	4.2
654.258	4.2
654.458	4.2
654.658	4.2
654.858	4.2
655.058	4.2
655.258	4.2
655.457	4.2
655.657	4.2
655.857	4.2
656.058	4.2
656.258	4.2
656.458	4.2
656.658	4.2
656.858	4.2
657.058	4.2
657.258	4.2
657.458	4.2
657.659	4.2
657.859	4.2
658.059	4.2
658.259	4.2
658.459	4.2
658.66	4.2
658.86	4.2
659.06	4.2
659.261	4.2
659.461	4.2
659.662	4.2
659.862	4.2
660.062	4.2
660.263	4.2
660.463	4.2
660.664	4.2
660.864	4.2
661.065	4.2
661.265	4.2
661.466	4.2
661.667	4.2
661.867	4.2
662.068	4.2
662.268	4.2
662.469	4.2
662.67	4.2
662.87	4.2
663.071	4.2
663.272	4.2
663.473	4.2
663.674	4.2
663.874	4.2
664.075	4.2
664.276	4.2
664.477	4.2
664.678	4.2
664.879	4.2
665.08	4.2
665.28	4.2
665.481	4.2
665.682	4.2
665.883	4.2
666.084	4.2
666.285	4.2
666.486	4.2
666.688	4.2
666.889	4.2
667.09	4.2
667.291	4.2
667.492	4.2
667.693	4.2
667.894	4.2
668.096	4.2
668.297	4.2
668.498	4.2
668.699	4.2
668.901	4.2
669.102	4.2
669.303	4.2
669.505	4.2
669.706	4.2
669.907	4.2
670.109	4.2
670.31	4.2
670.511	4.2
670.713	4.2
670.914	4.2
671.116	4.2
671.317	4.2
671.519	4.2
671.72	4.2
671.922	4.2
672.124	4.2
672.325	4.2
672.527	4.2
672.728	4.2
672.93	4.2
673.132	4.2
673.333	4.2
673.535	4.2
673.737	4.2
673.939	4.2
674.14	4.2
674.342	4.2
674.544	4.2
674.746	4.2
674.948	4.2
675.149	4.3
675.351	4.3
675.553	4.3
675.755	4.3
675.957	4.3
676.159	4.3
676.361	4.3
676.563	4.3
676.765	4.3
676.967	4.3
677.169	4.3
677.371	4.3
677.573	4.3
677.775	4.3
677.977	4.3
678.179	4.3
678.381	4.3
678.583	4.3
678.786	4.3
678.988	4.3
679.19	4.3
679.392	4.3
679.594	4.3
679.797	4.3
679.999	4.3
680.201	4.3
680.404	4.3
680.606	4.3
680.808	4.3
681.011	4.3
681.213	4.3
681.415	4.3
681.618	4.3
681.82	4.3
682.023	4.3
682.225	4.3
682.428	4.3
682.63	4.3
682.833	4.3
683.035	4.3
683.238	4.3
683.44	4.3
683.643	4.3
683.845	4.3
684.048	4.3
684.251	4.3
684.453	4.3
684.656	4.3
684.859	4.3
685.061	4.4
685.264	4.4
685.467	4.4
685.67	4.4
685.872	4.4
686.075	4.4
686.278	4.4
686.481	4.4
686.684	4.4
686.886	4.4
687.089	4.4
687.292	4.4
687.495	4.4
687.698	4.4
687.901	4.4
688.104	4.4
688.307	4.4
688.51	4.4
688.713	4.4
688.916	4.5
689.119	4.5
689.322	4.5
689.525	4.5
689.728	4.5
689.931	4.5
690.134	4.5
690.337	4.5
690.54	4.5
690.744	4.5
690.947	4.5
691.15	4.5
691.353	4.5
691.556	4.5
691.76	4.5
691.963	4.5
692.166	4.5
692.37	4.5
692.573	4.5
692.776	4.6
692.979	4.6
693.183	4.6
693.386	4.6
693.59	4.6
693.793	4.6
693.996	4.6
694.2	4.6
694.403	4.6
694.607	4.6
694.81	4.6
695.014	4.6
695.217	4.6
695.421	4.6
695.624	4.7
695.828	4.7
696.031	4.7
696.235	4.7
696.439	4.7
696.642	4.7
696.846	4.7
697.049	4.7
697.253	4.7
697.457	4.7
697.661	4.7
697.864	4.7
698.068	4.7
698.272	4.8
698.475	4.8
698.679	4.8
698.883	4.8
699.087	4.8
699.291	4.8
699.494	4.8
699.698	4.8
699.902	4.8
700.106	4.8
700.31	4.8
700.514	4.8
700.718	4.9
700.922	4.9
701.126	4.9
701.33	4.9
701.534	4.9
701.738	4.9
701.942	4.9
702.146	4.9
702.35	4.9
702.554	5
702.758	5
702.962	5
703.166	5
703.37	5
703.574	5
703.778	5
703.983	5
704.187	5
704.391	5
704.595	5.1
704.799	5.1
705.004	5.1
705.208	5.1
705.412	5.1
705.616	5.1
705.821	5.1
706.025	5.1
706.229	5.2
706.434	5.2
706.638	5.2
706.842	5.2
707.047	5.2
707.251	5.2
707.455	5.2
707.66	5.2
707.864	5.3
708.069	5.3
708.273	5.3
708.478	5.3
708.682	5.3
708.887	5.3
709.091	5.3
709.296	5.4
709.5	5.4
709.705	5.4
709.909	5.4
710.114	5.4
710.319	5.4
710.523	5.4
710.728	5.5
710.932	5.5
711.137	5.5
711.342	5.5
711.546	5.5
711.751	5.5
711.956	5.6
712.161	5.6
712.365	5.6
712.57	5.6
712.775	5.6
712.98	5.7
713.184	5.7
713.389	5.7
713.594	5.7
713.799	5.7
714.004	5.8
714.209	5.8
714.413	5.8
714.618	5.8
714.823	5.8
715.028	5.9
715.233	5.9
715.438	5.9
715.643	5.9
715.848	5.9
716.053	5.9
716.258	6
716.463	6
716.668	6
716.873	6
717.078	6.1
717.283	6.1
717.488	6.1
717.693	6.1
717.898	6.1
718.103	6.2
718.308	6.2
718.514	6.2
718.719	6.2
718.924	6.2
719.129	6.3
719.334	6.3
719.539	6.3
719.745	6.3
719.95	6.4
720.155	6.4
720.36	6.4
720.566	6.4
720.771	6.5
720.976	6.5
721.182	6.5
721.387	6.5
721.592	6.5
721.798	6.6
722.003	6.6
722.208	6.6
722.414	6.7
722.619	6.7
722.824	6.7
723.03	6.7
723.235	6.8
723.441	6.8
723.646	6.8
723.852	6.9
724.057	6.9
724.263	6.9
724.468	6.9
724.674	7
724.879	7
725.085	7
725.29	7.1
725.496	7.1
725.701	7.1
725.907	7.2
726.112	7.2
726.318	7.2
726.524	7.3
726.729	7.3
726.935	7.3
727.141	7.4
727.346	7.4
727.552	7.4
727.758	7.5
727.963	7.5
728.169	7.5
728.375	7.6
728.581	7.6
728.786	7.6
728.992	7.7
729.198	7.7
729.404	7.7
729.609	7.8
729.815	7.8
730.021	7.9
730.227	7.9
730.433	7.9
730.639	8
730.844	8
731.05	8
731.256	8.1
731.462	8.1
731.668	8.2
731.874	8.2
732.08	8.2
732.286	8.3
732.492	8.3
732.698	8.4
732.904	8.4
733.11	8.4
733.316	8.5
733.522	8.5
733.728	8.6
733.934	8.6
734.14	8.7
734.346	8.7
734.552	8.8
734.758	8.8
734.964	8.8
735.17	8.9
735.376	8.9
735.583	9
735.789	9
735.995	9.1
736.201	9.1
736.407	9.2
736.613	9.2
736.819	9.3
737.026	9.3
737.232	9.4
737.438	9.4
737.644	9.5
737.851	9.5
738.057	9.6
738.263	9.6
738.469	9.7
738.676	9.7
738.882	9.8
739.088	9.8
739.295	9.9
739.501	9.9
739.707	10
739.914	10
740.12	10.1
740.326	10.1
740.533	10.2
740.739	10.3
740.946	10.3
741.152	10.4
741.358	10.4
741.565	10.5
741.771	10.5
741.978	10.6
742.184	10.7
742.391	10.7
742.597	10.8
742.804	10.8
743.01	10.9
743.217	11
743.423	11
743.63	11.1
743.836	11.2
744.043	11.2
744.249	11.3
744.456	11.3
744.663	11.4
744.869	11.5
745.076	11.5
745.282	11.6
745.489	11.7
745.696	11.7
745.902	11.8
746.109	11.9
746.316	11.9
746.522	12
746.729	12.1
746.936	12.1
747.142	12.2
747.349	12.3
747.556	12.3
747.762	12.4
747.969	12.5
748.176	12.6
748.383	12.6
748.589	12.7
748.796	12.8
749.003	12.8
749.21	12.9
749.417	13
749.623	13.1
749.83	13.1
750.037	13.2
750.244	13.3
750.451	13.4
750.658	13.4
750.865	13.5
751.071	13.6
751.278	13.7
751.485	13.7
751.692	13.8
751.899	13.9
752.106	14
752.313	14.1
752.52	14.1
752.727	14.2
752.934	14.3
753.141	14.4
753.348	14.5
753.555	14.6
753.762	14.6
753.969	14.7
754.176	14.8
754.383	14.9
754.59	15
754.797	15.1
755.004	15.1
755.211	15.2
755.418	15.3
755.625	15.4
755.832	15.5
756.039	15.6
756.246	15.7
756.453	15.8
756.66	15.8
756.868	15.9
757.075	16
757.282	16.1
757.489	16.2
757.696	16.3
757.903	16.4
758.111	16.5
758.318	16.6
758.525	16.7
758.732	16.8
758.939	16.9
759.147	17
759.354	17.1
759.561	17.2
759.768	17.3
759.976	17.4
760.183	17.5
760.39	17.6
760.597	17.7
760.805	17.8
761.012	17.9
761.219	18
761.426	18.1
761.634	18.2
761.841	18.3
762.048	18.4
762.256	18.5
762.463	18.6
762.67	18.7
762.878	18.8
763.085	18.9
763.293	19
763.5	19.1
763.707	19.2
763.915	19.3
764.122	19.4
764.33	19.5
764.537	19.6
764.744	19.7
764.952	19.9
765.159	20
765.367	20.1
765.574	20.2
765.782	20.3
765.989	20.4
766.197	20.5
766.404	20.6
766.612	20.7
766.819	20.8
767.027	20.9
767.234	21
767.442	21.1
767.649	21.2
767.857	21.4
768.064	21.5
768.272	21.6
768.479	21.7
768.687	21.8
768.895	21.9
769.102	22
769.31	22.1
769.517	22.2
769.725	22.4
769.933	22.5
770.14	22.6
770.348	22.7
770.555	22.8
770.763	22.9
770.971	23
771.178	23.1
771.386	23.3
771.594	23.4
771.801	23.5
772.009	23.6
772.217	23.7
772.424	23.8
772.632	23.9
772.84	24
773.047	24.1
773.255	24.2
773.463	24.3
773.671	24.4
773.878	24.5
774.086	24.7
774.294	24.8
774.502	24.9
774.709	25
774.917	25.1
775.125	25.2
775.333	25.3
775.54	25.4
775.748	25.5
775.956	25.7
776.164	25.8
776.371	25.9
776.579	26
776.787	26.1
776.995	26.2
777.203	26.3
777.41	26.4
777.618	26.5
777.826	26.6
778.034	26.7
778.242	26.9
778.45	27
778.657	27.1
778.865	27.2
779.073	27.3
779.281	27.4
779.489	27.5
779.697	27.6
779.905	27.7
780.112	27.8
780.32	27.9
780.528	28
780.736	28.1
780.944	28.2
781.152	28.3
781.36	28.4
781.568	28.5
781.776	28.6
781.984	28.7
782.191	28.8
782.399	28.9
782.607	29
782.815	29.1
783.023	29.2
783.231	29.3
783.439	29.4
783.647	29.5
783.855	29.6
784.063	29.7
784.271	29.8
784.479	29.9
784.687	30
784.895	30.1
785.103	30.2
785.311	30.2
785.519	30.3
785.727	30.4
785.935	30.5
786.143	30.6
786.351	30.7
786.559	30.8
786.767	30.9
786.975	31
787.183	31.1
787.391	31.2
787.599	31.2
787.807	31.3
788.015	31.4
788.223	31.5
788.431	31.6
788.639	31.7
788.847	31.7
789.055	31.8
789.263	31.9
789.471	32
789.679	32.1
789.887	32.2
790.095	32.2
790.303	32.3
790.511	32.4
790.719	32.5
790.927	32.6
791.135	32.6
791.343	32.7
791.551	32.8
791.76	32.9
791.968	33
792.176	33.1
792.384	33.1
792.592	33.2
792.8	33.3
793.008	33.4
793.216	33.4
793.424	33.5
793.632	33.6
793.84	33.7
794.048	33.7
794.256	33.8
794.465	33.9
794.673	33.9
794.881	34
795.089	34.1
795.297	34.1
795.505	34.2
795.713	34.3
795.921	34.3
796.129	34.4
796.337	34.5
796.546	34.6
796.754	34.6
796.962	34.7
797.17	34.8
797.378	34.9
797.586	34.9
797.794	35
798.002	35.1
798.21	35.1
798.419	35.2
798.627	35.2
798.835	35.3
799.043	35.4
799.251	35.4
799.459	35.5
799.667	35.5
799.875	35.6
800.083	35.7
800.292	35.7
800.5	35.8
800.708	35.8
800.916	35.9
801.124	35.9
801.332	36
801.54	36
801.748	36.1
801.957	36.1
802.165	36.2
802.373	36.2
802.581	36.3
802.789	36.3
802.997	36.4
803.205	36.4
803.414	36.5
803.622	36.5
803.83	36.6
804.038	36.6
804.246	36.7
804.454	36.7
804.662	36.8
804.87	36.8
805.079	36.8
805.287	36.9
805.495	36.9
805.703	36.9
805.911	37
806.119	37
806.327	37.1
806.535	37.1
806.743	37.1
806.952	37.2
807.16	37.2
807.368	37.3
807.576	37.3
807.784	37.3
807.992	37.4
808.2	37.4
808.408	37.4
808.617	37.5
808.825	37.5
809.033	37.6
809.241	37.6
809.449	37.6
809.657	37.7
809.865	37.7
810.073	37.7
810.281	37.8
810.49	37.8
810.698	37.8
810.906	37.9
811.114	37.9
811.322	37.9
811.53	38
811.738	38
811.946	38
812.154	38.1
812.362	38.1
812.57	38.1
812.779	38.1
812.987	38.2
813.195	38.2
813.403	38.2
813.611	38.3
813.819	38.3
814.027	38.3
814.235	38.4
814.443	38.4
814.651	38.4
814.859	38.5
815.067	38.5
815.275	38.5
815.484	38.5
815.692	38.6
815.9	38.6
816.108	38.6
816.316	38.7
816.524	38.7
816.732	38.7
816.94	38.7
817.148	38.8
817.356	38.8
817.564	38.8
817.772	38.8
817.98	38.9
818.188	38.9
818.397	38.9
818.605	38.9
818.813	39
819.021	39
819.229	39
819.437	39.1
819.645	39.1
819.853	39.1
820.061	39.1
820.269	39.2
820.477	39.2
820.685	39.2
820.893	39.2
821.102	39.3
821.31	39.3
821.518	39.3
821.726	39.3
821.934	39.4
822.142	39.4
822.35	39.4
822.558	39.4
822.766	39.4
822.974	39.4
823.182	39.5
823.39	39.5
823.599	39.5
823.807	39.5
824.015	39.5
824.223	39.6
824.431	39.6
824.639	39.6
824.847	39.6
825.055	39.6
825.263	39.6
825.472	39.7
825.68	39.7
825.888	39.7
826.096	39.7
826.304	39.7
826.512	39.8
826.72	39.8
826.928	39.8
827.137	39.8
827.345	39.8
827.553	39.8
827.761	39.8
827.969	39.8
828.177	39.8
828.385	39.8
828.594	39.8
828.802	39.8
829.01	39.9
829.218	39.9
829.426	39.9
829.634	39.9
829.843	39.9
830.051	39.9
830.259	39.9
830.467	39.9
830.675	39.9
830.883	39.9
831.092	40
831.3	40
831.508	40
831.716	40
831.924	40
832.133	40
832.341	40
832.549	40.1
832.757	40.1
832.966	40.1
833.174	40.1
833.382	40.1
833.59	40.1
833.799	40.1
834.007	40.1
834.215	40.1
834.423	40.1
834.632	40.1
834.84	40.1
835.048	40.1
835.256	40.1
835.465	40.1
835.673	40.1
835.881	40.1
836.09	40.1
836.298	40.1
836.506	40.1
836.715	40.2
836.923	40.2
837.131	40.2
837.34	40.2
837.548	40.2
837.756	40.2
837.965	40.2
838.173	40.2
838.381	40.2
838.59	40.3
838.798	40.3
839.006	40.3
839.215	40.3
839.423	40.3
839.632	40.3
839.84	40.3
840.048	40.3
840.257	40.4
840.465	40.4
840.674	40.4
840.882	40.4
841.091	40.4
841.299	40.4
841.508	40.4
841.716	40.4
841.924	40.4
842.133	40.4
842.341	40.4
842.55	40.5
842.758	40.5
842.967	40.5
843.175	40.5
843.384	40.5
843.593	40.5
843.801	40.5
844.01	40.5
844.218	40.5
844.427	40.5
844.635	40.6
844.844	40.6
845.052	40.6
845.261	40.6
845.47	40.6
845.678	40.6
845.887	40.6
846.095	40.6
846.304	40.6
846.513	40.6
846.721	40.6
846.93	40.6
847.139	40.6
847.347	40.6
847.556	40.6
847.765	40.6
847.973	40.6
848.182	40.6
848.391	40.6
848.6	40.6
848.808	40.6
849.017	40.7
849.226	40.7
849.435	40.7
849.643	40.7
849.852	40.7
850.061	40.7
850.27	40.7
850.478	40.7
850.687	40.7
850.896	40.7
851.105	40.7
851.314	40.7
851.523	40.7
851.731	40.7
851.94	40.7
852.149	40.8
852.358	40.8
852.567	40.8
852.776	40.8
852.985	40.8
853.194	40.8
853.403	40.8
853.612	40.8
853.821	40.8
854.03	40.8
854.239	40.8
854.447	40.8
854.656	40.8
854.865	40.8
855.075	40.8
855.284	40.9
855.493	40.9
855.702	40.9
855.911	40.9
856.12	40.9
856.329	40.9
856.538	40.9
856.747	40.9
856.956	40.9
857.165	40.9
857.374	40.9
857.584	40.9
857.793	41
858.002	41
858.211	41
858.42	41
858.629	41
858.839	41
859.048	41
859.257	41
859.466	41
859.676	41
859.885	41
860.094	41
860.304	41
860.513	41
860.722	41
860.932	41
861.141	41
861.35	41
861.56	41
861.769	41
861.978	41
862.188	41
862.397	41.1
862.607	41.1
862.816	41.1
863.026	41.1
863.235	41.1
863.445	41.1
863.654	41.1
863.864	41.1
864.073	41.1
864.283	41.1
864.492	41.2
864.702	41.2
864.911	41.2
865.121	41.2
865.33	41.2
865.54	41.2
865.75	41.2
865.959	41.2
866.169	41.2
866.379	41.2
866.588	41.2
866.798	41.2
867.008	41.2
867.218	41.2
867.427	41.2
867.637	41.2
867.847	41.3
868.057	41.3
868.266	41.3
868.476	41.3
868.686	41.3
868.896	41.3
869.106	41.3
869.316	41.3
869.525	41.3
869.735	41.3
869.945	41.3
870.155	41.3
870.365	41.3
870.575	41.3
870.785	41.3
870.995	41.3
871.205	41.3
871.415	41.3
871.625	41.3
871.835	41.3
872.045	41.3
872.255	41.3
872.465	41.3
872.675	41.3
872.886	41.3
873.096	41.3
873.306	41.3
873.516	41.3
873.726	41.3
873.936	41.3
874.147	41.4
874.357	41.4
874.567	41.4
874.777	41.4
874.988	41.4
875.198	41.4
875.408	41.4
875.619	41.4
875.829	41.4
876.039	41.4
876.25	41.4
876.46	41.4
876.67	41.4
876.881	41.4
877.091	41.4
877.302	41.4
877.512	41.5
877.723	41.5
877.933	41.5
878.144	41.5
878.354	41.5
878.565	41.5
878.775	41.5
878.986	41.5
879.197	41.5
879.407	41.5
879.618	41.5
879.829	41.5
880.039	41.5
880.25	41.5
880.461	41.5
880.671	41.5
880.882	41.5
881.093	41.5
881.304	41.5
881.515	41.5
881.725	41.5
881.936	41.5
882.147	41.5
882.358	41.6
882.569	41.6
882.78	41.6
882.991	41.6
883.202	41.6
883.413	41.6
883.624	41.6
883.835	41.6
884.046	41.7
884.257	41.7
884.468	41.7
884.679	41.8
884.89	41.8
885.101	41.8
885.312	41.8
885.523	41.8
885.735	41.9
885.946	41.9
886.157	41.9
886.368	41.9
886.579	41.9
886.791	41.9
887.002	41.9
887.213	42
887.425	42
887.636	42
887.847	42
888.059	42.1
888.27	42.1
888.481	42.2
888.693	42.2
888.904	42.2
889.116	42.2
889.327	42.3
889.539	42.3
889.75	42.3
889.962	42.4
890.174	42.4
890.385	42.4
890.597	42.4
890.808	42.5
891.02	42.5
891.232	42.5
891.444	42.5
891.655	42.6
891.867	42.6
892.079	42.6
892.291	42.6
892.502	42.6
892.714	42.7
892.926	42.7
893.138	42.6
893.35	42.6
893.562	42.7
893.774	42.7
893.986	42.7
894.198	42.7
894.41	42.7
894.622	42.7
894.834	42.7
895.046	42.8
895.258	42.8
895.47	42.8
895.682	42.8
895.894	42.8
896.106	42.9
896.319	42.9
896.531	42.9
896.743	42.9
896.955	42.9
897.168	42.9
897.38	42.9
897.592	42.9
897.805	43
898.017	42.9
898.229	43
898.442	43
898.654	43
898.867	43
899.079	43
899.292	43
899.504	43.1
899.717	43.1
899.929	43
900.142	43
900.355	43
900.567	43
900.78	43
900.993	43
901.205	43
901.418	43.1
901.631	43.1
901.844	43.1
902.056	43.1
902.269	43.1
902.482	43.2
902.695	43.2
902.908	43.2
903.121	43.2
903.334	43.2
903.547	43.2
903.76	43.2
903.973	43.2
904.186	43.2
904.399	43.2
904.612	43.2
904.825	43.2
905.038	43.3
905.251	43.3
905.465	43.3
905.678	43.3
905.891	43.3
906.104	43.3
906.318	43.3
906.531	43.3
906.744	43.3
906.958	43.3
907.171	43.3
907.384	43.3
907.598	43.3
907.811	43.4
908.025	43.4
908.238	43.3
908.452	43.3
908.665	43.4
908.879	43.4
909.093	43.4
909.306	43.4
909.52	43.5
909.734	43.5
909.947	43.5
910.161	43.5
910.375	43.5
910.589	43.5
910.803	43.6
911.016	43.6
911.23	43.6
911.444	43.6
911.658	43.6
911.872	43.6
912.086	43.6
912.3	43.7
912.514	43.7
912.728	43.7
912.942	43.7
913.156	43.7
913.37	43.7
913.585	43.7
913.799	43.7
914.013	43.7
914.227	43.7
914.442	43.7
914.656	43.7
914.87	43.8
915.084	43.8
915.299	43.8
915.513	43.9
915.728	43.9
915.942	43.9
916.157	43.9
916.371	43.9
916.586	44
916.8	44
917.015	44
917.229	44
917.444	44
917.659	44
917.874	44
918.088	44
918.303	43.9
918.518	43.9
918.733	43.9
918.947	44
919.162	44
919.377	44
919.592	44
919.807	44
920.022	44
920.237	44
920.452	44
920.667	44.1
920.882	44.1
921.097	44.1
921.313	44.1
921.528	44.1
921.743	44.1
921.958	44.2
922.174	44.2
922.389	44.2
922.604	44.2
922.82	44.2
923.035	44.3
923.25	44.3
923.466	44.3
923.681	44.3
923.897	44.3
924.112	44.3
924.328	44.3
924.544	44.3
924.759	44.4
924.975	44.4
925.19	44.4
925.406	44.4
925.622	44.5
925.838	44.5
926.054	44.5
926.269	44.5
926.485	44.6
926.701	44.6
926.917	44.6
927.133	44.7
927.349	44.8
927.565	44.8
927.781	44.8
927.997	44.8
928.213	44.9
928.429	44.9
928.646	44.9
928.862	44.9
929.078	45
929.294	45
929.511	45.1
929.727	45.1
929.943	45.1
930.16	45.2
930.376	45.2
930.592	45.2
930.809	45.2
931.025	45.3
931.242	45.3
931.459	45.3
931.675	45.3
931.892	45.4
932.108	45.4
932.325	45.4
932.542	45.4
932.759	45.4
932.975	45.4
933.192	45.4
933.409	45.4
933.626	45.4
933.843	45.5
934.06	45.5
934.277	45.4
934.494	45.4
934.711	45.3
934.928	45.3
935.145	45.3
935.362	45.4
935.58	45.3
935.797	45.3
936.014	45.2
936.231	45.2
936.449	45.1
936.666	45
936.883	45
937.101	44.9
937.318	44.9
937.536	44.9
937.753	44.9
937.971	44.8
938.188	44.7
938.406	44.7
938.624	44.7
938.841	44.6
939.059	44.6
939.277	44.5
939.494	44.5
939.712	44.5
939.93	44.5
