360.161	9.6
360.333	9.5
360.504	9.4
360.676	9.4
360.847	9.3
361.019	9.4
361.19	9.3
361.361	9.3
361.533	9.3
361.704	9.3
361.876	9.3
362.047	9.3
362.219	9.2
362.391	9.1
362.562	9.1
362.734	9.1
362.905	9.1
363.077	9
363.248	9
363.42	8.9
363.592	8.9
363.763	8.8
363.935	8.8
364.106	8.8
364.278	8.8
364.45	8.7
364.621	8.7
364.793	8.7
364.965	8.7
365.137	8.6
365.308	8.5
365.48	8.5
365.652	8.5
365.824	8.5
365.995	8.4
366.167	8.3
366.339	8.3
366.511	8.3
366.683	8.2
366.854	8.1
367.026	8.1
367.198	8
367.37	8
367.542	8
367.714	8
367.886	8
368.058	7.9
368.23	7.9
368.402	7.9
368.574	7.8
368.746	7.7
368.918	7.7
369.09	7.6
369.262	7.7
369.434	7.6
369.606	7.6
369.778	7.6
369.95	7.6
370.122	7.6
370.294	7.6
370.467	7.6
370.639	7.5
370.811	7.6
370.983	7.6
371.155	7.5
371.328	7.4
371.5	7.4
371.672	7.4
371.844	7.4
372.017	7.4
372.189	7.4
372.361	7.3
372.534	7.2
372.706	7.2
372.878	7.2
373.051	7.2
373.223	7.1
373.396	7.1
373.568	7.1
373.741	7
373.913	7
374.086	7
374.258	7
374.431	7
374.603	7
374.776	7
374.949	6.9
375.121	6.9
375.294	6.9
375.467	6.9
375.639	6.8
375.812	6.8
375.985	6.8
376.157	6.8
376.33	6.7
376.503	6.7
376.676	6.7
376.849	6.7
377.021	6.6
377.194	6.6
377.367	6.6
377.54	6.6
377.713	6.5
377.886	6.5
378.059	6.5
378.232	6.5
378.405	6.4
378.578	6.5
378.751	6.4
378.924	6.4
379.097	6.4
379.27	6.3
379.444	6.3
379.617	6.3
379.79	6.3
379.963	6.2
380.136	6.2
380.31	6.2
380.483	6.2
380.656	6.2
380.829	6.2
381.003	6.1
381.176	6.1
381.35	6.1
381.523	6
381.696	6
381.87	6
382.043	6
382.217	6
382.39	5.9
382.564	5.9
382.738	5.9
382.911	5.9
383.085	5.9
383.258	5.9
383.432	5.9
383.606	5.9
383.779	5.9
383.953	5.9
384.127	5.9
384.301	5.8
384.475	5.8
384.648	5.8
384.822	5.8
384.996	5.8
385.17	5.7
385.344	5.7
385.518	5.7
385.692	5.7
385.866	5.6
386.04	5.6
386.214	5.6
386.388	5.6
386.562	5.6
386.737	5.6
386.911	5.6
387.085	5.6
387.259	5.6
387.434	5.6
387.608	5.5
387.782	5.5
387.956	5.5
388.131	5.5
388.305	5.5
388.48	5.5
388.654	5.5
388.829	5.5
389.003	5.5
389.178	5.5
389.352	5.5
389.527	5.5
389.701	5.5
389.876	5.5
390.051	5.5
390.226	5.4
390.4	5.4
390.575	5.5
390.75	5.5
390.925	5.4
391.099	5.4
391.274	5.4
391.449	5.4
391.624	5.4
391.799	5.4
391.974	5.4
392.149	5.4
392.324	5.4
392.499	5.4
392.675	5.5
392.85	5.5
393.025	5.5
393.2	5.5
393.375	5.5
393.551	5.5
393.726	5.5
393.901	5.5
394.077	5.5
394.252	5.5
394.427	5.5
394.603	5.5
394.778	5.5
394.954	5.5
395.129	5.5
395.305	5.5
395.481	5.5
395.656	5.5
395.832	5.5
396.008	5.5
396.184	5.5
396.359	5.5
396.535	5.5
396.711	5.5
396.887	5.5
397.063	5.5
397.239	5.5
397.415	5.5
397.591	5.5
397.767	5.5
397.943	5.4
398.119	5.4
398.295	5.4
398.471	5.4
398.648	5.4
398.824	5.4
399	5.4
399.176	5.4
399.353	5.4
399.529	5.4
399.706	5.4
399.882	5.4
400.058	5.4
400.235	5.4
400.412	5.4
400.588	5.4
400.765	5.4
400.942	5.4
401.118	5.4
401.295	5.4
401.472	5.4
401.649	5.4
401.825	5.4
402.002	5.4
402.179	5.4
402.356	5.4
402.533	5.4
402.71	5.4
402.887	5.4
403.064	5.4
403.242	5.4
403.419	5.4
403.596	5.4
403.773	5.4
403.95	5.4
404.128	5.3
404.305	5.3
404.483	5.4
404.66	5.4
404.837	5.4
405.015	5.4
405.193	5.4
405.37	5.4
405.548	5.4
405.725	5.4
405.903	5.4
406.081	5.4
406.259	5.4
406.437	5.4
406.614	5.4
406.792	5.4
406.97	5.4
407.148	5.3
407.326	5.3
407.504	5.3
407.682	5.3
407.86	5.3
408.039	5.3
408.217	5.3
408.395	5.3
408.573	5.3
408.751	5.3
408.93	5.3
409.108	5.3
409.287	5.3
409.465	5.3
409.643	5.3
409.822	5.3
410	5.3
410.179	5.3
410.358	5.3
410.536	5.3
410.715	5.3
410.894	5.4
411.072	5.4
411.251	5.4
411.43	5.4
411.609	5.4
411.788	5.4
411.967	5.4
412.146	5.4
412.325	5.4
412.504	5.4
412.683	5.4
412.862	5.4
413.041	5.4
413.22	5.4
413.399	5.4
413.578	5.4
413.758	5.5
413.937	5.5
414.116	5.5
414.296	5.5
414.475	5.5
414.654	5.5
414.834	5.5
415.013	5.5
415.193	5.5
415.372	5.6
415.552	5.6
415.732	5.5
415.911	5.6
416.091	5.6
416.271	5.6
416.45	5.6
416.63	5.6
416.81	5.6
416.99	5.6
417.169	5.6
417.349	5.6
417.529	5.6
417.709	5.6
417.889	5.6
418.069	5.6
418.249	5.6
418.429	5.6
418.609	5.6
418.789	5.6
418.97	5.6
419.15	5.6
419.33	5.6
419.51	5.6
419.691	5.6
419.871	5.6
420.051	5.6
420.232	5.6
420.412	5.6
420.592	5.7
420.773	5.7
420.953	5.6
421.134	5.6
421.314	5.7
421.495	5.7
421.675	5.7
421.856	5.7
422.037	5.7
422.217	5.7
422.398	5.7
422.579	5.7
422.76	5.7
422.94	5.7
423.121	5.7
423.302	5.7
423.483	5.7
423.664	5.7
423.845	5.7
424.026	5.7
424.207	5.7
424.388	5.8
424.569	5.8
424.75	5.8
424.931	5.8
425.112	5.8
425.293	5.8
425.474	5.8
425.655	5.8
425.837	5.8
426.018	5.8
426.199	5.8
426.38	5.8
426.562	5.8
426.743	5.9
426.924	5.9
427.106	5.9
427.287	5.9
427.469	5.9
427.65	5.9
427.832	5.9
428.013	5.9
428.195	5.9
428.376	5.9
428.558	5.9
428.739	5.9
428.921	5.9
429.103	6
429.284	6
429.466	6
429.648	6
429.83	6
430.011	6
430.193	6
430.375	6
430.557	6
430.739	6
430.921	6
431.102	6
431.284	6
431.466	6
431.648	6
431.83	6
432.012	6
432.194	6
432.377	6.1
432.559	6.1
432.741	6.1
432.923	6.1
433.105	6.1
433.287	6.1
433.469	6.1
433.652	6.1
433.834	6.1
434.016	6.1
434.198	6.1
434.381	6.1
434.563	6.1
434.745	6.2
434.928	6.2
435.11	6.2
435.293	6.2
435.475	6.2
435.658	6.2
435.84	6.2
436.022	6.2
436.205	6.2
436.388	6.3
436.57	6.3
436.753	6.3
436.935	6.3
437.118	6.3
437.301	6.3
437.483	6.3
437.666	6.3
437.849	6.4
438.031	6.4
438.214	6.4
438.397	6.4
438.58	6.4
438.762	6.4
438.945	6.4
439.128	6.5
439.311	6.5
439.494	6.5
439.677	6.5
439.859	6.5
440.042	6.5
440.225	6.5
440.408	6.6
440.591	6.6
440.774	6.6
440.957	6.6
441.14	6.6
441.323	6.6
441.507	6.6
441.69	6.6
441.873	6.7
442.056	6.7
442.239	6.7
442.422	6.7
442.605	6.7
442.789	6.7
442.972	6.7
443.155	6.8
443.338	6.8
443.522	6.8
443.705	6.8
443.888	6.8
444.072	6.8
444.255	6.8
444.438	6.8
444.622	6.9
444.805	6.9
444.989	6.9
445.172	6.9
445.356	6.9
445.539	6.9
445.723	6.9
445.906	6.9
446.09	7
446.273	7
446.457	7
446.64	7
446.824	7
447.008	7
447.191	7
447.375	7
447.559	7.1
447.742	7.1
447.926	7.1
448.11	7.1
448.293	7.1
448.477	7.1
448.661	7.2
448.845	7.2
449.029	7.2
449.212	7.2
449.396	7.2
449.58	7.2
449.764	7.2
449.948	7.3
450.132	7.3
450.316	7.3
450.5	7.3
450.684	7.3
450.868	7.4
451.052	7.4
451.236	7.4
451.42	7.4
451.604	7.4
451.788	7.4
451.972	7.4
452.156	7.5
452.34	7.5
452.525	7.5
452.709	7.5
452.893	7.5
453.077	7.6
453.261	7.6
453.446	7.6
453.63	7.6
453.814	7.6
453.998	7.6
454.183	7.7
454.367	7.7
454.551	7.7
454.736	7.7
454.92	7.7
455.104	7.8
455.289	7.8
455.473	7.8
455.658	7.8
455.842	7.8
456.026	7.8
456.211	7.9
456.395	7.9
456.58	7.9
456.764	7.9
456.949	7.9
457.134	8
457.318	8
457.503	8
457.687	8
457.872	8
458.057	8.1
458.241	8.1
458.426	8.1
458.611	8.1
458.795	8.1
458.98	8.2
459.165	8.2
459.349	8.2
459.534	8.2
459.719	8.2
459.904	8.3
460.088	8.3
460.273	8.3
460.458	8.3
460.643	8.4
460.828	8.4
461.013	8.4
461.198	8.4
461.382	8.4
461.567	8.5
461.752	8.5
461.937	8.5
462.122	8.5
462.307	8.6
462.492	8.6
462.677	8.6
462.862	8.6
463.047	8.6
463.232	8.7
463.417	8.7
463.602	8.7
463.788	8.7
463.973	8.8
464.158	8.8
464.343	8.8
464.528	8.8
464.713	8.9
464.898	8.9
465.084	8.9
465.269	8.9
465.454	9
465.639	9
465.824	9
466.01	9
466.195	9.1
466.38	9.1
466.566	9.1
466.751	9.1
466.936	9.1
467.122	9.2
467.307	9.2
467.492	9.2
467.678	9.3
467.863	9.3
468.048	9.3
468.234	9.3
468.419	9.4
468.605	9.4
468.79	9.4
468.976	9.5
469.161	9.5
469.347	9.5
469.532	9.5
469.718	9.6
469.903	9.6
470.089	9.6
470.274	9.6
470.46	9.7
470.646	9.7
470.831	9.7
471.017	9.8
471.202	9.8
471.388	9.8
471.574	9.8
471.759	9.9
471.945	9.9
472.131	9.9
472.317	10
472.502	10
472.688	10
472.874	10
473.059	10.1
473.245	10.1
473.431	10.1
473.617	10.2
473.803	10.2
473.988	10.2
474.174	10.3
474.36	10.3
474.546	10.3
474.732	10.4
474.918	10.4
475.104	10.4
475.29	10.5
475.475	10.5
475.661	10.5
475.847	10.5
476.033	10.6
476.219	10.6
476.405	10.6
476.591	10.7
476.777	10.7
476.963	10.7
477.149	10.8
477.335	10.8
477.521	10.8
477.707	10.9
477.893	10.9
478.08	10.9
478.266	11
478.452	11
478.638	11
478.824	11.1
479.01	11.1
479.196	11.1
479.382	11.2
479.569	11.2
479.755	11.2
479.941	11.3
480.127	11.3
480.313	11.3
480.5	11.4
480.686	11.4
480.872	11.5
481.058	11.5
481.245	11.5
481.431	11.6
481.617	11.6
481.803	11.6
481.99	11.7
482.176	11.7
482.362	11.8
482.549	11.8
482.735	11.8
482.921	11.9
483.108	11.9
483.294	11.9
483.481	12
483.667	12
483.853	12
484.04	12.1
484.226	12.1
484.413	12.1
484.599	12.2
484.786	12.2
484.972	12.3
485.159	12.3
485.345	12.3
485.532	12.4
485.718	12.4
485.905	12.5
486.091	12.5
486.278	12.6
486.464	12.6
486.651	12.6
486.837	12.7
487.024	12.7
487.211	12.7
487.397	12.8
487.584	12.8
487.77	12.9
487.957	12.9
488.144	12.9
488.33	13
488.517	13
488.704	13.1
488.89	13.1
489.077	13.1
489.264	13.2
489.45	13.2
489.637	13.3
489.824	13.3
490.01	13.3
490.197	13.4
490.384	13.4
490.571	13.5
490.757	13.5
490.944	13.6
491.131	13.6
491.318	13.6
491.505	13.7
491.691	13.7
491.878	13.8
492.065	13.8
492.252	13.9
492.439	13.9
492.626	14
492.812	14
492.999	14
493.186	14.1
493.373	14.1
493.56	14.2
493.747	14.2
493.934	14.2
494.121	14.3
494.308	14.3
494.494	14.4
494.681	14.4
494.868	14.5
495.055	14.5
495.242	14.6
495.429	14.6
495.616	14.7
495.803	14.7
495.99	14.7
496.177	14.8
496.364	14.8
496.551	14.9
496.738	14.9
496.925	15
497.112	15
497.299	15.1
497.486	15.1
497.673	15.2
497.861	15.2
498.048	15.3
498.235	15.3
498.422	15.4
498.609	15.4
498.796	15.5
498.983	15.5
499.17	15.6
499.357	15.6
499.544	15.7
499.732	15.7
499.919	15.8
500.106	15.8
500.293	15.9
500.48	15.9
500.667	16
500.855	16
501.042	16.1
501.229	16.1
501.416	16.2
501.603	16.2
501.791	16.3
501.978	16.3
502.165	16.4
502.352	16.4
502.54	16.5
502.727	16.5
502.914	16.6
503.101	16.6
503.289	16.7
503.476	16.7
503.663	16.8
503.85	16.8
504.038	16.9
504.225	17
504.412	17
504.6	17.1
504.787	17.1
504.974	17.2
505.161	17.2
505.349	17.3
505.536	17.3
505.723	17.4
505.911	17.4
506.098	17.5
506.286	17.6
506.473	17.6
506.66	17.7
506.848	17.7
507.035	17.8
507.222	17.8
507.41	17.9
507.597	18
507.785	18
507.972	18.1
508.159	18.1
508.347	18.2
508.534	18.2
508.722	18.3
508.909	18.4
509.097	18.4
509.284	18.5
509.471	18.5
509.659	18.6
509.846	18.7
510.034	18.7
510.221	18.8
510.409	18.9
510.596	18.9
510.784	19
510.971	19.1
511.159	19.1
511.346	19.2
511.534	19.2
511.721	19.3
511.909	19.4
512.096	19.4
512.284	19.5
512.471	19.6
512.659	19.6
512.846	19.7
513.034	19.7
513.221	19.8
513.409	19.9
513.596	19.9
513.784	20
513.972	20.1
514.159	20.1
514.347	20.2
514.534	20.3
514.722	20.3
514.909	20.4
515.097	20.4
515.285	20.5
515.472	20.6
515.66	20.6
515.847	20.7
516.035	20.8
516.222	20.8
516.41	20.9
516.598	21
516.785	21
516.973	21.1
517.161	21.2
517.348	21.2
517.536	21.3
517.723	21.4
517.911	21.4
518.099	21.5
518.286	21.5
518.474	21.6
518.662	21.7
518.849	21.7
519.037	21.8
519.225	21.9
519.412	21.9
519.6	22
519.787	22.1
519.975	22.1
520.163	22.2
520.35	22.3
520.538	22.3
520.726	22.4
520.914	22.5
521.101	22.5
521.289	22.6
521.477	22.7
521.664	22.7
521.852	22.8
522.04	22.9
522.227	23
522.415	23
522.603	23.1
522.79	23.2
522.978	23.2
523.166	23.3
523.354	23.4
523.541	23.4
523.729	23.5
523.917	23.6
524.104	23.6
524.292	23.7
524.48	23.8
524.668	23.8
524.855	23.9
525.043	24
525.231	24
525.418	24.1
525.606	24.2
525.794	24.3
525.982	24.3
526.169	24.4
526.357	24.5
526.545	24.6
526.733	24.6
526.92	24.7
527.108	24.8
527.296	24.9
527.484	24.9
527.671	25
527.859	25.1
528.047	25.2
528.235	25.2
528.422	25.3
528.61	25.4
528.798	25.4
528.986	25.5
529.173	25.6
529.361	25.6
529.549	25.7
529.737	25.8
529.924	25.8
530.112	25.9
530.3	26
530.488	26
530.675	26.1
530.863	26.2
531.051	26.2
531.239	26.3
531.426	26.4
531.614	26.4
531.802	26.5
531.99	26.6
532.177	26.6
532.365	26.7
532.553	26.8
532.741	26.8
532.928	26.9
533.116	27
533.304	27
533.492	27.1
533.679	27.2
533.867	27.2
534.055	27.3
534.243	27.4
534.431	27.4
534.618	27.5
534.806	27.5
534.994	27.6
535.182	27.7
535.369	27.7
535.557	27.8
535.745	27.9
535.933	27.9
536.12	28
536.308	28.1
536.496	28.1
536.684	28.2
536.871	28.3
537.059	28.3
537.247	28.4
537.435	28.5
537.622	28.5
537.81	28.6
537.998	28.7
538.186	28.7
538.373	28.8
538.561	28.9
538.749	28.9
538.937	29
539.124	29.1
539.312	29.2
539.5	29.2
539.688	29.3
539.875	29.4
540.063	29.4
540.251	29.5
540.439	29.6
540.626	29.6
540.814	29.7
541.002	29.8
541.19	29.8
541.377	29.9
541.565	30
541.753	30.1
541.941	30.1
542.128	30.2
542.316	30.3
542.504	30.3
542.691	30.4
542.879	30.5
543.067	30.6
543.255	30.6
543.442	30.7
543.63	30.8
543.818	30.8
544.005	30.9
544.193	31
544.381	31
544.568	31.1
544.756	31.2
544.944	31.2
545.132	31.3
545.319	31.4
545.507	31.5
545.695	31.5
545.882	31.6
546.07	31.7
546.258	31.7
546.445	31.8
546.633	31.9
546.821	31.9
547.008	32
547.196	32.1
547.384	32.1
547.571	32.2
547.759	32.3
547.947	32.3
548.134	32.4
548.322	32.5
548.51	32.5
548.697	32.6
548.885	32.7
549.073	32.7
549.26	32.8
549.448	32.9
549.636	32.9
549.823	33
550.011	33.1
550.199	33.2
550.386	33.2
550.574	33.3
550.762	33.4
550.949	33.4
551.137	33.5
551.325	33.6
551.512	33.6
551.7	33.7
551.888	33.8
552.075	33.8
552.263	33.9
552.451	34
552.639	34
552.826	34.1
553.014	34.2
553.202	34.3
553.389	34.3
553.577	34.4
553.765	34.5
553.953	34.5
554.14	34.6
554.328	34.7
554.516	34.7
554.704	34.8
554.891	34.9
555.079	34.9
555.267	35
555.455	35.1
555.643	35.1
555.83	35.2
556.018	35.3
556.206	35.3
556.394	35.4
556.582	35.5
556.77	35.5
556.957	35.6
557.145	35.6
557.333	35.7
557.521	35.8
557.709	35.8
557.897	35.9
558.085	36
558.273	36
558.461	36.1
558.649	36.2
558.837	36.2
559.025	36.3
559.213	36.4
559.4	36.4
559.588	36.5
559.777	36.6
559.965	36.6
560.153	36.7
560.341	36.7
560.529	36.8
560.717	36.9
560.905	36.9
561.093	37
561.281	37.1
561.469	37.1
561.657	37.2
561.845	37.2
562.034	37.3
562.222	37.4
562.41	37.4
562.598	37.5
562.786	37.5
562.975	37.6
563.163	37.7
563.351	37.7
563.539	37.8
563.728	37.8
563.916	37.9
564.104	38
564.293	38
564.481	38.1
564.67	38.1
564.858	38.2
565.046	38.3
565.235	38.3
565.423	38.4
565.612	38.4
565.8	38.5
565.989	38.5
566.177	38.6
566.366	38.7
566.554	38.7
566.743	38.8
566.932	38.8
567.12	38.9
567.309	38.9
567.497	39
567.686	39.1
567.875	39.1
568.064	39.2
568.252	39.2
568.441	39.3
568.63	39.3
568.819	39.4
569.007	39.4
569.196	39.5
569.385	39.6
569.574	39.6
569.763	39.7
569.952	39.7
570.141	39.8
570.33	39.8
570.519	39.9
570.708	39.9
570.897	40
571.086	40
571.275	40.1
571.464	40.1
571.653	40.2
571.843	40.2
572.032	40.3
572.221	40.3
572.41	40.4
572.599	40.4
572.789	40.5
572.978	40.5
573.167	40.6
573.357	40.6
573.546	40.7
573.736	40.7
573.925	40.7
574.115	40.8
574.304	40.8
574.494	40.9
574.683	40.9
574.873	41
575.062	41
575.252	41.1
575.442	41.1
575.631	41.2
575.821	41.2
576.011	41.3
576.201	41.3
576.39	41.3
576.58	41.4
576.77	41.4
576.96	41.5
577.15	41.5
577.34	41.6
577.53	41.6
577.72	41.7
577.91	41.7
578.1	41.8
578.29	41.8
578.48	41.9
578.67	41.9
578.861	42
579.051	42
579.241	42.1
579.431	42.1
579.622	42.2
579.812	42.2
580.002	42.3
580.193	42.3
580.383	42.3
580.574	42.4
580.764	42.4
580.955	42.5
581.145	42.5
581.336	42.6
581.526	42.6
581.717	42.7
581.908	42.7
582.098	42.8
582.289	42.8
582.48	42.9
582.671	42.9
582.862	43
583.052	43
583.243	43
583.434	43.1
583.625	43.1
583.816	43.2
584.007	43.2
584.198	43.3
584.389	43.3
584.58	43.4
584.771	43.4
584.962	43.5
585.154	43.5
585.345	43.5
585.536	43.6
585.727	43.6
585.918	43.7
586.11	43.7
586.301	43.8
586.492	43.8
586.684	43.8
586.875	43.9
587.067	43.9
587.258	44
587.45	44
587.641	44.1
587.833	44.1
588.024	44.2
588.216	44.2
588.408	44.2
588.599	44.3
588.791	44.3
588.983	44.4
589.174	44.4
589.366	44.4
589.558	44.5
589.75	44.5
589.942	44.6
590.134	44.6
590.326	44.6
590.518	44.7
590.71	44.7
590.902	44.7
591.094	44.8
591.286	44.8
591.478	44.9
591.67	44.9
591.862	44.9
592.054	45
592.246	45
592.439	45
592.631	45.1
592.823	45.1
593.016	45.1
593.208	45.2
593.4	45.2
593.593	45.2
593.785	45.3
593.978	45.3
594.17	45.3
594.363	45.4
594.555	45.4
594.748	45.4
594.94	45.5
595.133	45.5
595.326	45.5
595.518	45.6
595.711	45.6
595.904	45.6
596.096	45.7
596.289	45.7
596.482	45.7
596.675	45.7
596.868	45.8
597.061	45.8
597.254	45.8
597.447	45.9
597.64	45.9
597.833	45.9
598.026	46
598.219	46
598.412	46
598.605	46.1
598.798	46.1
598.991	46.1
599.184	46.2
599.378	46.2
599.571	46.2
599.764	46.3
599.957	46.3
600.151	46.3
600.344	46.4
600.538	46.4
600.731	46.4
600.924	46.5
601.118	46.5
601.311	46.5
601.505	46.6
601.698	46.6
601.892	46.6
602.086	46.6
602.279	46.7
602.473	46.7
602.667	46.7
602.86	46.8
603.054	46.8
603.248	46.8
603.442	46.8
603.635	46.9
603.829	46.9
604.023	46.9
604.217	47
604.411	47
604.605	47
604.799	47.1
604.993	47.1
605.187	47.1
605.381	47.1
605.575	47.2
605.769	47.2
605.963	47.2
606.157	47.3
606.352	47.3
606.546	47.3
606.74	47.3
606.934	47.4
607.129	47.4
607.323	47.4
607.517	47.5
607.712	47.5
607.906	47.5
608.1	47.5
608.295	47.6
608.489	47.6
608.684	47.6
608.878	47.6
609.073	47.7
609.267	47.7
609.462	47.7
609.657	47.8
609.851	47.8
610.046	47.8
610.241	47.8
610.435	47.9
610.63	47.9
610.825	47.9
611.02	47.9
611.215	48
611.41	48
611.604	48
611.799	48
611.994	48
612.189	48.1
612.384	48.1
612.579	48.1
612.774	48.2
612.969	48.2
613.164	48.2
613.359	48.2
613.555	48.3
613.75	48.3
613.945	48.3
614.14	48.3
614.335	48.3
614.531	48.4
614.726	48.4
614.921	48.4
615.117	48.4
615.312	48.4
615.507	48.5
615.703	48.5
615.898	48.5
616.094	48.5
616.289	48.5
616.485	48.6
616.68	48.6
616.876	48.6
617.071	48.6
617.267	48.6
617.463	48.7
617.658	48.7
617.854	48.7
618.05	48.7
618.245	48.7
618.441	48.8
618.637	48.8
618.833	48.8
619.029	48.8
619.225	48.8
619.42	48.9
619.616	48.9
619.812	48.9
620.008	48.9
620.204	48.9
620.4	49
620.596	49
620.792	49
620.988	49
621.184	49
621.381	49
621.577	49
621.773	49.1
621.969	49.1
622.165	49.1
622.362	49.1
622.558	49.1
622.754	49.1
622.951	49.2
623.147	49.2
623.343	49.2
623.54	49.2
623.736	49.2
623.933	49.2
624.129	49.3
624.326	49.3
624.522	49.3
624.719	49.3
624.915	49.3
625.112	49.3
625.308	49.3
625.505	49.4
625.702	49.4
625.898	49.4
626.095	49.4
626.292	49.4
626.489	49.4
626.685	49.4
626.882	49.5
627.079	49.5
627.276	49.5
627.473	49.5
627.67	49.5
627.866	49.5
628.063	49.5
628.26	49.5
628.457	49.6
628.654	49.6
628.851	49.6
629.048	49.6
629.246	49.6
629.443	49.6
629.64	49.7
629.837	49.7
630.034	49.7
630.231	49.7
630.429	49.7
630.626	49.8
630.823	49.8
631.02	49.8
631.218	49.8
631.415	49.8
631.612	49.9
631.81	49.9
632.007	49.9
632.205	49.9
632.402	49.9
632.6	49.9
632.797	50
632.995	50
633.192	50
633.39	50
633.587	50
633.785	50
633.983	50
634.18	50
634.378	50.1
634.576	50.1
634.773	50.1
634.971	50.1
635.169	50.1
635.367	50.1
635.565	50.1
635.762	50.2
635.96	50.2
636.158	50.2
636.356	50.2
636.554	50.2
636.752	50.2
636.95	50.2
637.148	50.3
637.346	50.3
637.544	50.3
637.742	50.3
637.94	50.3
638.138	50.3
638.337	50.3
638.535	50.3
638.733	50.3
638.931	50.3
639.129	50.4
639.328	50.4
639.526	50.4
639.724	50.4
639.922	50.4
640.121	50.4
640.319	50.4
640.518	50.4
640.716	50.5
640.914	50.5
641.113	50.5
641.311	50.5
641.51	50.5
641.708	50.5
641.907	50.6
642.105	50.6
642.304	50.6
642.503	50.6
642.701	50.6
642.9	50.6
643.098	50.6
643.297	50.6
643.496	50.7
643.695	50.7
643.893	50.7
644.092	50.7
644.291	50.7
644.49	50.7
644.689	50.7
644.887	50.7
645.086	50.7
645.285	50.7
645.484	50.7
645.683	50.8
645.882	50.8
646.081	50.8
646.28	50.8
646.479	50.8
646.678	50.8
646.877	50.8
647.076	50.8
647.276	50.9
647.475	50.9
647.674	50.9
647.873	50.9
648.072	50.9
648.271	50.9
648.471	50.9
648.67	50.9
648.869	51
649.069	51
649.268	51
649.467	51
649.667	51
649.866	51
650.065	51
650.265	51
650.464	51
650.664	51
650.863	51
651.063	51
651.262	51
651.462	51
651.662	51.1
651.861	51.1
652.061	51.1
652.26	51.1
652.46	51.1
652.66	51.1
652.859	51.1
653.059	51.1
653.259	51.2
653.459	51.2
653.658	51.2
653.858	51.2
654.058	51.2
654.258	51.2
654.458	51.2
654.658	51.2
654.858	51.2
655.058	51.2
655.258	51.2
655.457	51.2
655.657	51.2
655.857	51.2
656.058	51.3
656.258	51.3
656.458	51.3
656.658	51.3
656.858	51.3
657.058	51.3
657.258	51.3
657.458	51.3
657.659	51.3
657.859	51.3
658.059	51.3
658.259	51.3
658.459	51.3
658.66	51.3
658.86	51.3
659.06	51.4
659.261	51.4
659.461	51.4
659.662	51.4
659.862	51.4
660.062	51.4
660.263	51.4
660.463	51.4
660.664	51.4
660.864	51.4
661.065	51.4
661.265	51.4
661.466	51.4
661.667	51.4
661.867	51.4
662.068	51.4
662.268	51.4
662.469	51.4
662.67	51.4
662.87	51.4
663.071	51.4
663.272	51.4
663.473	51.4
663.674	51.4
663.874	51.4
664.075	51.4
664.276	51.4
664.477	51.4
664.678	51.4
664.879	51.4
665.08	51.5
665.28	51.5
665.481	51.5
665.682	51.5
665.883	51.5
666.084	51.5
666.285	51.5
666.486	51.5
666.688	51.5
666.889	51.5
667.09	51.5
667.291	51.5
667.492	51.5
667.693	51.5
667.894	51.5
668.096	51.5
668.297	51.5
668.498	51.5
668.699	51.6
668.901	51.6
669.102	51.6
669.303	51.6
669.505	51.6
669.706	51.6
669.907	51.6
670.109	51.6
670.31	51.6
670.511	51.6
670.713	51.6
670.914	51.6
671.116	51.6
671.317	51.6
671.519	51.6
671.72	51.6
671.922	51.6
672.124	51.6
672.325	51.6
672.527	51.6
672.728	51.6
672.93	51.6
673.132	51.6
673.333	51.6
673.535	51.6
673.737	51.6
673.939	51.6
674.14	51.6
674.342	51.6
674.544	51.6
674.746	51.6
674.948	51.6
675.149	51.6
675.351	51.6
675.553	51.6
675.755	51.6
675.957	51.6
676.159	51.6
676.361	51.6
676.563	51.6
676.765	51.6
676.967	51.6
677.169	51.6
677.371	51.6
677.573	51.6
677.775	51.6
677.977	51.6
678.179	51.6
678.381	51.6
678.583	51.6
678.786	51.6
678.988	51.6
679.19	51.7
679.392	51.7
679.594	51.7
679.797	51.7
679.999	51.7
680.201	51.7
680.404	51.7
680.606	51.7
680.808	51.7
681.011	51.7
681.213	51.7
681.415	51.7
681.618	51.7
681.82	51.7
682.023	51.7
682.225	51.7
682.428	51.7
682.63	51.7
682.833	51.7
683.035	51.7
683.238	51.7
683.44	51.7
683.643	51.7
683.845	51.8
684.048	51.8
684.251	51.8
684.453	51.8
684.656	51.8
684.859	51.8
685.061	51.8
685.264	51.8
685.467	51.8
685.67	51.8
685.872	51.8
686.075	51.8
686.278	51.8
686.481	51.8
686.684	51.8
686.886	51.8
687.089	51.9
687.292	51.9
687.495	51.9
687.698	51.9
687.901	51.9
688.104	51.9
688.307	51.9
688.51	51.9
688.713	51.9
688.916	51.9
689.119	51.9
689.322	51.9
689.525	51.9
689.728	51.9
689.931	52
690.134	52
690.337	52
690.54	52
690.744	52
690.947	52
691.15	52
691.353	52
691.556	52
691.76	52
691.963	52
692.166	52
692.37	52
692.573	52
692.776	52
692.979	52
693.183	52
693.386	52
693.59	52
693.793	52
693.996	52
694.2	52
694.403	52
694.607	52
694.81	52
695.014	52
695.217	52.1
695.421	52.1
695.624	52.1
695.828	52.1
696.031	52.1
696.235	52.1
696.439	52.1
696.642	52.1
696.846	52.1
697.049	52.1
697.253	52.1
697.457	52.1
697.661	52.1
697.864	52.1
698.068	52.1
698.272	52.1
698.475	52.1
698.679	52.1
698.883	52.1
699.087	52.1
699.291	52.1
699.494	52.2
699.698	52.2
699.902	52.2
700.106	52.2
700.31	52.2
700.514	52.2
700.718	52.2
700.922	52.2
701.126	52.2
701.33	52.2
701.534	52.2
701.738	52.2
701.942	52.2
702.146	52.2
702.35	52.2
702.554	52.2
702.758	52.2
702.962	52.2
703.166	52.2
703.37	52.2
703.574	52.2
703.778	52.2
703.983	52.2
704.187	52.2
704.391	52.2
704.595	52.2
704.799	52.2
705.004	52.2
705.208	52.2
705.412	52.2
705.616	52.2
705.821	52.2
706.025	52.2
706.229	52.2
706.434	52.2
706.638	52.2
706.842	52.2
707.047	52.2
707.251	52.2
707.455	52.2
707.66	52.2
707.864	52.2
708.069	52.2
708.273	52.2
708.478	52.2
708.682	52.2
708.887	52.2
709.091	52.2
709.296	52.3
709.5	52.3
709.705	52.3
709.909	52.3
710.114	52.3
710.319	52.3
710.523	52.3
710.728	52.3
710.932	52.3
711.137	52.3
711.342	52.3
711.546	52.3
711.751	52.3
711.956	52.3
712.161	52.3
712.365	52.3
712.57	52.3
712.775	52.3
712.98	52.3
713.184	52.3
713.389	52.3
713.594	52.3
713.799	52.3
714.004	52.3
714.209	52.3
714.413	52.3
714.618	52.4
714.823	52.4
715.028	52.4
715.233	52.4
715.438	52.4
715.643	52.4
715.848	52.4
716.053	52.4
716.258	52.4
716.463	52.4
716.668	52.4
716.873	52.4
717.078	52.4
717.283	52.4
717.488	52.4
717.693	52.4
717.898	52.4
718.103	52.4
718.308	52.4
718.514	52.4
718.719	52.4
718.924	52.4
719.129	52.4
719.334	52.4
719.539	52.4
719.745	52.4
719.95	52.5
720.155	52.5
720.36	52.5
720.566	52.5
720.771	52.4
720.976	52.4
721.182	52.5
721.387	52.5
721.592	52.5
721.798	52.5
722.003	52.5
722.208	52.5
722.414	52.5
722.619	52.5
722.824	52.5
723.03	52.5
723.235	52.5
723.441	52.5
723.646	52.5
723.852	52.5
724.057	52.5
724.263	52.5
724.468	52.5
724.674	52.5
724.879	52.5
725.085	52.5
725.29	52.5
725.496	52.5
725.701	52.5
725.907	52.5
726.112	52.5
726.318	52.6
726.524	52.6
726.729	52.6
726.935	52.6
727.141	52.6
727.346	52.6
727.552	52.6
727.758	52.6
727.963	52.6
728.169	52.6
728.375	52.6
728.581	52.6
728.786	52.6
728.992	52.6
729.198	52.6
729.404	52.6
729.609	52.7
729.815	52.7
730.021	52.7
730.227	52.7
730.433	52.7
730.639	52.7
730.844	52.7
731.05	52.7
731.256	52.7
731.462	52.7
731.668	52.7
731.874	52.7
732.08	52.8
732.286	52.8
732.492	52.8
732.698	52.8
732.904	52.8
733.11	52.8
733.316	52.8
733.522	52.8
733.728	52.8
733.934	52.8
734.14	52.8
734.346	52.8
734.552	52.8
734.758	52.8
734.964	52.8
735.17	52.8
735.376	52.8
735.583	52.8
735.789	52.8
735.995	52.8
736.201	52.8
736.407	52.8
736.613	52.8
736.819	52.8
737.026	52.8
737.232	52.9
737.438	52.9
737.644	52.9
737.851	52.9
738.057	52.9
738.263	52.9
738.469	52.9
738.676	52.9
738.882	52.9
739.088	52.9
739.295	52.9
739.501	52.9
739.707	52.9
739.914	52.9
740.12	52.9
740.326	52.9
740.533	52.9
740.739	52.9
740.946	52.9
741.152	52.9
741.358	52.9
741.565	52.9
741.771	52.9
741.978	52.9
742.184	52.9
742.391	52.9
742.597	52.9
742.804	52.9
743.01	52.9
743.217	53
743.423	53
743.63	53
743.836	53
744.043	53
744.249	53
744.456	53
744.663	53
744.869	53
745.076	53
745.282	53
745.489	53
745.696	53
745.902	53
746.109	53
746.316	53
746.522	53
746.729	53
746.936	53
747.142	53
747.349	53
747.556	53
747.762	53
747.969	53
748.176	53
748.383	53
748.589	53
748.796	53
749.003	53
749.21	53
749.417	53
749.623	53
749.83	53
750.037	53
750.244	53
750.451	53
750.658	53
750.865	53
751.071	53
751.278	53
751.485	53
751.692	53
751.899	53.1
752.106	53.1
752.313	53.1
752.52	53.1
752.727	53.1
752.934	53.1
753.141	53.1
753.348	53.1
753.555	53.1
753.762	53.1
753.969	53.1
754.176	53.1
754.383	53.1
754.59	53.1
754.797	53.1
755.004	53.1
755.211	53.1
755.418	53.2
755.625	53.2
755.832	53.2
756.039	53.2
756.246	53.2
756.453	53.2
756.66	53.2
756.868	53.2
757.075	53.2
757.282	53.2
757.489	53.2
757.696	53.2
757.903	53.3
758.111	53.3
758.318	53.3
758.525	53.3
758.732	53.3
758.939	53.3
759.147	53.3
759.354	53.3
759.561	53.3
759.768	53.3
759.976	53.3
760.183	53.3
760.39	53.3
760.597	53.3
760.805	53.3
761.012	53.3
761.219	53.3
761.426	53.3
761.634	53.3
761.841	53.3
762.048	53.3
762.256	53.3
762.463	53.3
762.67	53.3
762.878	53.3
763.085	53.3
763.293	53.3
763.5	53.3
763.707	53.3
763.915	53.3
764.122	53.3
764.33	53.3
764.537	53.3
764.744	53.3
764.952	53.3
765.159	53.3
765.367	53.3
765.574	53.3
765.782	53.3
765.989	53.4
766.197	53.4
766.404	53.4
766.612	53.4
766.819	53.4
767.027	53.4
767.234	53.4
767.442	53.4
767.649	53.4
767.857	53.4
768.064	53.4
768.272	53.4
768.479	53.4
768.687	53.4
768.895	53.4
769.102	53.5
769.31	53.5
769.517	53.5
769.725	53.5
769.933	53.5
770.14	53.5
770.348	53.5
770.555	53.5
770.763	53.5
770.971	53.6
771.178	53.6
771.386	53.6
771.594	53.6
771.801	53.6
772.009	53.6
772.217	53.6
772.424	53.6
772.632	53.6
772.84	53.6
773.047	53.6
773.255	53.6
773.463	53.6
773.671	53.6
773.878	53.6
774.086	53.6
774.294	53.6
774.502	53.7
774.709	53.7
774.917	53.7
775.125	53.7
775.333	53.7
775.54	53.7
775.748	53.7
775.956	53.7
776.164	53.7
776.371	53.7
776.579	53.7
776.787	53.7
776.995	53.7
777.203	53.7
777.41	53.7
777.618	53.8
777.826	53.8
778.034	53.8
778.242	53.8
778.45	53.8
778.657	53.8
778.865	53.8
779.073	53.8
779.281	53.8
779.489	53.8
779.697	53.8
779.905	53.8
780.112	53.8
780.32	53.8
780.528	53.8
780.736	53.9
780.944	53.9
781.152	53.9
781.36	53.9
781.568	53.9
781.776	53.9
781.984	53.9
782.191	53.9
782.399	53.9
782.607	53.9
782.815	53.9
783.023	53.9
783.231	53.9
783.439	53.9
783.647	53.9
783.855	53.9
784.063	53.9
784.271	54
784.479	54
784.687	54
784.895	54
785.103	54
785.311	54
785.519	54
785.727	54
785.935	54
786.143	54
786.351	54
786.559	54
786.767	54
786.975	54
787.183	54
787.391	54
787.599	54
787.807	54
788.015	54.1
788.223	54.1
788.431	54.1
788.639	54.1
788.847	54.1
789.055	54.1
789.263	54.1
789.471	54.1
789.679	54.1
789.887	54.1
790.095	54.1
790.303	54.1
790.511	54.1
790.719	54.1
790.927	54.1
791.135	54.1
791.343	54.1
791.551	54.1
791.76	54.1
791.968	54.1
792.176	54.1
792.384	54.1
792.592	54.2
792.8	54.2
793.008	54.2
793.216	54.2
793.424	54.2
793.632	54.2
793.84	54.2
794.048	54.2
794.256	54.2
794.465	54.2
794.673	54.2
794.881	54.2
795.089	54.2
795.297	54.2
795.505	54.2
795.713	54.2
795.921	54.2
796.129	54.3
796.337	54.3
796.546	54.3
796.754	54.3
796.962	54.3
797.17	54.3
797.378	54.3
797.586	54.3
797.794	54.4
798.002	54.4
798.21	54.4
798.419	54.4
798.627	54.4
798.835	54.4
799.043	54.4
799.251	54.4
799.459	54.4
799.667	54.4
799.875	54.4
800.083	54.5
800.292	54.5
800.5	54.5
800.708	54.5
800.916	54.5
801.124	54.5
801.332	54.5
801.54	54.5
801.748	54.5
801.957	54.5
802.165	54.5
802.373	54.5
802.581	54.5
802.789	54.5
802.997	54.5
803.205	54.6
803.414	54.6
803.622	54.6
803.83	54.6
804.038	54.6
804.246	54.6
804.454	54.6
804.662	54.6
804.87	54.6
805.079	54.6
805.287	54.6
805.495	54.6
805.703	54.6
805.911	54.6
806.119	54.6
806.327	54.6
806.535	54.6
806.743	54.6
806.952	54.6
807.16	54.6
807.368	54.6
807.576	54.6
807.784	54.6
807.992	54.6
808.2	54.6
808.408	54.6
808.617	54.6
808.825	54.7
809.033	54.7
809.241	54.7
809.449	54.7
809.657	54.7
809.865	54.7
810.073	54.7
810.281	54.7
810.49	54.7
810.698	54.7
810.906	54.7
811.114	54.7
811.322	54.7
811.53	54.7
811.738	54.7
811.946	54.7
812.154	54.7
812.362	54.7
812.57	54.7
812.779	54.7
812.987	54.7
813.195	54.7
813.403	54.7
813.611	54.7
813.819	54.7
814.027	54.7
814.235	54.7
814.443	54.7
814.651	54.7
814.859	54.8
815.067	54.8
815.275	54.8
815.484	54.8
815.692	54.8
815.9	54.8
816.108	54.8
816.316	54.8
816.524	54.8
816.732	54.9
816.94	54.9
817.148	54.8
817.356	54.8
817.564	54.8
817.772	54.8
817.98	54.8
818.188	54.8
818.397	54.8
818.605	54.8
818.813	54.9
819.021	54.9
819.229	54.9
819.437	54.9
819.645	54.9
819.853	54.9
820.061	54.9
820.269	54.9
820.477	54.9
820.685	54.9
820.893	54.9
821.102	54.9
821.31	55
821.518	55
821.726	55
821.934	55
822.142	55
822.35	55
822.558	55
822.766	55
822.974	55
823.182	55
823.39	55
823.599	55
823.807	55
824.015	55
824.223	55
824.431	55
824.639	55
824.847	55
825.055	55
825.263	55
825.472	55
825.68	55
825.888	55
826.096	55
826.304	55
826.512	55.1
826.72	55.1
826.928	55.1
827.137	55.1
827.345	55.1
827.553	55.1
827.761	55.1
827.969	55.1
828.177	55.1
828.385	55.1
828.594	55.1
828.802	55.1
829.01	55.1
829.218	55.1
829.426	55.1
829.634	55.1
829.843	55.1
830.051	55.1
830.259	55.2
830.467	55.2
830.675	55.2
830.883	55.2
831.092	55.2
831.3	55.2
831.508	55.3
831.716	55.3
831.924	55.3
832.133	55.3
832.341	55.3
832.549	55.3
832.757	55.3
832.966	55.3
833.174	55.3
833.382	55.3
833.59	55.3
833.799	55.3
834.007	55.3
834.215	55.3
834.423	55.3
834.632	55.3
834.84	55.3
835.048	55.3
835.256	55.4
835.465	55.4
835.673	55.4
835.881	55.4
836.09	55.4
836.298	55.4
836.506	55.4
836.715	55.4
836.923	55.4
837.131	55.4
837.34	55.4
837.548	55.4
837.756	55.4
837.965	55.4
838.173	55.4
838.381	55.4
838.59	55.5
838.798	55.5
839.006	55.5
839.215	55.4
839.423	55.4
839.632	55.4
839.84	55.4
840.048	55.4
840.257	55.4
840.465	55.4
840.674	55.4
840.882	55.4
841.091	55.4
841.299	55.4
841.508	55.4
841.716	55.4
841.924	55.4
842.133	55.4
842.341	55.4
842.55	55.4
842.758	55.4
842.967	55.4
843.175	55.4
843.384	55.4
843.593	55.4
843.801	55.4
844.01	55.4
844.218	55.4
844.427	55.4
844.635	55.4
844.844	55.4
845.052	55.4
845.261	55.4
845.47	55.4
845.678	55.4
845.887	55.4
846.095	55.4
846.304	55.4
846.513	55.5
846.721	55.4
846.93	55.4
847.139	55.4
847.347	55.4
847.556	55.4
847.765	55.4
847.973	55.4
848.182	55.4
848.391	55.4
848.6	55.5
848.808	55.5
849.017	55.5
849.226	55.5
849.435	55.5
849.643	55.5
849.852	55.5
850.061	55.5
850.27	55.5
850.478	55.5
850.687	55.5
850.896	55.5
851.105	55.6
851.314	55.6
851.523	55.6
851.731	55.6
851.94	55.6
852.149	55.7
852.358	55.7
852.567	55.7
852.776	55.7
852.985	55.7
853.194	55.7
853.403	55.7
853.612	55.7
853.821	55.7
854.03	55.7
854.239	55.7
854.447	55.7
854.656	55.7
854.865	55.7
855.075	55.8
855.284	55.8
855.493	55.8
855.702	55.8
855.911	55.8
856.12	55.8
856.329	55.8
856.538	55.8
856.747	55.8
856.956	55.8
857.165	55.9
857.374	55.9
857.584	55.9
857.793	55.9
858.002	55.9
858.211	55.9
858.42	55.9
858.629	55.9
858.839	55.9
859.048	55.9
859.257	55.9
859.466	55.9
859.676	55.9
859.885	55.9
860.094	55.9
860.304	55.9
860.513	55.9
860.722	55.9
860.932	55.9
861.141	55.9
861.35	55.9
861.56	55.9
861.769	55.9
861.978	56
862.188	55.9
862.397	56
862.607	56
862.816	56
863.026	56
863.235	56
863.445	56
863.654	56
863.864	56
864.073	56
864.283	56
864.492	56
864.702	56
864.911	56
865.121	56
865.33	56
865.54	56
865.75	56.1
865.959	56.1
866.169	56.1
866.379	56.1
866.588	56.1
866.798	56.1
867.008	56.1
867.218	56.1
867.427	56.1
867.637	56.1
867.847	56.1
868.057	56.1
868.266	56.1
868.476	56.1
868.686	56.1
868.896	56.1
869.106	56.2
869.316	56.2
869.525	56.2
869.735	56.2
869.945	56.2
870.155	56.2
870.365	56.2
870.575	56.2
870.785	56.2
870.995	56.2
871.205	56.2
871.415	56.2
871.625	56.2
871.835	56.2
872.045	56.2
872.255	56.2
872.465	56.2
872.675	56.2
872.886	56.2
873.096	56.2
873.306	56.2
873.516	56.2
873.726	56.2
873.936	56.2
874.147	56.2
874.357	56.2
874.567	56.2
874.777	56.2
874.988	56.2
875.198	56.2
875.408	56.2
875.619	56.2
875.829	56.2
876.039	56.2
876.25	56.2
876.46	56.2
876.67	56.2
876.881	56.2
877.091	56.2
877.302	56.2
877.512	56.2
877.723	56.2
877.933	56.1
878.144	56.2
878.354	56.2
878.565	56.2
878.775	56.1
878.986	56.1
879.197	56.1
879.407	56
879.618	56
879.829	56
880.039	56
880.25	55.9
880.461	55.9
880.671	55.9
880.882	55.9
881.093	55.9
881.304	55.9
881.515	55.9
881.725	55.9
881.936	55.8
882.147	55.8
882.358	55.9
882.569	55.9
882.78	55.9
882.991	55.9
883.202	55.9
883.413	55.9
883.624	55.9
883.835	55.9
884.046	55.9
884.257	55.9
884.468	55.9
884.679	55.9
884.89	55.9
885.101	56
885.312	56
885.523	56
885.735	56
885.946	56
886.157	56
886.368	56
886.579	56
886.791	56
887.002	56
887.213	56.1
887.425	56.1
887.636	56.1
887.847	56.1
888.059	56.2
888.27	56.2
888.481	56.2
888.693	56.2
888.904	56.3
889.116	56.3
889.327	56.3
889.539	56.3
889.75	56.3
889.962	56.3
890.174	56.3
890.385	56.4
890.597	56.4
890.808	56.4
891.02	56.4
891.232	56.4
891.444	56.5
891.655	56.5
891.867	56.5
892.079	56.5
892.291	56.5
892.502	56.5
892.714	56.5
892.926	56.5
893.138	56.5
893.35	56.5
893.562	56.5
893.774	56.5
893.986	56.5
894.198	56.5
894.41	56.5
894.622	56.4
894.834	56.4
895.046	56.4
895.258	56.4
895.47	56.4
895.682	56.4
895.894	56.4
896.106	56.4
896.319	56.4
896.531	56.4
896.743	56.4
896.955	56.4
897.168	56.4
897.38	56.4
897.592	56.5
897.805	56.5
898.017	56.5
898.229	56.5
898.442	56.5
898.654	56.6
898.867	56.6
899.079	56.5
899.292	56.5
899.504	56.5
899.717	56.5
899.929	56.5
900.142	56.5
900.355	56.5
900.567	56.5
900.78	56.4
900.993	56.4
901.205	56.4
901.418	56.4
901.631	56.5
901.844	56.5
902.056	56.4
902.269	56.4
902.482	56.4
902.695	56.4
902.908	56.4
903.121	56.4
903.334	56.4
903.547	56.5
903.76	56.5
903.973	56.4
904.186	56.4
904.399	56.4
904.612	56.5
904.825	56.5
905.038	56.5
905.251	56.5
905.465	56.5
905.678	56.5
905.891	56.5
906.104	56.5
906.318	56.5
906.531	56.5
906.744	56.5
906.958	56.5
907.171	56.5
907.384	56.4
907.598	56.5
907.811	56.5
908.025	56.4
908.238	56.4
908.452	56.4
908.665	56.4
908.879	56.4
909.093	56.4
909.306	56.4
909.52	56.4
909.734	56.4
909.947	56.4
910.161	56.4
910.375	56.4
910.589	56.4
910.803	56.4
911.016	56.4
911.23	56.5
911.444	56.4
911.658	56.4
911.872	56.4
912.086	56.4
912.3	56.4
912.514	56.4
912.728	56.4
912.942	56.4
913.156	56.4
913.37	56.4
913.585	56.4
913.799	56.4
914.013	56.4
914.227	56.4
914.442	56.4
914.656	56.4
914.87	56.4
915.084	56.4
915.299	56.3
915.513	56.3
915.728	56.3
915.942	56.3
916.157	56.3
916.371	56.3
916.586	56.2
916.8	56.3
917.015	56.2
917.229	56.2
917.444	56.2
917.659	56.3
917.874	56.3
918.088	56.3
918.303	56.3
918.518	56.3
918.733	56.2
918.947	56.2
919.162	56.2
919.377	56.3
919.592	56.2
919.807	56.2
920.022	56.2
920.237	56.3
920.452	56.3
920.667	56.2
920.882	56.2
921.097	56.2
921.313	56.2
921.528	56.2
921.743	56.2
921.958	56.1
922.174	56.1
922.389	56.2
922.604	56.2
922.82	56.2
923.035	56.2
923.25	56.2
923.466	56.2
923.681	56.2
923.897	56.2
924.112	56.2
924.328	56.2
924.544	56.2
924.759	56.2
924.975	56.2
925.19	56.2
925.406	56.3
925.622	56.3
925.838	56.3
926.054	56.3
926.269	56.3
926.485	56.3
926.701	56.3
926.917	56.3
927.133	56.3
927.349	56.4
927.565	56.4
927.781	56.4
927.997	56.4
928.213	56.4
928.429	56.4
928.646	56.5
928.862	56.5
929.078	56.5
929.294	56.6
929.511	56.6
929.727	56.6
929.943	56.6
930.16	56.7
930.376	56.7
930.592	56.7
930.809	56.7
931.025	56.7
931.242	56.7
931.459	56.8
931.675	56.8
931.892	56.8
932.108	56.8
932.325	56.8
932.542	56.8
932.759	56.8
932.975	56.8
933.192	56.8
933.409	56.8
933.626	56.8
933.843	56.9
934.06	56.8
934.277	56.8
934.494	56.8
934.711	56.7
934.928	57
935.145	57
935.362	56.9
935.58	56.9
935.797	56.8
936.014	56.7
936.231	56.6
936.449	56.5
936.666	56.4
936.883	56.4
937.101	56.3
937.318	56.3
937.536	56.2
937.753	56.2
937.971	56.1
938.188	55.9
938.406	55.9
938.624	55.8
938.841	55.8
939.059	55.7
939.277	55.7
939.494	55.7
939.712	55.6
939.93	55.5
