290.982 93.318
291.167 93.487
291.352 92.080
291.537 91.143
291.722 90.678
291.907 90.653
292.091 89.417
292.276 87.892
292.461 87.432
292.646 87.891
292.831 90.980
293.016 90.630
293.201 90.269
293.386 90.063
293.571 89.388
293.756 88.784
293.940 87.748
294.125 86.275
294.310 84.492
294.495 82.909
294.680 81.740
294.865 82.358
295.050 81.822
295.235 81.662
295.420 81.614
295.605 81.519
295.789 81.149
295.974 81.601
296.159 82.868
296.344 82.757
296.529 82.089
296.714 81.664
296.899 81.794
297.084 81.490
297.269 81.150
297.454 80.686
297.638 80.782
297.823 81.761
298.008 81.888
298.193 81.815
298.378 81.845
298.563 81.497
298.748 80.024
298.933 79.199
299.118 79.786
299.303 79.582
299.487 79.055
299.672 78.747
299.857 78.419
300.042 78.072
300.227 78.116
300.412 77.778
300.597 77.393
300.782 77.417
300.967 77.618
301.152 77.870
301.336 77.998
301.521 78.407
301.706 77.421
301.891 78.172
302.076 78.552
302.261 77.576
302.446 77.112
302.631 77.030
302.816 77.060
303.001 76.422
303.185 76.170
303.370 76.480
303.555 76.490
303.740 76.352
303.925 76.321
304.110 75.973
304.295 75.530
304.480 74.938
304.665 74.184
304.850 73.603
305.034 73.017
305.219 72.175
305.404 70.591
305.589 69.708
305.774 68.310
305.959 67.885
306.144 68.574
306.329 68.811
306.514 69.205
306.699 69.290
306.883 68.714
307.068 68.258
307.253 67.427
307.438 66.790
307.623 67.241
307.808 67.417
307.993 67.556
308.178 67.483
308.363 67.331
308.548 67.257
308.732 67.533
308.917 66.737
309.102 65.941
309.287 65.975
309.472 65.927
309.657 65.614
309.842 65.438
310.027 65.382
310.212 65.136
310.397 64.574
310.581 64.152
310.766 64.630
310.951 64.741
311.136 64.554
311.321 65.293
311.506 65.275
311.691 64.750
311.876 64.345
312.061 63.833
312.245 63.438
312.430 63.095
312.615 62.111
312.800 62.309
312.985 62.647
313.170 62.938
313.347 63.224
313.523 63.009
313.700 62.789
313.877 62.551
314.054 62.410
314.230 62.401
314.407 62.484
314.584 61.908
314.761 61.290
314.937 61.069
315.114 59.883
315.291 58.764
315.467 58.079
315.644 57.775
315.821 57.739
315.998 57.680
316.174 57.634
316.351 58.166
316.528 58.266
316.704 58.479
316.881 58.041
317.058 57.616
317.235 57.948
317.411 57.557
317.588 56.954
317.765 56.759
317.942 56.180
318.118 55.451
318.295 55.265
318.472 55.706
318.648 56.037
318.825 55.896
319.002 56.240
319.179 56.432
319.355 56.149
319.532 56.388
319.709 56.607
319.885 56.264
320.062 55.601
320.239 55.089
320.416 54.562
320.592 54.299
320.769 54.061
320.946 53.435
321.123 53.143
321.299 53.279
321.476 53.095
321.653 53.213
321.829 53.703
322.006 53.757
322.183 53.417
322.360 53.344
322.536 54.183
322.713 53.885
322.890 53.142
323.066 53.333
323.243 53.394
323.420 53.227
323.597 52.920
323.773 52.919
323.950 52.785
324.127 52.620
324.304 52.674
324.480 52.780
324.657 52.557
324.834 52.561
325.010 52.367
325.187 52.155
325.364 51.914
325.541 51.592
325.717 51.579
325.894 51.474
326.071 50.985
326.248 49.908
326.424 49.527
326.601 49.665
326.778 49.306
326.954 48.748
327.131 48.420
327.308 48.257
327.485 47.857
327.661 47.395
327.838 47.164
328.015 47.449
328.191 47.387
328.368 47.326
328.545 47.068
328.722 47.236
328.898 47.519
329.075 47.442
329.252 47.112
329.429 47.019
329.605 47.122
329.782 47.003
329.959 46.922
330.135 46.893
330.312 46.797
330.489 46.632
330.666 46.346
330.842 46.242
331.019 46.252
331.196 46.283
331.372 46.267
331.549 46.014
331.726 45.193
331.903 44.933
332.079 45.039
332.256 45.147
332.433 45.295
332.610 45.061
332.786 44.955
332.963 45.390
333.140 45.089
333.316 44.495
333.493 44.169
333.670 43.993
333.847 43.764
334.023 43.416
334.200 43.440
334.377 43.627
334.553 43.495
334.730 43.509
334.907 43.397
335.084 43.429
335.260 43.576
335.437 43.574
335.614 43.235
335.791 43.024
335.967 42.919
336.144 42.238
336.321 41.993
336.497 42.153
336.674 41.968
336.851 41.816
337.028 41.838
337.204 42.069
337.381 42.405
337.558 42.310
337.734 42.083
337.911 41.720
338.088 41.593
338.265 41.625
338.441 41.391
338.618 41.084
338.795 40.991
338.972 40.962
339.148 40.918
339.325 40.975
339.502 40.905
339.678 40.660
339.855 40.517
340.032 40.464
340.209 40.297
340.385 39.995
340.562 39.869
340.739 39.927
340.916 39.865
341.092 39.557
341.269 39.725
341.446 39.979
341.622 40.050
341.799 39.694
341.976 39.304
342.153 39.205
342.329 39.228
342.506 38.998
342.683 38.863
342.859 38.857
343.036 38.619
343.213 38.396
343.390 38.382
343.566 38.236
343.743 38.096
343.920 38.133
344.097 38.036
344.273 37.921
344.450 37.780
344.627 37.635
344.803 37.410
344.980 37.228
345.157 37.254
345.334 37.258
345.510 37.221
345.687 37.156
345.864 36.798
346.040 36.716
346.217 37.030
346.394 37.027
346.571 37.164
346.747 37.135
346.924 36.965
347.101 37.058
347.278 37.347
347.454 37.351
347.631 36.870
347.808 36.549
347.984 36.507
348.161 36.384
348.338 36.244
348.515 36.162
348.691 35.981
348.868 35.824
349.045 35.622
349.221 35.603
349.398 35.542
349.575 35.823
349.752 35.868
349.928 35.537
350.105 35.579
350.282 35.588
350.459 35.602
350.635 35.634
350.812 35.495
350.989 35.291
351.165 35.211
351.342 35.336
351.519 35.441
351.696 35.476
351.872 35.596
352.049 35.583
352.226 35.434
352.402 35.201
352.579 34.978
352.756 34.875
352.933 34.679
353.109 34.688
353.286 34.458
353.463 34.364
353.640 34.429
353.816 34.166
353.993 33.893
354.170 33.714
354.346 33.701
354.523 33.644
354.700 33.665
354.877 33.702
355.053 33.603
355.230 33.492
355.407 33.356
355.584 33.279
355.760 33.159
355.937 33.172
356.114 33.368
356.290 33.421
356.467 33.425
356.644 33.651
356.821 33.720
356.997 33.911
357.174 34.029
357.351 33.986
357.527 34.020
357.704 33.865
357.881 33.881
358.058 33.891
358.234 33.791
358.411 33.606
358.588 33.430
358.765 33.434
358.941 33.485
359.118 33.492
359.295 33.537
359.471 33.679
359.648 33.722
359.825 33.588
360.002 33.487
360.178 33.260
360.355 32.970
360.532 32.884
360.708 32.679
360.885 32.413
361.062 32.367
361.239 32.353
361.415 32.239
361.592 32.229
361.769 32.210
361.946 32.299
362.122 32.216
362.299 32.332
362.476 32.284
362.652 32.024
362.829 31.951
363.006 31.840
363.183 31.613
363.359 31.471
363.536 31.407
363.713 31.364
363.889 31.466
364.066 31.612
364.243 31.683
364.420 31.702
364.596 31.809
364.773 31.767
364.950 31.694
365.127 31.746
365.303 31.698
365.480 31.535
365.661 31.388
365.841 31.441
366.022 31.324
366.202 31.299
366.383 31.320
366.563 31.195
366.744 31.203
366.924 31.295
367.105 31.428
367.286 31.460
367.466 31.450
367.647 31.520
367.827 31.330
368.008 31.151
368.188 31.133
368.369 30.977
368.549 30.898
368.730 30.784
368.911 30.775
369.091 30.923
369.272 31.012
369.452 30.914
369.633 30.841
369.813 30.859
369.994 30.789
370.174 30.802
370.355 30.983
370.535 31.107
370.716 31.153
370.897 31.046
371.077 30.935
371.258 30.898
371.438 30.817
371.619 30.939
371.799 31.005
371.980 30.919
372.160 30.880
372.341 30.892
372.522 30.952
372.702 31.013
372.883 30.852
373.063 30.780
373.244 30.849
373.424 30.917
373.605 30.935
373.785 30.936
373.966 31.015
374.147 31.043
374.327 31.010
374.508 30.954
374.688 30.950
374.869 31.030
375.049 31.126
375.230 31.125
375.410 31.090
375.591 30.971
375.772 30.939
375.952 31.013
376.133 30.934
376.313 30.964
376.494 31.014
376.674 31.050
376.855 31.080
377.035 31.091
377.216 31.046
377.397 30.939
377.577 30.921
377.758 30.899
377.938 30.799
378.119 30.503
378.299 30.362
378.480 30.359
378.660 30.331
378.841 30.218
379.021 30.177
379.202 30.214
379.383 30.250
379.563 30.195
379.744 30.103
379.924 30.105
380.105 30.014
380.285 29.939
380.466 30.000
380.646 29.970
380.827 29.883
381.008 29.885
381.188 29.894
381.369 29.877
381.549 29.828
381.730 29.784
381.910 29.945
382.091 30.094
382.271 30.111
382.452 30.121
382.633 30.174
382.813 30.214
382.994 30.150
383.174 30.176
383.355 30.266
383.535 30.297
383.716 30.287
383.896 30.248
384.077 30.202
384.258 30.068
384.438 30.077
384.619 30.115
384.799 30.045
384.980 30.082
385.160 30.095
385.341 30.093
385.521 30.124
385.702 30.012
385.882 29.891
386.063 29.876
386.244 29.835
386.424 29.802
386.605 29.785
386.785 29.813
386.966 29.849
387.146 29.909
387.327 29.910
387.507 29.950
387.688 29.972
387.869 29.970
388.049 29.998
388.230 29.992
388.410 30.017
388.591 30.024
388.771 29.928
388.952 29.913
389.132 29.958
389.313 29.954
389.494 30.073
389.674 30.139
389.855 30.116
390.035 30.151
390.216 30.176
390.396 30.211
390.577 30.240
390.757 30.253
390.938 30.216
391.119 30.242
391.299 30.231
391.480 30.268
391.660 30.276
391.841 30.289
392.021 30.343
392.202 30.342
392.382 30.408
392.563 30.498
392.743 30.554
392.924 30.573
393.105 30.522
393.285 30.467
393.466 30.493
393.646 30.536
393.827 30.536
394.007 30.575
394.188 30.589
394.368 30.673
394.549 30.735
394.730 30.680
394.910 30.669
395.091 30.699
395.271 30.707
395.452 30.728
395.632 30.758
395.813 30.827
395.993 30.956
396.174 30.994
396.355 31.012
396.535 30.969
396.716 30.917
396.896 30.992
397.077 31.038
397.257 31.044
397.438 31.102
397.618 31.163
397.799 31.164
397.980 31.171
398.160 31.097
398.341 31.081
398.521 31.143
398.702 31.208
398.882 31.232
399.063 31.241
399.243 31.263
399.424 31.312
399.605 31.334
399.785 31.251
399.966 31.227
400.146 31.238
400.327 31.276
400.507 31.338
400.688 31.390
400.868 31.455
401.049 31.498
401.229 31.493
401.410 31.522
401.591 31.582
401.771 31.650
401.952 31.717
402.132 31.758
402.313 31.741
402.493 31.752
402.674 31.812
402.854 31.831
403.035 31.828
403.216 31.790
403.396 31.725
403.577 31.743
403.757 31.769
403.938 31.813
404.118 31.870
404.299 31.863
404.479 31.871
404.660 31.856
404.841 31.828
405.023 31.865
405.204 31.951
405.385 32.007
405.566 32.034
405.748 32.039
405.929 32.006
406.110 32.044
406.292 32.039
406.473 32.022
406.654 32.046
406.835 32.070
407.017 32.115
407.198 32.149
407.379 32.188
407.560 32.234
407.742 32.286
407.923 32.360
408.104 32.430
408.286 32.413
408.467 32.392
408.648 32.441
408.829 32.479
409.011 32.457
409.192 32.424
409.373 32.400
409.555 32.401
409.736 32.421
409.917 32.434
410.098 32.449
410.280 32.502
410.461 32.588
410.642 32.662
410.823 32.712
411.005 32.764
411.186 32.795
411.367 32.852
411.549 32.843
411.730 32.801
411.911 32.818
412.092 32.862
412.274 32.920
412.455 32.954
412.636 32.970
412.818 32.985
412.999 33.004
413.180 33.035
413.361 33.069
413.543 33.107
413.724 33.172
413.905 33.252
414.087 33.277
414.268 33.245
414.449 33.255
414.630 33.270
414.812 33.330
414.993 33.368
415.174 33.341
415.355 33.344
415.537 33.374
415.718 33.395
415.899 33.431
416.081 33.432
416.262 33.424
416.443 33.441
416.624 33.464
416.806 33.514
416.987 33.558
417.168 33.625
417.350 33.628
417.531 33.621
417.712 33.589
417.893 33.600
418.075 33.674
418.256 33.696
418.437 33.743
418.618 33.777
418.800 33.811
418.981 33.849
419.162 33.891
419.344 33.932
419.525 33.957
419.706 33.992
419.887 34.039
420.069 34.075
420.250 34.121
420.431 34.156
420.613 34.165
420.794 34.169
420.975 34.146
421.156 34.181
421.338 34.250
421.519 34.314
421.700 34.316
421.882 34.316
422.063 34.350
422.244 34.399
422.425 34.468
422.607 34.516
422.788 34.534
422.969 34.561
423.150 34.583
423.332 34.622
423.513 34.654
423.694 34.711
423.876 34.795
424.057 34.842
424.238 34.868
424.419 34.918
424.601 34.958
424.782 35.023
424.963 35.058
425.145 35.069
425.326 35.093
425.507 35.159
425.688 35.184
425.870 35.192
426.051 35.178
426.232 35.134
426.413 35.129
426.595 35.161
426.776 35.169
426.957 35.195
427.139 35.214
427.320 35.233
427.501 35.244
427.682 35.234
427.864 35.234
428.045 35.238
428.226 35.253
428.408 35.291
428.589 35.293
428.770 35.335
428.951 35.378
429.133 35.387
429.314 35.400
429.495 35.444
429.677 35.513
429.858 35.550
430.039 35.591
430.220 35.619
430.402 35.673
430.583 35.748
430.764 35.776
430.945 35.794
431.127 35.811
431.308 35.825
431.489 35.853
431.671 35.871
431.852 35.900
432.033 35.935
432.214 35.949
432.396 35.968
432.577 36.016
432.758 36.072
432.940 36.144
433.121 36.176
433.302 36.185
433.483 36.205
433.665 36.231
433.846 36.251
434.027 36.296
434.208 36.329
434.390 36.349
434.571 36.392
434.752 36.451
434.934 36.503
435.115 36.549
435.296 36.566
435.477 36.601
435.659 36.641
435.840 36.670
436.030 36.721
436.220 36.761
436.410 36.776
436.600 36.791
436.790 36.817
436.980 36.854
437.170 36.916
437.360 36.946
437.550 36.982
437.741 37.031
437.931 37.061
438.121 37.086
438.311 37.111
438.501 37.124
438.691 37.138
438.881 37.144
439.071 37.141
439.261 37.181
439.451 37.234
439.641 37.272
439.831 37.303
440.021 37.328
440.211 37.355
440.401 37.379
440.591 37.402
440.781 37.422
440.971 37.445
441.161 37.466
441.351 37.507
441.542 37.544
441.732 37.556
441.922 37.571
442.112 37.592
442.302 37.619
442.492 37.674
442.682 37.717
442.872 37.764
443.062 37.792
443.252 37.820
443.442 37.843
443.632 37.865
443.822 37.878
444.012 37.895
444.202 37.933
444.392 37.963
444.582 37.978
444.772 37.992
444.962 38.018
445.153 38.039
445.343 38.055
445.533 38.074
445.723 38.117
445.913 38.162
446.103 38.201
446.293 38.250
446.483 38.266
446.673 38.287
446.863 38.311
447.053 38.376
447.243 38.413
447.433 38.439
447.623 38.468
447.813 38.479
448.003 38.503
448.193 38.528
448.383 38.565
448.573 38.610
448.764 38.646
448.954 38.678
449.144 38.720
449.334 38.740
449.524 38.761
449.714 38.768
449.904 38.771
450.094 38.784
450.284 38.783
450.474 38.776
450.664 38.784
450.854 38.812
451.044 38.810
451.234 38.833
451.424 38.865
451.614 38.886
451.804 38.932
451.994 38.956
452.184 38.978
452.375 38.994
452.565 39.016
452.755 39.034
452.945 39.049
453.135 39.048
453.325 39.074
453.515 39.104
453.705 39.115
453.895 39.125
454.085 39.137
454.275 39.145
454.465 39.167
454.655 39.195
454.845 39.212
455.035 39.221
455.225 39.215
455.415 39.217
455.605 39.231
455.795 39.231
455.985 39.232
456.176 39.249
456.366 39.250
456.556 39.235
456.746 39.235
456.936 39.238
457.126 39.231
457.316 39.210
457.506 39.203
457.696 39.216
457.886 39.241
458.076 39.266
458.266 39.298
458.456 39.316
458.646 39.311
458.836 39.295
459.026 39.307
459.216 39.327
459.406 39.307
459.596 39.304
459.787 39.313
459.977 39.327
460.167 39.307
460.357 39.325
460.547 39.354
460.737 39.359
460.927 39.377
461.117 39.408
461.307 39.442
461.497 39.443
461.687 39.443
461.877 39.438
462.067 39.440
462.257 39.459
462.447 39.473
462.637 39.477
462.827 39.501
463.017 39.504
463.207 39.505
463.397 39.533
463.588 39.553
463.778 39.554
463.968 39.550
464.158 39.577
464.348 39.574
464.538 39.561
464.728 39.566
464.918 39.573
465.108 39.572
465.298 39.555
465.488 39.569
465.678 39.593
465.868 39.605
466.058 39.609
466.248 39.596
466.438 39.589
466.628 39.595
466.818 39.598
467.008 39.601
467.199 39.593
467.389 39.603
467.579 39.616
467.769 39.653
467.959 39.660
468.149 39.647
468.339 39.653
468.529 39.662
468.719 39.658
468.909 39.649
469.099 39.639
469.289 39.645
469.479 39.653
469.669 39.643
469.859 39.639
470.049 39.643
470.239 39.653
470.429 39.671
470.619 39.688
470.810 39.690
471.000 39.707
471.190 39.734
471.380 39.748
471.570 39.742
471.760 39.709
471.950 39.714
472.140 39.731
472.330 39.731
472.520 39.737
472.710 39.754
472.900 39.764
473.090 39.781
473.280 39.784
473.470 39.775
473.660 39.779
473.850 39.785
474.040 39.790
474.230 39.780
474.421 39.781
474.611 39.780
474.801 39.764
474.991 39.746
475.181 39.739
475.371 39.727
475.561 39.725
475.751 39.740
475.941 39.740
476.131 39.733
476.321 39.724
476.511 39.713
476.701 39.705
476.891 39.697
477.081 39.687
477.271 39.688
477.461 39.695
477.651 39.702
477.841 39.709
478.031 39.700
478.222 39.687
478.412 39.678
478.602 39.672
478.792 39.679
478.982 39.687
479.172 39.688
479.362 39.684
479.552 39.685
479.742 39.679
479.932 39.669
480.122 39.665
480.312 39.675
480.502 39.679
480.692 39.682
480.882 39.694
481.072 39.697
481.262 39.697
481.452 39.694
481.642 39.689
481.833 39.697
482.023 39.697
482.213 39.690
482.403 39.683
482.593 39.677
482.783 39.677
482.973 39.670
483.163 39.658
483.353 39.650
483.543 39.631
483.733 39.630
483.923 39.645
484.113 39.644
484.303 39.628
484.493 39.618
484.683 39.603
484.873 39.578
485.063 39.565
485.253 39.555
485.443 39.548
485.634 39.542
485.824 39.514
486.014 39.504
486.204 39.499
486.394 39.490
486.584 39.467
486.774 39.445
486.964 39.435
487.154 39.424
487.344 39.414
487.534 39.406
487.724 39.382
487.914 39.354
488.104 39.342
488.294 39.330
488.484 39.327
488.674 39.327
488.864 39.318
489.054 39.314
489.245 39.303
489.435 39.284
489.625 39.268
489.815 39.266
490.005 39.258
490.195 39.253
490.385 39.245
490.575 39.230
490.765 39.218
490.955 39.205
491.145 39.193
491.335 39.166
491.525 39.146
491.715 39.130
491.905 39.120
492.095 39.098
492.285 39.092
492.475 39.079
492.665 39.048
492.856 39.029
493.046 38.998
493.236 38.978
493.426 38.966
493.616 38.941
493.806 38.911
493.996 38.886
494.186 38.864
494.376 38.841
494.566 38.843
494.756 38.838
494.946 38.809
495.136 38.786
495.326 38.772
495.516 38.750
495.706 38.728
495.896 38.698
496.086 38.681
496.276 38.661
496.467 38.627
496.657 38.599
496.847 38.570
497.037 38.551
497.227 38.511
497.417 38.474
497.607 38.454
497.797 38.429
497.987 38.397
498.177 38.365
498.367 38.330
498.557 38.279
498.747 38.236
498.937 38.218
499.127 38.191
499.317 38.161
499.507 38.130
499.697 38.101
499.887 38.070
500.077 38.037
500.268 38.001
500.458 37.971
500.648 37.952
500.838 37.915
501.028 37.876
501.218 37.850
501.408 37.812
501.598 37.771
501.788 37.734
501.978 37.695
502.168 37.659
502.358 37.636
502.548 37.614
502.738 37.586
502.928 37.544
503.118 37.511
503.308 37.484
503.498 37.454
503.688 37.423
503.879 37.394
504.069 37.359
504.259 37.319
504.449 37.281
504.639 37.247
504.829 37.225
505.019 37.190
505.209 37.161
505.399 37.131
505.589 37.099
505.779 37.064
505.969 37.035
506.159 37.003
506.349 36.955
506.539 36.909
506.729 36.866
506.919 36.831
507.109 36.788
507.299 36.743
507.490 36.706
507.680 36.658
507.870 36.613
508.060 36.565
508.250 36.522
508.440 36.484
508.630 36.441
508.820 36.402
509.010 36.367
509.200 36.320
509.390 36.282
509.580 36.245
509.770 36.204
509.960 36.160
510.150 36.126
510.340 36.088
510.530 36.050
510.720 36.013
510.910 35.995
511.100 36.005
511.291 35.969
511.481 35.939
511.671 35.912
511.861 35.870
512.051 35.835
512.241 35.798
512.431 35.751
512.621 35.704
512.811 35.658
513.001 35.618
513.191 35.581
513.381 35.535
513.571 35.485
513.761 35.445
513.951 35.411
514.141 35.370
514.331 35.343
514.521 35.300
514.711 35.250
514.902 35.187
515.092 35.094
515.282 35.045
515.472 34.989
515.662 34.940
515.852 34.901
516.042 34.860
516.232 34.828
516.422 34.795
516.612 34.763
516.802 34.726
516.992 34.685
517.182 34.651
517.372 34.621
517.562 34.593
517.752 34.561
517.942 34.520
518.132 34.484
518.322 34.451
518.513 34.416
518.703 34.390
518.893 34.356
519.083 34.323
519.273 34.293
519.463 34.264
519.653 34.231
519.843 34.201
520.033 34.168
520.223 34.128
520.413 34.093
520.603 34.055
520.793 34.018
520.983 33.985
521.173 33.956
521.363 33.927
521.553 33.890
521.743 33.843
521.933 33.802
522.123 33.762
522.314 33.723
522.504 33.701
522.694 33.674
522.884 33.645
523.074 33.624
523.264 33.602
523.454 33.573
523.644 33.546
523.834 33.524
524.024 33.501
524.214 33.472
524.404 33.439
524.594 33.414
524.784 33.390
524.974 33.361
525.164 33.330
525.354 33.313
525.544 33.309
525.734 33.303
525.925 33.290
526.115 33.270
526.305 33.245
526.495 33.220
526.685 33.193
526.875 33.175
527.065 33.156
527.255 33.132
527.445 33.119
527.635 33.113
527.825 33.095
528.015 33.086
528.205 33.083
528.395 33.081
528.585 33.070
528.775 33.061
528.965 33.058
529.155 33.057
529.345 33.043
529.535 33.026
529.726 33.018
529.916 33.016
530.106 33.018
530.296 33.018
530.486 33.013
530.676 33.012
530.866 32.999
531.056 32.987
531.246 32.988
531.436 32.983
531.626 32.973
531.816 32.973
532.006 32.965
532.196 32.965
532.386 32.963
532.576 32.960
532.766 32.956
532.956 32.961
533.146 32.967
533.337 32.963
533.527 32.959
533.717 32.959
533.907 32.961
534.097 32.964
534.287 32.972
534.477 32.983
534.667 32.994
534.857 33.013
535.047 33.022
535.237 33.028
535.427 33.040
535.617 33.056
535.807 33.066
535.997 33.083
536.187 33.092
536.377 33.112
536.567 33.138
536.757 33.161
536.948 33.174
537.138 33.180
537.328 33.197
537.518 33.215
537.708 33.229
537.898 33.247
538.088 33.262
538.278 33.277
538.468 33.299
538.658 33.323
538.848 33.339
539.038 33.360
539.228 33.378
539.418 33.399
539.608 33.420
539.798 33.437
539.988 33.456
540.178 33.489
540.368 33.514
540.558 33.539
540.749 33.570
540.939 33.602
541.129 33.632
541.319 33.656
541.509 33.689
541.699 33.721
541.889 33.743
542.079 33.773
542.269 33.813
542.459 33.838
542.649 33.858
542.839 33.895
543.029 33.930
543.219 33.972
543.409 34.010
543.599 34.047
543.789 34.081
543.979 34.111
544.169 34.135
544.360 34.160
544.550 34.192
544.740 34.221
544.930 34.254
545.120 34.284
545.310 34.316
545.500 34.345
545.690 34.384
545.880 34.422
546.070 34.456
546.267 34.480
546.463 34.513
546.660 34.546
546.857 34.577
547.054 34.612
547.251 34.643
547.447 34.676
547.644 34.712
547.841 34.756
548.038 34.793
548.234 34.830
548.431 34.866
548.628 34.895
548.825 34.927
549.021 34.964
549.218 35.000
549.415 35.039
549.612 35.077
549.808 35.112
550.005 35.149
550.202 35.188
550.399 35.234
550.595 35.276
550.792 35.323
550.989 35.359
551.186 35.397
551.382 35.432
551.579 35.465
551.776 35.502
551.973 35.542
552.169 35.585
552.366 35.626
552.563 35.669
552.760 35.707
552.956 35.746
553.153 35.782
553.350 35.819
553.547 35.859
553.743 35.896
553.940 35.936
554.137 35.972
554.334 35.995
554.530 36.024
554.727 36.060
554.924 36.093
555.121 36.128
555.317 36.160
555.514 36.198
555.711 36.235
555.908 36.260
556.104 36.284
556.301 36.312
556.498 36.345
556.695 36.376
556.891 36.415
557.088 36.452
557.285 36.493
557.482 36.534
557.678 36.566
557.875 36.596
558.072 36.621
558.269 36.657
558.465 36.705
558.662 36.739
558.859 36.769
559.056 36.797
559.252 36.827
559.449 36.856
559.646 36.882
559.843 36.915
560.039 36.954
560.236 36.996
560.433 37.031
560.630 37.064
560.826 37.093
561.023 37.125
561.220 37.153
561.417 37.175
561.613 37.204
561.810 37.237
562.007 37.276
562.204 37.308
562.400 37.331
562.597 37.360
562.794 37.390
562.991 37.422
563.187 37.458
563.384 37.488
563.581 37.517
563.778 37.556
563.974 37.592
564.171 37.624
564.368 37.647
564.565 37.680
564.761 37.712
564.958 37.745
565.155 37.775
565.352 37.808
565.548 37.843
565.745 37.879
565.942 37.911
566.139 37.934
566.335 37.965
566.532 38.004
566.729 38.038
566.926 38.071
567.122 38.098
567.319 38.129
567.516 38.166
567.713 38.205
567.909 38.236
568.106 38.264
568.303 38.291
568.500 38.330
568.696 38.363
568.893 38.392
569.090 38.428
569.287 38.455
569.483 38.482
569.680 38.509
569.877 38.532
570.074 38.560
570.270 38.591
570.467 38.623
570.664 38.654
570.861 38.684
571.057 38.719
571.254 38.754
571.451 38.781
571.648 38.815
571.844 38.853
572.041 38.874
572.238 38.901
572.435 38.939
572.631 38.963
572.828 38.988
573.025 39.020
573.222 39.048
573.418 39.077
573.615 39.107
573.812 39.135
574.009 39.162
574.205 39.193
574.402 39.217
574.599 39.243
574.796 39.269
574.992 39.291
575.189 39.315
575.386 39.350
575.583 39.383
575.779 39.408
575.976 39.430
576.173 39.464
576.370 39.492
576.567 39.510
576.763 39.538
576.960 39.571
577.158 39.592
577.356 39.617
577.554 39.654
577.752 39.687
577.950 39.714
578.148 39.742
578.346 39.769
578.544 39.805
578.742 39.833
578.940 39.861
579.138 39.897
579.336 39.924
579.534 39.942
579.732 39.969
579.930 39.994
580.128 40.021
580.326 40.055
580.524 40.079
580.722 40.106
580.920 40.137
581.118 40.170
581.316 40.202
581.514 40.235
581.712 40.256
581.909 40.275
582.107 40.298
582.305 40.330
582.503 40.367
582.701 40.397
582.899 40.428
583.097 40.454
583.295 40.474
583.493 40.496
583.691 40.528
583.889 40.552
584.087 40.575
584.285 40.597
584.483 40.621
584.681 40.655
584.879 40.687
585.077 40.709
585.275 40.726
585.473 40.748
585.671 40.770
585.869 40.798
586.067 40.823
586.265 40.850
586.463 40.867
586.661 40.879
586.859 40.899
587.057 40.927
587.255 40.954
587.453 40.985
587.651 41.016
587.849 41.043
588.047 41.071
588.245 41.100
588.443 41.131
588.641 41.155
588.839 41.173
589.037 41.188
589.235 41.209
589.433 41.229
589.631 41.250
589.829 41.268
590.027 41.288
590.225 41.307
590.423 41.328
590.621 41.351
590.819 41.374
591.017 41.401
591.215 41.423
591.413 41.443
591.611 41.460
591.809 41.475
592.006 41.483
592.204 41.500
592.402 41.520
592.600 41.532
592.798 41.550
592.996 41.578
593.194 41.606
593.392 41.629
593.590 41.655
593.788 41.675
593.986 41.698
594.184 41.717
594.382 41.741
594.580 41.762
594.778 41.777
594.976 41.792
595.174 41.805
595.372 41.819
595.570 41.839
595.768 41.853
595.966 41.871
596.164 41.898
596.362 41.913
596.560 41.933
596.758 41.961
596.956 41.980
597.154 41.999
597.352 42.014
597.550 42.026
597.748 42.037
597.946 42.054
598.144 42.068
598.342 42.085
598.540 42.108
598.738 42.131
598.936 42.154
599.134 42.176
599.332 42.201
599.530 42.227
599.728 42.239
599.926 42.255
600.124 42.279
600.322 42.295
600.520 42.309
600.718 42.322
600.916 42.342
601.114 42.360
601.312 42.375
601.510 42.391
601.708 42.416
601.905 42.439
602.103 42.459
602.301 42.482
602.499 42.506
602.697 42.516
602.895 42.535
603.093 42.558
603.291 42.572
603.489 42.578
603.687 42.586
603.885 42.609
604.083 42.631
604.281 42.637
604.479 42.649
604.677 42.673
604.875 42.692
605.073 42.710
605.271 42.746
605.469 42.754
605.667 42.766
605.865 42.781
606.063 42.797
606.261 42.811
606.459 42.823
606.657 42.828
606.855 42.846
607.053 42.856
607.251 42.863
607.449 42.883
607.647 42.903
607.845 42.919
608.043 42.935
608.241 42.951
608.439 42.971
608.637 42.990
608.835 43.010
609.033 43.027
609.231 43.030
609.429 43.025
609.627 43.037
609.825 43.048
610.023 43.060
610.221 43.074
610.419 43.092
610.617 43.109
610.815 43.131
611.013 43.147
611.211 43.171
611.409 43.196
611.607 43.203
611.804 43.209
612.002 43.219
612.200 43.233
612.398 43.249
612.596 43.272
612.794 43.290
612.992 43.302
613.190 43.321
613.388 43.340
613.586 43.354
613.784 43.366
613.982 43.380
614.180 43.394
614.378 43.410
614.576 43.419
614.774 43.433
614.972 43.444
615.170 43.452
615.368 43.455
615.566 43.468
615.764 43.488
615.962 43.510
616.160 43.527
616.358 43.538
616.556 43.547
616.754 43.551
616.952 43.560
617.150 43.574
617.348 43.586
617.546 43.600
617.744 43.615
617.942 43.643
618.140 43.671
618.338 43.686
618.536 43.695
618.734 43.709
618.932 43.726
619.130 43.742
619.328 43.765
619.526 43.794
619.724 43.807
619.922 43.828
620.120 43.851
620.318 43.862
620.516 43.874
620.714 43.897
620.912 43.925
621.110 43.942
621.308 43.959
621.506 43.974
621.704 43.987
621.901 43.997
622.099 44.007
622.297 44.022
622.495 44.040
622.693 44.058
622.891 44.069
623.089 44.081
623.287 44.101
623.485 44.115
623.683 44.123
623.881 44.145
624.079 44.164
624.277 44.179
624.475 44.201
624.673 44.218
624.871 44.227
625.069 44.235
625.267 44.254
625.465 44.276
625.663 44.294
625.861 44.305
626.059 44.326
626.257 44.344
626.455 44.357
626.653 44.374
626.851 44.402
627.049 44.430
627.247 44.447
627.445 44.460
627.643 44.470
627.841 44.481
628.039 44.486
628.237 44.486
628.435 44.497
628.633 44.509
628.831 44.534
629.029 44.550
629.227 44.562
629.425 44.578
629.623 44.588
629.821 44.602
630.019 44.622
630.217 44.634
630.415 44.646
630.613 44.665
630.811 44.692
631.009 44.706
631.207 44.722
631.405 44.745
631.603 44.764
631.801 44.785
631.998 44.810
632.196 44.834
632.394 44.850
632.592 44.866
632.790 44.889
632.988 44.896
633.186 44.912
633.384 44.926
633.582 44.928
633.780 44.932
633.978 44.949
634.176 44.977
634.374 44.994
634.572 45.007
634.770 45.019
634.968 45.020
635.166 45.027
635.364 45.032
635.562 45.037
635.760 45.040
635.958 45.052
636.156 45.063
636.354 45.083
636.552 45.103
636.750 45.119
636.948 45.130
637.146 45.231
637.344 45.409
637.542 45.428
637.740 45.456
637.938 45.483
638.136 45.487
638.334 45.488
638.532 45.512
638.730 45.535
638.928 45.551
639.126 45.567
639.324 45.585
639.522 45.602
639.720 45.644
639.918 45.709
640.116 45.734
640.314 45.750
640.512 45.761
640.710 45.781
640.908 45.804
641.106 45.825
641.304 45.760
641.502 45.615
641.699 45.630
641.897 45.645
642.095 45.661
642.293 45.686
642.491 45.708
642.689 45.723
642.887 45.745
643.085 45.775
643.283 45.804
643.481 45.827
643.679 45.852
643.877 45.853
644.075 45.836
644.273 45.851
644.471 45.877
644.669 45.904
644.867 45.937
645.065 45.961
645.263 45.979
645.461 45.998
645.659 46.016
645.857 46.033
646.055 46.054
646.253 46.083
646.451 46.115
646.649 46.146
646.847 46.174
647.045 46.193
647.243 46.213
647.441 46.234
647.639 46.253
647.837 46.277
648.035 46.309
648.233 46.329
648.431 46.353
648.629 46.377
648.827 46.395
649.025 46.415
649.223 46.429
649.421 46.450
649.619 46.472
649.817 46.498
650.015 46.529
650.213 46.557
650.411 46.575
650.609 46.585
650.807 46.605
651.005 46.621
651.203 46.642
651.401 46.660
651.599 46.675
651.796 46.700
651.994 46.722
652.192 46.740
652.390 46.771
652.588 46.792
652.786 46.811
652.984 46.841
653.182 46.857
653.380 46.880
653.578 46.906
653.776 46.938
653.974 46.969
654.172 46.994
654.370 47.015
654.568 47.043
654.766 47.082
654.964 47.111
655.162 47.146
655.360 47.177
655.558 47.201
655.756 47.231
655.954 47.252
656.152 47.278
656.350 47.309
656.548 47.342
656.746 47.378
656.944 47.408
657.142 47.434
657.340 47.458
657.538 47.483
657.736 47.513
657.934 47.538
658.132 47.570
658.330 47.606
658.528 47.631
658.726 47.657
658.924 47.682
659.122 47.715
659.320 47.742
659.518 47.774
659.716 47.816
659.914 47.853
660.112 47.891
660.310 47.932
660.508 47.965
660.706 47.986
660.904 48.019
661.102 48.053
661.300 48.083
661.498 48.123
661.696 48.163
661.893 48.190
662.091 48.227
662.289 48.268
662.487 48.308
662.685 48.353
662.883 48.400
663.081 48.454
663.279 48.493
663.477 48.530
663.675 48.575
663.873 48.614
664.071 48.654
664.269 48.696
664.467 48.743
664.665 48.786
664.863 48.822
665.061 48.861
665.259 48.908
665.457 48.951
665.655 48.997
665.853 49.053
666.051 49.111
666.249 49.159
666.447 49.200
666.645 49.238
666.843 49.282
667.041 49.322
667.239 49.362
667.437 49.415
667.635 49.468
667.833 49.502
668.031 49.546
668.229 49.594
668.427 49.641
668.625 49.672
668.823 49.715
669.021 49.775
669.219 49.825
669.417 49.870
669.615 49.912
669.813 49.960
670.011 50.019
670.209 50.082
670.407 50.132
670.605 50.186
670.803 50.251
671.001 50.300
671.199 50.347
671.397 50.393
671.595 50.434
671.792 50.483
671.990 50.548
672.188 50.608
672.386 50.662
672.584 50.719
672.782 50.778
672.980 50.838
673.178 50.903
673.376 50.969
673.574 51.032
673.772 51.101
673.970 51.162
674.168 51.218
674.366 51.267
674.564 51.333
674.762 51.383
674.960 51.433
675.158 51.510
675.356 51.583
675.554 51.643
675.752 51.703
675.950 51.773
676.148 51.845
676.346 51.911
676.544 51.975
676.742 52.051
676.940 52.131
677.138 52.201
677.336 52.269
677.534 52.331
677.732 52.402
677.930 52.479
678.128 52.555
678.326 52.620
678.524 52.695
678.722 52.758
678.920 52.832
679.118 52.902
679.316 52.966
679.514 53.034
679.712 53.108
679.910 53.190
680.108 53.258
680.306 53.323
680.504 53.402
680.702 53.487
680.900 53.563
681.098 53.631
681.296 53.697
681.494 53.765
681.691 53.850
681.889 53.925
682.087 53.999
682.285 54.070
682.483 54.144
682.681 54.220
682.879 54.315
683.077 54.405
683.275 54.497
683.473 54.596
683.671 54.688
683.869 54.771
684.067 54.848
684.265 54.933
684.463 55.023
684.661 55.111
684.859 55.196
685.057 55.285
685.255 55.381
685.453 55.480
685.651 55.582
685.849 55.680
686.047 55.769
686.245 55.850
686.443 55.938
686.641 56.030
686.839 56.127
687.037 56.211
687.235 56.307
687.433 56.393
687.631 56.471
687.829 56.567
688.027 56.673
688.225 56.779
688.423 56.876
688.621 56.966
688.819 57.045
689.017 57.135
689.215 57.224
689.413 57.324
689.611 57.416
689.809 57.507
690.007 57.598
690.205 57.707
690.403 57.818
690.601 57.920
690.799 58.027
690.997 58.133
691.195 58.242
691.393 58.346
691.591 58.460
691.788 58.566
691.986 58.659
692.184 58.748
692.382 58.847
692.580 58.948
692.778 59.058
692.976 59.179
693.174 59.284
693.372 59.391
693.570 59.498
693.768 59.607
693.966 59.714
694.164 59.820
694.362 59.927
694.560 60.038
694.758 60.142
694.956 60.241
695.154 60.337
695.352 60.437
695.550 60.529
695.748 60.620
695.946 60.733
696.144 60.843
696.342 60.961
696.540 61.075
696.744 61.194
696.948 61.305
697.152 61.410
697.357 61.524
697.561 61.640
697.765 61.746
697.969 61.857
698.173 61.959
698.377 62.053
698.581 62.147
698.786 62.244
698.990 62.357
699.194 62.478
699.398 62.592
699.602 62.703
699.806 62.817
700.010 62.929
700.215 63.042
700.419 63.154
700.623 63.251
700.827 63.361
701.031 63.466
701.235 63.560
701.440 63.658
701.644 63.758
701.848 63.859
702.052 63.977
702.256 64.101
702.460 64.226
702.664 64.357
702.869 64.466
703.073 64.580
703.277 64.692
703.481 64.798
703.685 64.905
703.889 65.014
704.093 65.123
704.298 65.235
704.502 65.328
704.706 65.445
704.910 65.567
705.114 65.658
705.318 65.764
705.522 65.886
705.727 66.011
705.931 66.133
706.135 66.242
706.339 66.336
706.543 66.433
706.747 66.523
706.951 66.619
707.156 66.734
707.360 66.833
707.564 66.929
707.768 67.028
707.972 67.129
708.176 67.225
708.380 67.326
708.585 67.436
708.789 67.554
708.993 67.660
709.197 67.765
709.401 67.879
709.605 67.989
709.810 68.088
710.014 68.180
710.218 68.271
710.422 68.366
710.626 68.464
710.830 68.549
711.034 68.651
711.239 68.754
711.443 68.843
711.647 68.946
711.851 69.049
712.055 69.155
712.259 69.274
712.463 69.387
712.668 69.491
712.872 69.575
713.076 69.656
713.280 69.747
713.484 69.832
713.688 69.924
713.892 70.012
714.097 70.097
714.301 70.190
714.505 70.287
714.709 70.388
714.913 70.483
715.117 70.582
715.321 70.682
715.526 70.766
715.730 70.866
715.934 70.964
716.138 71.058
716.342 71.139
716.546 71.206
716.750 71.287
716.955 71.377
717.159 71.477
717.363 71.567
717.567 71.641
717.771 71.733
717.975 71.835
718.180 71.920
718.384 72.002
718.588 72.090
718.792 72.169
718.996 72.241
719.200 72.317
719.404 72.397
719.609 72.471
719.813 72.556
720.017 72.624
720.221 72.689
720.425 72.762
720.629 72.842
720.833 72.919
721.038 72.998
721.242 73.069
721.446 73.138
721.650 73.219
721.854 73.300
722.058 73.381
722.262 73.447
722.467 73.518
722.671 73.607
722.875 73.677
723.079 73.744
723.283 73.817
723.487 73.889
723.691 73.949
723.896 74.020
724.100 74.098
724.304 74.188
724.508 74.276
724.712 74.353
724.916 74.433
725.120 74.504
725.325 74.558
725.529 74.622
725.733 74.683
725.937 74.745
726.141 74.806
726.345 74.857
726.550 74.916
726.754 74.994
726.958 75.055
727.162 75.113
727.366 75.188
727.570 75.260
727.774 75.335
727.979 75.416
728.183 75.481
728.387 75.537
728.591 75.599
728.795 75.645
728.999 75.691
729.203 75.745
729.408 75.802
729.612 75.860
729.816 75.927
730.020 75.992
730.224 76.049
730.428 76.099
730.632 76.159
730.837 76.209
731.041 76.256
731.245 76.301
731.449 76.353
731.653 76.411
731.857 76.476
732.061 76.536
732.266 76.603
732.470 76.669
732.674 76.720
732.878 76.760
733.082 76.832
733.286 76.906
733.490 76.955
733.695 77.004
733.899 77.060
734.103 77.090
734.307 77.125
734.511 77.173
734.715 77.233
734.920 77.282
735.124 77.338
735.328 77.386
735.532 77.440
735.736 77.492
735.940 77.533
736.144 77.571
736.349 77.605
736.553 77.624
736.757 77.656
736.961 77.691
737.165 77.729
737.369 77.760
737.573 77.784
737.778 77.827
737.982 77.874
738.186 77.918
738.390 77.971
738.594 78.017
738.798 78.068
739.002 78.103
739.207 78.138
739.411 78.176
739.615 78.207
739.819 78.245
740.023 78.277
740.227 78.308
740.431 78.330
740.636 78.356
740.840 78.383
741.044 78.407
741.248 78.452
741.452 78.496
741.656 78.526
741.860 78.570
742.065 78.607
742.269 78.643
742.473 78.690
742.677 78.735
742.881 78.770
743.085 78.803
743.290 78.828
743.494 78.848
743.698 78.871
743.902 78.907
744.106 78.941
744.310 78.996
744.514 79.024
744.719 79.046
744.923 79.079
745.127 79.113
745.331 79.157
745.535 79.198
745.739 79.212
745.943 79.240
746.148 79.275
746.352 79.319
746.556 79.348
746.760 79.363
746.964 79.392
747.168 79.420
747.372 79.442
747.577 79.497
747.781 79.559
747.985 79.595
748.189 79.609
748.393 79.628
748.597 79.631
748.801 79.664
749.006 79.707
749.210 79.739
749.414 79.782
749.618 79.829
749.822 79.857
750.026 79.893
750.230 79.917
750.435 79.919
750.639 79.912
750.843 79.932
751.047 79.959
751.251 79.988
751.455 80.030
751.660 80.069
751.864 80.092
752.068 80.105
752.272 80.136
752.476 80.180
752.680 80.221
752.884 80.271
753.089 80.297
753.293 80.313
753.497 80.340
753.701 80.358
753.905 80.370
754.109 80.395
754.313 80.433
754.518 80.476
754.722 80.520
754.926 80.573
755.130 80.614
755.334 80.662
755.538 80.680
755.742 80.680
755.947 80.697
756.151 80.705
756.355 80.702
756.559 80.706
756.763 80.712
756.967 80.715
757.171 80.716
757.376 80.763
757.580 80.817
757.784 80.852
757.988 80.906
758.192 80.952
758.396 80.979
758.600 80.980
758.805 80.984
759.009 81.013
759.213 81.031
759.417 81.032
759.621 81.036
759.825 81.064
760.030 81.093
760.234 81.102
760.438 81.129
760.642 81.167
760.846 81.195
761.050 81.214
761.254 81.234
761.459 81.265
761.663 81.277
761.867 81.285
762.071 81.283
762.275 81.275
762.479 81.269
762.683 81.267
762.888 81.301
763.092 81.338
763.296 81.358
763.500 81.392
763.709 81.440
763.918 81.457
764.126 81.474
764.335 81.508
764.544 81.548
764.753 81.565
764.962 81.581
765.171 81.601
765.379 81.628
765.588 81.663
765.797 81.688
766.006 81.698
766.215 81.708
766.424 81.745
766.632 81.766
766.841 81.780
767.050 81.802
767.259 81.827
767.468 81.847
767.677 81.854
767.885 81.849
768.094 81.851
768.303 81.858
768.512 81.863
768.721 81.867
768.929 81.882
769.138 81.897
769.347 81.917
769.556 81.935
769.765 81.949
769.974 81.949
770.182 81.944
770.391 81.971
770.600 82.008
770.809 82.018
771.018 82.031
771.227 82.031
771.435 82.042
771.644 82.070
771.853 82.088
772.062 82.105
772.271 82.123
772.480 82.144
772.688 82.173
772.897 82.205
773.106 82.220
773.315 82.230
773.524 82.252
773.732 82.278
773.941 82.298
774.150 82.306
774.359 82.326
774.568 82.341
774.777 82.327
774.985 82.306
775.194 82.320
775.403 82.330
775.612 82.369
775.821 82.395
776.030 82.394
776.238 82.416
776.447 82.439
776.656 82.468
776.865 82.476
777.074 82.494
777.283 82.497
777.491 82.512
777.700 82.521
777.909 82.525
778.118 82.513
778.327 82.514
778.535 82.539
778.744 82.566
778.953 82.595
779.162 82.629
779.371 82.650
779.580 82.652
779.788 82.668
779.997 82.681
780.206 82.684
780.415 82.675
780.624 82.662
780.833 82.647
781.041 82.624
781.250 82.631
781.459 82.636
781.668 82.643
781.877 82.648
782.086 82.665
782.294 82.703
782.503 82.742
782.712 82.778
782.921 82.814
783.130 82.833
783.338 82.852
783.547 82.861
783.756 82.893
783.965 82.920
784.174 82.935
784.383 82.935
784.591 82.933
784.800 82.930
785.009 82.932
785.218 82.964
785.427 82.995
785.636 83.010
785.844 83.014
786.053 83.027
786.262 83.043
786.471 83.068
786.680 83.072
786.889 83.085
787.097 83.081
787.306 83.084
787.515 83.085
787.724 83.090
787.933 83.099
788.141 83.083
788.350 83.068
788.559 83.059
788.768 83.064
788.977 83.084
789.186 83.111
789.394 83.136
789.603 83.134
789.812 83.114
790.021 83.117
790.230 83.139
790.439 83.165
790.647 83.181
790.856 83.160
791.065 83.152
791.274 83.167
791.483 83.201
791.692 83.207
791.900 83.207
792.109 83.213
792.318 83.226
792.527 83.240
792.736 83.272
792.944 83.307
793.153 83.312
793.362 83.318
793.571 83.318
793.780 83.331
793.989 83.362
794.197 83.419
794.406 83.423
794.615 83.410
794.824 83.387
795.033 83.395
795.242 83.418
795.450 83.419
795.659 83.425
795.868 83.417
796.077 83.412
796.286 83.423
796.495 83.405
796.703 83.380
796.912 83.393
797.121 83.416
797.330 83.428
797.539 83.429
797.747 83.443
797.956 83.472
798.165 83.484
798.374 83.481
798.583 83.446
798.792 83.457
799.000 83.510
799.209 83.527
799.418 83.525
799.627 83.526
799.836 83.541
800.045 83.546
800.253 83.555
800.462 83.556
800.671 83.561
800.880 83.592
801.089 83.615
801.298 83.639
801.506 83.647
801.715 83.680
801.924 83.724
802.133 83.732
802.342 83.757
802.550 83.751
802.759 83.735
802.968 83.741
803.177 83.735
803.386 83.691
803.595 83.694
803.803 83.713
804.012 83.731
804.221 83.747
804.430 83.744
804.639 83.754
804.848 83.782
805.056 83.809
805.265 83.796
805.474 83.808
805.683 83.802
805.892 83.803
806.101 83.777
806.309 83.753
806.518 83.747
806.727 83.765
806.936 83.820
807.145 83.835
807.353 83.851
807.562 83.878
807.771 83.912
807.980 83.906
808.189 83.891
808.398 83.911
808.606 83.914
808.815 83.919
809.024 83.929
809.233 83.923
809.442 83.911
809.651 83.948
809.859 83.970
810.068 84.002
810.277 83.982
810.486 83.983
810.695 83.988
810.904 84.003
811.112 83.966
811.321 83.921
811.530 83.931
811.740 83.985
811.949 84.081
812.159 84.093
812.368 84.127
812.578 84.146
812.787 84.109
812.997 84.118
813.206 84.144
813.416 84.137
813.625 84.134
813.835 84.142
814.044 84.126
814.254 84.108
814.463 84.082
814.673 84.096
814.882 84.096
815.092 84.111
815.301 84.095
815.511 84.095
815.720 84.123
815.930 84.122
816.139 84.085
816.349 83.968
816.558 83.960
816.768 83.997
816.977 83.998
817.187 84.001
817.396 83.985
817.606 83.970
817.815 83.961
818.025 83.983
818.234 84.015
818.444 84.044
818.653 84.044
818.863 84.056
819.072 84.071
819.282 84.105
819.491 84.103
819.701 84.120
819.910 84.146
820.120 84.141
820.329 84.158
820.539 84.150
820.748 84.153
820.958 84.169
821.167 84.158
821.377 84.157
821.586 84.171
821.796 84.189
822.005 84.192
822.215 84.233
822.424 84.258
822.634 84.233
822.843 84.222
823.053 84.264
823.262 84.271
823.472 84.238
823.681 84.193
823.891 84.185
824.100 84.185
824.310 84.196
824.519 84.216
824.729 84.228
824.938 84.254
825.148 84.276
825.357 84.260
825.567 84.249
825.776 84.255
825.986 84.269
826.195 84.277
826.405 84.285
826.614 84.274
826.824 84.250
827.033 84.267
827.243 84.303
827.452 84.266
827.662 84.267
827.871 84.316
828.081 84.337
828.290 84.347
828.500 84.379
828.709 84.368
828.919 84.326
829.128 84.283
829.338 84.278
829.547 84.308
829.757 84.301
829.966 84.278
830.176 84.297
830.385 84.305
830.595 84.281
830.804 84.260
831.014 84.212
831.223 84.201
831.433 84.212
831.642 84.145
831.852 84.138
832.061 84.181
832.271 84.184
832.480 84.201
832.690 84.198
832.899 84.179
833.109 84.176
833.318 84.221
833.528 84.233
833.737 84.217
833.947 84.191
834.156 84.179
834.366 84.196
834.575 84.197
834.785 84.178
834.994 84.196
835.204 84.258
835.413 84.283
835.623 84.272
835.832 84.236
836.042 84.283
836.251 84.317
836.461 84.291
836.670 84.310
836.880 84.324
837.089 84.358
837.299 84.365
837.508 84.373
837.718 84.346
837.927 84.340
838.137 84.359
838.346 84.346
838.556 84.375
838.765 84.387
838.975 84.373
839.184 84.383
839.394 84.397
839.603 84.407
839.813 84.449
840.022 84.489
840.232 84.519
840.441 84.502
840.651 84.489
840.860 84.431
841.070 84.346
841.279 84.281
841.489 84.281
841.698 84.276
841.908 84.295
842.117 84.348
842.327 84.416
842.536 84.457
842.746 84.507
842.955 84.550
843.165 84.568
843.374 84.558
843.584 84.502
843.793 84.463
844.003 84.407
844.212 84.372
844.422 84.345
844.631 84.309
844.841 84.311
845.050 84.345
845.260 84.404
845.469 84.446
845.679 84.472
845.888 84.510
846.098 84.565
846.307 84.558
846.517 84.514
846.726 84.582
846.936 84.724
847.145 84.737
847.355 84.724
847.564 84.697
847.774 84.694
847.983 84.735
848.193 84.741
848.402 84.723
848.612 84.689
848.821 84.657
849.031 84.643
849.240 84.688
849.450 84.682
849.659 84.656
849.869 84.660
850.078 84.674
850.288 84.630
850.497 84.592
850.707 84.608
850.916 84.645
851.126 84.539
851.335 84.355
851.545 84.336
851.754 84.333
851.964 84.340
852.173 84.330
852.383 84.329
852.592 84.360
852.802 84.417
853.011 84.463
853.221 84.527
853.430 84.594
853.640 84.565
853.849 84.575
854.059 84.622
854.268 84.635
854.478 84.641
854.687 84.631
854.897 84.627
855.106 84.652
855.316 84.669
855.525 84.701
855.735 84.696
855.944 84.647
856.154 84.639
856.363 84.647
856.573 84.693
856.782 84.719
856.992 84.691
857.201 84.646
857.411 84.672
857.620 84.692
857.830 84.674
858.039 84.710
858.249 84.718
858.458 84.676
858.668 84.642
858.877 84.609
859.087 84.628
859.296 84.640
859.506 84.610
859.715 84.584
859.925 84.549
860.134 84.569
860.344 84.640
860.553 84.600
860.763 84.602
860.972 84.605
861.182 84.582
861.391 84.621
861.601 84.683
861.810 84.665
862.020 84.607
862.229 84.597
862.439 84.604
862.648 84.582
862.858 84.555
863.067 84.594
863.277 84.650
863.486 84.645
863.696 84.632
863.905 84.629
864.115 84.625
864.324 84.620
864.534 84.595
864.743 84.615
864.953 84.660
865.162 84.691
865.372 84.730
865.581 84.777
865.791 84.761
866.000 84.744
866.210 84.801
866.419 84.883
866.629 84.949
866.838 84.902
867.048 84.883
867.257 84.890
867.467 84.859
867.676 84.822
867.886 84.832
868.095 84.806
868.305 84.748
868.514 84.759
868.724 84.819
868.933 84.853
869.143 84.782
869.352 84.766
869.562 84.776
869.771 84.776
869.981 84.838
870.190 84.907
870.400 84.891
870.609 84.840
870.819 84.746
871.028 84.727
871.238 84.725
871.447 84.726
871.657 84.747
871.866 84.798
872.076 84.856
872.285 84.865
872.495 84.892
872.704 84.905
872.914 84.864
873.123 84.739
873.333 84.628
873.542 84.616
873.752 84.662
873.961 84.637
874.171 84.659
874.380 84.494
874.590 84.382
874.799 84.468
875.009 84.484
875.218 84.513
875.428 84.471
875.637 84.518
875.847 84.569
876.056 84.549
876.266 84.529
876.475 84.536
876.685 84.520
876.894 84.519
877.104 84.537
877.313 84.534
877.523 84.607
877.732 84.730
877.942 84.824
878.151 84.878
878.361 84.883
878.570 84.765
878.780 84.867
878.989 84.987
879.199 84.981
879.408 85.027
879.618 85.048
879.827 85.088
880.037 85.135
880.246 85.107
880.456 85.102
880.665 85.112
880.875 85.095
881.084 85.057
881.294 85.058
881.503 85.130
881.713 85.213
881.922 85.238
882.132 85.313
882.341 85.322
882.551 85.264
882.760 85.308
882.970 85.442
883.179 85.418
883.389 85.338
883.598 85.262
883.808 85.189
884.017 85.185
884.227 85.182
884.436 85.210
884.646 85.298
884.855 85.293
885.065 85.287
885.274 85.349
885.484 85.455
885.693 85.528
885.903 85.552
886.112 85.535
886.322 85.469
886.531 85.362
886.741 85.303
886.950 85.323
887.160 85.293
887.369 85.243
887.579 85.260
887.788 85.229
887.998 85.198
888.207 85.211
888.417 85.306
888.626 85.330
888.836 85.196
889.045 85.121
889.255 85.177
889.464 85.188
889.674 85.214
889.883 85.181
890.093 85.118
890.302 85.016
890.512 85.009
890.721 85.164
890.931 85.235
891.140 85.272
891.350 85.251
891.559 85.240
891.769 85.291
891.978 85.273
892.188 85.287
892.397 85.379
892.607 85.457
892.816 85.445
893.026 85.446
893.235 85.503
893.445 85.468
893.654 85.429
893.864 85.421
894.073 85.332
894.283 85.290
894.492 85.326
894.702 85.454
894.911 85.495
895.121 85.485
895.330 85.528
895.540 85.643
895.749 85.620
895.959 85.590
896.168 85.574
896.378 85.543
896.587 85.526
896.797 85.527
897.006 85.498
897.216 85.394
897.425 85.296
897.635 85.226
897.844 85.312
898.054 85.430
898.263 85.432
898.473 85.425
898.682 85.478
898.892 85.477
899.101 85.401
899.311 85.374
899.520 85.349
899.730 85.355
899.939 85.226
900.149 85.164
900.358 85.151
900.568 85.084
900.777 85.151
900.987 85.168
901.196 85.120
901.406 85.106
901.615 85.145
901.825 85.195
902.034 85.308
902.244 85.343
902.453 85.301
902.663 85.303
902.872 85.393
903.082 85.333
903.291 85.280
903.501 85.228
903.710 85.138
903.920 85.100
904.129 85.051
904.339 85.140
904.548 85.278
904.758 85.389
904.967 85.451
905.177 85.453
905.386 85.490
905.596 85.461
905.805 85.377
906.015 85.382
906.224 85.366
906.434 85.281
906.643 85.263
906.853 85.270
907.062 85.310
907.272 85.239
907.481 85.213
907.691 85.219
907.900 85.260
908.110 85.242
908.319 85.178
908.529 85.207
908.738 85.121
908.948 85.024
909.157 84.926
909.367 84.832
909.576 84.844
909.786 84.911
909.995 84.948
910.205 85.051
910.414 85.119
910.624 85.162
910.833 85.192
911.043 85.059
911.252 85.060
911.462 85.044
911.672 85.086
911.881 85.223
912.091 85.387
912.300 85.516
912.512 85.600
912.724 85.631
912.937 85.587
913.149 85.495
913.361 85.513
913.573 85.490
913.786 85.499
913.998 85.430
914.210 85.399
914.422 85.393
914.634 85.393
914.847 85.413
915.059 85.427
915.271 85.475
915.483 85.621
915.696 85.637
915.908 85.614
916.120 85.597
916.332 85.524
916.544 85.368
916.757 85.192
916.969 85.173
917.181 85.230
917.393 85.168
917.606 85.239
917.818 85.292
918.030 85.356
918.242 85.323
918.454 85.293
918.667 85.260
918.879 85.331
919.091 85.314
919.303 85.197
919.516 85.137
919.728 84.991
919.940 84.855
920.152 84.882
920.364 84.988
920.577 84.984
920.789 84.827
921.001 84.742
921.213 84.788
921.426 84.870
921.638 84.842
921.850 84.935
922.062 84.986
922.274 84.998
922.487 84.995
922.699 85.102
922.911 85.196
923.123 85.125
923.336 84.956
923.548 84.933
923.760 85.036
923.972 85.039
924.184 85.124
924.397 85.186
924.609 85.117
924.821 85.037
925.033 84.971
925.246 85.070
925.458 85.123
925.670 85.090
925.882 85.009
926.094 84.966
926.307 84.907
926.519 84.862
926.731 84.847
926.943 84.929
927.156 84.923
927.368 85.010
927.580 85.190
927.792 85.331
928.004 85.364
928.217 85.343
928.429 85.373
928.641 85.406
928.853 85.409
929.066 85.385
929.278 85.349
929.490 85.348
929.702 85.358
929.914 85.411
930.127 85.443
930.339 85.396
930.551 85.439
930.763 85.498
930.976 85.513
931.188 85.585
931.400 85.561
931.612 85.549
931.824 85.486
932.037 85.395
932.249 85.386
932.461 85.439
932.673 85.454
932.886 85.444
933.098 85.352
933.310 85.274
933.522 85.114
933.734 84.968
933.947 84.885
934.159 84.920
934.371 84.776
934.583 84.654
934.796 84.686
935.008 84.573
935.220 84.452
935.432 84.272
935.644 84.272
935.857 84.384
936.069 84.266
936.281 84.138
936.493 84.083
936.706 84.110
936.918 84.014
937.130 83.825
937.342 83.698
937.554 83.567
937.767 83.609
937.979 83.892
938.191 84.066
938.403 84.029
938.616 83.991
938.828 84.050
939.040 84.182
939.252 84.366
939.464 84.413
939.677 84.365
939.889 84.452
940.101 84.158
940.313 83.990
940.526 84.364
940.738 84.521
940.950 84.594
941.162 84.488
941.374 84.358
941.587 84.321
941.799 84.358
942.011 84.218
942.223 84.090
942.436 83.890
942.648 83.817
942.860 83.937
943.072 84.159
943.284 84.428
943.497 84.509
943.709 84.362
943.921 84.462
944.133 84.607
944.346 84.670
944.558 84.682
944.770 84.614
944.982 84.431
945.194 84.497
945.407 84.515
945.619 84.464
945.831 84.562
946.043 84.637
946.256 84.597
946.468 84.797
946.680 85.055
946.892 85.201
947.104 84.977
947.317 85.014
947.529 85.180
947.741 84.992
947.953 84.895
948.166 84.752
948.378 84.580
948.590 84.660
948.802 84.945
949.014 85.147
949.227 85.243
949.439 85.216
949.651 85.002
949.863 85.002
950.076 85.237
950.288 85.385
950.500 85.659
950.712 86.213
950.924 86.825
951.137 86.640
951.349 86.369
951.561 86.396
951.773 86.266
951.986 86.037
952.198 85.806
952.410 85.480
952.622 85.420
952.834 85.887
953.047 86.183
953.259 85.817
953.471 85.604
953.683 85.661
953.896 85.739
954.108 85.815
954.320 86.028
954.532 85.774
954.744 85.368
954.957 85.114
955.169 84.809
955.381 84.269
955.593 84.310
955.806 84.303
956.018 84.553
956.230 84.929
956.442 85.057
956.654 85.361
956.867 85.842
957.079 85.973
957.291 85.724
957.503 85.416
957.716 85.308
957.928 85.199
958.140 85.155
958.352 85.077
958.564 84.844
958.777 84.294
958.989 84.253
959.201 84.603
959.413 84.913
959.626 85.346
959.838 85.759
960.050 85.856
960.262 86.238
960.474 86.347
960.687 86.312
960.899 86.185
961.111 85.814
961.323 85.293
961.536 85.276
961.748 85.515
961.960 85.432
962.172 85.365
962.384 85.362
962.597 85.039
962.809 85.057
963.021 85.530
963.233 85.953
963.446 85.799
963.658 85.590
963.870 85.440
964.082 85.031
964.294 84.834
964.507 84.869
964.719 84.827
964.931 84.615
965.143 84.218
965.356 84.233
965.568 84.892
965.780 85.462
966.000 85.412
966.221 84.758
966.441 84.689
966.662 84.970
966.882 85.061
967.103 85.206
967.323 85.255
967.543 84.722
967.764 84.279
967.984 84.681
968.205 84.838
968.425 84.812
968.645 84.588
968.866 84.404
969.086 84.227
969.307 83.819
969.527 83.946
969.748 84.633
969.968 84.482
970.188 84.219
970.409 83.947
970.629 84.191
970.850 84.702
971.070 84.438
971.290 84.426
971.511 84.842
971.731 85.072
971.952 85.216
972.172 85.540
972.393 85.632
972.613 85.560
972.833 85.623
973.054 85.528
973.274 85.598
973.495 85.621
973.715 85.578
973.936 85.838
974.156 85.800
974.376 85.493
974.597 85.690
974.817 85.695
975.038 86.066
975.258 86.085
975.478 85.867
975.699 86.277
975.919 86.263
976.140 85.458
976.360 85.243
976.581 85.573
976.801 85.496
977.021 85.963
977.242 85.964
977.462 85.908
977.683 86.007
977.903 86.218
978.123 86.432
978.344 86.782
978.564 86.864
978.785 86.823
979.005 86.731
979.226 86.521
979.446 86.663
979.666 86.106
979.887 85.391
980.107 85.372
980.328 85.701
980.548 85.769
980.769 86.374
980.989 86.216
981.209 85.624
981.430 85.374
981.650 84.981
981.871 85.021
982.091 85.119
982.311 85.206
982.532 85.200
982.752 84.775
982.973 84.650
983.193 84.850
983.414 84.787
983.634 84.673
983.854 84.657
984.075 84.463
984.295 84.439
984.516 85.115
984.736 85.566
984.956 85.220
985.177 85.136
985.397 85.147
985.618 85.497
985.838 85.917
986.059 86.077
986.279 85.836
986.499 85.727
986.720 85.791
986.940 85.283
987.161 84.762
987.381 84.708
987.602 84.140
987.822 83.415
988.042 83.485
988.263 83.746
988.483 84.549
988.704 84.433
988.924 84.455
989.144 84.238
989.365 83.676
989.585 83.767
989.806 83.830
990.026 83.718
990.247 84.006
990.467 83.716
990.687 83.999
990.908 84.583
991.128 84.573
991.349 83.991
991.569 84.171
991.789 85.236
992.010 85.990
992.230 86.179
992.451 86.437
992.671 86.904
992.892 86.455
993.112 85.540
993.332 85.561
993.553 86.078
993.773 86.099
993.994 86.645
994.214 86.978
994.435 86.365
994.655 85.471
994.875 84.802
995.096 83.873
995.316 82.893
995.537 82.474
995.757 82.591
995.977 82.914
996.198 83.334
996.418 82.510
996.639 81.273
996.859 81.218
997.080 81.102
997.300 80.199
997.520 80.683
997.741 81.402
997.961 81.577
998.182 81.276
998.402 80.837
998.622 80.259
998.843 80.283
999.063 81.763
999.284 82.863
999.504 83.206
999.725 84.159
999.945 84.914
1000.165 84.490
1000.386 84.159
1000.606 84.686
1000.827 84.725
1001.047 84.816
1001.268 84.781
1001.488 85.103
1001.708 86.341
1001.929 86.425
1002.149 85.549
1002.370 85.299
1002.590 85.425
1002.810 85.789
1003.031 86.058
1003.251 86.651
1003.472 86.729
1003.692 86.216
1003.913 86.744
1004.133 86.157
1004.353 85.470
1004.574 85.387
1004.794 85.654
1005.015 85.092
1005.235 84.479
1005.455 85.354
1005.676 85.283
1005.896 85.180
1006.117 84.854
1006.337 83.355
1006.558 83.737
1006.778 84.658
1006.998 84.196
1007.219 82.882
1007.439 82.061
1007.660 82.935
1007.880 83.451
1008.101 83.542
1008.321 83.054
1008.541 81.855
1008.762 82.514
1008.982 82.094
1009.203 82.091
1009.423 82.758
1009.643 82.674
1009.864 81.110
1010.084 78.521
1010.305 77.820
1010.525 78.116
1010.746 77.626
1010.966 77.874
1011.186 77.522
1011.407 76.713
1011.627 76.408
1011.848 77.264
1012.068 77.449
1012.288 76.001
1012.509 73.834
1012.729 71.686
1012.950 70.673
