290.982 89.702
291.167 89.942
291.352 88.612
291.537 87.590
291.722 87.065
291.907 86.999
292.091 85.828
292.276 84.250
292.461 83.809
292.646 84.252
292.831 87.105
293.016 86.863
293.201 86.520
293.386 86.212
293.571 85.591
293.756 85.120
293.940 83.985
294.125 82.581
294.310 80.992
294.495 79.513
294.680 78.393
294.865 79.046
295.050 78.428
295.235 78.207
295.420 78.197
295.605 78.120
295.789 77.821
295.974 78.290
296.159 79.657
296.344 79.610
296.529 79.072
296.714 78.784
296.899 79.033
297.084 78.721
297.269 78.412
297.454 78.062
297.638 78.114
297.823 79.133
298.008 79.360
298.193 79.295
298.378 79.309
298.563 79.127
298.748 77.768
298.933 76.866
299.118 77.402
299.303 77.340
299.487 76.842
299.672 76.455
299.857 76.126
300.042 75.725
300.227 75.623
300.412 75.189
300.597 74.767
300.782 74.579
300.967 74.758
301.152 75.053
301.336 75.023
301.521 75.325
301.706 74.311
301.891 74.993
302.076 75.302
302.261 74.297
302.446 73.582
302.631 73.454
302.816 73.650
303.001 72.962
303.185 72.662
303.370 73.018
303.555 73.094
303.740 72.900
303.925 72.822
304.110 72.551
304.295 72.071
304.480 71.416
304.665 70.779
304.850 70.257
305.034 69.634
305.219 68.782
305.404 67.273
305.589 66.489
305.774 65.046
305.959 64.406
306.144 64.898
306.329 65.178
306.514 65.512
306.699 65.562
306.883 65.085
307.068 64.561
307.253 63.680
307.438 62.988
307.623 63.443
307.808 63.662
307.993 63.776
308.178 63.719
308.363 63.657
308.548 63.643
308.732 63.863
308.917 63.048
309.102 62.268
309.287 62.297
309.472 62.148
309.657 61.887
309.842 61.882
310.027 61.882
310.212 61.611
310.397 60.949
310.581 60.456
310.766 60.735
310.951 60.648
311.136 60.386
311.321 61.055
311.506 60.949
311.691 60.324
311.876 59.857
312.061 59.404
312.245 58.942
312.430 58.435
312.615 57.318
312.800 57.386
312.985 57.620
313.170 57.775
313.347 57.970
313.523 57.703
313.700 57.555
313.877 57.356
314.054 57.089
314.230 57.129
314.407 57.211
314.584 56.816
314.761 56.368
314.937 56.124
315.114 54.924
315.291 53.846
315.467 53.208
315.644 52.867
315.821 52.629
315.998 52.508
316.174 52.472
316.351 53.015
316.528 53.149
316.704 53.407
316.881 52.994
317.058 52.587
317.235 52.862
317.411 52.312
317.588 51.658
317.765 51.488
317.942 50.853
318.118 50.124
318.295 49.914
318.472 50.365
318.648 50.767
318.825 50.677
319.002 50.924
319.179 51.046
319.355 50.835
319.532 51.144
319.709 51.361
319.885 51.005
320.062 50.336
320.239 49.863
320.416 49.243
320.592 48.904
320.769 48.572
320.946 47.863
321.123 47.604
321.299 47.693
321.476 47.535
321.653 47.718
321.829 48.119
322.006 48.139
322.183 47.707
322.360 47.512
322.536 48.309
322.713 47.922
322.890 47.123
323.066 47.255
323.243 47.211
323.420 46.918
323.597 46.513
323.773 46.425
323.950 46.200
324.127 46.025
324.304 46.008
324.480 46.111
324.657 46.015
324.834 45.991
325.010 45.796
325.187 45.527
325.364 45.202
325.541 44.917
325.717 44.782
325.894 44.516
326.071 43.931
326.248 42.828
326.424 42.494
326.601 42.628
326.778 42.230
326.954 41.680
327.131 41.393
327.308 41.296
327.485 40.934
327.661 40.450
327.838 40.198
328.015 40.484
328.191 40.427
328.368 40.291
328.545 39.985
328.722 40.056
328.898 40.263
329.075 40.097
329.252 39.664
329.429 39.562
329.605 39.735
329.782 39.725
329.959 39.629
330.135 39.557
330.312 39.482
330.489 39.254
330.666 38.901
330.842 38.701
331.019 38.646
331.196 38.637
331.372 38.620
331.549 38.313
331.726 37.432
331.903 37.118
332.079 37.134
332.256 37.210
332.433 37.312
332.610 36.999
332.786 36.889
332.963 37.326
333.140 37.030
333.316 36.486
333.493 36.127
333.670 35.853
333.847 35.590
334.023 35.193
334.200 35.172
334.377 35.342
334.553 35.281
334.730 35.317
334.907 35.168
335.084 35.126
335.260 35.283
335.437 35.345
335.614 34.980
335.791 34.706
335.967 34.539
336.144 33.896
336.321 33.697
336.497 33.822
336.674 33.633
336.851 33.485
337.028 33.422
337.204 33.600
337.381 33.940
337.558 33.798
337.734 33.482
337.911 33.102
338.088 32.949
338.265 32.914
338.441 32.623
338.618 32.313
338.795 32.232
338.972 32.120
339.148 31.943
339.325 31.971
339.502 31.925
339.678 31.651
339.855 31.455
340.032 31.364
340.209 31.162
340.385 30.825
340.562 30.665
340.739 30.631
340.916 30.496
341.092 30.199
341.269 30.393
341.446 30.650
341.622 30.702
341.799 30.396
341.976 30.027
342.153 29.866
342.329 29.807
342.506 29.484
342.683 29.337
342.859 29.332
343.036 29.074
343.213 28.852
343.390 28.844
343.566 28.682
343.743 28.493
343.920 28.438
344.097 28.243
344.273 28.085
344.450 27.992
344.627 27.845
344.803 27.507
344.980 27.266
345.157 27.255
345.334 27.157
345.510 27.019
345.687 26.857
345.864 26.409
346.040 26.272
346.217 26.541
346.394 26.536
346.571 26.672
346.747 26.598
346.924 26.344
347.101 26.356
347.278 26.585
347.454 26.576
347.631 26.174
347.808 25.865
347.984 25.745
348.161 25.493
348.338 25.314
348.515 25.256
348.691 25.076
348.868 24.909
349.045 24.714
349.221 24.676
349.398 24.598
349.575 24.887
349.752 24.947
349.928 24.608
350.105 24.588
350.282 24.551
350.459 24.574
350.635 24.596
350.812 24.416
350.989 24.173
351.165 24.020
351.342 24.030
351.519 24.055
351.696 24.064
351.872 24.198
352.049 24.149
352.226 23.921
352.402 23.625
352.579 23.352
352.756 23.228
352.933 23.016
353.109 22.987
353.286 22.738
353.463 22.600
353.640 22.677
353.816 22.399
353.993 22.075
354.170 21.837
354.346 21.775
354.523 21.713
354.700 21.715
354.877 21.746
355.053 21.666
355.230 21.570
355.407 21.409
355.584 21.316
355.760 21.170
355.937 21.186
356.114 21.370
356.290 21.409
356.467 21.373
356.644 21.518
356.821 21.538
356.997 21.660
357.174 21.747
357.351 21.638
357.527 21.597
357.704 21.413
357.881 21.382
358.058 21.334
358.234 21.186
358.411 20.945
358.588 20.728
358.765 20.649
358.941 20.614
359.118 20.564
359.295 20.525
359.471 20.578
359.648 20.519
359.825 20.322
360.002 20.195
360.178 20.005
360.355 19.700
360.532 19.574
360.708 19.339
360.885 19.034
361.062 18.947
361.239 18.926
361.415 18.793
361.592 18.747
361.769 18.709
361.946 18.783
362.122 18.693
362.299 18.758
362.476 18.690
362.652 18.433
362.829 18.345
363.006 18.248
363.183 18.021
363.359 17.872
363.536 17.754
363.713 17.639
363.889 17.615
364.066 17.722
364.243 17.771
364.420 17.778
364.596 17.852
364.773 17.808
364.950 17.707
365.127 17.722
365.303 17.633
365.480 17.420
365.661 17.212
365.841 17.218
366.022 17.097
366.202 17.028
366.383 16.984
366.563 16.790
366.744 16.717
366.924 16.750
367.105 16.830
367.286 16.813
367.466 16.751
367.647 16.762
367.827 16.498
368.008 16.255
368.188 16.172
368.369 15.931
368.549 15.761
368.730 15.597
368.911 15.543
369.091 15.644
369.272 15.676
369.452 15.521
369.633 15.392
369.813 15.338
369.994 15.214
370.174 15.156
370.355 15.310
370.535 15.379
370.716 15.372
370.897 15.241
371.077 15.119
371.258 15.042
371.438 14.953
371.619 15.056
371.799 15.098
371.980 14.973
372.160 14.925
372.341 14.894
372.522 14.885
372.702 14.880
372.883 14.658
373.063 14.533
373.244 14.556
373.424 14.575
373.605 14.570
373.785 14.555
373.966 14.620
374.147 14.588
374.327 14.512
374.508 14.427
374.688 14.388
374.869 14.423
375.049 14.482
375.230 14.432
375.410 14.337
375.591 14.158
375.772 14.083
375.952 14.091
376.133 13.968
376.313 13.967
376.494 13.975
376.674 13.987
376.855 13.991
377.035 13.965
377.216 13.855
377.397 13.672
377.577 13.579
377.758 13.525
377.938 13.410
378.119 13.087
378.299 12.885
378.480 12.808
378.660 12.726
378.841 12.559
379.021 12.463
379.202 12.449
379.383 12.425
379.563 12.309
379.744 12.164
379.924 12.106
380.105 11.949
380.285 11.827
380.466 11.819
380.646 11.737
380.827 11.597
381.008 11.567
381.188 11.540
381.369 11.485
381.549 11.364
381.730 11.240
381.910 11.340
382.091 11.449
382.271 11.420
382.452 11.369
382.633 11.376
382.813 11.380
382.994 11.278
383.174 11.253
383.355 11.308
383.535 11.327
383.716 11.298
383.896 11.242
384.077 11.156
384.258 10.994
384.438 10.940
384.619 10.920
384.799 10.808
384.980 10.793
385.160 10.758
385.341 10.709
385.521 10.682
385.702 10.530
385.882 10.369
386.063 10.306
386.244 10.231
386.424 10.153
386.605 10.086
386.785 10.080
386.966 10.080
387.146 10.081
387.327 10.025
387.507 10.004
387.688 9.959
387.869 9.917
388.049 9.905
388.230 9.871
388.410 9.859
388.591 9.814
388.771 9.673
388.952 9.612
389.132 9.612
389.313 9.576
389.494 9.632
389.674 9.621
389.855 9.541
390.035 9.523
390.216 9.490
390.396 9.459
390.577 9.432
390.757 9.384
390.938 9.298
391.119 9.265
391.299 9.202
391.480 9.187
391.660 9.134
391.841 9.077
392.021 9.055
392.202 8.991
392.382 9.004
392.563 9.045
392.743 9.037
392.924 9.001
393.105 8.894
393.285 8.796
393.466 8.795
393.646 8.792
393.827 8.745
394.007 8.738
394.188 8.701
394.368 8.723
394.549 8.737
394.730 8.631
394.910 8.575
395.091 8.570
395.271 8.547
395.452 8.519
395.632 8.504
395.813 8.537
395.993 8.613
396.174 8.588
396.355 8.546
396.535 8.467
396.716 8.375
396.896 8.417
397.077 8.423
397.257 8.382
397.438 8.386
397.618 8.386
397.799 8.335
397.980 8.293
398.160 8.177
398.341 8.127
398.521 8.148
398.702 8.158
398.882 8.120
399.063 8.074
399.243 8.051
399.424 8.059
399.605 8.036
399.785 7.918
399.966 7.876
400.146 7.847
400.327 7.835
400.507 7.856
400.688 7.862
400.868 7.868
401.049 7.846
401.229 7.800
401.410 7.790
401.591 7.814
401.771 7.847
401.952 7.862
402.132 7.846
402.313 7.796
402.493 7.768
402.674 7.783
402.854 7.763
403.035 7.718
403.216 7.630
403.396 7.530
403.577 7.505
403.757 7.479
403.938 7.480
404.118 7.491
404.299 7.433
404.479 7.381
404.660 7.328
404.841 7.267
405.023 7.260
405.204 7.292
405.385 7.284
405.566 7.256
405.748 7.211
405.929 7.127
406.110 7.103
406.292 7.058
406.473 7.000
406.654 6.975
406.835 6.942
407.017 6.927
407.198 6.903
407.379 6.895
407.560 6.890
407.742 6.894
407.923 6.919
408.104 6.953
408.286 6.908
408.467 6.846
408.648 6.850
408.829 6.857
409.011 6.812
409.192 6.768
409.373 6.727
409.555 6.717
409.736 6.710
409.917 6.686
410.098 6.670
410.280 6.688
410.461 6.727
410.642 6.767
410.823 6.791
411.005 6.804
411.186 6.800
411.367 6.812
411.549 6.768
411.730 6.702
411.911 6.680
412.092 6.670
412.274 6.686
412.455 6.689
412.636 6.670
412.818 6.632
412.999 6.603
413.180 6.584
413.361 6.554
413.543 6.541
413.724 6.567
413.905 6.594
414.087 6.567
414.268 6.501
414.449 6.480
414.630 6.461
414.812 6.479
414.993 6.475
415.174 6.422
415.355 6.391
415.537 6.373
415.718 6.349
415.899 6.350
416.081 6.304
416.262 6.242
416.443 6.198
416.624 6.176
416.806 6.170
416.987 6.168
417.168 6.188
417.350 6.157
417.531 6.105
417.712 6.028
417.893 5.992
418.075 6.014
418.256 5.992
418.437 5.990
418.618 5.978
418.800 5.967
418.981 5.959
419.162 5.955
419.344 5.950
419.525 5.934
419.706 5.928
419.887 5.938
420.069 5.944
420.250 5.955
420.431 5.952
420.613 5.925
420.794 5.895
420.975 5.848
421.156 5.846
421.338 5.872
421.519 5.897
421.700 5.878
421.882 5.856
422.063 5.851
422.244 5.865
422.425 5.903
422.607 5.914
422.788 5.889
422.969 5.880
423.150 5.872
423.332 5.863
423.513 5.854
423.694 5.871
423.876 5.909
424.057 5.925
424.238 5.924
424.419 5.937
424.601 5.936
424.782 5.955
424.963 5.950
425.145 5.923
425.326 5.908
425.507 5.928
425.688 5.911
425.870 5.882
426.051 5.829
426.232 5.745
426.413 5.709
426.595 5.711
426.776 5.681
426.957 5.663
427.139 5.656
427.320 5.643
427.501 5.619
427.682 5.572
427.864 5.531
428.045 5.499
428.226 5.482
428.408 5.482
428.589 5.451
428.770 5.452
428.951 5.465
429.133 5.448
429.314 5.425
429.495 5.426
429.677 5.450
429.858 5.458
430.039 5.464
430.220 5.449
430.402 5.463
430.583 5.500
430.764 5.500
430.945 5.487
431.127 5.473
431.308 5.455
431.489 5.454
431.671 5.440
431.852 5.436
432.033 5.442
432.214 5.425
432.396 5.418
432.577 5.442
432.758 5.471
432.940 5.506
433.121 5.507
433.302 5.502
433.483 5.494
433.665 5.486
433.846 5.483
434.027 5.507
434.208 5.517
434.390 5.512
434.571 5.523
434.752 5.553
434.934 5.583
435.115 5.607
435.296 5.597
435.477 5.607
435.659 5.616
435.840 5.613
436.030 5.641
436.220 5.653
436.410 5.638
436.600 5.619
436.790 5.613
436.980 5.622
437.170 5.646
437.360 5.649
437.550 5.658
437.741 5.679
437.931 5.677
438.121 5.674
438.311 5.668
438.501 5.650
438.691 5.626
438.881 5.596
439.071 5.565
439.261 5.574
439.451 5.593
439.641 5.607
439.831 5.613
440.021 5.607
440.211 5.603
440.401 5.594
440.591 5.593
440.781 5.595
440.971 5.599
441.161 5.595
441.351 5.608
441.542 5.615
441.732 5.589
441.922 5.569
442.112 5.558
442.302 5.567
442.492 5.604
442.682 5.625
442.872 5.641
443.062 5.646
443.252 5.654
443.442 5.657
443.632 5.652
443.822 5.635
444.012 5.628
444.202 5.647
444.392 5.663
444.582 5.660
444.772 5.651
444.962 5.650
445.153 5.651
445.343 5.655
445.533 5.666
445.723 5.693
445.913 5.726
446.103 5.752
446.293 5.778
446.483 5.781
446.673 5.792
446.863 5.808
447.053 5.852
447.243 5.872
447.433 5.881
447.623 5.898
447.813 5.901
448.003 5.914
448.193 5.925
448.383 5.946
448.573 5.972
448.764 5.997
448.954 6.022
449.144 6.056
449.334 6.071
449.524 6.085
449.714 6.097
449.904 6.107
450.094 6.123
450.284 6.126
450.474 6.119
450.664 6.131
450.854 6.169
451.044 6.175
451.234 6.200
451.424 6.237
451.614 6.265
451.804 6.314
451.994 6.348
452.184 6.382
452.375 6.412
452.565 6.451
452.755 6.487
452.945 6.521
453.135 6.538
453.325 6.580
453.515 6.618
453.705 6.641
453.895 6.667
454.085 6.698
454.275 6.729
454.465 6.771
454.655 6.822
454.845 6.861
455.035 6.897
455.225 6.918
455.415 6.949
455.605 6.988
455.795 7.020
455.985 7.052
456.176 7.094
456.366 7.125
456.556 7.147
456.746 7.175
456.936 7.199
457.126 7.225
457.316 7.241
457.506 7.274
457.696 7.319
457.886 7.373
458.076 7.429
458.266 7.488
458.456 7.540
458.646 7.567
458.836 7.588
459.026 7.642
459.216 7.706
459.406 7.735
459.596 7.778
459.787 7.828
459.977 7.882
460.167 7.911
460.357 7.975
460.547 8.047
460.737 8.105
460.927 8.181
461.117 8.262
461.307 8.345
461.497 8.397
461.687 8.450
461.877 8.502
462.067 8.559
462.257 8.634
462.447 8.707
462.637 8.779
462.827 8.863
463.017 8.924
463.207 8.983
463.397 9.065
463.588 9.140
463.778 9.204
463.968 9.264
464.158 9.352
464.348 9.416
464.538 9.477
464.728 9.551
464.918 9.626
465.108 9.691
465.298 9.745
465.488 9.830
465.678 9.929
465.868 10.015
466.058 10.090
466.248 10.157
466.438 10.227
466.628 10.303
466.818 10.381
467.008 10.461
467.199 10.533
467.389 10.622
467.579 10.723
467.769 10.843
467.959 10.936
468.149 11.010
468.339 11.099
468.529 11.193
468.719 11.278
468.909 11.362
469.099 11.452
469.289 11.553
469.479 11.660
469.669 11.753
469.859 11.853
470.049 11.962
470.239 12.076
470.429 12.191
470.619 12.309
470.810 12.415
471.000 12.533
471.190 12.664
471.380 12.786
471.570 12.889
471.760 12.977
471.950 13.096
472.140 13.226
472.330 13.345
472.520 13.463
472.710 13.594
472.900 13.722
473.090 13.855
473.280 13.984
473.470 14.101
473.660 14.223
473.850 14.351
474.040 14.483
474.230 14.603
474.421 14.729
474.611 14.858
474.801 14.970
474.991 15.087
475.181 15.217
475.371 15.347
475.561 15.480
475.751 15.625
475.941 15.760
476.131 15.894
476.321 16.022
476.511 16.154
476.701 16.290
476.891 16.423
477.081 16.557
477.271 16.702
477.461 16.854
477.651 17.009
477.841 17.163
478.031 17.301
478.222 17.436
478.412 17.579
478.602 17.726
478.792 17.892
478.982 18.059
479.172 18.218
479.362 18.369
479.552 18.533
479.742 18.695
479.932 18.852
480.122 19.010
480.312 19.186
480.502 19.354
480.692 19.519
480.882 19.693
481.072 19.857
481.262 20.022
481.452 20.189
481.642 20.359
481.833 20.534
482.023 20.706
482.213 20.874
482.403 21.039
482.593 21.209
482.783 21.384
482.973 21.551
483.163 21.721
483.353 21.891
483.543 22.046
483.733 22.218
483.923 22.406
484.113 22.586
484.303 22.756
484.493 22.934
484.683 23.102
484.873 23.265
485.063 23.447
485.253 23.628
485.443 23.808
485.634 23.985
485.824 24.152
486.014 24.330
486.204 24.513
486.394 24.703
486.584 24.878
486.774 25.049
486.964 25.231
487.154 25.409
487.344 25.594
487.534 25.782
487.724 25.956
487.914 26.130
488.104 26.316
488.294 26.496
488.484 26.681
488.674 26.876
488.864 27.068
489.054 27.255
489.245 27.430
489.435 27.601
489.625 27.786
489.815 27.979
490.005 28.167
490.195 28.355
490.385 28.540
490.575 28.720
490.765 28.902
490.955 29.086
491.145 29.269
491.335 29.439
491.525 29.618
491.715 29.798
491.905 29.986
492.095 30.163
492.285 30.345
492.475 30.530
492.665 30.700
492.856 30.879
493.046 31.051
493.236 31.234
493.426 31.424
493.616 31.589
493.806 31.753
493.996 31.921
494.186 32.094
494.376 32.266
494.566 32.460
494.756 32.646
494.946 32.816
495.136 32.987
495.326 33.169
495.516 33.342
495.706 33.517
495.896 33.680
496.086 33.854
496.276 34.035
496.467 34.199
496.657 34.371
496.847 34.537
497.037 34.708
497.227 34.862
497.417 35.020
497.607 35.193
497.797 35.370
497.987 35.540
498.177 35.707
498.367 35.875
498.557 36.028
498.747 36.186
498.937 36.363
499.127 36.528
499.317 36.686
499.507 36.846
499.697 36.999
499.887 37.151
500.077 37.304
500.268 37.461
500.458 37.613
500.648 37.770
500.838 37.918
501.028 38.068
501.218 38.222
501.408 38.361
501.598 38.506
501.788 38.649
501.978 38.790
502.168 38.935
502.358 39.088
502.548 39.240
502.738 39.386
502.928 39.523
503.118 39.667
503.308 39.821
503.498 39.967
503.688 40.112
503.879 40.254
504.069 40.392
504.259 40.525
504.449 40.666
504.639 40.804
504.829 40.945
505.019 41.080
505.209 41.224
505.399 41.369
505.589 41.505
505.779 41.639
505.969 41.777
506.159 41.910
506.349 42.028
506.539 42.147
506.729 42.277
506.919 42.408
507.109 42.531
507.299 42.651
507.490 42.777
507.680 42.898
507.870 43.021
508.060 43.140
508.250 43.254
508.440 43.374
508.630 43.493
508.820 43.615
509.010 43.737
509.200 43.847
509.390 43.963
509.580 44.080
509.770 44.194
509.960 44.307
510.150 44.425
510.340 44.534
510.530 44.643
510.720 44.750
510.910 44.875
511.100 45.030
511.291 45.142
511.481 45.257
511.671 45.368
511.861 45.472
512.051 45.586
512.241 45.692
512.431 45.788
512.621 45.892
512.811 45.990
513.001 46.092
513.191 46.193
513.381 46.294
513.571 46.389
513.761 46.482
513.951 46.583
514.141 46.684
514.331 46.796
514.521 46.900
514.711 46.991
514.902 47.064
515.092 47.104
515.282 47.182
515.472 47.264
515.662 47.351
515.852 47.442
516.042 47.521
516.232 47.609
516.422 47.702
516.612 47.793
516.802 47.885
516.992 47.964
517.182 48.058
517.372 48.150
517.562 48.242
517.752 48.334
517.942 48.415
518.132 48.499
518.322 48.589
518.513 48.662
518.703 48.741
518.893 48.819
519.083 48.905
519.273 48.990
519.463 49.071
519.653 49.149
519.843 49.225
520.033 49.307
520.223 49.384
520.413 49.461
520.603 49.526
520.793 49.593
520.983 49.671
521.173 49.741
521.363 49.815
521.553 49.879
521.743 49.936
521.933 49.999
522.123 50.052
522.314 50.105
522.504 50.178
522.694 50.252
522.884 50.325
523.074 50.399
523.264 50.467
523.454 50.524
523.644 50.589
523.834 50.661
524.024 50.730
524.214 50.795
524.404 50.858
524.594 50.928
524.784 50.995
524.974 51.058
525.164 51.123
525.354 51.189
525.544 51.269
525.734 51.342
525.925 51.403
526.115 51.463
526.305 51.519
526.495 51.580
526.685 51.644
526.875 51.708
527.065 51.767
527.255 51.825
527.445 51.892
527.635 51.965
527.825 52.028
528.015 52.091
528.205 52.158
528.395 52.227
528.585 52.286
528.775 52.345
528.965 52.405
529.155 52.468
529.345 52.520
529.535 52.567
529.726 52.629
529.916 52.700
530.106 52.774
530.296 52.847
530.486 52.907
530.676 52.968
530.866 53.021
531.056 53.074
531.246 53.140
531.436 53.201
531.626 53.253
531.816 53.313
532.006 53.373
532.196 53.434
532.386 53.489
532.576 53.550
532.766 53.611
532.956 53.678
533.146 53.741
533.337 53.798
533.527 53.856
533.717 53.916
533.907 53.979
534.097 54.039
534.287 54.098
534.477 54.164
534.667 54.229
534.857 54.296
535.047 54.363
535.237 54.426
535.427 54.494
535.617 54.562
535.807 54.625
535.997 54.690
536.187 54.754
536.377 54.826
536.567 54.902
536.757 54.978
536.948 55.044
537.138 55.103
537.328 55.174
537.518 55.243
537.708 55.310
537.898 55.376
538.088 55.439
538.278 55.502
538.468 55.579
538.658 55.653
538.848 55.719
539.038 55.789
539.228 55.849
539.418 55.915
539.608 55.992
539.798 56.061
539.988 56.127
540.178 56.203
540.368 56.274
540.558 56.346
540.749 56.424
540.939 56.504
541.129 56.585
541.319 56.657
541.509 56.735
541.699 56.804
541.889 56.872
542.079 56.952
542.269 57.035
542.459 57.102
542.649 57.161
542.839 57.241
543.029 57.313
543.219 57.397
543.409 57.476
543.599 57.548
543.789 57.619
543.979 57.689
544.169 57.757
544.360 57.825
544.550 57.893
544.740 57.956
544.930 58.023
545.120 58.086
545.310 58.152
545.500 58.219
545.690 58.300
545.880 58.370
546.070 58.435
546.267 58.494
546.463 58.555
546.660 58.624
546.857 58.690
547.054 58.759
547.251 58.823
547.447 58.892
547.644 58.964
547.841 59.045
548.038 59.119
548.234 59.183
548.431 59.247
548.628 59.308
548.825 59.379
549.021 59.455
549.218 59.525
549.415 59.599
549.612 59.672
549.808 59.741
550.005 59.810
550.202 59.884
550.399 59.962
550.595 60.036
550.792 60.118
550.989 60.187
551.186 60.258
551.382 60.329
551.579 60.397
551.776 60.464
551.973 60.533
552.169 60.608
552.366 60.688
552.563 60.763
552.760 60.838
552.956 60.899
553.153 60.958
553.350 61.024
553.547 61.090
553.743 61.155
553.940 61.221
554.137 61.285
554.334 61.336
554.530 61.393
554.727 61.461
554.924 61.521
555.121 61.583
555.317 61.646
555.514 61.713
555.711 61.775
555.908 61.825
556.104 61.874
556.301 61.924
556.498 61.976
556.695 62.030
556.891 62.086
557.088 62.151
557.285 62.213
557.482 62.270
557.678 62.321
557.875 62.369
558.072 62.415
558.269 62.468
558.465 62.532
558.662 62.592
558.859 62.642
559.056 62.684
559.252 62.727
559.449 62.772
559.646 62.818
559.843 62.863
560.039 62.917
560.236 62.977
560.433 63.030
560.630 63.085
560.826 63.135
561.023 63.177
561.220 63.209
561.417 63.251
561.613 63.302
561.810 63.358
562.007 63.412
562.204 63.465
562.400 63.512
562.597 63.559
562.794 63.596
562.991 63.642
563.187 63.688
563.384 63.731
563.581 63.777
563.778 63.823
563.974 63.873
564.171 63.924
564.368 63.954
564.565 63.997
564.761 64.040
564.958 64.081
565.155 64.124
565.352 64.181
565.548 64.222
565.745 64.259
565.942 64.298
566.139 64.336
566.335 64.377
566.532 64.421
566.729 64.465
566.926 64.511
567.122 64.552
567.319 64.599
567.516 64.646
567.713 64.689
567.909 64.734
568.106 64.769
568.303 64.793
568.500 64.841
568.696 64.884
568.893 64.911
569.090 64.948
569.287 64.982
569.483 65.012
569.680 65.045
569.877 65.074
570.074 65.103
570.270 65.129
570.467 65.162
570.664 65.197
570.861 65.230
571.057 65.267
571.254 65.304
571.451 65.335
571.648 65.374
571.844 65.417
572.041 65.439
572.238 65.475
572.435 65.523
572.631 65.546
572.828 65.573
573.025 65.613
573.222 65.652
573.418 65.695
573.615 65.729
573.812 65.764
574.009 65.803
574.205 65.843
574.402 65.871
574.599 65.901
574.796 65.929
574.992 65.956
575.189 65.982
575.386 66.014
575.583 66.045
575.779 66.070
575.976 66.094
576.173 66.128
576.370 66.151
576.567 66.171
576.763 66.204
576.960 66.235
577.158 66.254
577.356 66.273
577.554 66.296
577.752 66.323
577.950 66.346
578.148 66.374
578.346 66.397
578.544 66.440
578.742 66.468
578.940 66.498
579.138 66.534
579.336 66.563
579.534 66.578
579.732 66.599
579.930 66.621
580.128 66.648
580.326 66.677
580.524 66.700
580.722 66.724
580.920 66.752
581.118 66.786
581.316 66.816
581.514 66.847
581.712 66.868
581.909 66.889
582.107 66.910
582.305 66.931
582.503 66.963
582.701 66.989
582.899 67.014
583.097 67.031
583.295 67.044
583.493 67.061
583.691 67.088
583.889 67.114
584.087 67.133
584.285 67.146
584.483 67.168
584.681 67.200
584.879 67.223
585.077 67.241
585.275 67.255
585.473 67.272
585.671 67.286
585.869 67.309
586.067 67.329
586.265 67.352
586.463 67.369
586.661 67.378
586.859 67.386
587.057 67.406
587.255 67.423
587.453 67.442
587.651 67.457
587.849 67.477
588.047 67.498
588.245 67.519
588.443 67.542
588.641 67.557
588.839 67.565
589.037 67.575
589.235 67.586
589.433 67.591
589.631 67.604
589.829 67.617
590.027 67.628
590.225 67.634
590.423 67.644
590.621 67.656
590.819 67.669
591.017 67.682
591.215 67.692
591.413 67.704
591.611 67.710
591.809 67.721
592.006 67.725
592.204 67.731
592.402 67.738
592.600 67.744
592.798 67.755
592.996 67.771
593.194 67.784
593.392 67.799
593.590 67.823
593.788 67.838
593.986 67.855
594.184 67.860
594.382 67.875
594.580 67.885
594.778 67.886
594.976 67.889
595.174 67.896
595.372 67.906
595.570 67.918
595.768 67.928
595.966 67.940
596.164 67.953
596.362 67.961
596.560 67.973
596.758 67.990
596.956 67.998
597.154 68.002
597.352 68.006
597.550 68.009
597.748 68.005
597.946 68.008
598.144 68.004
598.342 68.007
598.540 68.012
598.738 68.021
598.936 68.034
599.134 68.040
599.332 68.056
599.530 68.071
599.728 68.068
599.926 68.068
600.124 68.081
600.322 68.089
600.520 68.091
600.718 68.093
600.916 68.091
601.114 68.090
601.312 68.093
601.510 68.096
601.708 68.099
601.905 68.104
602.103 68.115
602.301 68.129
602.499 68.139
602.697 68.138
602.895 68.141
603.093 68.148
603.291 68.148
603.489 68.139
603.687 68.133
603.885 68.148
604.083 68.156
604.281 68.145
604.479 68.142
604.677 68.139
604.875 68.138
605.073 68.146
605.271 68.169
605.469 68.166
605.667 68.175
605.865 68.185
606.063 68.191
606.261 68.190
606.459 68.193
606.657 68.194
606.855 68.205
607.053 68.203
607.251 68.201
607.449 68.210
607.647 68.215
607.845 68.210
608.043 68.207
608.241 68.204
608.439 68.213
608.637 68.215
608.835 68.228
609.033 68.235
609.231 68.221
609.429 68.195
609.627 68.194
609.825 68.184
610.023 68.179
610.221 68.173
610.419 68.172
610.617 68.172
610.815 68.173
611.013 68.173
611.211 68.184
611.409 68.192
611.607 68.189
611.804 68.180
612.002 68.182
612.200 68.191
612.398 68.198
612.596 68.198
612.794 68.196
612.992 68.191
613.190 68.194
613.388 68.198
613.586 68.200
613.784 68.202
613.982 68.204
614.180 68.202
614.378 68.206
614.576 68.197
614.774 68.182
614.972 68.177
615.170 68.168
615.368 68.156
615.566 68.150
615.764 68.151
615.962 68.152
616.160 68.146
616.358 68.128
616.556 68.116
616.754 68.108
616.952 68.108
617.150 68.109
617.348 68.109
617.546 68.114
617.744 68.115
617.942 68.124
618.140 68.131
618.338 68.133
618.536 68.127
618.734 68.123
618.932 68.131
619.130 68.140
619.328 68.148
619.526 68.157
619.724 68.156
619.922 68.161
620.120 68.165
620.318 68.164
620.516 68.168
620.714 68.180
620.912 68.197
621.110 68.196
621.308 68.194
621.506 68.195
621.704 68.194
621.901 68.195
622.099 68.185
622.297 68.185
622.495 68.184
622.693 68.182
622.891 68.187
623.089 68.190
623.287 68.192
623.485 68.187
623.683 68.180
623.881 68.187
624.079 68.194
624.277 68.197
624.475 68.203
624.673 68.207
624.871 68.205
625.069 68.198
625.267 68.205
625.465 68.212
625.663 68.214
625.861 68.209
626.059 68.213
626.257 68.219
626.455 68.219
626.653 68.226
626.851 68.241
627.049 68.251
627.247 68.255
627.445 68.256
627.643 68.258
627.841 68.258
628.039 68.253
628.237 68.244
628.435 68.250
628.633 68.250
628.831 68.254
629.029 68.253
629.227 68.246
629.425 68.242
629.623 68.246
629.821 68.248
630.019 68.255
630.217 68.253
630.415 68.250
630.613 68.252
630.811 68.262
631.009 68.263
631.207 68.259
631.405 68.264
631.603 68.265
631.801 68.271
631.998 68.280
632.196 68.289
632.394 68.291
632.592 68.288
632.790 68.292
632.988 68.289
633.186 68.292
633.384 68.293
633.582 68.289
633.780 68.284
633.978 68.287
634.176 68.292
634.374 68.292
634.572 68.295
634.770 68.297
634.968 68.292
635.166 68.289
635.364 68.289
635.562 68.281
635.760 68.273
635.958 68.268
636.156 68.267
636.354 68.268
636.552 68.263
636.750 68.259
636.948 68.255
637.146 68.333
637.344 68.485
637.542 68.484
637.740 68.497
637.938 68.507
638.136 68.496
638.334 68.489
638.532 68.500
638.730 68.502
638.928 68.492
639.126 68.481
639.324 68.471
639.522 68.464
639.720 68.484
639.918 68.528
640.116 68.539
640.314 68.545
640.512 68.544
640.710 68.556
640.908 68.572
641.106 68.582
641.304 68.514
641.502 68.370
641.699 68.376
641.897 68.372
642.095 68.364
642.293 68.366
642.491 68.367
642.689 68.368
642.887 68.376
643.085 68.390
643.283 68.400
643.481 68.416
643.679 68.431
643.877 68.418
644.075 68.388
644.273 68.380
644.471 68.382
644.669 68.391
644.867 68.395
645.065 68.396
645.263 68.392
645.461 68.384
645.659 68.375
645.857 68.375
646.055 68.380
646.253 68.390
646.451 68.407
646.649 68.419
646.847 68.428
647.045 68.430
647.243 68.434
647.441 68.439
647.639 68.433
647.837 68.433
648.035 68.444
648.233 68.442
648.431 68.442
648.629 68.439
648.827 68.437
649.025 68.442
649.223 68.437
649.421 68.436
649.619 68.442
649.817 68.451
650.015 68.453
650.213 68.454
650.411 68.452
650.609 68.439
650.807 68.437
651.005 68.431
651.203 68.431
651.401 68.429
651.599 68.427
651.796 68.433
651.994 68.434
652.192 68.430
652.390 68.435
652.588 68.436
652.786 68.434
652.984 68.441
653.182 68.435
653.380 68.435
653.578 68.440
653.776 68.439
653.974 68.440
654.172 68.441
654.370 68.440
654.568 68.441
654.766 68.451
654.964 68.457
655.162 68.466
655.360 68.470
655.558 68.462
655.756 68.455
655.954 68.443
656.152 68.438
656.350 68.438
656.548 68.443
656.746 68.449
656.944 68.456
657.142 68.457
657.340 68.455
657.538 68.453
657.736 68.452
657.934 68.448
658.132 68.444
658.330 68.447
658.528 68.436
658.726 68.428
658.924 68.425
659.122 68.421
659.320 68.407
659.518 68.400
659.716 68.408
659.914 68.418
660.112 68.425
660.310 68.428
660.508 68.419
660.706 68.402
660.904 68.400
661.102 68.395
661.300 68.380
661.498 68.373
661.696 68.369
661.893 68.358
662.091 68.361
662.289 68.373
662.487 68.379
662.685 68.384
662.883 68.392
663.081 68.397
663.279 68.391
663.477 68.391
663.675 68.401
663.873 68.410
664.071 68.411
664.269 68.405
664.467 68.408
664.665 68.412
664.863 68.411
665.061 68.405
665.259 68.408
665.457 68.416
665.655 68.426
665.853 68.438
666.051 68.456
666.249 68.459
666.447 68.457
666.645 68.452
666.843 68.457
667.041 68.453
667.239 68.452
667.437 68.462
667.635 68.463
667.833 68.448
668.031 68.434
668.229 68.426
668.427 68.427
668.625 68.417
668.823 68.417
669.021 68.429
669.219 68.436
669.417 68.438
669.615 68.430
669.813 68.427
670.011 68.434
670.209 68.438
670.407 68.435
670.605 68.437
670.803 68.443
671.001 68.436
671.199 68.426
671.397 68.416
671.595 68.401
671.792 68.402
671.990 68.410
672.188 68.417
672.386 68.424
672.584 68.425
672.782 68.425
672.980 68.428
673.178 68.433
673.376 68.439
673.574 68.437
673.772 68.437
673.970 68.435
674.168 68.427
674.366 68.413
674.564 68.417
674.762 68.400
674.960 68.390
675.158 68.404
675.356 68.412
675.554 68.410
675.752 68.411
675.950 68.413
676.148 68.414
676.346 68.414
676.544 68.405
676.742 68.408
676.940 68.415
677.138 68.408
677.336 68.400
677.534 68.395
677.732 68.398
677.930 68.411
678.128 68.420
678.326 68.423
678.524 68.437
678.722 68.441
678.920 68.449
679.118 68.450
679.316 68.446
679.514 68.452
679.712 68.458
679.910 68.464
680.108 68.461
680.306 68.458
680.504 68.459
680.702 68.474
680.900 68.488
681.098 68.487
681.296 68.487
681.494 68.485
681.691 68.495
681.889 68.496
682.087 68.492
682.285 68.481
682.483 68.476
682.681 68.469
682.879 68.475
683.077 68.485
683.275 68.494
683.473 68.511
683.671 68.517
683.869 68.524
684.067 68.527
684.265 68.532
684.463 68.545
684.661 68.559
684.859 68.567
685.057 68.574
685.255 68.591
685.453 68.611
685.651 68.630
685.849 68.635
686.047 68.633
686.245 68.633
686.443 68.646
686.641 68.660
686.839 68.672
687.037 68.675
687.235 68.688
687.433 68.697
687.631 68.692
687.829 68.705
688.027 68.723
688.225 68.736
688.423 68.747
688.621 68.755
688.819 68.749
689.017 68.751
689.215 68.752
689.413 68.764
689.611 68.768
689.809 68.774
690.007 68.782
690.205 68.804
690.403 68.823
690.601 68.837
690.799 68.853
690.997 68.871
691.195 68.886
691.393 68.892
691.591 68.909
691.788 68.919
691.986 68.925
692.184 68.919
692.382 68.926
692.580 68.933
692.778 68.951
692.976 68.971
693.174 68.980
693.372 68.990
693.570 68.997
693.768 69.013
693.966 69.022
694.164 69.038
694.362 69.054
694.560 69.070
694.758 69.077
694.956 69.080
695.154 69.084
695.352 69.097
695.550 69.105
695.748 69.104
695.946 69.122
696.144 69.129
696.342 69.156
696.540 69.184
696.744 69.210
696.948 69.225
697.152 69.236
697.357 69.254
697.561 69.284
697.765 69.304
697.969 69.320
698.173 69.324
698.377 69.324
698.581 69.325
698.786 69.334
698.990 69.355
699.194 69.367
699.398 69.382
699.602 69.404
699.806 69.425
700.010 69.441
700.215 69.463
700.419 69.488
700.623 69.490
700.827 69.500
701.031 69.502
701.235 69.498
701.440 69.509
701.644 69.514
701.848 69.512
702.052 69.527
702.256 69.554
702.460 69.587
702.664 69.619
702.869 69.634
703.073 69.646
703.277 69.657
703.481 69.681
703.685 69.702
703.889 69.712
704.093 69.721
704.298 69.740
704.502 69.736
704.706 69.746
704.910 69.766
705.114 69.764
705.318 69.781
705.522 69.816
705.727 69.845
705.931 69.873
706.135 69.896
706.339 69.909
706.543 69.913
706.747 69.908
706.951 69.909
707.156 69.931
707.360 69.951
707.564 69.964
707.768 69.962
707.972 69.960
708.176 69.966
708.380 69.978
708.585 69.994
708.789 70.021
708.993 70.035
709.197 70.051
709.401 70.077
709.605 70.102
709.810 70.107
710.014 70.106
710.218 70.106
710.422 70.109
710.626 70.112
710.830 70.116
711.034 70.132
711.239 70.146
711.443 70.153
711.647 70.162
711.851 70.171
712.055 70.196
712.259 70.234
712.463 70.254
712.668 70.265
712.872 70.265
713.076 70.267
713.280 70.283
713.484 70.297
713.688 70.303
713.892 70.298
714.097 70.303
714.301 70.318
714.505 70.341
714.709 70.364
714.913 70.384
715.117 70.402
715.321 70.422
715.526 70.428
715.730 70.444
715.934 70.454
716.138 70.471
716.342 70.478
716.546 70.476
716.750 70.489
716.955 70.504
717.159 70.525
717.363 70.539
717.567 70.543
717.771 70.554
717.975 70.584
718.180 70.605
718.384 70.619
718.588 70.630
718.792 70.633
718.996 70.631
719.200 70.630
719.404 70.633
719.609 70.642
719.813 70.654
720.017 70.648
720.221 70.648
720.425 70.657
720.629 70.668
720.833 70.665
721.038 70.678
721.242 70.691
721.446 70.699
721.650 70.717
721.854 70.726
722.058 70.735
722.262 70.729
722.467 70.740
722.671 70.757
722.875 70.767
723.079 70.770
723.283 70.778
723.487 70.786
723.691 70.785
723.896 70.790
724.100 70.805
724.304 70.839
724.508 70.861
724.712 70.871
724.916 70.896
725.120 70.920
725.325 70.912
725.529 70.912
725.733 70.915
725.937 70.918
726.141 70.930
726.345 70.925
726.550 70.930
726.754 70.948
726.958 70.957
727.162 70.960
727.366 70.978
727.570 70.997
727.774 71.022
727.979 71.058
728.183 71.083
728.387 71.096
728.591 71.110
728.795 71.120
728.999 71.123
729.203 71.125
729.408 71.126
729.612 71.134
729.816 71.150
730.020 71.158
730.224 71.167
730.428 71.170
730.632 71.192
730.837 71.196
731.041 71.195
731.245 71.196
731.449 71.196
731.653 71.198
731.857 71.215
732.061 71.224
732.266 71.228
732.470 71.237
732.674 71.240
732.878 71.233
733.082 71.258
733.286 71.280
733.490 71.278
733.695 71.281
733.899 71.290
734.103 71.291
734.307 71.298
734.511 71.309
734.715 71.330
734.920 71.332
735.124 71.352
735.328 71.367
735.532 71.382
735.736 71.403
735.940 71.418
736.144 71.419
736.349 71.417
736.553 71.409
736.757 71.406
736.961 71.403
737.165 71.395
737.369 71.378
737.573 71.373
737.778 71.388
737.982 71.404
738.186 71.413
738.390 71.420
738.594 71.426
738.798 71.432
739.002 71.424
739.207 71.432
739.411 71.435
739.615 71.428
739.819 71.427
740.023 71.427
740.227 71.425
740.431 71.421
740.636 71.422
740.840 71.422
741.044 71.416
741.248 71.431
741.452 71.455
741.656 71.461
741.860 71.470
742.065 71.475
742.269 71.475
742.473 71.486
742.677 71.500
742.881 71.501
743.085 71.503
743.290 71.503
743.494 71.486
743.698 71.473
743.902 71.478
744.106 71.485
744.310 71.506
744.514 71.510
744.719 71.504
744.923 71.505
745.127 71.509
745.331 71.520
745.535 71.526
745.739 71.514
745.943 71.523
746.148 71.533
746.352 71.548
746.556 71.553
746.760 71.549
746.964 71.557
747.168 71.564
747.372 71.578
747.577 71.610
747.781 71.644
747.985 71.654
748.189 71.651
748.393 71.641
748.597 71.618
748.801 71.616
749.006 71.632
749.210 71.651
749.414 71.674
749.618 71.696
749.822 71.700
750.026 71.716
750.230 71.715
750.435 71.696
750.639 71.675
750.843 71.675
751.047 71.683
751.251 71.682
751.455 71.694
751.660 71.706
751.864 71.707
752.068 71.696
752.272 71.705
752.476 71.726
752.680 71.743
752.884 71.773
753.089 71.786
753.293 71.783
753.497 71.779
753.701 71.770
753.905 71.762
754.109 71.774
754.313 71.784
754.518 71.798
754.722 71.817
754.926 71.845
755.130 71.868
755.334 71.897
755.538 71.910
755.742 71.909
755.947 71.896
756.151 71.882
756.355 71.879
756.559 71.880
756.763 71.869
756.967 71.863
757.171 71.851
757.376 71.876
757.580 71.898
757.784 71.902
757.988 71.929
758.192 71.960
758.396 71.975
758.600 71.966
758.805 71.956
759.009 71.976
759.213 71.984
759.417 71.966
759.621 71.941
759.825 71.940
760.030 71.939
760.234 71.931
760.438 71.942
760.642 71.947
760.846 71.947
761.050 71.945
761.254 71.949
761.459 71.966
761.663 71.962
761.867 71.961
762.071 71.953
762.275 71.937
762.479 71.918
762.683 71.899
762.888 71.905
763.092 71.913
763.296 71.908
763.500 71.908
763.709 71.938
763.918 71.952
764.126 71.951
764.335 71.964
764.544 71.981
764.753 71.983
764.962 71.994
765.171 71.999
765.379 72.008
765.588 72.020
765.797 72.018
766.006 72.009
766.215 72.013
766.424 72.044
766.632 72.048
766.841 72.040
767.050 72.044
767.259 72.059
767.468 72.075
767.677 72.069
767.885 72.062
768.094 72.055
768.303 72.043
768.512 72.036
768.721 72.029
768.929 72.028
769.138 72.034
769.347 72.041
769.556 72.051
769.765 72.046
769.974 72.033
770.182 72.025
770.391 72.042
770.600 72.062
770.809 72.061
771.018 72.065
771.227 72.054
771.435 72.046
771.644 72.048
771.853 72.049
772.062 72.055
772.271 72.059
772.480 72.061
772.688 72.080
772.897 72.104
773.106 72.109
773.315 72.114
773.524 72.115
773.732 72.115
773.941 72.118
774.150 72.132
774.359 72.137
774.568 72.134
774.777 72.109
774.985 72.070
775.194 72.053
775.403 72.046
775.612 72.073
775.821 72.093
776.030 72.091
776.238 72.107
776.447 72.120
776.656 72.124
776.865 72.119
777.074 72.119
777.283 72.109
777.491 72.112
777.700 72.124
777.909 72.128
778.118 72.108
778.327 72.090
778.535 72.098
778.744 72.115
778.953 72.132
779.162 72.149
779.371 72.161
779.580 72.168
779.788 72.181
779.997 72.177
780.206 72.169
780.415 72.158
780.624 72.136
780.833 72.107
781.041 72.080
781.250 72.069
781.459 72.063
781.668 72.062
781.877 72.060
782.086 72.051
782.294 72.061
782.503 72.087
782.712 72.123
782.921 72.140
783.130 72.146
783.338 72.151
783.547 72.148
783.756 72.158
783.965 72.156
784.174 72.146
784.383 72.136
784.591 72.127
784.800 72.117
785.009 72.106
785.218 72.133
785.427 72.158
785.636 72.163
785.844 72.158
786.053 72.164
786.262 72.184
786.471 72.210
786.680 72.198
786.889 72.194
787.097 72.184
787.306 72.185
787.515 72.186
787.724 72.189
787.933 72.198
788.141 72.187
788.350 72.163
788.559 72.153
788.768 72.154
788.977 72.160
789.186 72.176
789.394 72.191
789.603 72.167
789.812 72.137
790.021 72.143
790.230 72.159
790.439 72.170
790.647 72.164
790.856 72.129
791.065 72.130
791.274 72.147
791.483 72.158
791.692 72.146
791.900 72.127
792.109 72.115
792.318 72.121
792.527 72.134
792.736 72.170
792.944 72.200
793.153 72.203
793.362 72.202
793.571 72.193
793.780 72.209
793.989 72.229
794.197 72.267
794.406 72.250
794.615 72.222
794.824 72.185
795.033 72.170
795.242 72.186
795.450 72.179
795.659 72.167
795.868 72.145
796.077 72.131
796.286 72.140
796.495 72.119
796.703 72.077
796.912 72.075
797.121 72.084
797.330 72.075
797.539 72.055
797.747 72.053
797.956 72.059
798.165 72.051
798.374 72.039
798.583 72.010
798.792 72.021
799.000 72.067
799.209 72.086
799.418 72.080
799.627 72.073
799.836 72.076
800.045 72.082
800.253 72.099
800.462 72.095
800.671 72.106
800.880 72.125
801.089 72.141
801.298 72.154
801.506 72.151
801.715 72.181
801.924 72.225
802.133 72.230
802.342 72.254
802.550 72.230
802.759 72.208
802.968 72.207
803.177 72.196
803.386 72.152
803.595 72.143
803.803 72.143
804.012 72.143
804.221 72.133
804.430 72.116
804.639 72.105
804.848 72.125
805.056 72.131
805.265 72.115
805.474 72.115
805.683 72.104
805.892 72.099
806.101 72.070
806.309 72.032
806.518 72.016
806.727 72.020
806.936 72.066
807.145 72.083
807.353 72.086
807.562 72.082
807.771 72.092
807.980 72.080
808.189 72.079
808.398 72.104
808.606 72.122
808.815 72.113
809.024 72.113
809.233 72.099
809.442 72.073
809.651 72.090
809.859 72.104
810.068 72.120
810.277 72.086
810.486 72.081
810.695 72.092
810.904 72.097
811.112 72.058
811.321 72.019
811.530 72.016
811.740 72.062
811.949 72.165
812.159 72.181
812.368 72.216
812.578 72.223
812.787 72.176
812.997 72.172
813.206 72.216
813.416 72.213
813.625 72.202
813.835 72.209
814.044 72.195
814.254 72.179
814.463 72.160
814.673 72.173
814.882 72.163
815.092 72.172
815.301 72.168
815.511 72.172
815.720 72.193
815.930 72.202
816.139 72.162
816.349 72.039
816.558 72.025
816.768 72.034
816.977 72.018
817.187 72.010
817.396 71.992
817.606 71.965
817.815 71.954
818.025 71.966
818.234 71.990
818.444 72.009
818.653 71.996
818.863 71.996
819.072 72.009
819.282 72.030
819.491 72.025
819.701 72.035
819.910 72.065
820.120 72.064
820.329 72.061
820.539 72.054
820.748 72.053
820.958 72.051
821.167 72.043
821.377 72.045
821.586 72.067
821.796 72.095
822.005 72.091
822.215 72.121
822.424 72.139
822.634 72.104
822.843 72.088
823.053 72.120
823.262 72.120
823.472 72.072
823.681 72.023
823.891 71.998
824.100 71.968
824.310 71.940
824.519 71.940
824.729 71.963
824.938 71.973
825.148 72.002
825.357 71.988
825.567 71.966
825.776 71.978
825.986 71.985
826.195 71.955
826.405 71.945
826.614 71.934
826.824 71.916
827.033 71.925
827.243 71.952
827.452 71.910
827.662 71.908
827.871 71.964
828.081 71.987
828.290 72.013
828.500 72.062
828.709 72.061
828.919 72.019
829.128 71.964
829.338 71.963
829.547 71.976
829.757 71.978
829.966 71.968
830.176 71.978
830.385 71.962
830.595 71.945
830.804 71.924
831.014 71.876
831.223 71.853
831.433 71.870
831.642 71.827
831.852 71.839
832.061 71.876
832.271 71.868
832.480 71.875
832.690 71.841
832.899 71.819
833.109 71.824
833.318 71.863
833.528 71.877
833.737 71.865
833.947 71.842
834.156 71.829
834.366 71.836
834.575 71.828
834.785 71.825
834.994 71.844
835.204 71.904
835.413 71.933
835.623 71.930
835.832 71.876
836.042 71.906
836.251 71.924
836.461 71.898
836.670 71.912
836.880 71.940
837.089 71.981
837.299 71.975
837.508 71.964
837.718 71.940
837.927 71.928
838.137 71.919
838.346 71.904
838.556 71.917
838.765 71.918
838.975 71.894
839.184 71.895
839.394 71.917
839.603 71.910
839.813 71.929
840.022 71.960
840.232 71.999
840.441 71.974
840.651 71.957
840.860 71.894
841.070 71.811
841.279 71.743
841.489 71.745
841.698 71.752
841.908 71.775
842.117 71.814
842.327 71.872
842.536 71.913
842.746 71.945
842.955 71.970
843.165 71.979
843.374 71.954
843.584 71.887
843.793 71.839
844.003 71.805
844.212 71.784
844.422 71.761
844.631 71.720
844.841 71.719
845.050 71.751
845.260 71.790
845.469 71.821
845.679 71.848
845.888 71.870
846.098 71.898
846.307 71.887
846.517 71.862
846.726 71.946
846.936 72.088
847.145 72.105
847.355 72.104
847.564 72.094
847.774 72.106
847.983 72.156
848.193 72.142
848.402 72.103
848.612 72.070
848.821 72.041
849.031 72.041
849.240 72.063
849.450 72.042
849.659 72.028
849.869 72.031
850.078 72.039
850.288 71.993
850.497 71.964
850.707 71.980
850.916 71.981
851.126 71.845
851.335 71.656
851.545 71.632
851.754 71.637
851.964 71.631
852.173 71.634
852.383 71.633
852.592 71.669
852.802 71.736
853.011 71.759
853.221 71.804
853.430 71.858
853.640 71.848
853.849 71.851
854.059 71.877
854.268 71.883
854.478 71.861
854.687 71.847
854.897 71.845
855.106 71.864
855.316 71.891
855.525 71.925
855.735 71.911
855.944 71.866
856.154 71.845
856.363 71.840
856.573 71.861
856.782 71.884
856.992 71.863
857.201 71.804
857.411 71.810
857.620 71.822
857.830 71.797
858.039 71.817
858.249 71.821
858.458 71.804
858.668 71.799
858.877 71.784
859.087 71.784
859.296 71.767
859.506 71.723
859.715 71.693
859.925 71.684
860.134 71.734
860.344 71.795
860.553 71.750
860.763 71.753
860.972 71.752
861.182 71.733
861.391 71.770
861.601 71.834
861.810 71.836
862.020 71.787
862.229 71.771
862.439 71.771
862.648 71.751
862.858 71.717
863.067 71.750
863.277 71.796
863.486 71.810
863.696 71.807
863.905 71.806
864.115 71.805
864.324 71.763
864.534 71.702
864.743 71.721
864.953 71.759
865.162 71.794
865.372 71.842
865.581 71.856
865.791 71.828
866.000 71.793
866.210 71.846
866.419 71.917
866.629 71.980
866.838 71.957
867.048 71.958
867.257 71.968
867.467 71.907
867.676 71.857
867.886 71.862
868.095 71.858
868.305 71.829
868.514 71.846
868.724 71.910
868.933 71.945
869.143 71.901
869.352 71.905
869.562 71.901
869.771 71.880
869.981 71.940
870.190 71.998
870.400 71.998
870.609 71.940
870.819 71.835
871.028 71.813
871.238 71.799
871.447 71.802
871.657 71.823
871.866 71.877
872.076 71.942
872.285 71.960
872.495 71.992
872.704 71.999
872.914 71.953
873.123 71.849
873.333 71.764
873.542 71.708
873.752 71.712
873.961 71.702
874.171 71.736
874.380 71.575
874.590 71.495
874.799 71.589
875.009 71.620
875.218 71.664
875.428 71.631
875.637 71.655
875.847 71.687
876.056 71.664
876.266 71.645
876.475 71.657
876.685 71.630
876.894 71.605
877.104 71.601
877.313 71.577
877.523 71.607
877.732 71.688
877.942 71.776
878.151 71.852
878.361 71.841
878.570 71.729
878.780 71.831
878.989 71.944
879.199 71.945
879.408 71.956
879.618 71.973
879.827 72.028
880.037 72.084
880.246 72.055
880.456 72.034
880.665 72.037
880.875 72.011
881.084 71.994
881.294 71.982
881.503 72.034
881.713 72.139
881.922 72.170
882.132 72.253
882.341 72.266
882.551 72.179
882.760 72.184
882.970 72.276
883.179 72.263
883.389 72.169
883.598 72.075
883.808 72.047
884.017 72.050
884.227 72.027
884.436 72.052
884.646 72.141
884.855 72.161
885.065 72.172
885.274 72.225
885.484 72.295
885.693 72.374
885.903 72.407
886.112 72.381
886.322 72.339
886.531 72.242
886.741 72.173
886.950 72.229
887.160 72.253
887.369 72.240
887.579 72.284
887.788 72.262
887.998 72.212
888.207 72.190
888.417 72.264
888.626 72.271
888.836 72.129
889.045 72.020
889.255 72.039
889.464 72.048
889.674 72.084
889.883 72.063
890.093 72.004
890.302 71.913
890.512 71.894
890.721 72.038
890.931 72.117
891.140 72.193
891.350 72.170
891.559 72.149
891.769 72.164
891.978 72.096
892.188 72.103
892.397 72.207
892.607 72.296
892.816 72.297
893.026 72.284
893.235 72.343
893.445 72.343
893.654 72.320
893.864 72.301
894.073 72.215
894.283 72.183
894.492 72.228
894.702 72.358
894.911 72.412
895.121 72.401
895.330 72.418
895.540 72.509
895.749 72.509
895.959 72.472
896.168 72.489
896.378 72.454
896.587 72.417
896.797 72.411
897.006 72.363
897.216 72.262
897.425 72.195
897.635 72.144
897.844 72.234
898.054 72.356
898.263 72.370
898.473 72.370
898.682 72.408
898.892 72.385
899.101 72.298
899.311 72.258
899.520 72.245
899.730 72.262
899.939 72.116
900.149 72.020
900.358 72.000
900.568 71.926
900.777 72.019
900.987 72.047
901.196 71.985
901.406 71.985
901.615 72.016
901.825 72.042
902.034 72.146
902.244 72.144
902.453 72.076
902.663 72.062
902.872 72.130
903.082 72.093
903.291 72.060
903.501 72.014
903.710 71.938
903.920 71.883
904.129 71.823
904.339 71.932
904.548 72.053
904.758 72.155
904.967 72.231
905.177 72.239
905.386 72.305
905.596 72.311
905.805 72.241
906.015 72.269
906.224 72.277
906.434 72.196
906.643 72.215
906.853 72.240
907.062 72.268
907.272 72.207
907.481 72.185
907.691 72.192
907.900 72.215
908.110 72.189
908.319 72.133
908.529 72.179
908.738 72.110
908.948 72.062
909.157 71.991
909.367 71.871
909.576 71.861
909.786 71.900
909.995 71.901
910.205 71.962
910.414 71.996
910.624 72.024
910.833 72.033
911.043 71.899
911.252 71.910
911.462 71.895
911.672 71.899
911.881 71.981
912.091 72.099
912.300 72.217
912.512 72.256
912.724 72.263
912.937 72.193
913.149 72.080
913.361 72.074
913.573 72.075
913.786 72.089
913.998 72.029
914.210 72.008
914.422 72.014
914.634 72.017
914.847 72.031
915.059 72.028
915.271 72.059
915.483 72.187
915.696 72.209
915.908 72.199
916.120 72.201
916.332 72.121
916.544 71.983
916.757 71.857
916.969 71.885
917.181 71.951
917.393 71.894
917.606 71.972
917.818 71.995
918.030 71.992
918.242 71.990
918.454 71.980
918.667 71.957
918.879 72.007
919.091 71.990
919.303 71.865
919.516 71.802
919.728 71.686
919.940 71.560
920.152 71.597
920.364 71.721
920.577 71.734
920.789 71.638
921.001 71.569
921.213 71.578
921.426 71.644
921.638 71.614
921.850 71.732
922.062 71.809
922.274 71.851
922.487 71.852
922.699 71.913
922.911 71.968
923.123 71.874
923.336 71.719
923.548 71.689
923.760 71.786
923.972 71.817
924.184 71.907
924.397 71.978
924.609 71.878
924.821 71.772
925.033 71.675
925.246 71.739
925.458 71.797
925.670 71.818
925.882 71.754
926.094 71.702
926.307 71.580
926.519 71.503
926.731 71.512
926.943 71.666
927.156 71.681
927.368 71.778
927.580 71.953
927.792 72.096
928.004 72.180
928.217 72.184
928.429 72.212
928.641 72.217
928.853 72.201
929.066 72.197
929.278 72.190
929.490 72.264
929.702 72.307
929.914 72.332
930.127 72.284
930.339 72.212
930.551 72.235
930.763 72.348
930.976 72.377
931.188 72.411
931.400 72.330
931.612 72.317
931.824 72.289
932.037 72.235
932.249 72.267
932.461 72.346
932.673 72.419
932.886 72.451
933.098 72.452
933.310 72.443
933.522 72.298
933.734 72.167
933.947 72.080
934.159 72.145
934.371 72.060
934.583 71.979
934.796 71.990
935.008 71.934
935.220 71.801
935.432 71.563
935.644 71.573
935.857 71.718
936.069 71.635
936.281 71.517
936.493 71.481
936.706 71.489
936.918 71.371
937.130 71.175
937.342 71.044
937.554 70.889
937.767 70.924
937.979 71.222
938.191 71.413
938.403 71.385
938.616 71.330
938.828 71.387
939.040 71.521
939.252 71.766
939.464 71.863
939.677 71.871
939.889 72.029
940.101 71.797
940.313 71.689
940.526 72.085
940.738 72.254
940.950 72.330
941.162 72.259
941.374 72.208
941.587 72.206
941.799 72.272
942.011 72.135
942.223 72.016
942.436 71.791
942.648 71.683
942.860 71.774
943.072 71.934
943.284 72.148
943.497 72.265
943.709 72.123
943.921 72.192
944.133 72.344
944.346 72.348
944.558 72.292
944.770 72.211
944.982 72.017
945.194 72.028
945.407 71.977
945.619 71.879
945.831 71.898
946.043 71.953
946.256 71.911
946.468 72.118
946.680 72.413
946.892 72.564
947.104 72.357
947.317 72.455
947.529 72.654
947.741 72.474
947.953 72.409
948.166 72.311
948.378 72.170
948.590 72.260
948.802 72.642
949.014 72.891
949.227 72.981
949.439 72.955
949.651 72.823
949.863 72.891
950.076 73.133
950.288 73.307
950.500 73.549
950.712 74.077
950.924 74.643
951.137 74.393
951.349 74.119
951.561 74.172
951.773 74.036
951.986 73.819
952.198 73.641
952.410 73.345
952.622 73.251
952.834 73.632
953.047 73.889
953.259 73.477
953.471 73.275
953.683 73.383
953.896 73.526
954.108 73.597
954.320 73.697
954.532 73.463
954.744 73.090
954.957 72.861
955.169 72.575
955.381 72.130
955.593 72.188
955.806 72.200
956.018 72.392
956.230 72.690
956.442 72.830
956.654 73.144
956.867 73.592
957.079 73.740
957.291 73.563
957.503 73.277
957.716 73.254
957.928 73.149
958.140 73.001
958.352 72.831
958.564 72.545
958.777 72.140
958.989 72.149
959.201 72.430
959.413 72.740
959.626 73.155
959.838 73.483
960.050 73.634
960.262 74.043
960.474 74.203
960.687 74.267
960.899 74.238
961.111 73.912
961.323 73.399
961.536 73.423
961.748 73.569
961.960 73.483
962.172 73.433
962.384 73.503
962.597 73.323
962.809 73.476
963.021 74.056
963.233 74.467
963.446 74.260
963.658 74.063
963.870 73.962
964.082 73.641
964.294 73.527
964.507 73.468
964.719 73.391
964.931 73.225
965.143 72.858
965.356 72.877
965.568 73.481
965.780 74.094
966.000 74.085
966.221 73.562
966.441 73.544
966.662 73.791
966.882 73.877
967.103 73.889
967.323 73.796
967.543 73.284
967.764 72.951
967.984 73.373
968.205 73.586
968.425 73.494
968.645 73.221
968.866 73.039
969.086 72.890
969.307 72.510
969.527 72.589
969.748 73.188
969.968 72.941
970.188 72.714
970.409 72.491
970.629 72.671
970.850 73.103
971.070 72.817
971.290 72.815
971.511 73.172
971.731 73.462
971.952 73.680
972.172 73.945
972.393 73.942
972.613 73.944
972.833 74.008
973.054 73.978
973.274 74.022
973.495 74.067
973.715 74.089
973.936 74.351
974.156 74.367
974.376 74.145
974.597 74.388
974.817 74.457
975.038 74.808
975.258 74.966
975.478 74.911
975.699 75.327
975.919 75.262
976.140 74.646
976.360 74.543
976.581 74.958
976.801 74.986
977.021 75.549
977.242 75.574
977.462 75.582
977.683 75.696
977.903 75.977
978.123 76.258
978.344 76.625
978.564 76.784
978.785 76.796
979.005 76.687
979.226 76.558
979.446 76.766
979.666 76.300
979.887 75.578
980.107 75.599
980.328 76.011
980.548 76.218
980.769 76.706
980.989 76.566
981.209 76.059
981.430 75.846
981.650 75.422
981.871 75.497
982.091 75.513
982.311 75.517
982.532 75.601
982.752 75.165
982.973 75.024
983.193 75.160
983.414 74.989
983.634 74.961
983.854 74.984
984.075 74.695
984.295 74.689
984.516 75.370
984.736 75.732
984.956 75.427
985.177 75.403
985.397 75.429
985.618 75.780
985.838 76.057
986.059 76.016
986.279 75.727
986.499 75.590
986.720 75.734
986.940 75.384
987.161 74.827
987.381 74.784
987.602 74.280
987.822 73.615
988.042 73.816
988.263 74.066
988.483 74.780
988.704 74.715
988.924 74.577
989.144 74.298
989.365 73.758
989.585 73.805
989.806 73.867
990.026 73.874
990.247 74.190
990.467 74.114
990.687 74.704
990.908 75.507
991.128 75.534
991.349 74.931
991.569 75.210
991.789 76.322
992.010 77.073
992.230 77.342
992.451 77.637
992.671 78.133
992.892 77.736
993.112 76.981
993.332 77.194
993.553 77.893
993.773 77.885
993.994 78.527
994.214 78.959
994.435 78.393
994.655 77.521
994.875 76.669
995.096 75.602
995.316 74.540
995.537 74.080
995.757 74.196
995.977 74.577
996.198 74.943
996.418 74.164
996.639 72.963
996.859 72.756
997.080 72.702
997.300 71.923
997.520 72.320
997.741 72.991
997.961 73.214
998.182 72.912
998.402 72.572
998.622 72.072
998.843 72.035
999.063 73.624
999.284 74.952
999.504 75.764
999.725 76.817
999.945 77.595
1000.165 77.184
1000.386 76.917
1000.606 77.524
1000.827 77.688
1001.047 77.995
1001.268 77.923
1001.488 78.246
1001.708 79.409
1001.929 79.389
1002.149 78.629
1002.370 78.466
1002.590 78.348
1002.810 78.484
1003.031 78.785
1003.251 79.520
1003.472 79.769
1003.692 79.287
1003.913 79.772
1004.133 78.931
1004.353 78.276
1004.574 78.101
1004.794 78.250
1005.015 77.941
1005.235 77.311
1005.455 78.058
1005.676 77.869
1005.896 77.804
1006.117 77.420
1006.337 75.884
1006.558 76.265
1006.778 76.945
1006.998 76.250
1007.219 74.973
1007.439 74.432
1007.660 75.332
1007.880 75.591
1008.101 75.800
1008.321 75.193
1008.541 73.821
1008.762 74.672
1008.982 74.077
1009.203 74.105
1009.423 74.876
1009.643 74.609
1009.864 73.234
1010.084 70.971
1010.305 70.355
1010.525 70.641
1010.746 70.705
1010.966 71.136
1011.186 70.870
1011.407 70.399
1011.627 70.400
1011.848 71.437
1012.068 71.653
1012.288 70.321
1012.509 68.385
1012.729 66.042
1012.950 65.123
