360.161	12
360.333	11.9
360.504	11.8
360.676	11.8
360.847	11.8
361.019	11.8
361.19	11.7
361.361	11.7
361.533	11.8
361.704	11.7
361.876	11.6
362.047	11.5
362.219	11.5
362.391	11.4
362.562	11.4
362.734	11.4
362.905	11.3
363.077	11.3
363.248	11.2
363.42	11.2
363.592	11.2
363.763	11.2
363.935	11.1
364.106	11.1
364.278	11.1
364.45	11
364.621	11
364.793	10.9
364.965	10.9
365.137	10.8
365.308	10.7
365.48	10.7
365.652	10.6
365.824	10.6
365.995	10.5
366.167	10.5
366.339	10.4
366.511	10.4
366.683	10.4
366.854	10.3
367.026	10.2
367.198	10.2
367.37	10.2
367.542	10.2
367.714	10.2
367.886	10.1
368.058	10.1
368.23	10.1
368.402	10
368.574	10
368.746	10
368.918	9.9
369.09	9.9
369.262	9.8
369.434	9.8
369.606	9.7
369.778	9.7
369.95	9.7
370.122	9.7
370.294	9.7
370.467	9.6
370.639	9.6
370.811	9.6
370.983	9.7
371.155	9.6
371.328	9.6
371.5	9.6
371.672	9.5
371.844	9.5
372.017	9.5
372.189	9.5
372.361	9.5
372.534	9.4
372.706	9.4
372.878	9.3
373.051	9.3
373.223	9.2
373.396	9.2
373.568	9.1
373.741	9.1
373.913	9.1
374.086	9.1
374.258	9.1
374.431	9.1
374.603	9
374.776	9
374.949	8.9
375.121	8.9
375.294	8.9
375.467	8.9
375.639	8.8
375.812	8.8
375.985	8.7
376.157	8.7
376.33	8.7
376.503	8.7
376.676	8.6
376.849	8.6
377.021	8.5
377.194	8.5
377.367	8.5
377.54	8.4
377.713	8.4
377.886	8.3
378.059	8.2
378.232	8.2
378.405	8.2
378.578	8.2
378.751	8.2
378.924	8.2
379.097	8.1
379.27	8.1
379.444	8.1
379.617	8.1
379.79	8.1
379.963	8.1
380.136	8
380.31	8
380.483	8
380.656	8
380.829	8
381.003	7.9
381.176	7.9
381.35	7.9
381.523	7.8
381.696	7.8
381.87	7.8
382.043	7.7
382.217	7.7
382.39	7.6
382.564	7.6
382.738	7.6
382.911	7.5
383.085	7.5
383.258	7.5
383.432	7.4
383.606	7.4
383.779	7.4
383.953	7.4
384.127	7.4
384.301	7.4
384.475	7.4
384.648	7.4
384.822	7.3
384.996	7.3
385.17	7.3
385.344	7.2
385.518	7.2
385.692	7.2
385.866	7.2
386.04	7.1
386.214	7.1
386.388	7.1
386.562	7
386.737	7
386.911	7
387.085	7
387.259	7
387.434	6.9
387.608	6.9
387.782	6.9
387.956	6.9
388.131	6.9
388.305	6.9
388.48	6.9
388.654	6.8
388.829	6.8
389.003	6.8
389.178	6.8
389.352	6.8
389.527	6.8
389.701	6.8
389.876	6.8
390.051	6.8
390.226	6.8
390.4	6.8
390.575	6.8
390.75	6.8
390.925	6.8
391.099	6.8
391.274	6.8
391.449	6.7
391.624	6.7
391.799	6.7
391.974	6.7
392.149	6.7
392.324	6.7
392.499	6.7
392.675	6.7
392.85	6.7
393.025	6.7
393.2	6.7
393.375	6.7
393.551	6.6
393.726	6.6
393.901	6.6
394.077	6.6
394.252	6.6
394.427	6.6
394.603	6.6
394.778	6.5
394.954	6.5
395.129	6.5
395.305	6.5
395.481	6.5
395.656	6.5
395.832	6.5
396.008	6.5
396.184	6.5
396.359	6.5
396.535	6.4
396.711	6.4
396.887	6.4
397.063	6.4
397.239	6.4
397.415	6.4
397.591	6.4
397.767	6.3
397.943	6.3
398.119	6.3
398.295	6.2
398.471	6.2
398.648	6.2
398.824	6.2
399	6.2
399.176	6.2
399.353	6.2
399.529	6.2
399.706	6.2
399.882	6.2
400.058	6.1
400.235	6.1
400.412	6.1
400.588	6.1
400.765	6.1
400.942	6.1
401.118	6.1
401.295	6.1
401.472	6.1
401.649	6.1
401.825	6.1
402.002	6.1
402.179	6
402.356	6
402.533	6
402.71	6
402.887	6
403.064	6
403.242	6
403.419	6
403.596	6
403.773	6
403.95	6
404.128	6
404.305	6
404.483	6
404.66	6
404.837	6
405.015	6
405.193	6
405.37	6
405.548	6
405.725	6
405.903	6
406.081	5.9
406.259	6
406.437	6
406.614	6
406.792	6
406.97	5.9
407.148	5.9
407.326	5.9
407.504	5.9
407.682	5.9
407.86	5.9
408.039	5.9
408.217	5.9
408.395	5.9
408.573	5.9
408.751	5.9
408.93	5.9
409.108	5.9
409.287	5.9
409.465	5.9
409.643	5.9
409.822	5.9
410	5.9
410.179	5.9
410.358	5.9
410.536	5.9
410.715	5.9
410.894	5.9
411.072	5.9
411.251	5.9
411.43	5.9
411.609	5.9
411.788	5.8
411.967	5.8
412.146	5.8
412.325	5.8
412.504	5.8
412.683	5.8
412.862	5.9
413.041	5.8
413.22	5.8
413.399	5.8
413.578	5.8
413.758	5.8
413.937	5.8
414.116	5.8
414.296	5.8
414.475	5.8
414.654	5.8
414.834	5.8
415.013	5.8
415.193	5.8
415.372	5.8
415.552	5.8
415.732	5.8
415.911	5.8
416.091	5.8
416.271	5.8
416.45	5.8
416.63	5.8
416.81	5.8
416.99	5.7
417.169	5.7
417.349	5.8
417.529	5.7
417.709	5.7
417.889	5.7
418.069	5.7
418.249	5.8
418.429	5.7
418.609	5.7
418.789	5.7
418.97	5.7
419.15	5.7
419.33	5.7
419.51	5.8
419.691	5.8
419.871	5.8
420.051	5.7
420.232	5.7
420.412	5.7
420.592	5.7
420.773	5.7
420.953	5.7
421.134	5.7
421.314	5.7
421.495	5.7
421.675	5.7
421.856	5.7
422.037	5.7
422.217	5.7
422.398	5.7
422.579	5.7
422.76	5.7
422.94	5.7
423.121	5.7
423.302	5.7
423.483	5.7
423.664	5.7
423.845	5.7
424.026	5.7
424.207	5.7
424.388	5.7
424.569	5.7
424.75	5.7
424.931	5.7
425.112	5.7
425.293	5.7
425.474	5.7
425.655	5.7
425.837	5.7
426.018	5.7
426.199	5.7
426.38	5.7
426.562	5.7
426.743	5.7
426.924	5.7
427.106	5.7
427.287	5.7
427.469	5.7
427.65	5.7
427.832	5.7
428.013	5.7
428.195	5.7
428.376	5.7
428.558	5.7
428.739	5.7
428.921	5.7
429.103	5.7
429.284	5.7
429.466	5.7
429.648	5.7
429.83	5.7
430.011	5.7
430.193	5.7
430.375	5.7
430.557	5.7
430.739	5.7
430.921	5.7
431.102	5.7
431.284	5.7
431.466	5.7
431.648	5.7
431.83	5.7
432.012	5.7
432.194	5.7
432.377	5.7
432.559	5.7
432.741	5.7
432.923	5.7
433.105	5.7
433.287	5.7
433.469	5.7
433.652	5.7
433.834	5.8
434.016	5.8
434.198	5.8
434.381	5.8
434.563	5.8
434.745	5.8
434.928	5.8
435.11	5.8
435.293	5.8
435.475	5.8
435.658	5.8
435.84	5.8
436.022	5.8
436.205	5.8
436.388	5.8
436.57	5.8
436.753	5.8
436.935	5.8
437.118	5.8
437.301	5.8
437.483	5.8
437.666	5.8
437.849	5.8
438.031	5.8
438.214	5.8
438.397	5.8
438.58	5.9
438.762	5.9
438.945	5.9
439.128	5.9
439.311	5.9
439.494	5.9
439.677	5.9
439.859	5.9
440.042	5.9
440.225	5.9
440.408	6
440.591	6
440.774	6
440.957	6
441.14	6
441.323	6
441.507	6
441.69	6
441.873	6
442.056	6
442.239	6
442.422	6
442.605	6.1
442.789	6.1
442.972	6.1
443.155	6.1
443.338	6.1
443.522	6.1
443.705	6.1
443.888	6.1
444.072	6.1
444.255	6.2
444.438	6.2
444.622	6.2
444.805	6.2
444.989	6.2
445.172	6.2
445.356	6.2
445.539	6.2
445.723	6.2
445.906	6.3
446.09	6.3
446.273	6.3
446.457	6.3
446.64	6.3
446.824	6.3
447.008	6.3
447.191	6.3
447.375	6.3
447.559	6.4
447.742	6.4
447.926	6.4
448.11	6.4
448.293	6.4
448.477	6.4
448.661	6.4
448.845	6.5
449.029	6.5
449.212	6.5
449.396	6.5
449.58	6.5
449.764	6.5
449.948	6.5
450.132	6.6
450.316	6.6
450.5	6.6
450.684	6.6
450.868	6.6
451.052	6.7
451.236	6.7
451.42	6.7
451.604	6.7
451.788	6.7
451.972	6.7
452.156	6.7
452.34	6.8
452.525	6.8
452.709	6.8
452.893	6.8
453.077	6.8
453.261	6.9
453.446	6.9
453.63	6.9
453.814	6.9
453.998	6.9
454.183	7
454.367	7
454.551	7
454.736	7
454.92	7.1
455.104	7.1
455.289	7.1
455.473	7.1
455.658	7.1
455.842	7.2
456.026	7.2
456.211	7.2
456.395	7.2
456.58	7.3
456.764	7.3
456.949	7.3
457.134	7.3
457.318	7.4
457.503	7.4
457.687	7.4
457.872	7.4
458.057	7.5
458.241	7.5
458.426	7.5
458.611	7.6
458.795	7.6
458.98	7.6
459.165	7.6
459.349	7.7
459.534	7.7
459.719	7.7
459.904	7.8
460.088	7.8
460.273	7.8
460.458	7.8
460.643	7.9
460.828	7.9
461.013	7.9
461.198	8
461.382	8
461.567	8
461.752	8.1
461.937	8.1
462.122	8.1
462.307	8.2
462.492	8.2
462.677	8.2
462.862	8.3
463.047	8.3
463.232	8.4
463.417	8.4
463.602	8.4
463.788	8.5
463.973	8.5
464.158	8.5
464.343	8.6
464.528	8.6
464.713	8.6
464.898	8.7
465.084	8.7
465.269	8.7
465.454	8.8
465.639	8.8
465.824	8.8
466.01	8.9
466.195	8.9
466.38	9
466.566	9
466.751	9
466.936	9.1
467.122	9.1
467.307	9.2
467.492	9.2
467.678	9.2
467.863	9.3
468.048	9.3
468.234	9.4
468.419	9.4
468.605	9.4
468.79	9.5
468.976	9.5
469.161	9.6
469.347	9.6
469.532	9.7
469.718	9.7
469.903	9.7
470.089	9.8
470.274	9.8
470.46	9.9
470.646	9.9
470.831	10
471.017	10
471.202	10.1
471.388	10.1
471.574	10.2
471.759	10.2
471.945	10.3
472.131	10.3
472.317	10.4
472.502	10.4
472.688	10.5
472.874	10.5
473.059	10.6
473.245	10.6
473.431	10.7
473.617	10.7
473.803	10.8
473.988	10.9
474.174	10.9
474.36	11
474.546	11
474.732	11.1
474.918	11.1
475.104	11.2
475.29	11.3
475.475	11.3
475.661	11.4
475.847	11.4
476.033	11.5
476.219	11.6
476.405	11.6
476.591	11.7
476.777	11.8
476.963	11.8
477.149	11.9
477.335	11.9
477.521	12
477.707	12
477.893	12.1
478.08	12.2
478.266	12.2
478.452	12.3
478.638	12.3
478.824	12.4
479.01	12.5
479.196	12.5
479.382	12.6
479.569	12.7
479.755	12.7
479.941	12.8
480.127	12.9
480.313	12.9
480.5	13
480.686	13.1
480.872	13.1
481.058	13.2
481.245	13.3
481.431	13.3
481.617	13.4
481.803	13.5
481.99	13.5
482.176	13.6
482.362	13.7
482.549	13.8
482.735	13.8
482.921	13.9
483.108	14
483.294	14
483.481	14.1
483.667	14.2
483.853	14.3
484.04	14.3
484.226	14.4
484.413	14.5
484.599	14.5
484.786	14.6
484.972	14.7
485.159	14.8
485.345	14.8
485.532	14.9
485.718	15
485.905	15.1
486.091	15.2
486.278	15.2
486.464	15.3
486.651	15.4
486.837	15.5
487.024	15.6
487.211	15.6
487.397	15.7
487.584	15.8
487.77	15.9
487.957	15.9
488.144	16
488.33	16.1
488.517	16.2
488.704	16.3
488.89	16.3
489.077	16.4
489.264	16.5
489.45	16.6
489.637	16.6
489.824	16.7
490.01	16.8
490.197	16.9
490.384	17
490.571	17
490.757	17.1
490.944	17.2
491.131	17.3
491.318	17.4
491.505	17.5
491.691	17.5
491.878	17.6
492.065	17.7
492.252	17.8
492.439	17.9
492.626	18
492.812	18
492.999	18.1
493.186	18.2
493.373	18.3
493.56	18.4
493.747	18.5
493.934	18.5
494.121	18.6
494.308	18.7
494.494	18.8
494.681	18.9
494.868	19
495.055	19.1
495.242	19.1
495.429	19.2
495.616	19.3
495.803	19.4
495.99	19.5
496.177	19.6
496.364	19.7
496.551	19.8
496.738	19.8
496.925	19.9
497.112	20
497.299	20.1
497.486	20.2
497.673	20.3
497.861	20.4
498.048	20.5
498.235	20.6
498.422	20.6
498.609	20.7
498.796	20.8
498.983	20.9
499.17	21
499.357	21.1
499.544	21.2
499.732	21.3
499.919	21.4
500.106	21.4
500.293	21.5
500.48	21.6
500.667	21.7
500.855	21.8
501.042	21.9
501.229	22
501.416	22.1
501.603	22.2
501.791	22.3
501.978	22.3
502.165	22.4
502.352	22.5
502.54	22.6
502.727	22.7
502.914	22.8
503.101	22.9
503.289	23
503.476	23.1
503.663	23.1
503.85	23.2
504.038	23.3
504.225	23.4
504.412	23.5
504.6	23.6
504.787	23.7
504.974	23.8
505.161	23.9
505.349	24
505.536	24.1
505.723	24.1
505.911	24.2
506.098	24.3
506.286	24.4
506.473	24.5
506.66	24.6
506.848	24.7
507.035	24.8
507.222	24.9
507.41	25
507.597	25.1
507.785	25.2
507.972	25.3
508.159	25.4
508.347	25.5
508.534	25.6
508.722	25.7
508.909	25.7
509.097	25.8
509.284	25.9
509.471	26
509.659	26.1
509.846	26.2
510.034	26.3
510.221	26.4
510.409	26.5
510.596	26.6
510.784	26.7
510.971	26.8
511.159	26.9
511.346	27
511.534	27.1
511.721	27.2
511.909	27.3
512.096	27.4
512.284	27.5
512.471	27.6
512.659	27.6
512.846	27.7
513.034	27.8
513.221	27.9
513.409	28
513.596	28.1
513.784	28.2
513.972	28.3
514.159	28.4
514.347	28.5
514.534	28.6
514.722	28.7
514.909	28.8
515.097	28.9
515.285	28.9
515.472	29
515.66	29.1
515.847	29.2
516.035	29.3
516.222	29.4
516.41	29.5
516.598	29.6
516.785	29.7
516.973	29.8
517.161	29.9
517.348	30
517.536	30
517.723	30.1
517.911	30.2
518.099	30.3
518.286	30.4
518.474	30.5
518.662	30.6
518.849	30.7
519.037	30.8
519.225	30.9
519.412	31
519.6	31
519.787	31.1
519.975	31.2
520.163	31.3
520.35	31.4
520.538	31.5
520.726	31.6
520.914	31.7
521.101	31.8
521.289	31.9
521.477	32
521.664	32
521.852	32.1
522.04	32.2
522.227	32.3
522.415	32.4
522.603	32.5
522.79	32.6
522.978	32.7
523.166	32.8
523.354	32.9
523.541	32.9
523.729	33
523.917	33.1
524.104	33.2
524.292	33.3
524.48	33.4
524.668	33.5
524.855	33.5
525.043	33.6
525.231	33.7
525.418	33.8
525.606	33.9
525.794	34
525.982	34.1
526.169	34.1
526.357	34.2
526.545	34.3
526.733	34.4
526.92	34.5
527.108	34.6
527.296	34.7
527.484	34.8
527.671	34.9
527.859	34.9
528.047	35
528.235	35.1
528.422	35.2
528.61	35.3
528.798	35.4
528.986	35.5
529.173	35.5
529.361	35.6
529.549	35.7
529.737	35.8
529.924	35.9
530.112	36
530.3	36
530.488	36.1
530.675	36.2
530.863	36.3
531.051	36.3
531.239	36.4
531.426	36.5
531.614	36.6
531.802	36.7
531.99	36.7
532.177	36.8
532.365	36.9
532.553	37
532.741	37
532.928	37.1
533.116	37.2
533.304	37.2
533.492	37.3
533.679	37.4
533.867	37.5
534.055	37.5
534.243	37.6
534.431	37.7
534.618	37.7
534.806	37.8
534.994	37.9
535.182	37.9
535.369	38
535.557	38.1
535.745	38.2
535.933	38.2
536.12	38.3
536.308	38.4
536.496	38.4
536.684	38.5
536.871	38.6
537.059	38.7
537.247	38.7
537.435	38.8
537.622	38.9
537.81	38.9
537.998	39
538.186	39.1
538.373	39.2
538.561	39.2
538.749	39.3
538.937	39.4
539.124	39.5
539.312	39.6
539.5	39.6
539.688	39.7
539.875	39.8
540.063	39.9
540.251	39.9
540.439	40
540.626	40.1
540.814	40.2
541.002	40.2
541.19	40.3
541.377	40.4
541.565	40.5
541.753	40.6
541.941	40.6
542.128	40.7
542.316	40.8
542.504	40.8
542.691	40.9
542.879	41
543.067	41
543.255	41.1
543.442	41.2
543.63	41.2
543.818	41.3
544.005	41.4
544.193	41.5
544.381	41.5
544.568	41.6
544.756	41.7
544.944	41.7
545.132	41.8
545.319	41.9
545.507	42
545.695	42
545.882	42.1
546.07	42.2
546.258	42.2
546.445	42.3
546.633	42.4
546.821	42.4
547.008	42.5
547.196	42.6
547.384	42.6
547.571	42.7
547.759	42.8
547.947	42.8
548.134	42.9
548.322	43
548.51	43
548.697	43.1
548.885	43.2
549.073	43.2
549.26	43.3
549.448	43.4
549.636	43.4
549.823	43.5
550.011	43.5
550.199	43.6
550.386	43.7
550.574	43.7
550.762	43.8
550.949	43.9
551.137	44
551.325	44
551.512	44.1
551.7	44.2
551.888	44.2
552.075	44.3
552.263	44.3
552.451	44.4
552.639	44.5
552.826	44.5
553.014	44.6
553.202	44.7
553.389	44.7
553.577	44.8
553.765	44.8
553.953	44.9
554.14	45
554.328	45
554.516	45.1
554.704	45.2
554.891	45.2
555.079	45.3
555.267	45.3
555.455	45.4
555.643	45.5
555.83	45.5
556.018	45.6
556.206	45.7
556.394	45.7
556.582	45.8
556.77	45.8
556.957	45.9
557.145	45.9
557.333	46
557.521	46.1
557.709	46.1
557.897	46.2
558.085	46.2
558.273	46.3
558.461	46.4
558.649	46.4
558.837	46.5
559.025	46.5
559.213	46.6
559.4	46.7
559.588	46.7
559.777	46.8
559.965	46.8
560.153	46.9
560.341	46.9
560.529	47
560.717	47.1
560.905	47.1
561.093	47.2
561.281	47.2
561.469	47.3
561.657	47.3
561.845	47.4
562.034	47.4
562.222	47.5
562.41	47.5
562.598	47.6
562.786	47.6
562.975	47.7
563.163	47.7
563.351	47.8
563.539	47.8
563.728	47.9
563.916	47.9
564.104	47.9
564.293	48
564.481	48.1
564.67	48.1
564.858	48.1
565.046	48.2
565.235	48.2
565.423	48.3
565.612	48.3
565.8	48.4
565.989	48.4
566.177	48.5
566.366	48.5
566.554	48.6
566.743	48.6
566.932	48.7
567.12	48.7
567.309	48.7
567.497	48.8
567.686	48.8
567.875	48.9
568.064	48.9
568.252	49
568.441	49
568.63	49
568.819	49.1
569.007	49.1
569.196	49.2
569.385	49.2
569.574	49.2
569.763	49.3
569.952	49.3
570.141	49.3
570.33	49.4
570.519	49.4
570.708	49.5
570.897	49.5
571.086	49.6
571.275	49.6
571.464	49.6
571.653	49.7
571.843	49.7
572.032	49.8
572.221	49.8
572.41	49.8
572.599	49.9
572.789	49.9
572.978	49.9
573.167	50
573.357	50
573.546	50
573.736	50.1
573.925	50.1
574.115	50.2
574.304	50.2
574.494	50.2
574.683	50.3
574.873	50.3
575.062	50.3
575.252	50.4
575.442	50.4
575.631	50.4
575.821	50.4
576.011	50.5
576.201	50.5
576.39	50.5
576.58	50.6
576.77	50.6
576.96	50.6
577.15	50.7
577.34	50.7
577.53	50.7
577.72	50.8
577.91	50.8
578.1	50.8
578.29	50.9
578.48	50.9
578.67	50.9
578.861	51
579.051	51
579.241	51
579.431	51.1
579.622	51.1
579.812	51.1
580.002	51.1
580.193	51.2
580.383	51.2
580.574	51.2
580.764	51.3
580.955	51.3
581.145	51.3
581.336	51.3
581.526	51.4
581.717	51.4
581.908	51.4
582.098	51.5
582.289	51.5
582.48	51.5
582.671	51.5
582.862	51.6
583.052	51.6
583.243	51.6
583.434	51.7
583.625	51.7
583.816	51.7
584.007	51.8
584.198	51.8
584.389	51.8
584.58	51.9
584.771	51.9
584.962	51.9
585.154	51.9
585.345	52
585.536	52
585.727	52
585.918	52.1
586.11	52.1
586.301	52.1
586.492	52.1
586.684	52.2
586.875	52.2
587.067	52.2
587.258	52.2
587.45	52.3
587.641	52.3
587.833	52.3
588.024	52.4
588.216	52.4
588.408	52.4
588.599	52.5
588.791	52.5
588.983	52.5
589.174	52.5
589.366	52.6
589.558	52.6
589.75	52.6
589.942	52.6
590.134	52.7
590.326	52.7
590.518	52.7
590.71	52.7
590.902	52.8
591.094	52.8
591.286	52.8
591.478	52.8
591.67	52.9
591.862	52.9
592.054	52.9
592.246	52.9
592.439	53
592.631	53
592.823	53
593.016	53
593.208	53.1
593.4	53.1
593.593	53.1
593.785	53.1
593.978	53.2
594.17	53.2
594.363	53.2
594.555	53.2
594.748	53.2
594.94	53.3
595.133	53.3
595.326	53.3
595.518	53.3
595.711	53.3
595.904	53.4
596.096	53.4
596.289	53.4
596.482	53.4
596.675	53.4
596.868	53.5
597.061	53.5
597.254	53.5
597.447	53.5
597.64	53.5
597.833	53.6
598.026	53.6
598.219	53.6
598.412	53.6
598.605	53.6
598.798	53.6
598.991	53.7
599.184	53.7
599.378	53.7
599.571	53.7
599.764	53.7
599.957	53.8
600.151	53.8
600.344	53.8
600.538	53.8
600.731	53.8
600.924	53.8
601.118	53.9
601.311	53.9
601.505	53.9
601.698	53.9
601.892	53.9
602.086	54
602.279	54
602.473	54
602.667	54
602.86	54
603.054	54
603.248	54.1
603.442	54.1
603.635	54.1
603.829	54.1
604.023	54.1
604.217	54.2
604.411	54.2
604.605	54.2
604.799	54.2
604.993	54.2
605.187	54.2
605.381	54.2
605.575	54.3
605.769	54.3
605.963	54.3
606.157	54.3
606.352	54.3
606.546	54.3
606.74	54.4
606.934	54.4
607.129	54.4
607.323	54.4
607.517	54.4
607.712	54.4
607.906	54.4
608.1	54.4
608.295	54.5
608.489	54.5
608.684	54.5
608.878	54.5
609.073	54.5
609.267	54.5
609.462	54.5
609.657	54.6
609.851	54.6
610.046	54.6
610.241	54.6
610.435	54.6
610.63	54.6
610.825	54.6
611.02	54.6
611.215	54.7
611.41	54.7
611.604	54.7
611.799	54.7
611.994	54.7
612.189	54.7
612.384	54.7
612.579	54.7
612.774	54.7
612.969	54.8
613.164	54.8
613.359	54.8
613.555	54.8
613.75	54.8
613.945	54.8
614.14	54.8
614.335	54.9
614.531	54.9
614.726	54.9
614.921	54.9
615.117	54.9
615.312	54.9
615.507	54.9
615.703	54.9
615.898	54.9
616.094	55
616.289	55
616.485	55
616.68	55
616.876	55
617.071	55
617.267	55
617.463	55
617.658	55
617.854	55.1
618.05	55.1
618.245	55.1
618.441	55.1
618.637	55.1
618.833	55.1
619.029	55.1
619.225	55.1
619.42	55.1
619.616	55.1
619.812	55.2
620.008	55.2
620.204	55.2
620.4	55.2
620.596	55.2
620.792	55.2
620.988	55.2
621.184	55.2
621.381	55.2
621.577	55.3
621.773	55.3
621.969	55.3
622.165	55.3
622.362	55.3
622.558	55.3
622.754	55.3
622.951	55.3
623.147	55.3
623.343	55.3
623.54	55.3
623.736	55.3
623.933	55.4
624.129	55.4
624.326	55.4
624.522	55.4
624.719	55.4
624.915	55.4
625.112	55.4
625.308	55.4
625.505	55.4
625.702	55.4
625.898	55.4
626.095	55.4
626.292	55.4
626.489	55.5
626.685	55.5
626.882	55.5
627.079	55.5
627.276	55.5
627.473	55.5
627.67	55.5
627.866	55.5
628.063	55.5
628.26	55.5
628.457	55.5
628.654	55.5
628.851	55.5
629.048	55.5
629.246	55.5
629.443	55.5
629.64	55.5
629.837	55.6
630.034	55.6
630.231	55.6
630.429	55.6
630.626	55.6
630.823	55.6
631.02	55.6
631.218	55.6
631.415	55.6
631.612	55.6
631.81	55.6
632.007	55.6
632.205	55.7
632.402	55.7
632.6	55.7
632.797	55.7
632.995	55.7
633.192	55.7
633.39	55.7
633.587	55.7
633.785	55.7
633.983	55.7
634.18	55.7
634.378	55.7
634.576	55.7
634.773	55.8
634.971	55.8
635.169	55.8
635.367	55.8
635.565	55.8
635.762	55.8
635.96	55.8
636.158	55.8
636.356	55.8
636.554	55.8
636.752	55.8
636.95	55.9
637.148	55.9
637.346	55.9
637.544	55.9
637.742	55.9
637.94	55.9
638.138	55.9
638.337	55.9
638.535	55.9
638.733	55.9
638.931	55.9
639.129	55.9
639.328	55.9
639.526	56
639.724	56
639.922	56
640.121	56
640.319	56
640.518	56
640.716	56
640.914	56
641.113	56
641.311	56
641.51	56.1
641.708	56.1
641.907	56.1
642.105	56.1
642.304	56.1
642.503	56.1
642.701	56.1
642.9	56.1
643.098	56.1
643.297	56.2
643.496	56.2
643.695	56.2
643.893	56.2
644.092	56.2
644.291	56.2
644.49	56.2
644.689	56.2
644.887	56.2
645.086	56.2
645.285	56.2
645.484	56.3
645.683	56.3
645.882	56.3
646.081	56.3
646.28	56.3
646.479	56.3
646.678	56.3
646.877	56.3
647.076	56.3
647.276	56.3
647.475	56.4
647.674	56.4
647.873	56.4
648.072	56.4
648.271	56.4
648.471	56.4
648.67	56.4
648.869	56.4
649.069	56.4
649.268	56.4
649.467	56.4
649.667	56.4
649.866	56.4
650.065	56.4
650.265	56.4
650.464	56.4
650.664	56.4
650.863	56.4
651.063	56.5
651.262	56.5
651.462	56.5
651.662	56.5
651.861	56.5
652.061	56.5
652.26	56.5
652.46	56.5
652.66	56.5
652.859	56.5
653.059	56.5
653.259	56.5
653.459	56.5
653.658	56.6
653.858	56.6
654.058	56.6
654.258	56.6
654.458	56.6
654.658	56.6
654.858	56.6
655.058	56.6
655.258	56.6
655.457	56.6
655.657	56.6
655.857	56.6
656.058	56.6
656.258	56.6
656.458	56.6
656.658	56.6
656.858	56.6
657.058	56.7
657.258	56.7
657.458	56.7
657.659	56.7
657.859	56.7
658.059	56.7
658.259	56.7
658.459	56.7
658.66	56.7
658.86	56.7
659.06	56.7
659.261	56.7
659.461	56.7
659.662	56.7
659.862	56.8
660.062	56.8
660.263	56.8
660.463	56.8
660.664	56.8
660.864	56.8
661.065	56.8
661.265	56.8
661.466	56.8
661.667	56.8
661.867	56.8
662.068	56.8
662.268	56.8
662.469	56.8
662.67	56.8
662.87	56.8
663.071	56.8
663.272	56.8
663.473	56.9
663.674	56.9
663.874	56.9
664.075	56.9
664.276	56.9
664.477	56.9
664.678	56.9
664.879	56.9
665.08	56.9
665.28	56.9
665.481	56.9
665.682	56.9
665.883	56.9
666.084	56.9
666.285	56.9
666.486	56.9
666.688	56.9
666.889	56.9
667.09	56.9
667.291	56.9
667.492	56.9
667.693	56.9
667.894	56.9
668.096	56.9
668.297	56.9
668.498	56.9
668.699	56.9
668.901	56.9
669.102	56.9
669.303	56.9
669.505	56.9
669.706	56.9
669.907	56.9
670.109	56.9
670.31	56.9
670.511	56.9
670.713	56.9
670.914	56.9
671.116	56.9
671.317	56.9
671.519	56.9
671.72	56.9
671.922	56.9
672.124	56.9
672.325	56.9
672.527	56.9
672.728	56.9
672.93	56.9
673.132	56.9
673.333	56.9
673.535	56.9
673.737	56.9
673.939	56.9
674.14	56.9
674.342	56.9
674.544	56.9
674.746	56.9
674.948	56.9
675.149	57
675.351	57
675.553	57
675.755	57
675.957	57
676.159	56.9
676.361	56.9
676.563	57
676.765	57
676.967	57
677.169	57
677.371	57
677.573	57
677.775	57
677.977	57
678.179	57
678.381	57
678.583	57
678.786	57
678.988	57
679.19	57
679.392	57
679.594	57
679.797	57.1
679.999	57.1
680.201	57.1
680.404	57.1
680.606	57.1
680.808	57.1
681.011	57.1
681.213	57.1
681.415	57.1
681.618	57.1
681.82	57.1
682.023	57.1
682.225	57.2
682.428	57.2
682.63	57.2
682.833	57.2
683.035	57.2
683.238	57.2
683.44	57.2
683.643	57.2
683.845	57.2
684.048	57.2
684.251	57.2
684.453	57.2
684.656	57.2
684.859	57.3
685.061	57.3
685.264	57.3
685.467	57.3
685.67	57.3
685.872	57.3
686.075	57.3
686.278	57.3
686.481	57.3
686.684	57.3
686.886	57.3
687.089	57.3
687.292	57.3
687.495	57.3
687.698	57.3
687.901	57.3
688.104	57.3
688.307	57.3
688.51	57.3
688.713	57.3
688.916	57.3
689.119	57.3
689.322	57.3
689.525	57.3
689.728	57.4
689.931	57.4
690.134	57.4
690.337	57.4
690.54	57.4
690.744	57.4
690.947	57.4
691.15	57.4
691.353	57.4
691.556	57.4
691.76	57.4
691.963	57.4
692.166	57.4
692.37	57.5
692.573	57.5
692.776	57.5
692.979	57.5
693.183	57.5
693.386	57.5
693.59	57.5
693.793	57.5
693.996	57.5
694.2	57.5
694.403	57.5
694.607	57.5
694.81	57.5
695.014	57.5
695.217	57.6
695.421	57.6
695.624	57.6
695.828	57.6
696.031	57.6
696.235	57.6
696.439	57.6
696.642	57.6
696.846	57.6
697.049	57.7
697.253	57.7
697.457	57.7
697.661	57.7
697.864	57.7
698.068	57.7
698.272	57.7
698.475	57.7
698.679	57.7
698.883	57.7
699.087	57.7
699.291	57.7
699.494	57.7
699.698	57.8
699.902	57.8
700.106	57.8
700.31	57.8
700.514	57.8
700.718	57.8
700.922	57.8
701.126	57.8
701.33	57.8
701.534	57.8
701.738	57.8
701.942	57.8
702.146	57.8
702.35	57.8
702.554	57.8
702.758	57.8
702.962	57.8
703.166	57.8
703.37	57.8
703.574	57.8
703.778	57.9
703.983	57.9
704.187	57.9
704.391	57.9
704.595	57.9
704.799	57.9
705.004	57.9
705.208	57.9
705.412	57.9
705.616	57.9
705.821	57.9
706.025	57.9
706.229	57.9
706.434	57.9
706.638	57.9
706.842	57.9
707.047	57.9
707.251	57.9
707.455	57.9
707.66	57.9
707.864	58
708.069	58
708.273	58
708.478	58
708.682	58
708.887	58
709.091	58
709.296	58
709.5	58
709.705	58
709.909	58
710.114	58
710.319	58
710.523	58.1
710.728	58.1
710.932	58.1
711.137	58.1
711.342	58.1
711.546	58.1
711.751	58.1
711.956	58.1
712.161	58.1
712.365	58.1
712.57	58.1
712.775	58.1
712.98	58.1
713.184	58.1
713.389	58.1
713.594	58.1
713.799	58.2
714.004	58.2
714.209	58.2
714.413	58.2
714.618	58.2
714.823	58.2
715.028	58.2
715.233	58.2
715.438	58.2
715.643	58.2
715.848	58.2
716.053	58.3
716.258	58.3
716.463	58.3
716.668	58.3
716.873	58.3
717.078	58.3
717.283	58.3
717.488	58.3
717.693	58.3
717.898	58.3
718.103	58.3
718.308	58.4
718.514	58.4
718.719	58.4
718.924	58.4
719.129	58.4
719.334	58.4
719.539	58.4
719.745	58.4
719.95	58.4
720.155	58.4
720.36	58.4
720.566	58.4
720.771	58.4
720.976	58.5
721.182	58.5
721.387	58.5
721.592	58.5
721.798	58.5
722.003	58.5
722.208	58.5
722.414	58.5
722.619	58.5
722.824	58.5
723.03	58.5
723.235	58.5
723.441	58.5
723.646	58.5
723.852	58.6
724.057	58.6
724.263	58.6
724.468	58.6
724.674	58.6
724.879	58.6
725.085	58.6
725.29	58.6
725.496	58.6
725.701	58.6
725.907	58.6
726.112	58.6
726.318	58.6
726.524	58.6
726.729	58.6
726.935	58.7
727.141	58.7
727.346	58.7
727.552	58.7
727.758	58.7
727.963	58.7
728.169	58.7
728.375	58.7
728.581	58.7
728.786	58.7
728.992	58.7
729.198	58.7
729.404	58.7
729.609	58.7
729.815	58.7
730.021	58.8
730.227	58.8
730.433	58.8
730.639	58.8
730.844	58.8
731.05	58.8
731.256	58.8
731.462	58.8
731.668	58.8
731.874	58.8
732.08	58.9
732.286	58.9
732.492	58.9
732.698	58.9
732.904	58.9
733.11	58.9
733.316	58.9
733.522	58.9
733.728	58.9
733.934	59
734.14	59
734.346	59
734.552	59
734.758	59
734.964	59
735.17	59
735.376	59
735.583	59
735.789	59
735.995	59
736.201	59
736.407	59.1
736.613	59.1
736.819	59.1
737.026	59.1
737.232	59.1
737.438	59.1
737.644	59.1
737.851	59.1
738.057	59.2
738.263	59.2
738.469	59.2
738.676	59.2
738.882	59.2
739.088	59.2
739.295	59.2
739.501	59.2
739.707	59.2
739.914	59.2
740.12	59.2
740.326	59.2
740.533	59.2
740.739	59.2
740.946	59.2
741.152	59.2
741.358	59.2
741.565	59.2
741.771	59.2
741.978	59.3
742.184	59.3
742.391	59.3
742.597	59.3
742.804	59.3
743.01	59.3
743.217	59.3
743.423	59.3
743.63	59.3
743.836	59.3
744.043	59.3
744.249	59.3
744.456	59.3
744.663	59.3
744.869	59.3
745.076	59.3
745.282	59.4
745.489	59.4
745.696	59.4
745.902	59.4
746.109	59.4
746.316	59.4
746.522	59.4
746.729	59.4
746.936	59.4
747.142	59.4
747.349	59.4
747.556	59.4
747.762	59.4
747.969	59.5
748.176	59.5
748.383	59.5
748.589	59.5
748.796	59.5
749.003	59.5
749.21	59.5
749.417	59.5
749.623	59.5
749.83	59.5
750.037	59.5
750.244	59.5
750.451	59.5
750.658	59.6
750.865	59.6
751.071	59.6
751.278	59.6
751.485	59.6
751.692	59.6
751.899	59.6
752.106	59.6
752.313	59.6
752.52	59.6
752.727	59.6
752.934	59.6
753.141	59.6
753.348	59.6
753.555	59.7
753.762	59.7
753.969	59.7
754.176	59.7
754.383	59.7
754.59	59.7
754.797	59.7
755.004	59.7
755.211	59.7
755.418	59.8
755.625	59.8
755.832	59.8
756.039	59.8
756.246	59.8
756.453	59.8
756.66	59.8
756.868	59.8
757.075	59.8
757.282	59.8
757.489	59.8
757.696	59.9
757.903	59.9
758.111	59.9
758.318	59.9
758.525	59.9
758.732	59.9
758.939	59.9
759.147	59.9
759.354	60
759.561	60
759.768	60
759.976	60
760.183	60
760.39	60
760.597	60
760.805	60
761.012	60
761.219	60
761.426	60.1
761.634	60.1
761.841	60.1
762.048	60.1
762.256	60.1
762.463	60.1
762.67	60.1
762.878	60.1
763.085	60.1
763.293	60.1
763.5	60.1
763.707	60.1
763.915	60.2
764.122	60.2
764.33	60.2
764.537	60.2
764.744	60.2
764.952	60.2
765.159	60.3
765.367	60.3
765.574	60.3
765.782	60.3
765.989	60.3
766.197	60.3
766.404	60.3
766.612	60.3
766.819	60.3
767.027	60.3
767.234	60.4
767.442	60.4
767.649	60.4
767.857	60.4
768.064	60.4
768.272	60.4
768.479	60.4
768.687	60.4
768.895	60.4
769.102	60.4
769.31	60.4
769.517	60.4
769.725	60.4
769.933	60.4
770.14	60.5
770.348	60.5
770.555	60.5
770.763	60.5
770.971	60.5
771.178	60.5
771.386	60.5
771.594	60.5
771.801	60.5
772.009	60.5
772.217	60.5
772.424	60.5
772.632	60.5
772.84	60.5
773.047	60.5
773.255	60.5
773.463	60.5
773.671	60.5
773.878	60.5
774.086	60.5
774.294	60.5
774.502	60.5
774.709	60.6
774.917	60.6
775.125	60.6
775.333	60.6
775.54	60.6
775.748	60.6
775.956	60.6
776.164	60.6
776.371	60.6
776.579	60.6
776.787	60.6
776.995	60.6
777.203	60.6
777.41	60.6
777.618	60.6
777.826	60.7
778.034	60.7
778.242	60.7
778.45	60.7
778.657	60.7
778.865	60.7
779.073	60.7
779.281	60.8
779.489	60.8
779.697	60.8
779.905	60.8
780.112	60.8
780.32	60.8
780.528	60.8
780.736	60.8
780.944	60.8
781.152	60.8
781.36	60.8
781.568	60.9
781.776	60.9
781.984	60.9
782.191	60.9
782.399	60.9
782.607	60.9
782.815	60.9
783.023	60.9
783.231	60.9
783.439	60.9
783.647	61
783.855	61
784.063	61
784.271	61
784.479	61
784.687	61
784.895	61
785.103	61
785.311	61
785.519	61
785.727	61.1
785.935	61.1
786.143	61.1
786.351	61.1
786.559	61.1
786.767	61.1
786.975	61.1
787.183	61.1
787.391	61.1
787.599	61.1
787.807	61.1
788.015	61.1
788.223	61.1
788.431	61.1
788.639	61.1
788.847	61.2
789.055	61.2
789.263	61.2
789.471	61.2
789.679	61.2
789.887	61.2
790.095	61.2
790.303	61.3
790.511	61.3
790.719	61.3
790.927	61.3
791.135	61.3
791.343	61.3
791.551	61.3
791.76	61.3
791.968	61.4
792.176	61.4
792.384	61.4
792.592	61.4
792.8	61.4
793.008	61.4
793.216	61.5
793.424	61.5
793.632	61.5
793.84	61.5
794.048	61.5
794.256	61.5
794.465	61.5
794.673	61.5
794.881	61.5
795.089	61.6
795.297	61.6
795.505	61.6
795.713	61.6
795.921	61.6
796.129	61.6
796.337	61.6
796.546	61.6
796.754	61.6
796.962	61.6
797.17	61.7
797.378	61.7
797.586	61.7
797.794	61.7
798.002	61.7
798.21	61.7
798.419	61.7
798.627	61.7
798.835	61.7
799.043	61.7
799.251	61.7
799.459	61.7
799.667	61.7
799.875	61.7
800.083	61.8
800.292	61.8
800.5	61.8
800.708	61.8
800.916	61.8
801.124	61.8
801.332	61.8
801.54	61.8
801.748	61.8
801.957	61.8
802.165	61.8
802.373	61.8
802.581	61.8
802.789	61.9
802.997	61.9
803.205	61.9
803.414	61.9
803.622	61.9
803.83	61.9
804.038	61.9
804.246	62
804.454	62
804.662	62
804.87	62
805.079	62
805.287	62
805.495	62
805.703	62
805.911	62
806.119	62
806.327	62
806.535	62
806.743	62
806.952	62.1
807.16	62.1
807.368	62.1
807.576	62.1
807.784	62.1
807.992	62.1
808.2	62.1
808.408	62.1
808.617	62.2
808.825	62.2
809.033	62.2
809.241	62.2
809.449	62.2
809.657	62.2
809.865	62.2
810.073	62.2
810.281	62.3
810.49	62.3
810.698	62.3
810.906	62.3
811.114	62.3
811.322	62.3
811.53	62.2
811.738	62.3
811.946	62.3
812.154	62.3
812.362	62.3
812.57	62.3
812.779	62.3
812.987	62.3
813.195	62.3
813.403	62.3
813.611	62.3
813.819	62.3
814.027	62.4
814.235	62.4
814.443	62.4
814.651	62.4
814.859	62.4
815.067	62.4
815.275	62.4
815.484	62.4
815.692	62.4
815.9	62.5
816.108	62.5
816.316	62.5
816.524	62.5
816.732	62.5
816.94	62.5
817.148	62.5
817.356	62.5
817.564	62.5
817.772	62.5
817.98	62.5
818.188	62.6
818.397	62.6
818.605	62.6
818.813	62.6
819.021	62.6
819.229	62.6
819.437	62.6
819.645	62.6
819.853	62.6
820.061	62.6
820.269	62.7
820.477	62.7
820.685	62.7
820.893	62.7
821.102	62.7
821.31	62.7
821.518	62.7
821.726	62.7
821.934	62.7
822.142	62.7
822.35	62.7
822.558	62.7
822.766	62.7
822.974	62.7
823.182	62.7
823.39	62.7
823.599	62.8
823.807	62.8
824.015	62.8
824.223	62.8
824.431	62.8
824.639	62.8
824.847	62.8
825.055	62.9
825.263	62.9
825.472	62.9
825.68	62.9
825.888	62.9
826.096	62.9
826.304	62.9
826.512	63
826.72	63
826.928	63
827.137	63
827.345	63
827.553	63
827.761	63
827.969	63.1
828.177	63.1
828.385	63.1
828.594	63.1
828.802	63.1
829.01	63.1
829.218	63.1
829.426	63.1
829.634	63.2
829.843	63.2
830.051	63.2
830.259	63.2
830.467	63.2
830.675	63.2
830.883	63.3
831.092	63.3
831.3	63.3
831.508	63.3
831.716	63.3
831.924	63.3
832.133	63.3
832.341	63.4
832.549	63.4
832.757	63.4
832.966	63.4
833.174	63.4
833.382	63.4
833.59	63.4
833.799	63.4
834.007	63.4
834.215	63.4
834.423	63.4
834.632	63.4
834.84	63.4
835.048	63.4
835.256	63.4
835.465	63.4
835.673	63.4
835.881	63.4
836.09	63.4
836.298	63.5
836.506	63.5
836.715	63.5
836.923	63.5
837.131	63.5
837.34	63.5
837.548	63.5
837.756	63.5
837.965	63.5
838.173	63.6
838.381	63.6
838.59	63.6
838.798	63.6
839.006	63.6
839.215	63.6
839.423	63.6
839.632	63.6
839.84	63.6
840.048	63.6
840.257	63.7
840.465	63.7
840.674	63.7
840.882	63.6
841.091	63.7
841.299	63.7
841.508	63.7
841.716	63.7
841.924	63.7
842.133	63.7
842.341	63.7
842.55	63.8
842.758	63.8
842.967	63.8
843.175	63.8
843.384	63.8
843.593	63.8
843.801	63.8
844.01	63.8
844.218	63.8
844.427	63.9
844.635	63.9
844.844	63.9
845.052	63.9
845.261	63.9
845.47	63.9
845.678	63.9
845.887	63.9
846.095	63.9
846.304	63.9
846.513	63.9
846.721	63.9
846.93	63.9
847.139	63.9
847.347	63.9
847.556	64
847.765	64
847.973	64
848.182	64
848.391	64
848.6	64
848.808	64
849.017	64
849.226	64
849.435	64
849.643	64
849.852	64
850.061	64
850.27	64
850.478	64
850.687	64
850.896	64
851.105	64
851.314	64
851.523	64
851.731	64.1
851.94	64.1
852.149	64.1
852.358	64.1
852.567	64.2
852.776	64.2
852.985	64.2
853.194	64.2
853.403	64.2
853.612	64.2
853.821	64.2
854.03	64.2
854.239	64.3
854.447	64.3
854.656	64.3
854.865	64.3
855.075	64.3
855.284	64.3
855.493	64.3
855.702	64.3
855.911	64.3
856.12	64.3
856.329	64.3
856.538	64.3
856.747	64.3
856.956	64.4
857.165	64.4
857.374	64.4
857.584	64.4
857.793	64.4
858.002	64.4
858.211	64.4
858.42	64.5
858.629	64.5
858.839	64.5
859.048	64.5
859.257	64.5
859.466	64.5
859.676	64.6
859.885	64.6
860.094	64.6
860.304	64.6
860.513	64.6
860.722	64.5
860.932	64.5
861.141	64.5
861.35	64.5
861.56	64.5
861.769	64.6
861.978	64.6
862.188	64.6
862.397	64.6
862.607	64.6
862.816	64.6
863.026	64.6
863.235	64.6
863.445	64.7
863.654	64.7
863.864	64.7
864.073	64.7
864.283	64.7
864.492	64.7
864.702	64.8
864.911	64.8
865.121	64.8
865.33	64.8
865.54	64.8
865.75	64.9
865.959	64.9
866.169	64.9
866.379	64.9
866.588	64.9
866.798	65
867.008	65
867.218	65
867.427	65
867.637	65
867.847	65
868.057	65
868.266	65.1
868.476	65.1
868.686	65.1
868.896	65.1
869.106	65.1
869.316	65.2
869.525	65.2
869.735	65.2
869.945	65.2
870.155	65.2
870.365	65.2
870.575	65.2
870.785	65.2
870.995	65.2
871.205	65.2
871.415	65.2
871.625	65.2
871.835	65.2
872.045	65.2
872.255	65.2
872.465	65.2
872.675	65.2
872.886	65.2
873.096	65.2
873.306	65.2
873.516	65.2
873.726	65.2
873.936	65.2
874.147	65.2
874.357	65.2
874.567	65.2
874.777	65.2
874.988	65.2
875.198	65.2
875.408	65.2
875.619	65.2
875.829	65.3
876.039	65.3
876.25	65.3
876.46	65.3
876.67	65.3
876.881	65.3
877.091	65.3
877.302	65.3
877.512	65.3
877.723	65.3
877.933	65.3
878.144	65.3
878.354	65.3
878.565	65.2
878.775	65.2
878.986	65.2
879.197	65.2
879.407	65.1
879.618	65.1
879.829	65.1
880.039	65.1
880.25	65.1
880.461	65
880.671	65
880.882	65
881.093	65
881.304	65
881.515	65
881.725	65
881.936	65
882.147	65
882.358	65
882.569	65
882.78	65
882.991	65
883.202	65
883.413	65
883.624	65
883.835	65
884.046	65
884.257	65
884.468	65
884.679	65.1
884.89	65.1
885.101	65.1
885.312	65.1
885.523	65.1
885.735	65.1
885.946	65.1
886.157	65.1
886.368	65.2
886.579	65.2
886.791	65.2
887.002	65.3
887.213	65.3
887.425	65.3
887.636	65.4
887.847	65.4
888.059	65.5
888.27	65.5
888.481	65.6
888.693	65.6
888.904	65.7
889.116	65.7
889.327	65.7
889.539	65.8
889.75	65.8
889.962	65.8
890.174	65.9
890.385	65.9
890.597	65.9
890.808	66
891.02	66
891.232	66
891.444	66
891.655	66
891.867	66
892.079	66.1
892.291	66.1
892.502	66.1
892.714	66.1
892.926	66.1
893.138	66.1
893.35	66.1
893.562	66.1
893.774	66.1
893.986	66.1
894.198	66.1
894.41	66.1
894.622	66.1
894.834	66.2
895.046	66.1
895.258	66.1
895.47	66.1
895.682	66.1
895.894	66.1
896.106	66.1
896.319	66.2
896.531	66.2
896.743	66.2
896.955	66.2
897.168	66.2
897.38	66.2
897.592	66.2
897.805	66.2
898.017	66.3
898.229	66.3
898.442	66.3
898.654	66.3
898.867	66.3
899.079	66.3
899.292	66.3
899.504	66.3
899.717	66.4
899.929	66.4
900.142	66.4
900.355	66.4
900.567	66.4
900.78	66.4
900.993	66.4
901.205	66.4
901.418	66.4
901.631	66.4
901.844	66.4
902.056	66.4
902.269	66.4
902.482	66.4
902.695	66.4
902.908	66.4
903.121	66.4
903.334	66.4
903.547	66.4
903.76	66.4
903.973	66.4
904.186	66.4
904.399	66.5
904.612	66.4
904.825	66.5
905.038	66.5
905.251	66.5
905.465	66.5
905.678	66.5
905.891	66.5
906.104	66.5
906.318	66.5
906.531	66.5
906.744	66.4
906.958	66.4
907.171	66.4
907.384	66.4
907.598	66.4
907.811	66.3
908.025	66.4
908.238	66.3
908.452	66.3
908.665	66.3
908.879	66.3
909.093	66.3
909.306	66.3
909.52	66.3
909.734	66.3
909.947	66.3
910.161	66.3
910.375	66.3
910.589	66.3
910.803	66.4
911.016	66.4
911.23	66.4
911.444	66.4
911.658	66.4
911.872	66.5
912.086	66.4
912.3	66.5
912.514	66.5
912.728	66.5
912.942	66.4
913.156	66.4
913.37	66.5
913.585	66.5
913.799	66.4
914.013	66.4
914.227	66.5
914.442	66.5
914.656	66.5
914.87	66.5
915.084	66.5
915.299	66.5
915.513	66.5
915.728	66.6
915.942	66.6
916.157	66.6
916.371	66.6
916.586	66.7
916.8	66.7
917.015	66.7
917.229	66.6
917.444	66.6
917.659	66.6
917.874	66.6
918.088	66.6
918.303	66.6
918.518	66.6
918.733	66.6
918.947	66.6
919.162	66.6
919.377	66.6
919.592	66.6
919.807	66.6
920.022	66.6
920.237	66.6
920.452	66.6
920.667	66.6
920.882	66.6
921.097	66.6
921.313	66.6
921.528	66.6
921.743	66.7
921.958	66.7
922.174	66.7
922.389	66.7
922.604	66.7
922.82	66.7
923.035	66.6
923.25	66.6
923.466	66.7
923.681	66.7
923.897	66.7
924.112	66.7
924.328	66.7
924.544	66.7
924.759	66.7
924.975	66.7
925.19	66.7
925.406	66.7
925.622	66.8
925.838	66.8
926.054	66.8
926.269	66.8
926.485	66.9
926.701	66.9
926.917	66.9
927.133	66.8
927.349	66.8
927.565	66.8
927.781	66.9
927.997	66.9
928.213	66.9
928.429	67
928.646	67
928.862	67
929.078	67
929.294	67
929.511	67.1
929.727	67.1
929.943	67.1
930.16	67.1
930.376	67.2
930.592	67.2
930.809	67.1
931.025	67.2
931.242	67.2
931.459	67.2
931.675	67.3
931.892	67.3
932.108	67.3
932.325	67.4
932.542	67.3
932.759	67.4
932.975	67.4
933.192	67.4
933.409	67.4
933.626	67.4
933.843	67.4
934.06	67.3
934.277	67.3
934.494	67.2
934.711	67.2
934.928	67.1
935.145	67
935.362	67
935.58	66.9
935.797	66.9
936.014	66.8
936.231	66.7
936.449	66.7
936.666	66.5
936.883	66.4
937.101	66.3
937.318	66.2
937.536	66.1
937.753	66
937.971	66
938.188	65.9
938.406	65.9
938.624	65.8
938.841	65.8
939.059	65.7
939.277	65.6
939.494	65.5
939.712	65.5
939.93	65.4
