290.982 69.225
291.167 69.548
291.352 68.369
291.537 67.540
291.722 67.123
291.907 67.003
292.091 65.853
292.276 64.332
292.461 63.878
292.646 64.290
292.831 66.452
293.016 66.031
293.201 65.851
293.386 65.784
293.571 65.289
293.756 64.949
293.940 63.846
294.125 62.510
294.310 61.074
294.495 59.732
294.680 58.753
294.865 59.308
295.050 58.613
295.235 58.372
295.420 58.331
295.605 58.158
295.789 57.819
295.974 58.145
296.159 59.330
296.344 59.301
296.529 58.764
296.714 58.520
296.899 58.756
297.084 58.417
297.269 58.092
297.454 57.803
297.638 57.807
297.823 58.707
298.008 58.839
298.193 58.780
298.378 58.874
298.563 58.681
298.748 57.453
298.933 56.728
299.118 57.147
299.303 56.949
299.487 56.518
299.672 56.293
299.857 56.216
300.042 56.115
300.227 56.130
300.412 55.718
300.597 55.281
300.782 55.205
300.967 55.476
301.152 55.750
301.336 55.775
301.521 56.215
301.706 55.495
301.891 56.385
302.076 56.829
302.261 55.925
302.446 55.346
302.631 55.156
302.816 55.262
303.001 54.722
303.185 54.484
303.370 54.934
303.555 55.103
303.740 54.982
303.925 54.817
304.110 54.480
304.295 54.081
304.480 53.486
304.665 52.885
304.850 52.430
305.034 51.806
305.219 50.985
305.404 49.547
305.589 48.617
305.774 47.132
305.959 46.617
306.144 47.261
306.329 47.556
306.514 47.928
306.699 48.046
306.883 47.582
307.068 47.098
307.253 46.198
307.438 45.380
307.623 45.681
307.808 45.897
307.993 46.062
308.178 46.107
308.363 46.100
308.548 46.111
308.732 46.327
308.917 45.711
309.102 45.128
309.287 45.179
309.472 45.159
309.657 45.038
309.842 44.946
310.027 44.915
310.212 44.713
310.397 44.250
310.581 43.963
310.766 44.364
310.951 44.461
311.136 44.273
311.321 45.003
311.506 44.978
311.691 44.458
311.876 44.115
312.061 43.628
312.245 43.148
312.430 42.701
312.615 41.712
312.800 41.774
312.985 41.982
313.170 42.177
313.347 42.535
313.523 42.319
313.700 42.161
313.877 41.926
314.054 41.753
314.230 41.763
314.407 41.719
314.584 41.290
314.761 40.823
314.937 40.673
315.114 39.727
315.291 38.830
315.467 38.349
315.644 38.093
315.821 38.078
315.998 38.170
316.174 38.162
316.351 38.665
316.528 38.816
316.704 39.075
316.881 38.745
317.058 38.325
317.235 38.601
317.411 38.299
317.588 37.794
317.765 37.676
317.942 37.142
318.118 36.542
318.295 36.436
318.472 36.876
318.648 37.219
318.825 37.093
319.002 37.371
319.179 37.461
319.355 37.259
319.532 37.509
319.709 37.676
319.885 37.391
320.062 36.849
320.239 36.547
320.416 36.115
320.592 35.919
320.769 35.740
320.946 35.303
321.123 35.067
321.299 35.238
321.476 35.090
321.653 35.239
321.829 35.719
322.006 35.823
322.183 35.520
322.360 35.426
322.536 36.142
322.713 35.777
322.890 35.067
323.066 35.214
323.243 35.188
323.420 34.934
323.597 34.613
323.773 34.590
323.950 34.331
324.127 34.108
324.304 34.051
324.480 34.020
324.657 33.769
324.834 33.685
325.010 33.411
325.187 33.212
325.364 32.952
325.541 32.674
325.717 32.617
325.894 32.462
326.071 32.013
326.248 31.074
326.424 30.746
326.601 30.866
326.778 30.551
326.954 30.129
327.131 29.905
327.308 29.811
327.485 29.496
327.661 29.068
327.838 28.836
328.015 29.047
328.191 29.029
328.368 28.934
328.545 28.720
328.722 28.825
328.898 29.012
329.075 28.964
329.252 28.677
329.429 28.593
329.605 28.747
329.782 28.655
329.959 28.575
330.135 28.585
330.312 28.500
330.489 28.282
330.666 27.957
330.842 27.819
331.019 27.814
331.196 27.819
331.372 27.853
331.549 27.617
331.726 26.864
331.903 26.582
332.079 26.600
332.256 26.627
332.433 26.736
332.610 26.513
332.786 26.380
332.963 26.721
333.140 26.430
333.316 25.920
333.493 25.654
333.670 25.489
333.847 25.310
334.023 25.028
334.200 25.012
334.377 25.179
334.553 25.120
334.730 25.154
334.907 25.016
335.084 24.972
335.260 25.117
335.437 25.184
335.614 24.867
335.791 24.641
335.967 24.571
336.144 24.065
336.321 23.889
336.497 24.048
336.674 23.910
336.851 23.776
337.028 23.736
337.204 23.885
337.381 24.188
337.558 24.091
337.734 23.878
337.911 23.598
338.088 23.510
338.265 23.550
338.441 23.330
338.618 23.034
338.795 22.952
338.972 22.894
339.148 22.804
339.325 22.840
339.502 22.810
339.678 22.552
339.855 22.375
340.032 22.280
340.209 22.075
340.385 21.760
340.562 21.641
340.739 21.686
340.916 21.645
341.092 21.367
341.269 21.504
341.446 21.714
341.622 21.765
341.799 21.425
341.976 21.043
342.153 20.911
342.329 20.930
342.506 20.709
342.683 20.602
342.859 20.594
343.036 20.399
343.213 20.244
343.390 20.289
343.566 20.144
343.743 20.038
343.920 20.056
344.097 19.889
344.273 19.735
344.450 19.603
344.627 19.439
344.803 19.176
344.980 19.020
345.157 19.035
345.334 18.995
345.510 18.962
345.687 18.890
345.864 18.545
346.040 18.465
346.217 18.755
346.394 18.793
346.571 18.964
346.747 18.969
346.924 18.790
347.101 18.837
347.278 19.077
347.454 19.063
347.631 18.638
347.808 18.384
347.984 18.348
348.161 18.217
348.338 18.114
348.515 18.087
348.691 17.923
348.868 17.783
349.045 17.607
349.221 17.552
349.398 17.470
349.575 17.717
349.752 17.737
349.928 17.405
350.105 17.386
350.282 17.332
350.459 17.307
350.635 17.339
350.812 17.176
350.989 16.988
351.165 16.892
351.342 16.967
351.519 17.027
351.696 17.047
351.872 17.157
352.049 17.102
352.226 16.892
352.402 16.628
352.579 16.430
352.756 16.357
352.933 16.163
353.109 16.129
353.286 15.901
353.463 15.798
353.640 15.902
353.816 15.660
353.993 15.409
354.170 15.252
354.346 15.231
354.523 15.199
354.700 15.219
354.877 15.241
355.053 15.156
355.230 15.089
355.407 14.970
355.584 14.905
355.760 14.804
355.937 14.840
356.114 15.024
356.290 15.058
356.467 15.033
356.644 15.212
356.821 15.279
356.997 15.435
357.174 15.528
357.351 15.431
357.527 15.424
357.704 15.263
357.881 15.250
358.058 15.203
358.234 15.082
358.411 14.867
358.588 14.701
358.765 14.684
358.941 14.667
359.118 14.642
359.295 14.636
359.471 14.728
359.648 14.723
359.825 14.564
360.002 14.477
360.178 14.309
360.355 14.061
360.532 13.987
360.708 13.801
360.885 13.576
361.062 13.547
361.239 13.526
361.415 13.444
361.592 13.430
361.769 13.417
361.946 13.479
362.122 13.391
362.299 13.434
362.476 13.365
362.652 13.131
362.829 13.057
363.006 12.962
363.183 12.760
363.359 12.633
363.536 12.561
363.713 12.450
363.889 12.454
364.066 12.570
364.243 12.618
364.420 12.631
364.596 12.690
364.773 12.634
364.950 12.567
365.127 12.587
365.303 12.502
365.480 12.328
365.661 12.185
365.841 12.238
366.022 12.145
366.202 12.095
366.383 12.063
366.563 11.897
366.744 11.840
366.924 11.865
367.105 11.923
367.286 11.900
367.466 11.855
367.647 11.876
367.827 11.640
368.008 11.433
368.188 11.374
368.369 11.184
368.549 11.050
368.730 10.915
368.911 10.868
369.091 10.976
369.272 10.997
369.452 10.845
369.633 10.741
369.813 10.736
369.994 10.648
370.174 10.632
370.355 10.767
370.535 10.847
370.716 10.864
370.897 10.776
371.077 10.690
371.258 10.661
371.438 10.602
371.619 10.721
371.799 10.777
371.980 10.685
372.160 10.657
372.341 10.668
372.522 10.694
372.702 10.728
372.883 10.547
373.063 10.466
373.244 10.532
373.424 10.564
373.605 10.553
373.785 10.533
373.966 10.587
374.147 10.608
374.327 10.597
374.508 10.549
374.688 10.519
374.869 10.566
375.049 10.623
375.230 10.572
375.410 10.487
375.591 10.346
375.772 10.298
375.952 10.323
376.133 10.209
376.313 10.199
376.494 10.194
376.674 10.202
376.855 10.235
377.035 10.226
377.216 10.136
377.397 10.001
377.577 9.952
377.758 9.916
377.938 9.794
378.119 9.475
378.299 9.309
378.480 9.273
378.660 9.206
378.841 9.057
379.021 8.984
379.202 8.990
379.383 8.966
379.563 8.865
379.744 8.738
379.924 8.695
380.105 8.571
380.285 8.476
380.466 8.506
380.646 8.440
380.827 8.323
381.008 8.314
381.188 8.299
381.369 8.268
381.549 8.193
381.730 8.116
381.910 8.228
382.091 8.334
382.271 8.311
382.452 8.285
382.633 8.314
382.813 8.345
382.994 8.271
383.174 8.278
383.355 8.344
383.535 8.371
383.716 8.363
383.896 8.335
384.077 8.284
384.258 8.140
384.438 8.121
384.619 8.127
384.799 8.042
384.980 8.040
385.160 8.019
385.341 7.979
385.521 7.960
385.702 7.833
385.882 7.710
386.063 7.670
386.244 7.599
386.424 7.527
386.605 7.463
386.785 7.457
386.966 7.460
387.146 7.463
387.327 7.420
387.507 7.411
387.688 7.374
387.869 7.328
388.049 7.324
388.230 7.293
388.410 7.285
388.591 7.265
388.771 7.159
388.952 7.108
389.132 7.108
389.313 7.079
389.494 7.151
389.674 7.155
389.855 7.085
390.035 7.069
390.216 7.051
390.396 7.049
390.577 7.036
390.757 6.999
390.938 6.948
391.119 6.931
391.299 6.869
391.480 6.867
391.660 6.839
391.841 6.795
392.021 6.779
392.202 6.729
392.382 6.734
392.563 6.774
392.743 6.777
392.924 6.752
393.105 6.674
393.285 6.599
393.466 6.592
393.646 6.611
393.827 6.600
394.007 6.606
394.188 6.583
394.368 6.631
394.549 6.664
394.730 6.573
394.910 6.533
395.091 6.542
395.271 6.521
395.452 6.504
395.632 6.509
395.813 6.550
395.993 6.622
396.174 6.609
396.355 6.584
396.535 6.515
396.716 6.442
396.896 6.479
397.077 6.480
397.257 6.454
397.438 6.452
397.618 6.449
397.799 6.405
397.980 6.364
398.160 6.262
398.341 6.217
398.521 6.242
398.702 6.258
398.882 6.243
399.063 6.217
399.243 6.199
399.424 6.205
399.605 6.188
399.785 6.087
399.966 6.050
400.146 6.029
400.327 6.034
400.507 6.065
400.688 6.084
400.868 6.093
401.049 6.086
401.229 6.056
401.410 6.055
401.591 6.088
401.771 6.120
401.952 6.128
402.132 6.117
402.313 6.069
402.493 6.047
402.674 6.055
402.854 6.035
403.035 6.003
403.216 5.937
403.396 5.857
403.577 5.840
403.757 5.823
403.938 5.829
404.118 5.843
404.299 5.795
404.479 5.755
404.660 5.710
404.841 5.655
405.023 5.652
405.204 5.687
405.385 5.688
405.566 5.682
405.748 5.661
405.929 5.597
406.110 5.585
406.292 5.544
406.473 5.500
406.654 5.485
406.835 5.465
407.017 5.460
407.198 5.436
407.379 5.434
407.560 5.439
407.742 5.446
407.923 5.472
408.104 5.501
408.286 5.463
408.467 5.423
408.648 5.435
408.829 5.447
409.011 5.406
409.192 5.360
409.373 5.322
409.555 5.310
409.736 5.302
409.917 5.288
410.098 5.285
410.280 5.306
410.461 5.350
410.642 5.384
410.823 5.400
411.005 5.423
411.186 5.430
411.367 5.448
411.549 5.412
411.730 5.353
411.911 5.339
412.092 5.337
412.274 5.351
412.455 5.353
412.636 5.330
412.818 5.298
412.999 5.276
413.180 5.258
413.361 5.239
413.543 5.233
413.724 5.262
413.905 5.291
414.087 5.270
414.268 5.208
414.449 5.188
414.630 5.175
414.812 5.190
414.993 5.180
415.174 5.122
415.355 5.087
415.537 5.075
415.718 5.063
415.899 5.062
416.081 5.023
416.262 4.974
416.443 4.945
416.624 4.931
416.806 4.936
416.987 4.936
417.168 4.949
417.350 4.926
417.531 4.880
417.712 4.815
417.893 4.790
418.075 4.820
418.256 4.808
418.437 4.808
418.618 4.802
418.800 4.795
418.981 4.794
419.162 4.799
419.344 4.799
419.525 4.782
419.706 4.778
419.887 4.787
420.069 4.783
420.250 4.790
420.431 4.785
420.613 4.761
420.794 4.732
420.975 4.687
421.156 4.681
421.338 4.697
421.519 4.715
421.700 4.685
421.882 4.654
422.063 4.648
422.244 4.657
422.425 4.684
422.607 4.690
422.788 4.671
422.969 4.658
423.150 4.643
423.332 4.635
423.513 4.625
423.694 4.634
423.876 4.665
424.057 4.671
424.238 4.665
424.419 4.672
424.601 4.669
424.782 4.685
424.963 4.679
425.145 4.655
425.326 4.644
425.507 4.663
425.688 4.647
425.870 4.613
426.051 4.560
426.232 4.484
426.413 4.452
426.595 4.445
426.776 4.416
426.957 4.401
427.139 4.388
427.320 4.372
427.501 4.350
427.682 4.313
427.864 4.281
428.045 4.254
428.226 4.234
428.408 4.233
428.589 4.207
428.770 4.208
428.951 4.213
429.133 4.191
429.314 4.169
429.495 4.167
429.677 4.190
429.858 4.200
430.039 4.206
430.220 4.195
430.402 4.210
430.583 4.240
430.764 4.234
430.945 4.218
431.127 4.202
431.308 4.186
431.489 4.183
431.671 4.168
431.852 4.161
432.033 4.164
432.214 4.145
432.396 4.131
432.577 4.150
432.758 4.177
432.940 4.208
433.121 4.208
433.302 4.204
433.483 4.195
433.665 4.179
433.846 4.165
434.027 4.176
434.208 4.182
434.390 4.178
434.571 4.186
434.752 4.209
434.934 4.232
435.115 4.244
435.296 4.229
435.477 4.236
435.659 4.239
435.840 4.233
436.030 4.258
436.220 4.268
436.410 4.245
436.600 4.219
436.790 4.209
436.980 4.209
437.170 4.220
437.360 4.211
437.550 4.213
437.741 4.229
437.931 4.221
438.121 4.208
438.311 4.194
438.501 4.174
438.691 4.149
438.881 4.115
439.071 4.082
439.261 4.084
439.451 4.093
439.641 4.099
439.831 4.101
440.021 4.084
440.211 4.069
440.401 4.053
440.591 4.042
440.781 4.029
440.971 4.019
441.161 4.006
441.351 4.014
441.542 4.016
441.732 3.983
441.922 3.956
442.112 3.933
442.302 3.927
442.492 3.943
442.682 3.946
442.872 3.947
443.062 3.938
443.252 3.929
443.442 3.917
443.632 3.899
443.822 3.866
444.012 3.846
444.202 3.849
444.392 3.849
444.582 3.830
444.772 3.809
444.962 3.797
445.153 3.782
445.343 3.765
445.533 3.756
445.723 3.765
445.913 3.779
446.103 3.790
446.293 3.797
446.483 3.784
446.673 3.781
446.863 3.782
447.053 3.807
447.243 3.811
447.433 3.804
447.623 3.802
447.813 3.787
448.003 3.780
448.193 3.775
448.383 3.774
448.573 3.780
448.764 3.783
448.954 3.789
449.144 3.800
449.334 3.794
449.524 3.786
449.714 3.774
449.904 3.759
450.094 3.751
450.284 3.732
450.474 3.701
450.664 3.686
450.854 3.695
451.044 3.676
451.234 3.669
451.424 3.674
451.614 3.674
451.804 3.693
451.994 3.697
452.184 3.699
452.375 3.702
452.565 3.713
452.755 3.719
452.945 3.717
453.135 3.702
453.325 3.711
453.515 3.718
453.705 3.707
453.895 3.696
454.085 3.689
454.275 3.683
454.465 3.690
454.655 3.704
454.845 3.706
455.035 3.700
455.225 3.683
455.415 3.676
455.605 3.673
455.795 3.662
455.985 3.653
456.176 3.653
456.366 3.640
456.556 3.620
456.746 3.604
456.936 3.586
457.126 3.570
457.316 3.542
457.506 3.525
457.696 3.525
457.886 3.535
458.076 3.546
458.266 3.556
458.456 3.555
458.646 3.533
458.836 3.506
459.026 3.513
459.216 3.527
459.406 3.504
459.596 3.495
459.787 3.496
459.977 3.494
460.167 3.470
460.357 3.479
460.547 3.491
460.737 3.492
460.927 3.506
461.117 3.527
461.307 3.550
461.497 3.541
461.687 3.532
461.877 3.526
462.067 3.520
462.257 3.527
462.447 3.538
462.637 3.546
462.827 3.559
463.017 3.553
463.207 3.542
463.397 3.553
463.588 3.559
463.778 3.554
463.968 3.546
464.158 3.559
464.348 3.547
464.538 3.529
464.728 3.524
464.918 3.518
465.108 3.503
465.298 3.477
465.488 3.486
465.678 3.504
465.868 3.502
466.058 3.496
466.248 3.483
466.438 3.468
466.628 3.455
466.818 3.447
467.008 3.443
467.199 3.429
467.389 3.430
467.579 3.433
467.769 3.452
467.959 3.450
468.149 3.432
468.339 3.429
468.529 3.428
468.719 3.417
468.909 3.406
469.099 3.399
469.289 3.401
469.479 3.400
469.669 3.388
469.859 3.384
470.049 3.384
470.239 3.387
470.429 3.396
470.619 3.405
470.810 3.401
471.000 3.407
471.190 3.423
471.380 3.431
471.570 3.422
471.760 3.399
471.950 3.400
472.140 3.409
472.330 3.406
472.520 3.407
472.710 3.420
472.900 3.423
473.090 3.430
473.280 3.433
473.470 3.428
473.660 3.428
473.850 3.429
474.040 3.435
474.230 3.427
474.421 3.422
474.611 3.417
474.801 3.399
474.991 3.381
475.181 3.376
475.371 3.366
475.561 3.362
475.751 3.369
475.941 3.363
476.131 3.355
476.321 3.343
476.511 3.328
476.701 3.318
476.891 3.307
477.081 3.296
477.271 3.294
477.461 3.291
477.651 3.290
477.841 3.295
478.031 3.280
478.222 3.262
478.412 3.254
478.602 3.253
478.792 3.260
478.982 3.266
479.172 3.264
479.362 3.261
479.552 3.266
479.742 3.262
479.932 3.260
480.122 3.259
480.312 3.272
480.502 3.281
480.692 3.284
480.882 3.295
481.072 3.298
481.262 3.299
481.452 3.302
481.642 3.302
481.833 3.304
482.023 3.307
482.213 3.308
482.403 3.303
482.593 3.298
482.783 3.299
482.973 3.295
483.163 3.295
483.353 3.290
483.543 3.274
483.733 3.278
483.923 3.291
484.113 3.289
484.303 3.284
484.493 3.284
484.683 3.275
484.873 3.260
485.063 3.257
485.253 3.253
485.443 3.253
485.634 3.255
485.824 3.243
486.014 3.240
486.204 3.242
486.394 3.247
486.584 3.242
486.774 3.237
486.964 3.239
487.154 3.235
487.344 3.234
487.534 3.238
487.724 3.226
487.914 3.220
488.104 3.226
488.294 3.222
488.484 3.222
488.674 3.233
488.864 3.241
489.054 3.249
489.245 3.249
489.435 3.241
489.625 3.241
489.815 3.253
490.005 3.262
490.195 3.269
490.385 3.273
490.575 3.270
490.765 3.269
490.955 3.268
491.145 3.269
491.335 3.259
491.525 3.256
491.715 3.257
491.905 3.259
492.095 3.252
492.285 3.254
492.475 3.255
492.665 3.241
492.856 3.234
493.046 3.219
493.236 3.215
493.426 3.219
493.616 3.207
493.806 3.191
493.996 3.179
494.186 3.174
494.376 3.172
494.566 3.184
494.756 3.192
494.946 3.188
495.136 3.182
495.326 3.189
495.516 3.185
495.706 3.182
495.896 3.172
496.086 3.173
496.276 3.177
496.467 3.173
496.657 3.177
496.847 3.179
497.037 3.185
497.227 3.178
497.417 3.172
497.607 3.178
497.797 3.184
497.987 3.185
498.177 3.181
498.367 3.174
498.557 3.161
498.747 3.156
498.937 3.167
499.127 3.170
499.317 3.168
499.507 3.170
499.697 3.163
499.887 3.156
500.077 3.152
500.268 3.148
500.458 3.144
500.648 3.146
500.838 3.138
501.028 3.130
501.218 3.130
501.408 3.120
501.598 3.112
501.788 3.107
501.978 3.099
502.168 3.096
502.358 3.104
502.548 3.110
502.738 3.109
502.928 3.097
503.118 3.095
503.308 3.100
503.498 3.096
503.688 3.100
503.879 3.106
504.069 3.104
504.259 3.100
504.449 3.102
504.639 3.101
504.829 3.104
505.019 3.101
505.209 3.106
505.399 3.109
505.589 3.107
505.779 3.103
505.969 3.103
506.159 3.103
506.349 3.089
506.539 3.075
506.729 3.066
506.919 3.061
507.109 3.050
507.299 3.040
507.490 3.040
507.680 3.035
507.870 3.030
508.060 3.023
508.250 3.015
508.440 3.010
508.630 3.003
508.820 3.001
509.010 3.000
509.200 2.989
509.390 2.989
509.580 2.993
509.770 2.993
509.960 2.994
510.150 2.997
510.340 2.997
510.530 2.998
510.720 3.003
510.910 3.027
511.100 3.071
511.291 3.076
511.481 3.083
511.671 3.090
511.861 3.088
512.051 3.093
512.241 3.094
512.431 3.089
512.621 3.089
512.811 3.089
513.001 3.091
513.191 3.095
513.381 3.094
513.571 3.084
513.761 3.084
513.951 3.086
514.141 3.087
514.331 3.095
514.521 3.093
514.711 3.082
514.902 3.057
515.092 3.011
515.282 3.004
515.472 2.996
515.662 2.991
515.852 2.989
516.042 2.984
516.232 2.986
516.422 2.987
516.612 2.989
516.802 2.989
516.992 2.988
517.182 2.994
517.372 3.000
517.562 3.009
517.752 3.012
517.942 3.009
518.132 3.015
518.322 3.023
518.513 3.025
518.703 3.035
518.893 3.039
519.083 3.045
519.273 3.049
519.463 3.051
519.653 3.052
519.843 3.057
520.033 3.062
520.223 3.062
520.413 3.063
520.603 3.058
520.793 3.054
520.983 3.055
521.173 3.057
521.363 3.058
521.553 3.050
521.743 3.039
521.933 3.031
522.123 3.015
522.314 3.002
522.504 3.003
522.694 3.002
522.884 3.001
523.074 3.004
523.264 3.003
523.454 2.996
523.644 2.993
523.834 2.997
524.024 2.996
524.214 2.993
524.404 2.991
524.594 2.993
524.784 2.993
524.974 2.987
525.164 2.981
525.354 2.984
525.544 2.998
525.734 3.008
525.925 3.012
526.115 3.012
526.305 3.008
526.495 3.008
526.685 3.006
526.875 3.008
527.065 3.010
527.255 3.005
527.445 3.005
527.635 3.008
527.825 3.004
528.015 3.007
528.205 3.012
528.395 3.018
528.585 3.017
528.775 3.017
528.965 3.021
529.155 3.024
529.345 3.018
529.535 3.011
529.726 3.009
529.916 3.010
530.106 3.016
530.296 3.019
530.486 3.016
530.676 3.017
530.866 3.010
531.056 3.002
531.246 3.004
531.436 3.004
531.626 2.995
531.816 2.993
532.006 2.988
532.196 2.986
532.386 2.979
532.576 2.975
532.766 2.970
532.956 2.970
533.146 2.968
533.337 2.961
533.527 2.952
533.717 2.948
533.907 2.944
534.097 2.939
534.287 2.937
534.477 2.936
534.667 2.930
534.857 2.933
535.047 2.931
535.237 2.927
535.427 2.932
535.617 2.937
535.807 2.937
535.997 2.939
536.187 2.935
536.377 2.939
536.567 2.945
536.757 2.950
536.948 2.948
537.138 2.944
537.328 2.942
537.518 2.942
537.708 2.937
537.898 2.937
538.088 2.935
538.278 2.934
538.468 2.939
538.658 2.945
538.848 2.942
539.038 2.940
539.228 2.935
539.418 2.933
539.608 2.932
539.798 2.928
539.988 2.923
540.178 2.929
540.368 2.932
540.558 2.932
540.749 2.938
540.939 2.942
541.129 2.946
541.319 2.949
541.509 2.954
541.699 2.958
541.889 2.955
542.079 2.958
542.269 2.966
542.459 2.961
542.649 2.954
542.839 2.960
543.029 2.965
543.219 2.977
543.409 2.982
543.599 2.985
543.789 2.985
543.979 2.986
544.169 2.980
544.360 2.971
544.550 2.971
544.740 2.965
544.930 2.963
545.120 2.960
545.310 2.956
545.500 2.952
545.690 2.954
545.880 2.955
546.070 2.950
546.267 2.938
546.463 2.934
546.660 2.931
546.857 2.924
547.054 2.920
547.251 2.912
547.447 2.908
547.644 2.904
547.841 2.907
548.038 2.907
548.234 2.902
548.431 2.895
548.628 2.885
548.825 2.884
549.021 2.886
549.218 2.881
549.415 2.878
549.612 2.877
549.808 2.876
550.005 2.873
550.202 2.870
550.399 2.876
550.595 2.882
550.792 2.890
550.989 2.890
551.186 2.892
551.382 2.891
551.579 2.890
551.776 2.894
551.973 2.898
552.169 2.903
552.366 2.912
552.563 2.926
552.760 2.931
552.956 2.930
553.153 2.927
553.350 2.926
553.547 2.929
553.743 2.929
553.940 2.932
554.137 2.934
554.334 2.930
554.530 2.927
554.727 2.924
554.924 2.920
555.121 2.919
555.317 2.917
555.514 2.917
555.711 2.915
555.908 2.906
556.104 2.898
556.301 2.892
556.498 2.888
556.695 2.882
556.891 2.883
557.088 2.891
557.285 2.896
557.482 2.900
557.678 2.897
557.875 2.889
558.072 2.880
558.269 2.879
558.465 2.889
558.662 2.894
558.859 2.892
559.056 2.889
559.252 2.886
559.449 2.881
559.646 2.876
559.843 2.873
560.039 2.872
560.236 2.874
560.433 2.874
560.630 2.872
560.826 2.869
561.023 2.863
561.220 2.850
561.417 2.841
561.613 2.841
561.810 2.847
562.007 2.856
562.204 2.861
562.400 2.856
562.597 2.854
562.794 2.850
562.991 2.849
563.187 2.847
563.384 2.845
563.581 2.845
563.778 2.850
563.974 2.858
564.171 2.864
564.368 2.859
564.565 2.860
564.761 2.866
564.958 2.867
565.155 2.867
565.352 2.872
565.548 2.874
565.745 2.876
565.942 2.878
566.139 2.875
566.335 2.876
566.532 2.881
566.729 2.882
566.926 2.884
567.122 2.886
567.319 2.891
567.516 2.896
567.713 2.902
567.909 2.902
568.106 2.900
568.303 2.897
568.500 2.906
568.696 2.908
568.893 2.903
569.090 2.907
569.287 2.906
569.483 2.906
569.680 2.906
569.877 2.903
570.074 2.898
570.270 2.893
570.467 2.893
570.664 2.895
570.861 2.895
571.057 2.900
571.254 2.904
571.451 2.904
571.648 2.909
571.844 2.914
572.041 2.909
572.238 2.912
572.435 2.920
572.631 2.912
572.828 2.913
573.025 2.917
573.222 2.914
573.418 2.917
573.615 2.919
573.812 2.918
574.009 2.920
574.205 2.923
574.402 2.924
574.599 2.923
574.796 2.918
574.992 2.914
575.189 2.908
575.386 2.908
575.583 2.911
575.779 2.908
575.976 2.903
576.173 2.905
576.370 2.902
576.567 2.891
576.763 2.893
576.960 2.892
577.158 2.888
577.356 2.885
577.554 2.887
577.752 2.886
577.950 2.884
578.148 2.882
578.346 2.882
578.544 2.888
578.742 2.889
578.940 2.891
579.138 2.897
579.336 2.897
579.534 2.890
579.732 2.886
579.930 2.882
580.128 2.884
580.326 2.888
580.524 2.880
580.722 2.878
580.920 2.880
581.118 2.884
581.316 2.886
581.514 2.887
581.712 2.883
581.909 2.879
582.107 2.874
582.305 2.874
582.503 2.876
582.701 2.872
582.899 2.871
583.097 2.870
583.295 2.865
583.493 2.863
583.691 2.865
583.889 2.864
584.087 2.860
584.285 2.853
584.483 2.853
584.681 2.865
584.879 2.870
585.077 2.867
585.275 2.860
585.473 2.859
585.671 2.859
585.869 2.860
586.067 2.863
586.265 2.866
586.463 2.862
586.661 2.854
586.859 2.853
587.057 2.855
587.255 2.853
587.453 2.856
587.651 2.859
587.849 2.862
588.047 2.865
588.245 2.872
588.443 2.878
588.641 2.879
588.839 2.874
589.037 2.868
589.235 2.867
589.433 2.866
589.631 2.865
589.829 2.862
590.027 2.860
590.225 2.855
590.423 2.855
590.621 2.858
590.819 2.861
591.017 2.863
591.215 2.862
591.413 2.863
591.611 2.860
591.809 2.859
592.006 2.852
592.204 2.851
592.402 2.853
592.600 2.850
592.798 2.848
592.996 2.852
593.194 2.857
593.392 2.863
593.590 2.868
593.788 2.867
593.986 2.868
594.184 2.867
594.382 2.869
594.580 2.867
594.778 2.861
594.976 2.854
595.174 2.851
595.372 2.852
595.570 2.854
595.768 2.852
595.966 2.847
596.164 2.849
596.362 2.845
596.560 2.841
596.758 2.849
596.956 2.849
597.154 2.847
597.352 2.844
597.550 2.835
597.748 2.826
597.946 2.826
598.144 2.822
598.342 2.822
598.540 2.825
598.738 2.829
598.936 2.835
599.134 2.839
599.332 2.845
599.530 2.851
599.728 2.845
599.926 2.841
600.124 2.850
600.322 2.851
600.520 2.847
600.718 2.846
600.916 2.842
601.114 2.842
601.312 2.844
601.510 2.847
601.708 2.854
601.905 2.855
602.103 2.857
602.301 2.865
602.499 2.870
602.697 2.868
602.895 2.867
603.093 2.869
603.291 2.866
603.489 2.857
603.687 2.851
603.885 2.860
604.083 2.864
604.281 2.855
604.479 2.853
604.677 2.857
604.875 2.858
605.073 2.865
605.271 2.884
605.469 2.879
605.667 2.875
605.865 2.875
606.063 2.878
606.261 2.875
606.459 2.870
606.657 2.864
606.855 2.865
607.053 2.861
607.251 2.859
607.449 2.863
607.647 2.867
607.845 2.867
608.043 2.865
608.241 2.863
608.439 2.866
608.637 2.867
608.835 2.873
609.033 2.876
609.231 2.863
609.429 2.842
609.627 2.837
609.825 2.835
610.023 2.832
610.221 2.833
610.419 2.836
610.617 2.838
610.815 2.842
611.013 2.846
611.211 2.854
611.409 2.857
611.607 2.853
611.804 2.847
612.002 2.843
612.200 2.844
612.398 2.848
612.596 2.852
612.794 2.855
612.992 2.852
613.190 2.854
613.388 2.859
613.586 2.860
613.784 2.861
613.982 2.860
614.180 2.859
614.378 2.859
614.576 2.851
614.774 2.848
614.972 2.843
615.170 2.835
615.368 2.826
615.566 2.823
615.764 2.825
615.962 2.827
616.160 2.825
616.358 2.818
616.556 2.813
616.754 2.804
616.952 2.798
617.150 2.794
617.348 2.788
617.546 2.784
617.744 2.781
617.942 2.785
618.140 2.790
618.338 2.788
618.536 2.781
618.734 2.781
618.932 2.786
619.130 2.789
619.328 2.794
619.526 2.803
619.724 2.804
619.922 2.806
620.120 2.809
620.318 2.808
620.516 2.808
620.714 2.817
620.912 2.829
621.110 2.827
621.308 2.829
621.506 2.832
621.704 2.835
621.901 2.833
622.099 2.830
622.297 2.833
622.495 2.836
622.693 2.840
622.891 2.840
623.089 2.839
623.287 2.841
623.485 2.841
623.683 2.838
623.881 2.842
624.079 2.842
624.277 2.842
624.475 2.846
624.673 2.846
624.871 2.840
625.069 2.830
625.267 2.836
625.465 2.841
625.663 2.844
625.861 2.838
626.059 2.840
626.257 2.842
626.455 2.841
626.653 2.842
626.851 2.851
627.049 2.858
627.247 2.853
627.445 2.847
627.643 2.840
627.841 2.833
628.039 2.827
628.237 2.823
628.435 2.825
628.633 2.823
628.831 2.825
629.029 2.825
629.227 2.824
629.425 2.822
629.623 2.823
629.821 2.824
630.019 2.826
630.217 2.823
630.415 2.823
630.613 2.824
630.811 2.831
631.009 2.828
631.207 2.825
631.405 2.832
631.603 2.836
631.801 2.846
631.998 2.858
632.196 2.864
632.394 2.863
632.592 2.864
632.790 2.868
632.988 2.864
633.186 2.865
633.384 2.866
633.582 2.856
633.780 2.844
633.978 2.841
634.176 2.849
634.374 2.849
634.572 2.843
634.770 2.838
634.968 2.830
635.166 2.825
635.364 2.824
635.562 2.818
635.760 2.817
635.958 2.816
636.156 2.813
636.354 2.813
636.552 2.813
636.750 2.810
636.948 2.809
637.146 2.893
637.344 3.030
637.542 3.032
637.740 3.040
637.938 3.047
638.136 3.040
638.334 3.035
638.532 3.043
638.730 3.053
638.928 3.054
639.126 3.052
639.324 3.053
639.522 3.049
639.720 3.070
639.918 3.102
640.116 3.102
640.314 3.097
640.512 3.094
640.710 3.096
640.908 3.097
641.106 3.096
641.304 3.016
641.502 2.876
641.699 2.875
641.897 2.873
642.095 2.872
642.293 2.874
642.491 2.869
642.689 2.864
642.887 2.862
643.085 2.867
643.283 2.872
643.481 2.873
643.679 2.876
643.877 2.855
644.075 2.821
644.273 2.817
644.471 2.819
644.669 2.822
644.867 2.828
645.065 2.835
645.263 2.837
645.461 2.836
645.659 2.833
645.857 2.829
646.055 2.830
646.253 2.839
646.451 2.850
646.649 2.862
646.847 2.869
647.045 2.870
647.243 2.873
647.441 2.879
647.639 2.880
647.837 2.881
648.035 2.893
648.233 2.896
648.431 2.898
648.629 2.900
648.827 2.902
649.025 2.903
649.223 2.894
649.421 2.891
649.619 2.891
649.817 2.896
650.015 2.900
650.213 2.902
650.411 2.897
650.609 2.886
650.807 2.882
651.005 2.875
651.203 2.871
651.401 2.866
651.599 2.855
651.796 2.852
651.994 2.851
652.192 2.843
652.390 2.844
652.588 2.839
652.786 2.832
652.984 2.833
653.182 2.826
653.380 2.822
653.578 2.817
653.776 2.814
653.974 2.813
654.172 2.811
654.370 2.809
654.568 2.808
654.766 2.814
654.964 2.814
655.162 2.821
655.360 2.826
655.558 2.819
655.756 2.814
655.954 2.810
656.152 2.807
656.350 2.809
656.548 2.811
656.746 2.818
656.944 2.825
657.142 2.826
657.340 2.824
657.538 2.826
657.736 2.830
657.934 2.831
658.132 2.834
658.330 2.837
658.528 2.831
658.726 2.827
658.924 2.825
659.122 2.825
659.320 2.817
659.518 2.815
659.716 2.826
659.914 2.833
660.112 2.839
660.310 2.843
660.508 2.839
660.706 2.832
660.904 2.830
661.102 2.825
661.300 2.819
661.498 2.823
661.696 2.825
661.893 2.819
662.091 2.822
662.289 2.826
662.487 2.831
662.685 2.837
662.883 2.842
663.081 2.847
663.279 2.844
663.477 2.845
663.675 2.851
663.873 2.854
664.071 2.855
664.269 2.856
664.467 2.863
664.665 2.868
664.863 2.868
665.061 2.871
665.259 2.881
665.457 2.885
665.655 2.887
665.853 2.891
666.051 2.900
666.249 2.900
666.447 2.897
666.645 2.894
666.843 2.894
667.041 2.891
667.239 2.890
667.437 2.897
667.635 2.903
667.833 2.895
668.031 2.889
668.229 2.888
668.427 2.887
668.625 2.878
668.823 2.875
669.021 2.881
669.219 2.879
669.417 2.872
669.615 2.863
669.813 2.860
670.011 2.870
670.209 2.877
670.407 2.876
670.605 2.882
670.803 2.888
671.001 2.883
671.199 2.881
671.397 2.879
671.595 2.874
671.792 2.869
671.990 2.873
672.188 2.878
672.386 2.880
672.584 2.878
672.782 2.872
672.980 2.871
673.178 2.874
673.376 2.878
673.574 2.879
673.772 2.882
673.970 2.876
674.168 2.866
674.366 2.858
674.564 2.864
674.762 2.851
674.960 2.842
675.158 2.856
675.356 2.860
675.554 2.854
675.752 2.847
675.950 2.848
676.148 2.849
676.346 2.849
676.544 2.846
676.742 2.851
676.940 2.864
677.138 2.867
677.336 2.867
677.534 2.862
677.732 2.862
677.930 2.869
678.128 2.878
678.326 2.883
678.524 2.887
678.722 2.878
678.920 2.876
679.118 2.871
679.316 2.862
679.514 2.862
679.712 2.865
679.910 2.869
680.108 2.865
680.306 2.858
680.504 2.858
680.702 2.862
680.900 2.864
681.098 2.856
681.296 2.846
681.494 2.837
681.691 2.843
681.889 2.847
682.087 2.846
682.285 2.837
682.483 2.830
682.681 2.825
682.879 2.831
683.077 2.838
683.275 2.848
683.473 2.861
683.671 2.863
683.869 2.861
684.067 2.857
684.265 2.860
684.463 2.864
684.661 2.865
684.859 2.867
685.057 2.866
685.255 2.869
685.453 2.875
685.651 2.886
685.849 2.890
686.047 2.884
686.245 2.876
686.443 2.879
686.641 2.884
686.839 2.889
687.037 2.891
687.235 2.900
687.433 2.897
687.631 2.882
687.829 2.882
688.027 2.887
688.225 2.888
688.423 2.882
688.621 2.878
688.819 2.869
689.017 2.863
689.215 2.859
689.413 2.863
689.611 2.864
689.809 2.860
690.007 2.855
690.205 2.859
690.403 2.866
690.601 2.870
690.799 2.872
690.997 2.876
691.195 2.879
691.393 2.882
691.591 2.889
691.788 2.892
691.986 2.889
692.184 2.884
692.382 2.888
692.580 2.895
692.778 2.904
692.976 2.914
693.174 2.916
693.372 2.917
693.570 2.917
693.768 2.921
693.966 2.918
694.164 2.919
694.362 2.920
694.560 2.916
694.758 2.908
694.956 2.900
695.154 2.893
695.352 2.887
695.550 2.876
695.748 2.866
695.946 2.874
696.144 2.876
696.342 2.884
696.540 2.887
696.744 2.892
696.948 2.896
697.152 2.898
697.357 2.903
697.561 2.913
697.765 2.917
697.969 2.919
698.173 2.915
698.377 2.908
698.581 2.902
698.786 2.904
698.990 2.912
699.194 2.917
699.398 2.917
699.602 2.918
699.806 2.915
700.010 2.913
700.215 2.912
700.419 2.913
700.623 2.905
700.827 2.908
701.031 2.899
701.235 2.882
701.440 2.871
701.644 2.864
701.848 2.854
702.052 2.853
702.256 2.862
702.460 2.879
702.664 2.893
702.869 2.888
703.073 2.884
703.277 2.882
703.481 2.882
703.685 2.884
703.889 2.886
704.093 2.887
704.298 2.891
704.502 2.884
704.706 2.888
704.910 2.890
705.114 2.875
705.318 2.877
705.522 2.893
705.727 2.906
705.931 2.913
706.135 2.915
706.339 2.913
706.543 2.903
706.747 2.885
706.951 2.875
707.156 2.884
707.360 2.888
707.564 2.887
707.768 2.881
707.972 2.873
708.176 2.870
708.380 2.871
708.585 2.874
708.789 2.881
708.993 2.881
709.197 2.885
709.401 2.891
709.605 2.898
709.810 2.891
710.014 2.878
710.218 2.873
710.422 2.875
710.626 2.871
710.830 2.865
711.034 2.868
711.239 2.871
711.443 2.867
711.647 2.866
711.851 2.869
712.055 2.883
712.259 2.903
712.463 2.908
712.668 2.910
712.872 2.902
713.076 2.894
713.280 2.896
713.484 2.892
713.688 2.892
713.892 2.889
714.097 2.888
714.301 2.894
714.505 2.897
714.709 2.901
714.913 2.903
715.117 2.911
715.321 2.922
715.526 2.919
715.730 2.926
715.934 2.929
716.138 2.934
716.342 2.930
716.546 2.919
716.750 2.919
716.955 2.922
717.159 2.931
717.363 2.932
717.567 2.927
717.771 2.935
717.975 2.951
718.180 2.953
718.384 2.956
718.588 2.960
718.792 2.958
718.996 2.953
719.200 2.952
719.404 2.954
719.609 2.950
719.813 2.954
720.017 2.944
720.221 2.940
720.425 2.938
720.629 2.936
720.833 2.932
721.038 2.935
721.242 2.936
721.446 2.932
721.650 2.937
721.854 2.941
722.058 2.945
722.262 2.940
722.467 2.944
722.671 2.951
722.875 2.951
723.079 2.945
723.283 2.944
723.487 2.939
723.691 2.927
723.896 2.926
724.100 2.934
724.304 2.952
724.508 2.961
724.712 2.964
724.916 2.973
725.120 2.974
725.325 2.963
725.529 2.956
725.733 2.955
725.937 2.959
726.141 2.954
726.345 2.942
726.550 2.937
726.754 2.944
726.958 2.939
727.162 2.935
727.366 2.943
727.570 2.946
727.774 2.958
727.979 2.974
728.183 2.976
728.387 2.972
728.591 2.975
728.795 2.971
728.999 2.963
729.203 2.961
729.408 2.965
729.612 2.967
729.816 2.979
730.020 2.983
730.224 2.975
730.428 2.973
730.632 2.982
730.837 2.978
731.041 2.971
731.245 2.968
731.449 2.964
731.653 2.966
731.857 2.975
732.061 2.973
732.266 2.973
732.470 2.978
732.674 2.975
732.878 2.964
733.082 2.979
733.286 2.996
733.490 2.995
733.695 2.999
733.899 3.012
734.103 3.009
734.307 3.010
734.511 3.024
734.715 3.042
734.920 3.047
735.124 3.060
735.328 3.070
735.532 3.080
735.736 3.093
735.940 3.097
736.144 3.099
736.349 3.099
736.553 3.095
736.757 3.093
736.961 3.089
737.165 3.087
737.369 3.080
737.573 3.070
737.778 3.073
737.982 3.075
738.186 3.071
738.390 3.072
738.594 3.074
738.798 3.071
739.002 3.055
739.207 3.047
739.411 3.044
739.615 3.034
739.819 3.033
740.023 3.033
740.227 3.030
740.431 3.023
740.636 3.021
740.840 3.016
741.044 3.014
741.248 3.029
741.452 3.042
741.656 3.042
741.860 3.047
742.065 3.047
742.269 3.048
742.473 3.060
742.677 3.071
742.881 3.074
743.085 3.078
743.290 3.078
743.494 3.077
743.698 3.079
743.902 3.086
744.106 3.092
744.310 3.113
744.514 3.119
744.719 3.115
744.923 3.114
745.127 3.118
745.331 3.126
745.535 3.132
745.739 3.120
745.943 3.121
746.148 3.132
746.352 3.145
746.556 3.141
746.760 3.133
746.964 3.132
747.168 3.130
747.372 3.131
747.577 3.159
747.781 3.178
747.985 3.179
748.189 3.172
748.393 3.156
748.597 3.132
748.801 3.127
749.006 3.139
749.210 3.150
749.414 3.162
749.618 3.173
749.822 3.168
750.026 3.173
750.230 3.163
750.435 3.142
750.639 3.121
750.843 3.122
751.047 3.124
751.251 3.124
751.455 3.133
751.660 3.136
751.864 3.120
752.068 3.102
752.272 3.097
752.476 3.105
752.680 3.118
752.884 3.134
753.089 3.130
753.293 3.124
753.497 3.122
753.701 3.118
753.905 3.109
754.109 3.110
754.313 3.121
754.518 3.135
754.722 3.149
754.926 3.169
755.130 3.183
755.334 3.203
755.538 3.204
755.742 3.192
755.947 3.184
756.151 3.179
756.355 3.175
756.559 3.178
756.763 3.176
756.967 3.165
757.171 3.152
757.376 3.171
757.580 3.188
757.784 3.192
757.988 3.216
758.192 3.245
758.396 3.262
758.600 3.257
758.805 3.253
759.009 3.271
759.213 3.280
759.417 3.274
759.621 3.264
759.825 3.267
760.030 3.272
760.234 3.275
760.438 3.288
760.642 3.296
760.846 3.294
761.050 3.288
761.254 3.295
761.459 3.307
761.663 3.309
761.867 3.304
762.071 3.292
762.275 3.275
762.479 3.254
762.683 3.236
762.888 3.240
763.092 3.247
763.296 3.246
763.500 3.253
763.709 3.276
763.918 3.280
764.126 3.273
764.335 3.284
764.544 3.297
764.753 3.296
764.962 3.298
765.171 3.306
765.379 3.319
765.588 3.334
765.797 3.340
766.006 3.334
766.215 3.340
766.424 3.363
766.632 3.364
766.841 3.357
767.050 3.360
767.259 3.370
767.468 3.373
767.677 3.359
767.885 3.339
768.094 3.325
768.303 3.311
768.512 3.313
768.721 3.312
768.929 3.309
769.138 3.312
769.347 3.319
769.556 3.319
769.765 3.312
769.974 3.296
770.182 3.279
770.391 3.284
770.600 3.290
770.809 3.280
771.018 3.272
771.227 3.259
771.435 3.254
771.644 3.258
771.853 3.261
772.062 3.266
772.271 3.266
772.480 3.268
772.688 3.284
772.897 3.294
773.106 3.293
773.315 3.291
773.524 3.291
773.732 3.295
773.941 3.303
774.150 3.309
774.359 3.316
774.568 3.324
774.777 3.311
774.985 3.295
775.194 3.297
775.403 3.302
775.612 3.332
775.821 3.349
776.030 3.350
776.238 3.364
776.447 3.380
776.656 3.396
776.865 3.396
777.074 3.400
777.283 3.400
777.491 3.408
777.700 3.420
777.909 3.424
778.118 3.413
778.327 3.408
778.535 3.423
778.744 3.442
778.953 3.456
779.162 3.469
779.371 3.469
779.580 3.464
779.788 3.476
779.997 3.474
780.206 3.468
780.415 3.462
780.624 3.451
780.833 3.434
781.041 3.417
781.250 3.418
781.459 3.421
781.668 3.426
781.877 3.423
782.086 3.427
782.294 3.444
782.503 3.462
782.712 3.479
782.921 3.488
783.130 3.493
783.338 3.498
783.547 3.499
783.756 3.521
783.965 3.540
784.174 3.543
784.383 3.540
784.591 3.537
784.800 3.532
785.009 3.527
785.218 3.548
785.427 3.568
785.636 3.576
785.844 3.582
786.053 3.590
786.262 3.605
786.471 3.619
786.680 3.613
786.889 3.613
787.097 3.604
787.306 3.602
787.515 3.600
787.724 3.602
787.933 3.613
788.141 3.597
788.350 3.570
788.559 3.558
788.768 3.556
788.977 3.558
789.186 3.568
789.394 3.585
789.603 3.578
789.812 3.556
790.021 3.554
790.230 3.557
790.439 3.567
790.647 3.568
790.856 3.543
791.065 3.543
791.274 3.554
791.483 3.569
791.692 3.566
791.900 3.560
792.109 3.557
792.318 3.562
792.527 3.576
792.736 3.608
792.944 3.630
793.153 3.642
793.362 3.653
793.571 3.654
793.780 3.657
793.989 3.669
794.197 3.702
794.406 3.704
794.615 3.694
794.824 3.667
795.033 3.666
795.242 3.685
795.450 3.687
795.659 3.695
795.868 3.694
796.077 3.689
796.286 3.697
796.495 3.683
796.703 3.659
796.912 3.663
797.121 3.675
797.330 3.676
797.539 3.667
797.747 3.674
797.956 3.690
798.165 3.695
798.374 3.694
798.583 3.673
798.792 3.677
799.000 3.704
799.209 3.717
799.418 3.711
799.627 3.702
799.836 3.702
800.045 3.698
800.253 3.706
800.462 3.705
800.671 3.711
800.880 3.735
801.089 3.755
801.298 3.772
801.506 3.778
801.715 3.809
801.924 3.839
802.133 3.844
802.342 3.863
802.550 3.848
802.759 3.831
802.968 3.834
803.177 3.833
803.386 3.811
803.595 3.819
803.803 3.837
804.012 3.858
804.221 3.872
804.430 3.879
804.639 3.888
804.848 3.914
805.056 3.934
805.265 3.926
805.474 3.936
805.683 3.938
805.892 3.944
806.101 3.931
806.309 3.913
806.518 3.902
806.727 3.906
806.936 3.951
807.145 3.966
807.353 3.962
807.562 3.963
807.771 3.970
807.980 3.958
808.189 3.948
808.398 3.958
808.606 3.954
808.815 3.947
809.024 3.949
809.233 3.940
809.442 3.922
809.651 3.941
809.859 3.964
810.068 3.977
810.277 3.952
810.486 3.956
810.695 3.970
810.904 3.986
811.112 3.965
811.321 3.939
811.530 3.953
811.740 4.022
811.949 4.122
812.159 4.147
812.368 4.185
812.578 4.199
812.787 4.170
812.997 4.187
813.206 4.222
813.416 4.217
813.625 4.217
813.835 4.233
814.044 4.230
814.254 4.207
814.463 4.191
814.673 4.205
814.882 4.201
815.092 4.212
815.301 4.200
815.511 4.201
815.720 4.212
815.930 4.212
816.139 4.165
816.349 4.058
816.558 4.050
816.768 4.064
816.977 4.046
817.187 4.044
817.396 4.037
817.606 4.017
817.815 4.017
818.025 4.040
818.234 4.068
818.444 4.087
818.653 4.097
818.863 4.117
819.072 4.143
819.282 4.172
819.491 4.175
819.701 4.207
819.910 4.246
820.120 4.265
820.329 4.284
820.539 4.290
820.748 4.307
820.958 4.330
821.167 4.348
821.377 4.375
821.586 4.407
821.796 4.431
822.005 4.440
822.215 4.474
822.424 4.493
822.634 4.467
822.843 4.457
823.053 4.488
823.262 4.489
823.472 4.448
823.681 4.403
823.891 4.384
824.100 4.366
824.310 4.358
824.519 4.363
824.729 4.381
824.938 4.397
825.148 4.410
825.357 4.393
825.567 4.376
825.776 4.391
825.986 4.405
826.195 4.393
826.405 4.392
826.614 4.387
826.824 4.375
827.033 4.395
827.243 4.436
827.452 4.403
827.662 4.401
827.871 4.444
828.081 4.465
828.290 4.486
828.500 4.516
828.709 4.507
828.919 4.469
829.128 4.423
829.338 4.427
829.547 4.457
829.757 4.459
829.966 4.445
830.176 4.461
830.385 4.458
830.595 4.450
830.804 4.437
831.014 4.399
831.223 4.392
831.433 4.418
831.642 4.383
831.852 4.405
832.061 4.454
832.271 4.475
832.480 4.502
832.690 4.512
832.899 4.512
833.109 4.533
833.318 4.587
833.528 4.611
833.737 4.608
833.947 4.594
834.156 4.595
834.366 4.621
834.575 4.622
834.785 4.626
834.994 4.655
835.204 4.722
835.413 4.750
835.623 4.751
835.832 4.724
836.042 4.764
836.251 4.789
836.461 4.782
836.670 4.806
836.880 4.834
837.089 4.855
837.299 4.850
837.508 4.849
837.718 4.839
837.927 4.856
838.137 4.877
838.346 4.887
838.556 4.917
838.765 4.927
838.975 4.922
839.184 4.933
839.394 4.948
839.603 4.955
839.813 4.995
840.022 5.037
840.232 5.074
840.441 5.066
840.651 5.055
840.860 5.006
841.070 4.939
841.279 4.885
841.489 4.890
841.698 4.913
841.908 4.947
842.117 4.989
842.327 5.034
842.536 5.063
842.746 5.084
842.955 5.103
843.165 5.118
843.374 5.107
843.584 5.069
843.793 5.039
844.003 5.006
844.212 4.997
844.422 4.989
844.631 4.957
844.841 4.969
845.050 5.010
845.260 5.065
845.469 5.108
845.679 5.160
845.888 5.224
846.098 5.266
846.307 5.278
846.517 5.273
846.726 5.369
846.936 5.520
847.145 5.562
847.355 5.590
847.564 5.593
847.774 5.613
847.983 5.665
848.193 5.686
848.402 5.684
848.612 5.665
848.821 5.647
849.031 5.650
849.240 5.669
849.450 5.650
849.659 5.620
849.869 5.607
850.078 5.600
850.288 5.538
850.497 5.500
850.707 5.495
850.916 5.487
851.126 5.367
851.335 5.203
851.545 5.182
851.754 5.174
851.964 5.177
852.173 5.179
852.383 5.172
852.592 5.203
852.802 5.262
853.011 5.301
853.221 5.348
853.430 5.412
853.640 5.413
853.849 5.440
854.059 5.497
854.268 5.522
854.478 5.519
854.687 5.516
854.897 5.522
855.106 5.543
855.316 5.568
855.525 5.610
855.735 5.598
855.944 5.548
856.154 5.536
856.363 5.538
856.573 5.556
856.782 5.571
856.992 5.528
857.201 5.463
857.411 5.473
857.620 5.498
857.830 5.481
858.039 5.502
858.249 5.511
858.458 5.495
858.668 5.499
858.877 5.504
859.087 5.533
859.296 5.552
859.506 5.537
859.715 5.533
859.925 5.517
860.134 5.563
860.344 5.629
860.553 5.591
860.763 5.589
860.972 5.602
861.182 5.600
861.391 5.662
861.601 5.759
861.810 5.766
862.020 5.716
862.229 5.709
862.439 5.725
862.648 5.715
862.858 5.692
863.067 5.720
863.277 5.769
863.486 5.789
863.696 5.805
863.905 5.830
864.115 5.833
864.324 5.812
864.534 5.790
864.743 5.837
864.953 5.904
865.162 5.948
865.372 5.988
865.581 6.016
865.791 6.008
866.000 5.979
866.210 6.025
866.419 6.108
866.629 6.175
866.838 6.166
867.048 6.167
867.257 6.189
867.467 6.170
867.676 6.139
867.886 6.155
868.095 6.142
868.305 6.099
868.514 6.136
868.724 6.220
868.933 6.259
869.143 6.227
869.352 6.239
869.562 6.263
869.771 6.283
869.981 6.358
870.190 6.423
870.400 6.442
870.609 6.427
870.819 6.368
871.028 6.373
871.238 6.374
871.447 6.394
871.657 6.414
871.866 6.465
872.076 6.528
872.285 6.547
872.495 6.590
872.704 6.620
872.914 6.603
873.123 6.542
873.333 6.494
873.542 6.504
873.752 6.558
873.961 6.583
874.171 6.645
874.380 6.554
874.590 6.514
874.799 6.608
875.009 6.638
875.218 6.677
875.428 6.648
875.637 6.687
875.847 6.744
876.056 6.757
876.266 6.745
876.475 6.767
876.685 6.764
876.894 6.760
877.104 6.762
877.313 6.732
877.523 6.744
877.732 6.802
877.942 6.832
878.151 6.868
878.361 6.841
878.570 6.709
878.780 6.754
878.989 6.817
879.199 6.776
879.408 6.777
879.618 6.776
879.827 6.801
880.037 6.847
880.246 6.813
880.456 6.780
880.665 6.781
880.875 6.755
881.084 6.712
881.294 6.691
881.503 6.737
881.713 6.817
881.922 6.846
882.132 6.908
882.341 6.908
882.551 6.811
882.760 6.817
882.970 6.908
883.179 6.887
883.389 6.811
883.598 6.753
883.808 6.707
884.017 6.686
884.227 6.668
884.436 6.678
884.646 6.726
884.855 6.734
885.065 6.737
885.274 6.771
885.484 6.848
885.693 6.905
885.903 6.914
886.112 6.893
886.322 6.838
886.531 6.734
886.741 6.675
886.950 6.714
887.160 6.705
887.369 6.668
887.579 6.686
887.788 6.649
887.998 6.603
888.207 6.607
888.417 6.702
888.626 6.721
888.836 6.600
889.045 6.529
889.255 6.548
889.464 6.559
889.674 6.593
889.883 6.569
890.093 6.533
890.302 6.470
890.512 6.460
890.721 6.596
890.931 6.692
891.140 6.760
891.350 6.748
891.559 6.742
891.769 6.783
891.978 6.748
892.188 6.763
892.397 6.858
892.607 6.929
892.816 6.911
893.026 6.911
893.235 6.956
893.445 6.944
893.654 6.934
893.864 6.929
894.073 6.864
894.283 6.835
894.492 6.880
894.702 7.023
894.911 7.093
895.121 7.099
895.330 7.131
895.540 7.223
895.749 7.230
895.959 7.231
896.168 7.253
896.378 7.256
896.587 7.260
896.797 7.259
897.006 7.234
897.216 7.173
897.425 7.123
897.635 7.092
897.844 7.185
898.054 7.279
898.263 7.274
898.473 7.277
898.682 7.327
898.892 7.311
899.101 7.225
899.311 7.177
899.520 7.136
899.730 7.120
899.939 7.006
900.149 6.952
900.358 6.931
900.568 6.866
900.777 6.940
900.987 6.954
901.196 6.914
901.406 6.910
901.615 6.927
901.825 6.955
902.034 7.051
902.244 7.070
902.453 7.053
902.663 7.075
902.872 7.151
903.082 7.138
903.291 7.115
903.501 7.063
903.710 6.994
903.920 6.984
904.129 6.980
904.339 7.085
904.548 7.200
904.758 7.297
904.967 7.373
905.177 7.371
905.386 7.422
905.596 7.440
905.805 7.404
906.015 7.444
906.224 7.464
906.434 7.426
906.643 7.448
906.853 7.452
907.062 7.486
907.272 7.429
907.481 7.394
907.691 7.401
907.900 7.451
908.110 7.435
908.319 7.388
908.529 7.418
908.738 7.338
908.948 7.285
909.157 7.228
909.367 7.150
909.576 7.184
909.786 7.252
909.995 7.281
910.205 7.377
910.414 7.451
910.624 7.485
910.833 7.491
911.043 7.373
911.252 7.401
911.462 7.407
911.672 7.437
911.881 7.538
912.091 7.694
912.300 7.838
912.512 7.924
912.724 7.968
912.937 7.961
913.149 7.921
913.361 7.961
913.573 7.980
913.786 7.999
913.998 7.951
914.210 7.938
914.422 7.937
914.634 7.946
914.847 7.975
915.059 8.008
915.271 8.064
915.483 8.226
915.696 8.284
915.908 8.303
916.120 8.338
916.332 8.313
916.544 8.183
916.757 8.046
916.969 8.054
917.181 8.102
917.393 8.043
917.606 8.119
917.818 8.138
918.030 8.162
918.242 8.151
918.454 8.157
918.667 8.165
918.879 8.262
919.091 8.259
919.303 8.173
919.516 8.126
919.728 8.027
919.940 7.926
920.152 7.979
920.364 8.094
920.577 8.128
920.789 8.040
921.001 7.994
921.213 8.049
921.426 8.151
921.638 8.141
921.850 8.240
922.062 8.329
922.274 8.396
922.487 8.409
922.699 8.496
922.911 8.555
923.123 8.485
923.336 8.351
923.548 8.360
923.760 8.484
923.972 8.549
924.184 8.662
924.397 8.751
924.609 8.675
924.821 8.605
925.033 8.544
925.246 8.620
925.458 8.708
925.670 8.715
925.882 8.698
926.094 8.716
926.307 8.669
926.519 8.664
926.731 8.708
926.943 8.833
927.156 8.894
927.368 9.032
927.580 9.238
927.792 9.403
928.004 9.492
928.217 9.478
928.429 9.513
928.641 9.559
928.853 9.554
929.066 9.584
929.278 9.610
929.490 9.673
929.702 9.741
929.914 9.807
930.127 9.825
930.339 9.765
930.551 9.805
930.763 9.938
930.976 9.963
931.188 10.031
931.400 10.053
931.612 10.104
931.824 10.109
932.037 10.097
932.249 10.211
932.461 10.293
932.673 10.397
932.886 10.472
933.098 10.482
933.310 10.505
933.522 10.431
933.734 10.370
933.947 10.377
934.159 10.514
934.371 10.485
934.583 10.488
934.796 10.616
935.008 10.654
935.220 10.638
935.432 10.564
935.644 10.674
935.857 10.950
936.069 11.002
936.281 11.026
936.493 11.114
936.706 11.182
936.918 11.205
937.130 11.188
937.342 11.235
937.554 11.258
937.767 11.471
937.979 11.908
938.191 12.235
938.403 12.373
938.616 12.513
938.828 12.729
939.040 13.020
939.252 13.368
939.464 13.554
939.677 13.658
939.889 13.852
940.101 13.705
940.313 13.617
940.526 14.009
940.738 14.237
940.950 14.423
941.162 14.454
941.374 14.476
941.587 14.475
941.799 14.536
942.011 14.454
942.223 14.365
942.436 14.185
942.648 14.135
942.860 14.199
943.072 14.298
943.284 14.485
943.497 14.582
943.709 14.532
943.921 14.653
944.133 14.810
944.346 14.891
944.558 14.913
944.770 14.895
944.982 14.780
945.194 14.814
945.407 14.769
945.619 14.693
945.831 14.776
946.043 14.893
946.256 14.860
946.468 15.049
946.680 15.345
946.892 15.502
947.104 15.324
947.317 15.475
947.529 15.703
947.741 15.584
947.953 15.510
948.166 15.307
948.378 15.124
948.590 15.202
948.802 15.502
949.014 15.773
949.227 15.897
949.439 15.866
949.651 15.724
949.863 15.759
950.076 15.946
950.288 15.995
950.500 16.162
950.712 16.656
950.924 17.195
951.137 16.965
951.349 16.683
951.561 16.669
951.773 16.505
951.986 16.320
952.198 16.110
952.410 15.769
952.622 15.682
952.834 16.027
953.047 16.182
953.259 15.738
953.471 15.394
953.683 15.367
953.896 15.405
954.108 15.406
954.320 15.490
954.532 15.262
954.744 14.915
954.957 14.699
955.169 14.391
955.381 13.893
955.593 13.942
955.806 13.959
956.018 14.170
956.230 14.388
956.442 14.409
956.654 14.584
956.867 14.963
957.079 15.089
957.291 14.907
957.503 14.706
957.716 14.695
957.928 14.677
958.140 14.640
958.352 14.590
958.564 14.453
958.777 14.092
958.989 14.099
959.201 14.364
959.413 14.640
959.626 15.045
959.838 15.407
960.050 15.464
960.262 15.784
960.474 15.883
960.687 15.907
960.899 15.904
961.111 15.748
961.323 15.386
961.536 15.404
961.748 15.614
961.960 15.524
962.172 15.469
962.384 15.474
962.597 15.223
962.809 15.263
963.021 15.665
963.233 15.994
963.446 15.884
963.658 15.821
963.870 15.766
964.082 15.454
964.294 15.349
964.507 15.353
964.719 15.337
964.931 15.220
965.143 14.886
965.356 14.815
965.568 15.272
965.780 15.736
966.000 15.734
966.221 15.216
966.441 15.166
966.662 15.394
966.882 15.448
967.103 15.504
967.323 15.462
967.543 14.995
967.764 14.665
967.984 15.014
968.205 15.203
968.425 15.178
968.645 15.025
968.866 14.895
969.086 14.767
969.307 14.377
969.527 14.499
969.748 15.154
969.968 15.136
970.188 15.045
970.409 14.943
970.629 15.208
970.850 15.744
971.070 15.668
971.290 15.734
971.511 16.147
971.731 16.490
971.952 16.792
972.172 17.151
972.393 17.245
972.613 17.248
972.833 17.344
973.054 17.403
973.274 17.511
973.495 17.614
973.715 17.717
973.936 18.091
974.156 18.096
974.376 17.918
974.597 18.174
974.817 18.228
975.038 18.679
975.258 18.823
975.478 18.675
975.699 19.004
975.919 19.122
976.140 18.674
976.360 18.613
976.581 19.004
976.801 19.074
977.021 19.654
977.242 19.833
977.462 19.890
977.683 19.875
977.903 20.030
978.123 20.231
978.344 20.604
978.564 20.763
978.785 20.867
979.005 20.852
979.226 20.677
979.446 20.871
979.666 20.373
979.887 19.740
980.107 19.772
980.328 20.129
980.548 20.273
980.769 20.653
980.989 20.496
981.209 20.089
981.430 19.908
981.650 19.567
981.871 19.603
982.091 19.631
982.311 19.732
982.532 19.869
982.752 19.592
982.973 19.514
983.193 19.703
983.414 19.632
983.634 19.646
983.854 19.754
984.075 19.563
984.295 19.556
984.516 20.214
984.736 20.683
984.956 20.482
985.177 20.360
985.397 20.342
985.618 20.651
985.838 20.859
986.059 20.823
986.279 20.606
986.499 20.628
986.720 20.815
986.940 20.431
987.161 19.954
987.381 19.732
987.602 19.141
987.822 18.502
988.042 18.638
988.263 18.782
988.483 19.435
988.704 19.550
988.924 19.665
989.144 19.434
989.365 18.928
989.585 18.982
989.806 19.156
990.026 19.349
990.247 19.761
990.467 19.826
990.687 20.498
990.908 21.212
991.128 21.182
991.349 20.734
991.569 21.161
991.789 22.296
992.010 23.360
992.230 23.959
992.451 24.480
992.671 24.981
992.892 24.811
993.112 24.234
993.332 24.323
993.553 24.819
993.773 24.859
993.994 25.389
994.214 25.737
994.435 25.204
994.655 24.393
994.875 23.584
995.096 22.459
995.316 21.398
995.537 20.854
995.757 20.860
995.977 21.034
996.198 21.226
996.418 20.430
996.639 19.181
996.859 18.978
997.080 18.797
997.300 18.066
997.520 18.481
997.741 19.072
997.961 19.159
998.182 18.884
998.402 18.689
998.622 18.267
998.843 18.220
999.063 19.730
999.284 20.884
999.504 21.555
999.725 22.718
999.945 23.599
1000.165 23.491
1000.386 23.345
1000.606 24.071
1000.827 24.386
1001.047 24.587
1001.268 24.527
1001.488 24.873
1001.708 26.002
1001.929 26.145
1002.149 25.521
1002.370 25.328
1002.590 25.496
1002.810 25.913
1003.031 26.150
1003.251 26.790
1003.472 27.126
1003.692 26.748
1003.913 27.345
1004.133 26.804
1004.353 26.211
1004.574 26.227
1004.794 26.614
1005.015 26.399
1005.235 25.856
1005.455 26.642
1005.676 26.575
1005.896 26.637
1006.117 26.083
1006.337 24.590
1006.558 24.794
1006.778 25.318
1006.998 24.901
1007.219 23.688
1007.439 22.906
1007.660 23.855
1007.880 24.443
1008.101 24.641
1008.321 24.183
1008.541 23.191
1008.762 23.977
1008.982 23.520
1009.203 23.377
1009.423 23.772
1009.643 23.510
1009.864 22.247
1010.084 20.081
1010.305 19.418
1010.525 19.327
1010.746 19.316
1010.966 19.747
1011.186 19.577
1011.407 19.122
1011.627 18.974
1011.848 19.910
1012.068 20.261
1012.288 18.867
1012.509 16.803
1012.729 14.773
1012.950 13.759
