290.982 64.125
291.167 64.426
291.352 63.262
291.537 62.309
291.722 61.740
291.907 61.512
292.091 60.479
292.276 59.233
292.461 58.804
292.646 59.081
292.831 60.992
293.016 60.368
293.201 59.973
293.386 59.780
293.571 59.227
293.756 58.798
293.940 57.883
294.125 56.760
294.310 55.396
294.495 54.062
294.680 53.244
294.865 53.727
295.050 53.028
295.235 52.708
295.420 52.655
295.605 52.683
295.789 52.513
295.974 52.860
296.159 53.783
296.344 53.632
296.529 53.134
296.714 52.986
296.899 53.258
297.084 53.043
297.269 52.763
297.454 52.614
297.638 52.729
297.823 53.596
298.008 53.787
298.193 53.807
298.378 53.946
298.563 53.709
298.748 52.620
298.933 51.996
299.118 52.587
299.303 52.631
299.487 52.245
299.672 51.981
299.857 51.804
300.042 51.599
300.227 51.665
300.412 51.356
300.597 50.908
300.782 50.863
300.967 51.049
301.152 51.233
301.336 51.147
301.521 51.490
301.706 50.649
301.891 51.173
302.076 51.472
302.261 50.641
302.446 50.149
302.631 50.013
302.816 50.151
303.001 49.624
303.185 49.306
303.370 49.599
303.555 49.702
303.740 49.533
303.925 49.443
304.110 49.185
304.295 48.919
304.480 48.565
304.665 48.108
304.850 47.710
305.034 47.327
305.219 46.693
305.404 45.370
305.589 44.683
305.774 43.415
305.959 42.940
306.144 43.368
306.329 43.609
306.514 43.955
306.699 43.973
306.883 43.526
307.068 43.150
307.253 42.341
307.438 41.657
307.623 42.078
307.808 42.336
307.993 42.529
308.178 42.511
308.363 42.359
308.548 42.271
308.732 42.456
308.917 41.780
309.102 41.147
309.287 41.244
309.472 41.216
309.657 41.098
309.842 40.927
310.027 40.888
310.212 40.645
310.397 40.136
310.581 39.928
310.766 40.253
310.951 40.213
311.136 40.124
311.321 40.749
311.506 40.644
311.691 40.186
311.876 39.846
312.061 39.403
312.245 39.081
312.430 38.718
312.615 37.800
312.800 37.931
312.985 38.189
313.170 38.454
313.347 38.727
313.523 38.539
313.700 38.433
313.877 38.303
314.054 38.166
314.230 38.138
314.407 38.037
314.584 37.654
314.761 37.329
314.937 37.161
315.114 36.279
315.291 35.398
315.467 34.842
315.644 34.556
315.821 34.413
315.998 34.248
316.174 34.138
316.351 34.638
316.528 34.813
316.704 35.029
316.881 34.636
317.058 34.267
317.235 34.492
317.411 34.106
317.588 33.633
317.765 33.541
317.942 33.162
318.118 32.691
318.295 32.602
318.472 33.038
318.648 33.339
318.825 33.215
319.002 33.495
319.179 33.680
319.355 33.488
319.532 33.760
319.709 34.055
319.885 33.872
320.062 33.406
320.239 33.014
320.416 32.547
320.592 32.300
320.769 32.098
320.946 31.650
321.123 31.517
321.299 31.646
321.476 31.433
321.653 31.426
321.829 31.743
322.006 31.776
322.183 31.426
322.360 31.329
322.536 32.036
322.713 31.768
322.890 31.103
323.066 31.312
323.243 31.435
323.420 31.289
323.597 31.021
323.773 30.977
323.950 30.748
324.127 30.597
324.304 30.601
324.480 30.616
324.657 30.432
324.834 30.420
325.010 30.169
325.187 29.946
325.364 29.852
325.541 29.626
325.717 29.582
325.894 29.408
326.071 28.939
326.248 28.043
326.424 27.769
326.601 27.889
326.778 27.515
326.954 26.933
327.131 26.629
327.308 26.545
327.485 26.224
327.661 25.801
327.838 25.619
328.015 25.881
328.191 25.881
328.368 25.853
328.545 25.606
328.722 25.723
328.898 25.985
329.075 25.834
329.252 25.532
329.429 25.393
329.605 25.465
329.782 25.430
329.959 25.362
330.135 25.278
330.312 25.185
330.489 25.006
330.666 24.760
330.842 24.660
331.019 24.620
331.196 24.586
331.372 24.606
331.549 24.369
331.726 23.672
331.903 23.448
332.079 23.428
332.256 23.464
332.433 23.591
332.610 23.378
332.786 23.301
332.963 23.682
333.140 23.487
333.316 23.100
333.493 22.857
333.670 22.734
333.847 22.654
334.023 22.430
334.200 22.500
334.377 22.706
334.553 22.631
334.730 22.695
334.907 22.613
335.084 22.630
335.260 22.817
335.437 22.892
335.614 22.592
335.791 22.468
335.967 22.397
336.144 21.882
336.321 21.713
336.497 21.861
336.674 21.706
336.851 21.602
337.028 21.573
337.204 21.714
337.381 21.953
337.558 21.776
337.734 21.526
337.911 21.221
338.088 21.117
338.265 21.146
338.441 20.968
338.618 20.747
338.795 20.659
338.972 20.575
339.148 20.490
339.325 20.525
339.502 20.436
339.678 20.215
339.855 20.059
340.032 19.978
340.209 19.800
340.385 19.511
340.562 19.330
340.739 19.304
340.916 19.225
341.092 18.974
341.269 19.139
341.446 19.386
341.622 19.437
341.799 19.156
341.976 18.841
342.153 18.684
342.329 18.650
342.506 18.448
342.683 18.312
342.859 18.251
343.036 18.026
343.213 17.812
343.390 17.803
343.566 17.690
343.743 17.586
343.920 17.580
344.097 17.478
344.273 17.418
344.450 17.363
344.627 17.274
344.803 17.052
344.980 16.899
345.157 16.878
345.334 16.819
345.510 16.739
345.687 16.647
345.864 16.343
346.040 16.254
346.217 16.503
346.394 16.546
346.571 16.709
346.747 16.734
346.924 16.613
347.101 16.661
347.278 16.841
347.454 16.840
347.631 16.497
347.808 16.258
347.984 16.221
348.161 16.074
348.338 15.936
348.515 15.887
348.691 15.734
348.868 15.621
349.045 15.461
349.221 15.403
349.398 15.327
349.575 15.562
349.752 15.613
349.928 15.352
350.105 15.337
350.282 15.288
350.459 15.269
350.635 15.295
350.812 15.142
350.989 14.988
351.165 14.918
351.342 14.965
351.519 15.001
351.696 15.026
351.872 15.174
352.049 15.135
352.226 14.948
352.402 14.725
352.579 14.517
352.756 14.464
352.933 14.334
353.109 14.330
353.286 14.140
353.463 14.049
353.640 14.107
353.816 13.898
353.993 13.681
354.170 13.523
354.346 13.477
354.523 13.461
354.700 13.466
354.877 13.457
355.053 13.390
355.230 13.330
355.407 13.202
355.584 13.136
355.760 13.065
355.937 13.099
356.114 13.254
356.290 13.314
356.467 13.317
356.644 13.471
356.821 13.518
356.997 13.630
357.174 13.718
357.351 13.671
357.527 13.691
357.704 13.549
357.881 13.530
358.058 13.518
358.234 13.417
358.411 13.244
358.588 13.097
358.765 13.066
358.941 13.050
359.118 13.008
359.295 12.959
359.471 13.017
359.648 13.019
359.825 12.889
360.002 12.810
360.178 12.643
360.355 12.430
360.532 12.363
360.708 12.192
360.885 11.973
361.062 11.915
361.239 11.873
361.415 11.779
361.592 11.762
361.769 11.722
361.946 11.768
362.122 11.686
362.299 11.741
362.476 11.695
362.652 11.496
362.829 11.439
363.006 11.375
363.183 11.198
363.359 11.064
363.536 10.971
363.713 10.871
363.889 10.871
364.066 10.957
364.243 11.000
364.420 11.010
364.596 11.069
364.773 11.023
364.950 10.962
365.127 11.003
365.303 10.942
365.480 10.819
365.661 10.694
365.841 10.740
366.022 10.648
366.202 10.592
366.383 10.557
366.563 10.428
366.744 10.388
366.924 10.409
367.105 10.511
367.286 10.527
367.466 10.474
367.647 10.483
367.827 10.283
368.008 10.087
368.188 10.011
368.369 9.825
368.549 9.713
368.730 9.600
368.911 9.563
369.091 9.649
369.272 9.662
369.452 9.527
369.633 9.427
369.813 9.410
369.994 9.318
370.174 9.305
370.355 9.437
370.535 9.518
370.716 9.551
370.897 9.446
371.077 9.352
371.258 9.305
371.438 9.230
371.619 9.317
371.799 9.375
371.980 9.317
372.160 9.299
372.341 9.284
372.522 9.299
372.702 9.328
372.883 9.177
373.063 9.117
373.244 9.171
373.424 9.204
373.605 9.219
373.785 9.233
373.966 9.303
374.147 9.292
374.327 9.254
374.508 9.191
374.688 9.162
374.869 9.194
375.049 9.267
375.230 9.258
375.410 9.217
375.591 9.105
375.772 9.058
375.952 9.085
376.133 9.009
376.313 9.014
376.494 9.009
376.674 9.025
376.855 9.036
377.035 9.043
377.216 8.988
377.397 8.863
377.577 8.806
377.758 8.753
377.938 8.649
378.119 8.387
378.299 8.253
378.480 8.226
378.660 8.184
378.841 8.057
379.021 7.986
379.202 7.971
379.383 7.950
379.563 7.849
379.744 7.724
379.924 7.674
380.105 7.550
380.285 7.476
380.466 7.512
380.646 7.461
380.827 7.338
381.008 7.301
381.188 7.274
381.369 7.247
381.549 7.192
381.730 7.126
381.910 7.202
382.091 7.296
382.271 7.294
382.452 7.277
382.633 7.305
382.813 7.319
382.994 7.263
383.174 7.266
383.355 7.325
383.535 7.352
383.716 7.351
383.896 7.328
384.077 7.265
384.258 7.117
384.438 7.081
384.619 7.086
384.799 7.030
384.980 7.045
385.160 7.023
385.341 6.976
385.521 6.958
385.702 6.853
385.882 6.723
386.063 6.664
386.244 6.596
386.424 6.521
386.605 6.474
386.785 6.467
386.966 6.471
387.146 6.497
387.327 6.477
387.507 6.476
387.688 6.439
387.869 6.395
388.049 6.384
388.230 6.364
388.410 6.372
388.591 6.344
388.771 6.234
388.952 6.183
389.132 6.192
389.313 6.181
389.494 6.233
389.674 6.228
389.855 6.166
390.035 6.152
390.216 6.136
390.396 6.122
390.577 6.104
390.757 6.070
390.938 6.006
391.119 5.980
391.299 5.923
391.480 5.922
391.660 5.894
391.841 5.874
392.021 5.871
392.202 5.817
392.382 5.818
392.563 5.856
392.743 5.862
392.924 5.832
393.105 5.741
393.285 5.677
393.466 5.695
393.646 5.708
393.827 5.689
394.007 5.700
394.188 5.686
394.368 5.720
394.549 5.748
394.730 5.666
394.910 5.616
395.091 5.615
395.271 5.600
395.452 5.593
395.632 5.597
395.813 5.639
395.993 5.713
396.174 5.708
396.355 5.685
396.535 5.625
396.716 5.561
396.896 5.599
397.077 5.608
397.257 5.578
397.438 5.585
397.618 5.589
397.799 5.552
397.980 5.520
398.160 5.444
398.341 5.412
398.521 5.438
398.702 5.460
398.882 5.444
399.063 5.417
399.243 5.405
399.424 5.415
399.605 5.394
399.785 5.291
399.966 5.260
400.146 5.242
400.327 5.253
400.507 5.288
400.688 5.306
400.868 5.313
401.049 5.303
401.229 5.273
401.410 5.273
401.591 5.299
401.771 5.323
401.952 5.326
402.132 5.309
402.313 5.276
402.493 5.269
402.674 5.290
402.854 5.272
403.035 5.232
403.216 5.161
403.396 5.088
403.577 5.090
403.757 5.079
403.938 5.085
404.118 5.094
404.299 5.045
404.479 5.013
404.660 4.976
404.841 4.926
405.023 4.931
405.204 4.969
405.385 4.965
405.566 4.960
405.748 4.940
405.929 4.884
406.110 4.867
406.292 4.827
406.473 4.781
406.654 4.774
406.835 4.765
407.017 4.764
407.198 4.750
407.379 4.747
407.560 4.746
407.742 4.756
407.923 4.773
408.104 4.802
408.286 4.772
408.467 4.736
408.648 4.755
408.829 4.767
409.011 4.733
409.192 4.710
409.373 4.678
409.555 4.667
409.736 4.659
409.917 4.643
410.098 4.630
410.280 4.652
410.461 4.691
410.642 4.723
410.823 4.745
411.005 4.762
411.186 4.758
411.367 4.772
411.549 4.741
411.730 4.693
411.911 4.683
412.092 4.677
412.274 4.686
412.455 4.683
412.636 4.667
412.818 4.638
412.999 4.612
413.180 4.601
413.361 4.589
413.543 4.585
413.724 4.615
413.905 4.650
414.087 4.634
414.268 4.579
414.449 4.555
414.630 4.538
414.812 4.555
414.993 4.552
415.174 4.502
415.355 4.475
415.537 4.468
415.718 4.452
415.899 4.455
416.081 4.422
416.262 4.382
416.443 4.356
416.624 4.348
416.806 4.356
416.987 4.355
417.168 4.367
417.350 4.349
417.531 4.311
417.712 4.253
417.893 4.232
418.075 4.256
418.256 4.248
418.437 4.250
418.618 4.242
418.800 4.236
418.981 4.243
419.162 4.247
419.344 4.241
419.525 4.225
419.706 4.221
419.887 4.229
420.069 4.226
420.250 4.232
420.431 4.226
420.613 4.201
420.794 4.179
420.975 4.142
421.156 4.137
421.338 4.155
421.519 4.170
421.700 4.147
421.882 4.124
422.063 4.122
422.244 4.135
422.425 4.167
422.607 4.177
422.788 4.152
422.969 4.139
423.150 4.130
423.332 4.126
423.513 4.119
423.694 4.135
423.876 4.172
424.057 4.183
424.238 4.175
424.419 4.181
424.601 4.176
424.782 4.194
424.963 4.187
425.145 4.165
425.326 4.153
425.507 4.170
425.688 4.159
425.870 4.136
426.051 4.093
426.232 4.027
426.413 3.998
426.595 3.999
426.776 3.977
426.957 3.965
427.139 3.957
427.320 3.941
427.501 3.919
427.682 3.882
427.864 3.850
428.045 3.825
428.226 3.813
428.408 3.814
428.589 3.783
428.770 3.783
428.951 3.793
429.133 3.781
429.314 3.766
429.495 3.767
429.677 3.788
429.858 3.788
430.039 3.788
430.220 3.777
430.402 3.789
430.583 3.816
430.764 3.815
430.945 3.805
431.127 3.797
431.308 3.784
431.489 3.783
431.671 3.768
431.852 3.767
432.033 3.772
432.214 3.759
432.396 3.754
432.577 3.776
432.758 3.800
432.940 3.830
433.121 3.831
433.302 3.826
433.483 3.816
433.665 3.813
433.846 3.808
434.027 3.823
434.208 3.830
434.390 3.824
434.571 3.832
434.752 3.854
434.934 3.877
435.115 3.891
435.296 3.879
435.477 3.888
435.659 3.891
435.840 3.884
436.030 3.904
436.220 3.914
436.410 3.894
436.600 3.873
436.790 3.862
436.980 3.860
437.170 3.872
437.360 3.867
437.550 3.867
437.741 3.879
437.931 3.874
438.121 3.865
438.311 3.854
438.501 3.831
438.691 3.805
438.881 3.771
439.071 3.740
439.261 3.741
439.451 3.750
439.641 3.759
439.831 3.766
440.021 3.755
440.211 3.741
440.401 3.728
440.591 3.718
440.781 3.710
440.971 3.706
441.161 3.696
441.351 3.702
441.542 3.701
441.732 3.676
441.922 3.653
442.112 3.635
442.302 3.635
442.492 3.659
442.682 3.668
442.872 3.677
443.062 3.674
443.252 3.670
443.442 3.659
443.632 3.641
443.822 3.613
444.012 3.596
444.202 3.603
444.392 3.606
444.582 3.594
444.772 3.578
444.962 3.568
445.153 3.558
445.343 3.548
445.533 3.545
445.723 3.554
445.913 3.568
446.103 3.582
446.293 3.594
446.483 3.582
446.673 3.580
446.863 3.581
447.053 3.606
447.243 3.612
447.433 3.615
447.623 3.618
447.813 3.607
448.003 3.606
448.193 3.601
448.383 3.605
448.573 3.615
448.764 3.620
448.954 3.625
449.144 3.637
449.334 3.634
449.524 3.631
449.714 3.626
449.904 3.619
450.094 3.612
450.284 3.594
450.474 3.571
450.664 3.559
450.854 3.568
451.044 3.550
451.234 3.547
451.424 3.551
451.614 3.551
451.804 3.569
451.994 3.573
452.184 3.580
452.375 3.586
452.565 3.594
452.755 3.602
452.945 3.606
453.135 3.595
453.325 3.603
453.515 3.611
453.705 3.602
453.895 3.593
454.085 3.591
454.275 3.588
454.465 3.594
454.655 3.610
454.845 3.613
455.035 3.610
455.225 3.601
455.415 3.600
455.605 3.603
455.795 3.598
455.985 3.593
456.176 3.595
456.366 3.586
456.556 3.574
456.746 3.565
456.936 3.553
457.126 3.543
457.316 3.523
457.506 3.513
457.696 3.516
457.886 3.527
458.076 3.540
458.266 3.555
458.456 3.563
458.646 3.550
458.836 3.532
459.026 3.543
459.216 3.559
459.406 3.544
459.596 3.541
459.787 3.546
459.977 3.549
460.167 3.528
460.357 3.536
460.547 3.548
460.737 3.549
460.927 3.564
461.117 3.588
461.307 3.613
461.497 3.612
461.687 3.608
461.877 3.605
462.067 3.603
462.257 3.615
462.447 3.627
462.637 3.640
462.827 3.655
463.017 3.650
463.207 3.642
463.397 3.650
463.588 3.656
463.778 3.651
463.968 3.648
464.158 3.670
464.348 3.666
464.538 3.655
464.728 3.657
464.918 3.655
465.108 3.646
465.298 3.624
465.488 3.633
465.678 3.653
465.868 3.661
466.058 3.661
466.248 3.650
466.438 3.636
466.628 3.625
466.818 3.625
467.008 3.630
467.199 3.623
467.389 3.626
467.579 3.636
467.769 3.661
467.959 3.663
468.149 3.649
468.339 3.649
468.529 3.651
468.719 3.645
468.909 3.639
469.099 3.633
469.289 3.639
469.479 3.645
469.669 3.636
469.859 3.631
470.049 3.632
470.239 3.640
470.429 3.653
470.619 3.664
470.810 3.664
471.000 3.668
471.190 3.685
471.380 3.696
471.570 3.690
471.760 3.668
471.950 3.669
472.140 3.678
472.330 3.680
472.520 3.684
472.710 3.697
472.900 3.704
473.090 3.718
473.280 3.725
473.470 3.720
473.660 3.723
473.850 3.729
474.040 3.738
474.230 3.735
474.421 3.734
474.611 3.735
474.801 3.723
474.991 3.714
475.181 3.716
475.371 3.715
475.561 3.713
475.751 3.723
475.941 3.726
476.131 3.723
476.321 3.715
476.511 3.708
476.701 3.705
476.891 3.700
477.081 3.692
477.271 3.693
477.461 3.698
477.651 3.704
477.841 3.711
478.031 3.704
478.222 3.692
478.412 3.687
478.602 3.688
478.792 3.696
478.982 3.703
479.172 3.700
479.362 3.699
479.552 3.708
479.742 3.710
479.932 3.710
480.122 3.714
480.312 3.729
480.502 3.739
480.692 3.747
480.882 3.760
481.072 3.766
481.262 3.771
481.452 3.775
481.642 3.778
481.833 3.782
482.023 3.787
482.213 3.790
482.403 3.791
482.593 3.793
482.783 3.799
482.973 3.800
483.163 3.803
483.353 3.802
483.543 3.791
483.733 3.798
483.923 3.813
484.113 3.818
484.303 3.817
484.493 3.818
484.683 3.810
484.873 3.798
485.063 3.800
485.253 3.800
485.443 3.804
485.634 3.808
485.824 3.804
486.014 3.805
486.204 3.811
486.394 3.817
486.584 3.814
486.774 3.813
486.964 3.818
487.154 3.816
487.344 3.821
487.534 3.829
487.724 3.821
487.914 3.816
488.104 3.820
488.294 3.820
488.484 3.824
488.674 3.838
488.864 3.848
489.054 3.856
489.245 3.856
489.435 3.850
489.625 3.853
489.815 3.863
490.005 3.872
490.195 3.880
490.385 3.887
490.575 3.888
490.765 3.888
490.955 3.894
491.145 3.903
491.335 3.894
491.525 3.890
491.715 3.894
491.905 3.901
492.095 3.902
492.285 3.908
492.475 3.913
492.665 3.904
492.856 3.903
493.046 3.896
493.236 3.899
493.426 3.908
493.616 3.900
493.806 3.889
493.996 3.886
494.186 3.886
494.376 3.887
494.566 3.903
494.756 3.915
494.946 3.912
495.136 3.908
495.326 3.919
495.516 3.920
495.706 3.925
495.896 3.921
496.086 3.923
496.276 3.931
496.467 3.931
496.657 3.939
496.847 3.944
497.037 3.951
497.227 3.948
497.417 3.946
497.607 3.957
497.797 3.966
497.987 3.968
498.177 3.970
498.367 3.967
498.557 3.958
498.747 3.957
498.937 3.970
499.127 3.977
499.317 3.979
499.507 3.984
499.697 3.980
499.887 3.978
500.077 3.978
500.268 3.977
500.458 3.976
500.648 3.978
500.838 3.973
501.028 3.970
501.218 3.973
501.408 3.968
501.598 3.965
501.788 3.962
501.978 3.961
502.168 3.961
502.358 3.970
502.548 3.979
502.738 3.981
502.928 3.975
503.118 3.978
503.308 3.988
503.498 3.990
503.688 3.996
503.879 4.005
504.069 4.007
504.259 4.004
504.449 4.008
504.639 4.012
504.829 4.021
505.019 4.024
505.209 4.032
505.399 4.039
505.589 4.040
505.779 4.043
505.969 4.048
506.159 4.053
506.349 4.046
506.539 4.039
506.729 4.037
506.919 4.038
507.109 4.033
507.299 4.027
507.490 4.033
507.680 4.035
507.870 4.034
508.060 4.032
508.250 4.032
508.440 4.034
508.630 4.032
508.820 4.033
509.010 4.038
509.200 4.032
509.390 4.034
509.580 4.042
509.770 4.046
509.960 4.050
510.150 4.057
510.340 4.060
510.530 4.065
510.720 4.074
510.910 4.099
511.100 4.143
511.291 4.151
511.481 4.160
511.671 4.170
511.861 4.174
512.051 4.186
512.241 4.191
512.431 4.190
512.621 4.195
512.811 4.199
513.001 4.204
513.191 4.213
513.381 4.219
513.571 4.216
513.761 4.219
513.951 4.226
514.141 4.233
514.331 4.248
514.521 4.252
514.711 4.248
514.902 4.230
515.092 4.192
515.282 4.193
515.472 4.191
515.662 4.190
515.852 4.192
516.042 4.192
516.232 4.201
516.422 4.207
516.612 4.215
516.802 4.222
516.992 4.227
517.182 4.237
517.372 4.245
517.562 4.255
517.752 4.263
517.942 4.268
518.132 4.276
518.322 4.288
518.513 4.294
518.703 4.306
518.893 4.316
519.083 4.326
519.273 4.334
519.463 4.344
519.653 4.351
519.843 4.360
520.033 4.368
520.223 4.372
520.413 4.379
520.603 4.380
520.793 4.382
520.983 4.386
521.173 4.393
521.363 4.401
521.553 4.400
521.743 4.393
521.933 4.390
522.123 4.380
522.314 4.374
522.504 4.384
522.694 4.389
522.884 4.392
523.074 4.401
523.264 4.404
523.454 4.401
523.644 4.402
523.834 4.410
524.024 4.413
524.214 4.415
524.404 4.416
524.594 4.421
524.784 4.424
524.974 4.425
525.164 4.425
525.354 4.432
525.544 4.451
525.734 4.468
525.925 4.475
526.115 4.481
526.305 4.481
526.495 4.481
526.685 4.482
526.875 4.486
527.065 4.490
527.255 4.492
527.445 4.496
527.635 4.503
527.825 4.503
528.015 4.512
528.205 4.522
528.395 4.533
528.585 4.537
528.775 4.541
528.965 4.548
529.155 4.555
529.345 4.551
529.535 4.546
529.726 4.547
529.916 4.551
530.106 4.557
530.296 4.562
530.486 4.566
530.676 4.571
530.866 4.568
531.056 4.564
531.246 4.569
531.436 4.570
531.626 4.564
531.816 4.566
532.006 4.563
532.196 4.564
532.386 4.560
532.576 4.558
532.766 4.557
532.956 4.561
533.146 4.560
533.337 4.556
533.527 4.551
533.717 4.549
533.907 4.550
534.097 4.550
534.287 4.552
534.477 4.551
534.667 4.549
534.857 4.553
535.047 4.555
535.237 4.554
535.427 4.558
535.617 4.563
535.807 4.562
535.997 4.565
536.187 4.561
536.377 4.566
536.567 4.575
536.757 4.581
536.948 4.577
537.138 4.574
537.328 4.573
537.518 4.574
537.708 4.570
537.898 4.568
538.088 4.566
538.278 4.564
538.468 4.570
538.658 4.576
538.848 4.573
539.038 4.569
539.228 4.566
539.418 4.564
539.608 4.562
539.798 4.558
539.988 4.554
540.178 4.560
540.368 4.559
540.558 4.554
540.749 4.557
540.939 4.560
541.129 4.561
541.319 4.561
541.509 4.565
541.699 4.567
541.889 4.560
542.079 4.558
542.269 4.562
542.459 4.554
542.649 4.544
542.839 4.548
543.029 4.549
543.219 4.554
543.409 4.554
543.599 4.557
543.789 4.554
543.979 4.549
544.169 4.542
544.360 4.532
544.550 4.530
544.740 4.521
544.930 4.513
545.120 4.506
545.310 4.499
545.500 4.491
545.690 4.488
545.880 4.487
546.070 4.481
546.267 4.466
546.463 4.456
546.660 4.446
546.857 4.432
547.054 4.422
547.251 4.409
547.447 4.400
547.644 4.390
547.841 4.387
548.038 4.380
548.234 4.369
548.431 4.356
548.628 4.340
548.825 4.335
549.021 4.333
549.218 4.323
549.415 4.315
549.612 4.308
549.808 4.300
550.005 4.289
550.202 4.280
550.399 4.276
550.595 4.274
550.792 4.276
550.989 4.270
551.186 4.264
551.382 4.256
551.579 4.247
551.776 4.241
551.973 4.237
552.169 4.235
552.366 4.233
552.563 4.235
552.760 4.232
552.956 4.221
553.153 4.208
553.350 4.199
553.547 4.192
553.743 4.182
553.940 4.175
554.137 4.167
554.334 4.151
554.530 4.140
554.727 4.130
554.924 4.118
555.121 4.107
555.317 4.097
555.514 4.087
555.711 4.077
555.908 4.060
556.104 4.043
556.301 4.027
556.498 4.014
556.695 4.001
556.891 3.992
557.088 3.987
557.285 3.981
557.482 3.973
557.678 3.960
557.875 3.944
558.072 3.928
558.269 3.918
558.465 3.919
558.662 3.913
558.859 3.898
559.056 3.884
559.252 3.871
559.449 3.859
559.646 3.845
559.843 3.835
560.039 3.826
560.236 3.818
560.433 3.809
560.630 3.798
560.826 3.785
561.023 3.770
561.220 3.750
561.417 3.734
561.613 3.724
561.810 3.718
562.007 3.716
562.204 3.708
562.400 3.694
562.597 3.682
562.794 3.669
562.991 3.658
563.187 3.647
563.384 3.635
563.581 3.623
563.778 3.619
563.974 3.615
564.171 3.607
564.368 3.592
564.565 3.582
564.761 3.576
564.958 3.567
565.155 3.557
565.352 3.552
565.548 3.545
565.745 3.536
565.942 3.528
566.139 3.516
566.335 3.504
566.532 3.497
566.729 3.487
566.926 3.479
567.122 3.472
567.319 3.467
567.516 3.463
567.713 3.459
567.909 3.447
568.106 3.435
568.303 3.425
568.500 3.424
568.696 3.417
568.893 3.404
569.090 3.396
569.287 3.384
569.483 3.375
569.680 3.365
569.877 3.352
570.074 3.338
570.270 3.326
570.467 3.320
570.664 3.314
570.861 3.303
571.057 3.297
571.254 3.291
571.451 3.280
571.648 3.274
571.844 3.269
572.041 3.257
572.238 3.249
572.435 3.247
572.631 3.233
572.828 3.223
573.025 3.216
573.222 3.208
573.418 3.204
573.615 3.195
573.812 3.185
574.009 3.181
574.205 3.177
574.402 3.168
574.599 3.158
574.796 3.146
574.992 3.135
575.189 3.122
575.386 3.114
575.583 3.108
575.779 3.097
575.976 3.085
576.173 3.081
576.370 3.074
576.567 3.060
576.763 3.055
576.960 3.048
577.158 3.038
577.356 3.028
577.554 3.022
577.752 3.015
577.950 3.005
578.148 2.995
578.346 2.987
578.544 2.986
578.742 2.980
578.940 2.974
579.138 2.975
579.336 2.970
579.534 2.958
579.732 2.950
579.930 2.942
580.128 2.938
580.326 2.934
580.524 2.918
580.722 2.908
580.920 2.902
581.118 2.898
581.316 2.894
581.514 2.889
581.712 2.880
581.909 2.871
582.107 2.862
582.305 2.856
582.503 2.852
582.701 2.844
582.899 2.838
583.097 2.831
583.295 2.818
583.493 2.810
583.691 2.807
583.889 2.800
584.087 2.789
584.285 2.777
584.483 2.771
584.681 2.775
584.879 2.773
585.077 2.765
585.275 2.756
585.473 2.750
585.671 2.745
585.869 2.741
586.067 2.738
586.265 2.737
586.463 2.730
586.661 2.720
586.859 2.714
587.057 2.711
587.255 2.704
587.453 2.704
587.651 2.704
587.849 2.703
588.047 2.701
588.245 2.705
588.443 2.707
588.641 2.703
588.839 2.694
589.037 2.686
589.235 2.681
589.433 2.675
589.631 2.670
589.829 2.665
590.027 2.659
590.225 2.651
590.423 2.645
590.621 2.643
590.819 2.641
591.017 2.638
591.215 2.632
591.413 2.630
591.611 2.622
591.809 2.614
592.006 2.602
592.204 2.598
592.402 2.594
592.600 2.587
592.798 2.583
592.996 2.585
593.194 2.585
593.392 2.587
593.590 2.589
593.788 2.585
593.986 2.582
594.184 2.577
594.382 2.575
594.580 2.571
594.778 2.563
594.976 2.555
595.174 2.549
595.372 2.548
595.570 2.547
595.768 2.544
595.966 2.538
596.164 2.539
596.362 2.532
596.560 2.527
596.758 2.531
596.956 2.528
597.154 2.523
597.352 2.518
597.550 2.509
597.748 2.497
597.946 2.495
598.144 2.490
598.342 2.488
598.540 2.489
598.738 2.490
598.936 2.492
599.134 2.493
599.332 2.498
599.530 2.501
599.728 2.491
599.926 2.484
600.124 2.491
600.322 2.491
600.520 2.485
600.718 2.484
600.916 2.480
601.114 2.481
601.312 2.482
601.510 2.482
601.708 2.485
601.905 2.485
602.103 2.484
602.301 2.486
602.499 2.487
602.697 2.482
602.895 2.478
603.093 2.477
603.291 2.473
603.489 2.462
603.687 2.454
603.885 2.462
604.083 2.464
604.281 2.454
604.479 2.448
604.677 2.450
604.875 2.449
605.073 2.452
605.271 2.463
605.469 2.455
605.667 2.449
605.865 2.448
606.063 2.448
606.261 2.444
606.459 2.441
606.657 2.436
606.855 2.436
607.053 2.433
607.251 2.432
607.449 2.435
607.647 2.438
607.845 2.437
608.043 2.434
608.241 2.433
608.439 2.436
608.637 2.436
608.835 2.440
609.033 2.440
609.231 2.427
609.429 2.408
609.627 2.405
609.825 2.402
610.023 2.399
610.221 2.399
610.419 2.402
610.617 2.403
610.815 2.406
611.013 2.410
611.211 2.415
611.409 2.415
611.607 2.411
611.804 2.404
612.002 2.399
612.200 2.398
612.398 2.399
612.596 2.403
612.794 2.405
612.992 2.401
613.190 2.403
613.388 2.408
613.586 2.408
613.784 2.406
613.982 2.404
614.180 2.400
614.378 2.398
614.576 2.391
614.774 2.387
614.972 2.382
615.170 2.373
615.368 2.364
615.566 2.360
615.764 2.359
615.962 2.360
616.160 2.359
616.358 2.354
616.556 2.348
616.754 2.339
616.952 2.335
617.150 2.332
617.348 2.326
617.546 2.322
617.744 2.321
617.942 2.324
618.140 2.327
618.338 2.324
618.536 2.318
618.734 2.317
618.932 2.320
619.130 2.322
619.328 2.327
619.526 2.336
619.724 2.337
619.922 2.340
620.120 2.342
620.318 2.340
620.516 2.338
620.714 2.344
620.912 2.356
621.110 2.353
621.308 2.352
621.506 2.353
621.704 2.354
621.901 2.352
622.099 2.348
622.297 2.349
622.495 2.350
622.693 2.353
622.891 2.352
623.089 2.351
623.287 2.353
623.485 2.352
623.683 2.347
623.881 2.349
624.079 2.350
624.277 2.351
624.475 2.356
624.673 2.358
624.871 2.354
625.069 2.346
625.267 2.352
625.465 2.357
625.663 2.358
625.861 2.352
626.059 2.355
626.257 2.358
626.455 2.361
626.653 2.365
626.851 2.372
627.049 2.378
627.247 2.373
627.445 2.369
627.643 2.362
627.841 2.357
628.039 2.350
628.237 2.344
628.435 2.343
628.633 2.341
628.831 2.344
629.029 2.342
629.227 2.339
629.425 2.338
629.623 2.339
629.821 2.341
630.019 2.344
630.217 2.341
630.415 2.339
630.613 2.338
630.811 2.343
631.009 2.339
631.207 2.339
631.405 2.346
631.603 2.350
631.801 2.359
631.998 2.370
632.196 2.376
632.394 2.378
632.592 2.379
632.790 2.383
632.988 2.378
633.186 2.380
633.384 2.380
633.582 2.370
633.780 2.360
633.978 2.360
634.176 2.367
634.374 2.366
634.572 2.361
634.770 2.359
634.968 2.353
635.166 2.352
635.364 2.350
635.562 2.343
635.760 2.339
635.958 2.338
636.156 2.336
636.354 2.337
636.552 2.338
636.750 2.337
636.948 2.336
637.146 2.420
637.344 2.561
637.542 2.562
637.740 2.570
637.938 2.574
638.136 2.567
638.334 2.560
638.532 2.566
638.730 2.574
638.928 2.573
639.126 2.570
639.324 2.569
639.522 2.566
639.720 2.587
639.918 2.619
640.116 2.621
640.314 2.616
640.512 2.611
640.710 2.613
640.908 2.615
641.106 2.614
641.304 2.532
641.502 2.388
641.699 2.387
641.897 2.385
642.095 2.386
642.293 2.388
642.491 2.386
642.689 2.383
642.887 2.384
643.085 2.391
643.283 2.396
643.481 2.396
643.679 2.396
643.877 2.375
644.075 2.342
644.273 2.335
644.471 2.338
644.669 2.342
644.867 2.348
645.065 2.353
645.263 2.354
645.461 2.353
645.659 2.351
645.857 2.350
646.055 2.353
646.253 2.360
646.451 2.370
646.649 2.382
646.847 2.390
647.045 2.390
647.243 2.391
647.441 2.396
647.639 2.398
647.837 2.402
648.035 2.412
648.233 2.416
648.431 2.420
648.629 2.422
648.827 2.423
649.025 2.424
649.223 2.416
649.421 2.411
649.619 2.408
649.817 2.411
650.015 2.415
650.213 2.417
650.411 2.413
650.609 2.403
650.807 2.398
651.005 2.390
651.203 2.385
651.401 2.382
651.599 2.374
651.796 2.372
651.994 2.371
652.192 2.367
652.390 2.369
652.588 2.364
652.786 2.359
652.984 2.358
653.182 2.350
653.380 2.347
653.578 2.346
653.776 2.349
653.974 2.351
654.172 2.349
654.370 2.346
654.568 2.344
654.766 2.350
654.964 2.351
655.162 2.357
655.360 2.361
655.558 2.355
655.756 2.351
655.954 2.346
656.152 2.346
656.350 2.347
656.548 2.349
656.746 2.354
656.944 2.358
657.142 2.359
657.340 2.358
657.538 2.358
657.736 2.363
657.934 2.364
658.132 2.366
658.330 2.369
658.528 2.364
658.726 2.360
658.924 2.357
659.122 2.355
659.320 2.350
659.518 2.349
659.716 2.359
659.914 2.364
660.112 2.366
660.310 2.369
660.508 2.367
660.706 2.362
660.904 2.362
661.102 2.359
661.300 2.358
661.498 2.364
661.696 2.369
661.893 2.363
662.091 2.364
662.289 2.367
662.487 2.370
662.685 2.375
662.883 2.382
663.081 2.388
663.279 2.388
663.477 2.387
663.675 2.393
663.873 2.396
664.071 2.398
664.269 2.402
664.467 2.408
664.665 2.411
664.863 2.410
665.061 2.410
665.259 2.417
665.457 2.419
665.655 2.418
665.853 2.418
666.051 2.427
666.249 2.427
666.447 2.424
666.645 2.423
666.843 2.422
667.041 2.419
667.239 2.419
667.437 2.426
667.635 2.432
667.833 2.423
668.031 2.416
668.229 2.416
668.427 2.415
668.625 2.406
668.823 2.402
669.021 2.407
669.219 2.409
669.417 2.405
669.615 2.397
669.813 2.397
670.011 2.408
670.209 2.415
670.407 2.414
670.605 2.421
670.803 2.427
671.001 2.423
671.199 2.420
671.397 2.417
671.595 2.412
671.792 2.407
671.990 2.412
672.188 2.417
672.386 2.419
672.584 2.417
672.782 2.412
672.980 2.412
673.178 2.413
673.376 2.415
673.574 2.414
673.772 2.418
673.970 2.415
674.168 2.404
674.366 2.394
674.564 2.398
674.762 2.384
674.960 2.375
675.158 2.387
675.356 2.391
675.554 2.385
675.752 2.378
675.950 2.378
676.148 2.378
676.346 2.378
676.544 2.375
676.742 2.379
676.940 2.392
677.138 2.395
677.336 2.396
677.534 2.392
677.732 2.392
677.930 2.397
678.128 2.403
678.326 2.408
678.524 2.413
678.722 2.406
678.920 2.406
679.118 2.402
679.316 2.392
679.514 2.392
679.712 2.397
679.910 2.401
680.108 2.397
680.306 2.392
680.504 2.393
680.702 2.398
680.900 2.400
681.098 2.391
681.296 2.383
681.494 2.375
681.691 2.381
681.889 2.382
682.087 2.381
682.285 2.372
682.483 2.365
682.681 2.360
682.879 2.368
683.077 2.376
683.275 2.385
683.473 2.398
683.671 2.400
683.869 2.397
684.067 2.394
684.265 2.397
684.463 2.401
684.661 2.399
684.859 2.399
685.057 2.398
685.255 2.403
685.453 2.409
685.651 2.417
685.849 2.420
686.047 2.416
686.245 2.411
686.443 2.416
686.641 2.422
686.839 2.427
687.037 2.426
687.235 2.429
687.433 2.425
687.631 2.411
687.829 2.411
688.027 2.416
688.225 2.417
688.423 2.412
688.621 2.410
688.819 2.404
689.017 2.400
689.215 2.397
689.413 2.399
689.611 2.399
689.809 2.397
690.007 2.393
690.205 2.396
690.403 2.399
690.601 2.400
690.799 2.400
690.997 2.402
691.195 2.405
691.393 2.407
691.591 2.416
691.788 2.418
691.986 2.415
692.184 2.408
692.382 2.411
692.580 2.416
692.778 2.422
692.976 2.428
693.174 2.427
693.372 2.427
693.570 2.428
693.768 2.430
693.966 2.428
694.164 2.427
694.362 2.428
694.560 2.424
694.758 2.417
694.956 2.410
695.154 2.402
695.352 2.397
695.550 2.387
695.748 2.378
695.946 2.385
696.144 2.385
696.342 2.390
696.540 2.392
696.744 2.396
696.948 2.399
697.152 2.401
697.357 2.406
697.561 2.414
697.765 2.417
697.969 2.417
698.173 2.414
698.377 2.408
698.581 2.402
698.786 2.403
698.990 2.409
699.194 2.414
699.398 2.416
699.602 2.417
699.806 2.413
700.010 2.410
700.215 2.408
700.419 2.411
700.623 2.406
700.827 2.408
701.031 2.400
701.235 2.385
701.440 2.372
701.644 2.364
701.848 2.355
702.052 2.355
702.256 2.365
702.460 2.377
702.664 2.386
702.869 2.383
703.073 2.379
703.277 2.376
703.481 2.374
703.685 2.376
703.889 2.377
704.093 2.380
704.298 2.385
704.502 2.375
704.706 2.376
704.910 2.377
705.114 2.365
705.318 2.367
705.522 2.379
705.727 2.390
705.931 2.397
706.135 2.397
706.339 2.395
706.543 2.387
706.747 2.373
706.951 2.365
707.156 2.372
707.360 2.374
707.564 2.374
707.768 2.367
707.972 2.358
708.176 2.354
708.380 2.352
708.585 2.356
708.789 2.362
708.993 2.360
709.197 2.363
709.401 2.369
709.605 2.376
709.810 2.372
710.014 2.359
710.218 2.354
710.422 2.353
710.626 2.348
710.830 2.338
711.034 2.338
711.239 2.341
711.443 2.340
711.647 2.342
711.851 2.345
712.055 2.359
712.259 2.378
712.463 2.384
712.668 2.386
712.872 2.377
713.076 2.371
713.280 2.374
713.484 2.371
713.688 2.369
713.892 2.365
714.097 2.364
714.301 2.372
714.505 2.376
714.709 2.377
714.913 2.378
715.117 2.385
715.321 2.394
715.526 2.389
715.730 2.393
715.934 2.393
716.138 2.395
716.342 2.387
716.546 2.375
716.750 2.374
716.955 2.378
717.159 2.386
717.363 2.387
717.567 2.384
717.771 2.393
717.975 2.408
718.180 2.408
718.384 2.407
718.588 2.409
718.792 2.407
718.996 2.404
719.200 2.405
719.404 2.408
719.609 2.408
719.813 2.412
720.017 2.407
720.221 2.405
720.425 2.403
720.629 2.405
720.833 2.402
721.038 2.403
721.242 2.402
721.446 2.400
721.650 2.403
721.854 2.406
722.058 2.405
722.262 2.400
722.467 2.404
722.671 2.414
722.875 2.412
723.079 2.408
723.283 2.406
723.487 2.402
723.691 2.390
723.896 2.388
724.100 2.397
724.304 2.411
724.508 2.418
724.712 2.421
724.916 2.428
725.120 2.430
725.325 2.421
725.529 2.414
725.733 2.412
725.937 2.412
726.141 2.407
726.345 2.398
726.550 2.396
726.754 2.402
726.958 2.396
727.162 2.392
727.366 2.401
727.570 2.404
727.774 2.411
727.979 2.425
728.183 2.425
728.387 2.420
728.591 2.421
728.795 2.418
728.999 2.412
729.203 2.409
729.408 2.410
729.612 2.414
729.816 2.424
730.020 2.428
730.224 2.423
730.428 2.423
730.632 2.428
730.837 2.423
731.041 2.415
731.245 2.412
731.449 2.410
731.653 2.408
731.857 2.413
732.061 2.413
732.266 2.413
732.470 2.417
732.674 2.413
732.878 2.402
733.082 2.413
733.286 2.427
733.490 2.426
733.695 2.430
733.899 2.440
734.103 2.438
734.307 2.442
734.511 2.456
734.715 2.472
734.920 2.476
735.124 2.489
735.328 2.499
735.532 2.507
735.736 2.516
735.940 2.522
736.144 2.529
736.349 2.532
736.553 2.530
736.757 2.530
736.961 2.532
737.165 2.532
737.369 2.526
737.573 2.516
737.778 2.520
737.982 2.521
738.186 2.518
738.390 2.523
738.594 2.521
738.798 2.516
739.002 2.503
739.207 2.498
739.411 2.494
739.615 2.484
739.819 2.481
740.023 2.481
740.227 2.479
740.431 2.471
740.636 2.465
740.840 2.460
741.044 2.457
741.248 2.465
741.452 2.476
741.656 2.477
741.860 2.483
742.065 2.483
742.269 2.485
742.473 2.493
742.677 2.499
742.881 2.500
743.085 2.504
743.290 2.503
743.494 2.500
743.698 2.500
743.902 2.507
744.106 2.516
744.310 2.534
744.514 2.538
744.719 2.534
744.923 2.533
745.127 2.536
745.331 2.543
745.535 2.549
745.739 2.535
745.943 2.534
746.148 2.543
746.352 2.554
746.556 2.552
746.760 2.546
746.964 2.546
747.168 2.545
747.372 2.546
747.577 2.571
747.781 2.588
747.985 2.587
748.189 2.581
748.393 2.566
748.597 2.545
748.801 2.542
749.006 2.552
749.210 2.568
749.414 2.578
749.618 2.587
749.822 2.583
750.026 2.591
750.230 2.586
750.435 2.569
750.639 2.551
750.843 2.552
751.047 2.554
751.251 2.552
751.455 2.560
751.660 2.564
751.864 2.549
752.068 2.537
752.272 2.536
752.476 2.544
752.680 2.555
752.884 2.569
753.089 2.568
753.293 2.562
753.497 2.557
753.701 2.555
753.905 2.548
754.109 2.551
754.313 2.560
754.518 2.570
754.722 2.579
754.926 2.595
755.130 2.604
755.334 2.621
755.538 2.627
755.742 2.618
755.947 2.611
756.151 2.608
756.355 2.605
756.559 2.606
756.763 2.602
756.967 2.593
757.171 2.586
757.376 2.607
757.580 2.625
757.784 2.629
757.988 2.651
758.192 2.675
758.396 2.689
758.600 2.683
758.805 2.679
759.009 2.695
759.213 2.705
759.417 2.700
759.621 2.690
759.825 2.692
760.030 2.695
760.234 2.699
760.438 2.710
760.642 2.715
760.846 2.712
761.050 2.708
761.254 2.715
761.459 2.724
761.663 2.722
761.867 2.715
762.071 2.704
762.275 2.689
762.479 2.672
762.683 2.655
762.888 2.661
763.092 2.670
763.296 2.670
763.500 2.678
763.709 2.701
763.918 2.709
764.126 2.706
764.335 2.718
764.544 2.730
764.753 2.728
764.962 2.731
765.171 2.741
765.379 2.751
765.588 2.765
765.797 2.770
766.006 2.763
766.215 2.768
766.424 2.791
766.632 2.792
766.841 2.788
767.050 2.793
767.259 2.801
767.468 2.805
767.677 2.794
767.885 2.779
768.094 2.765
768.303 2.749
768.512 2.749
768.721 2.747
768.929 2.746
769.138 2.746
769.347 2.750
769.556 2.750
769.765 2.744
769.974 2.728
770.182 2.709
770.391 2.712
770.600 2.717
770.809 2.703
771.018 2.694
771.227 2.681
771.435 2.675
771.644 2.679
771.853 2.683
772.062 2.688
772.271 2.688
772.480 2.690
772.688 2.706
772.897 2.712
773.106 2.709
773.315 2.706
773.524 2.711
773.732 2.719
773.941 2.728
774.150 2.736
774.359 2.745
774.568 2.753
774.777 2.740
774.985 2.726
775.194 2.736
775.403 2.742
775.612 2.769
775.821 2.785
776.030 2.785
776.238 2.800
776.447 2.817
776.656 2.833
776.865 2.834
777.074 2.837
777.283 2.841
777.491 2.852
777.700 2.862
777.909 2.865
778.118 2.852
778.327 2.844
778.535 2.856
778.744 2.872
778.953 2.887
779.162 2.904
779.371 2.906
779.580 2.899
779.788 2.909
779.997 2.910
780.206 2.909
780.415 2.904
780.624 2.888
780.833 2.870
781.041 2.854
781.250 2.857
781.459 2.862
781.668 2.865
781.877 2.858
782.086 2.859
782.294 2.874
782.503 2.895
782.712 2.913
782.921 2.923
783.130 2.930
783.338 2.939
783.547 2.943
783.756 2.963
783.965 2.980
784.174 2.981
784.383 2.977
784.591 2.971
784.800 2.963
785.009 2.958
785.218 2.978
785.427 2.997
785.636 3.001
785.844 3.000
786.053 3.004
786.262 3.019
786.471 3.030
786.680 3.023
786.889 3.022
787.097 3.017
787.306 3.015
787.515 3.008
787.724 3.005
787.933 3.011
788.141 2.997
788.350 2.972
788.559 2.961
788.768 2.959
788.977 2.959
789.186 2.972
789.394 2.992
789.603 2.984
789.812 2.959
790.021 2.956
790.230 2.964
790.439 2.974
790.647 2.976
790.856 2.956
791.065 2.956
791.274 2.968
791.483 2.979
791.692 2.974
791.900 2.970
792.109 2.970
792.318 2.973
792.527 2.984
792.736 3.017
792.944 3.041
793.153 3.054
793.362 3.062
793.571 3.057
793.780 3.056
793.989 3.064
794.197 3.089
794.406 3.088
794.615 3.077
794.824 3.050
795.033 3.044
795.242 3.061
795.450 3.062
795.659 3.066
795.868 3.065
796.077 3.066
796.286 3.076
796.495 3.063
796.703 3.045
796.912 3.053
797.121 3.063
797.330 3.061
797.539 3.050
797.747 3.053
797.956 3.073
798.165 3.079
798.374 3.079
798.583 3.066
798.792 3.076
799.000 3.105
799.209 3.119
799.418 3.118
799.627 3.111
799.836 3.111
800.045 3.108
800.253 3.112
800.462 3.112
800.671 3.116
800.880 3.140
801.089 3.157
801.298 3.166
801.506 3.168
801.715 3.200
801.924 3.231
802.133 3.241
802.342 3.255
802.550 3.244
802.759 3.240
802.968 3.246
803.177 3.240
803.386 3.213
803.595 3.219
803.803 3.236
804.012 3.259
804.221 3.271
804.430 3.274
804.639 3.280
804.848 3.301
805.056 3.317
805.265 3.304
805.474 3.308
805.683 3.307
805.892 3.311
806.101 3.296
806.309 3.278
806.518 3.268
806.727 3.278
806.936 3.315
807.145 3.314
807.353 3.309
807.562 3.317
807.771 3.330
807.980 3.323
808.189 3.318
808.398 3.323
808.606 3.317
808.815 3.315
809.024 3.322
809.233 3.315
809.442 3.294
809.651 3.308
809.859 3.328
810.068 3.344
810.277 3.330
810.486 3.334
810.695 3.342
810.904 3.352
811.112 3.326
811.321 3.302
811.530 3.317
811.740 3.376
811.949 3.460
812.159 3.482
812.368 3.522
812.578 3.535
812.787 3.509
812.997 3.525
813.206 3.553
813.416 3.551
813.625 3.554
813.835 3.579
814.044 3.586
814.254 3.568
814.463 3.555
814.673 3.565
814.882 3.562
815.092 3.575
815.301 3.565
815.511 3.568
815.720 3.582
815.930 3.587
816.139 3.552
816.349 3.457
816.558 3.446
816.768 3.448
816.977 3.435
817.187 3.439
817.396 3.434
817.606 3.415
817.815 3.408
818.025 3.425
818.234 3.447
818.444 3.463
818.653 3.473
818.863 3.488
819.072 3.506
819.282 3.530
819.491 3.534
819.701 3.563
819.910 3.599
820.120 3.619
820.329 3.638
820.539 3.641
820.748 3.651
820.958 3.675
821.167 3.691
821.377 3.706
821.586 3.731
821.796 3.754
822.005 3.771
822.215 3.806
822.424 3.819
822.634 3.790
822.843 3.781
823.053 3.808
823.262 3.811
823.472 3.777
823.681 3.739
823.891 3.727
824.100 3.715
824.310 3.709
824.519 3.711
824.729 3.723
824.938 3.737
825.148 3.750
825.357 3.735
825.567 3.721
825.776 3.739
825.986 3.750
826.195 3.740
826.405 3.738
826.614 3.732
826.824 3.721
827.033 3.741
827.243 3.772
827.452 3.746
827.662 3.747
827.871 3.788
828.081 3.801
828.290 3.809
828.500 3.826
828.709 3.809
828.919 3.774
829.128 3.736
829.338 3.742
829.547 3.776
829.757 3.773
829.966 3.760
830.176 3.768
830.385 3.765
830.595 3.758
830.804 3.744
831.014 3.712
831.223 3.711
831.433 3.736
831.642 3.715
831.852 3.738
832.061 3.782
832.271 3.800
832.480 3.830
832.690 3.845
832.899 3.859
833.109 3.894
833.318 3.947
833.528 3.968
833.737 3.967
833.947 3.951
834.156 3.957
834.366 3.981
834.575 3.983
834.785 3.984
834.994 4.009
835.204 4.066
835.413 4.099
835.623 4.106
835.832 4.081
836.042 4.107
836.251 4.124
836.461 4.118
836.670 4.134
836.880 4.162
837.089 4.192
837.299 4.195
837.508 4.200
837.718 4.197
837.927 4.209
838.137 4.225
838.346 4.233
838.556 4.258
838.765 4.268
838.975 4.267
839.184 4.279
839.394 4.297
839.603 4.309
839.813 4.338
840.022 4.373
840.232 4.404
840.441 4.402
840.651 4.396
840.860 4.350
841.070 4.292
841.279 4.235
841.489 4.228
841.698 4.233
841.908 4.244
842.117 4.268
842.327 4.306
842.536 4.332
842.746 4.357
842.955 4.379
843.165 4.391
843.374 4.384
843.584 4.355
843.793 4.329
844.003 4.295
844.212 4.287
844.422 4.278
844.631 4.250
844.841 4.255
845.050 4.287
845.260 4.338
845.469 4.384
845.679 4.433
845.888 4.489
846.098 4.532
846.307 4.545
846.517 4.543
846.726 4.633
846.936 4.775
847.145 4.812
847.355 4.836
847.564 4.849
847.774 4.876
847.983 4.926
848.193 4.942
848.402 4.938
848.612 4.920
848.821 4.904
849.031 4.915
849.240 4.938
849.450 4.921
849.659 4.888
849.869 4.868
850.078 4.860
850.288 4.809
850.497 4.775
850.707 4.776
850.916 4.777
851.126 4.672
851.335 4.517
851.545 4.499
851.754 4.489
851.964 4.479
852.173 4.468
852.383 4.457
852.592 4.485
852.802 4.541
853.011 4.579
853.221 4.622
853.430 4.673
853.640 4.674
853.849 4.706
854.059 4.770
854.268 4.803
854.478 4.801
854.687 4.800
854.897 4.810
855.106 4.837
855.316 4.864
855.525 4.899
855.735 4.891
855.944 4.847
856.154 4.838
856.363 4.844
856.573 4.866
856.782 4.885
856.992 4.864
857.201 4.819
857.411 4.824
857.620 4.839
857.830 4.823
858.039 4.838
858.249 4.844
858.458 4.822
858.668 4.817
858.877 4.824
859.087 4.847
859.296 4.845
859.506 4.817
859.715 4.801
859.925 4.785
860.134 4.825
860.344 4.886
860.553 4.869
860.763 4.881
860.972 4.891
861.182 4.882
861.391 4.915
861.601 4.981
861.810 4.983
862.020 4.941
862.229 4.949
862.439 4.976
862.648 4.975
862.858 4.962
863.067 4.991
863.277 5.032
863.486 5.047
863.696 5.063
863.905 5.088
864.115 5.098
864.324 5.089
864.534 5.077
864.743 5.119
864.953 5.162
865.162 5.197
865.372 5.243
865.581 5.274
865.791 5.267
866.000 5.255
866.210 5.318
866.419 5.399
866.629 5.447
866.838 5.429
867.048 5.426
867.257 5.437
867.467 5.421
867.676 5.410
867.886 5.435
868.095 5.436
868.305 5.415
868.514 5.458
868.724 5.533
868.933 5.564
869.143 5.526
869.352 5.540
869.562 5.569
869.771 5.588
869.981 5.663
870.190 5.738
870.400 5.748
870.609 5.723
870.819 5.669
871.028 5.674
871.238 5.679
871.447 5.694
871.657 5.723
871.866 5.776
872.076 5.837
872.285 5.858
872.495 5.897
872.704 5.924
872.914 5.913
873.123 5.861
873.333 5.831
873.542 5.856
873.752 5.911
873.961 5.927
874.171 5.976
874.380 5.884
874.590 5.843
874.799 5.941
875.009 5.973
875.218 6.008
875.428 5.983
875.637 6.022
875.847 6.072
876.056 6.078
876.266 6.078
876.475 6.084
876.685 6.078
876.894 6.077
877.104 6.063
877.313 6.021
877.523 6.029
877.732 6.076
877.942 6.113
878.151 6.144
878.361 6.118
878.570 6.006
878.780 6.059
878.989 6.132
879.199 6.104
879.408 6.119
879.618 6.129
879.827 6.161
880.037 6.198
880.246 6.170
880.456 6.151
880.665 6.140
880.875 6.124
881.084 6.099
881.294 6.074
881.503 6.133
881.713 6.217
881.922 6.247
882.132 6.312
882.341 6.327
882.551 6.266
882.760 6.286
882.970 6.381
883.179 6.364
883.389 6.291
883.598 6.233
883.808 6.187
884.017 6.175
884.227 6.172
884.436 6.200
884.646 6.258
884.855 6.257
885.065 6.269
885.274 6.308
885.484 6.376
885.693 6.444
885.903 6.454
886.112 6.434
886.322 6.396
886.531 6.323
886.741 6.263
886.950 6.282
887.160 6.281
887.369 6.247
887.579 6.267
887.788 6.248
887.998 6.219
888.207 6.242
888.417 6.329
888.626 6.336
888.836 6.211
889.045 6.156
889.255 6.188
889.464 6.205
889.674 6.245
889.883 6.218
890.093 6.178
890.302 6.137
890.512 6.150
890.721 6.263
890.931 6.322
891.140 6.379
891.350 6.384
891.559 6.392
891.769 6.434
891.978 6.407
892.188 6.413
892.397 6.497
892.607 6.556
892.816 6.557
893.026 6.579
893.235 6.643
893.445 6.630
893.654 6.627
893.864 6.639
894.073 6.595
894.283 6.584
894.492 6.641
894.702 6.758
894.911 6.803
895.121 6.827
895.330 6.880
895.540 6.980
895.749 6.999
895.959 6.997
896.168 7.014
896.378 7.024
896.587 7.038
896.797 7.039
897.006 7.009
897.216 6.943
897.425 6.898
897.635 6.879
897.844 6.981
898.054 7.076
898.263 7.061
898.473 7.041
898.682 7.083
898.892 7.065
899.101 6.997
899.311 6.981
899.520 6.968
899.730 6.974
899.939 6.872
900.149 6.815
900.358 6.800
900.568 6.755
900.777 6.828
900.987 6.854
901.196 6.826
901.406 6.829
901.615 6.863
901.825 6.904
902.034 7.003
902.244 7.029
902.453 7.020
902.663 7.054
902.872 7.152
903.082 7.159
903.291 7.168
903.501 7.138
903.710 7.089
903.920 7.079
904.129 7.078
904.339 7.188
904.548 7.298
904.758 7.391
904.967 7.477
905.177 7.499
905.386 7.558
905.596 7.581
905.805 7.569
906.015 7.613
906.224 7.625
906.434 7.569
906.643 7.573
906.853 7.590
907.062 7.625
907.272 7.583
907.481 7.561
907.691 7.565
907.900 7.621
908.110 7.612
908.319 7.569
908.529 7.587
908.738 7.525
908.948 7.482
909.157 7.418
909.367 7.334
909.576 7.365
909.786 7.433
909.995 7.483
910.205 7.586
910.414 7.654
910.624 7.702
910.833 7.744
911.043 7.681
911.252 7.734
911.462 7.771
911.672 7.813
911.881 7.921
912.091 8.066
912.300 8.215
912.512 8.304
912.724 8.362
912.937 8.366
913.149 8.321
913.361 8.375
913.573 8.429
913.786 8.483
913.998 8.448
914.210 8.452
914.422 8.459
914.634 8.451
914.847 8.472
915.059 8.509
915.271 8.575
915.483 8.717
915.696 8.757
915.908 8.761
916.120 8.783
916.332 8.763
916.544 8.667
916.757 8.539
916.969 8.562
917.181 8.614
917.393 8.576
917.606 8.662
917.818 8.698
918.030 8.740
918.242 8.737
918.454 8.761
918.667 8.772
918.879 8.880
919.091 8.922
919.303 8.885
919.516 8.862
919.728 8.777
919.940 8.700
920.152 8.753
920.364 8.877
920.577 8.924
920.789 8.863
921.001 8.854
921.213 8.923
921.426 9.009
921.638 9.021
921.850 9.138
922.062 9.220
922.274 9.278
922.487 9.314
922.699 9.423
922.911 9.501
923.123 9.441
923.336 9.308
923.548 9.313
923.760 9.417
923.972 9.476
924.184 9.582
924.397 9.676
924.609 9.646
924.821 9.611
925.033 9.575
925.246 9.644
925.458 9.707
925.670 9.726
925.882 9.728
926.094 9.747
926.307 9.718
926.519 9.706
926.731 9.737
926.943 9.877
927.156 9.947
927.368 10.078
927.580 10.292
927.792 10.466
928.004 10.564
928.217 10.575
928.429 10.618
928.641 10.672
928.853 10.678
929.066 10.712
929.278 10.748
929.490 10.840
929.702 10.946
929.914 11.042
930.127 11.102
930.339 11.087
930.551 11.137
930.763 11.269
930.976 11.359
931.188 11.468
931.400 11.487
931.612 11.564
931.824 11.577
932.037 11.546
932.249 11.595
932.461 11.669
932.673 11.778
932.886 11.860
933.098 11.883
933.310 11.918
933.522 11.858
933.734 11.780
933.947 11.763
934.159 11.880
934.371 11.848
934.583 11.869
934.796 12.018
935.008 12.082
935.220 12.079
935.432 12.007
935.644 12.099
935.857 12.318
936.069 12.310
936.281 12.299
936.493 12.395
936.706 12.559
936.918 12.619
937.130 12.609
937.342 12.675
937.554 12.723
937.767 12.905
937.979 13.288
938.191 13.606
938.403 13.724
938.616 13.829
938.828 14.037
939.040 14.280
939.252 14.569
939.464 14.731
939.677 14.800
939.889 14.981
940.101 14.914
940.313 14.913
940.526 15.385
940.738 15.622
940.950 15.743
941.162 15.737
941.374 15.772
941.587 15.832
941.799 15.913
942.011 15.865
942.223 15.847
942.436 15.706
942.648 15.679
942.860 15.803
943.072 15.941
943.284 16.096
943.497 16.193
943.709 16.148
943.921 16.260
944.133 16.464
944.346 16.593
944.558 16.591
944.770 16.535
944.982 16.332
945.194 16.406
945.407 16.450
945.619 16.382
945.831 16.441
946.043 16.492
946.256 16.420
946.468 16.570
946.680 16.768
946.892 16.917
947.104 16.778
947.317 16.903
947.529 17.093
947.741 17.006
947.953 16.971
948.166 16.846
948.378 16.745
948.590 16.842
948.802 17.156
949.014 17.436
949.227 17.529
949.439 17.550
949.651 17.449
949.863 17.498
950.076 17.741
950.288 17.854
950.500 18.082
950.712 18.909
950.924 19.933
951.137 19.772
951.349 19.511
951.561 19.493
951.773 19.355
951.986 19.229
952.198 19.100
952.410 18.831
952.622 18.761
952.834 19.072
953.047 19.218
953.259 18.749
953.471 18.424
953.683 18.429
953.896 18.419
954.108 18.421
954.320 18.565
954.532 18.337
954.744 17.979
954.957 17.766
955.169 17.155
955.381 16.206
955.593 16.289
955.806 16.351
956.018 16.523
956.230 16.727
956.442 16.787
956.654 16.969
956.867 17.281
957.079 17.351
957.291 17.164
957.503 16.982
957.716 16.993
957.928 16.977
958.140 16.965
958.352 16.982
958.564 16.824
958.777 16.443
958.989 16.521
959.201 16.872
959.413 17.169
959.626 17.561
959.838 17.937
960.050 18.027
960.262 18.311
960.474 18.438
960.687 18.482
960.899 18.443
961.111 18.260
961.323 17.923
961.536 18.025
961.748 18.253
961.960 18.166
962.172 18.180
962.384 18.232
962.597 18.075
962.809 18.146
963.021 18.565
963.233 18.842
963.446 18.659
963.658 18.528
963.870 18.444
964.082 18.185
964.294 18.081
964.507 18.056
964.719 18.042
964.931 17.954
965.143 17.732
965.356 17.790
965.568 18.305
965.780 18.790
966.000 18.777
966.221 18.334
966.441 18.382
966.662 18.669
966.882 18.771
967.103 18.831
967.323 18.820
967.543 18.395
967.764 18.138
967.984 18.487
968.205 18.622
968.425 18.573
968.645 18.367
968.866 18.184
969.086 18.082
969.307 17.838
969.527 17.981
969.748 18.530
969.968 18.457
970.188 18.350
970.409 18.246
970.629 18.495
970.850 19.011
971.070 18.852
971.290 18.836
971.511 19.210
971.731 19.510
971.952 19.773
972.172 20.140
972.393 20.291
972.613 20.406
972.833 20.617
973.054 20.686
973.274 20.841
973.495 20.943
973.715 20.982
973.936 21.240
974.156 21.263
974.376 21.104
974.597 21.320
974.817 21.421
975.038 21.885
975.258 22.015
975.478 21.860
975.699 22.224
975.919 22.307
976.140 21.829
976.360 21.736
976.581 22.092
976.801 22.272
977.021 22.818
977.242 22.914
977.462 22.933
977.683 23.128
977.903 23.443
978.123 23.712
978.344 24.121
978.564 24.334
978.785 24.441
979.005 24.428
979.226 24.304
979.446 24.475
979.666 23.980
979.887 23.339
980.107 23.310
980.328 23.607
980.548 23.744
980.769 24.256
980.989 24.162
981.209 23.701
981.430 23.411
981.650 23.076
981.871 23.098
982.091 23.116
982.311 23.166
982.532 23.211
982.752 22.976
982.973 22.915
983.193 22.934
983.414 22.788
983.634 22.790
983.854 22.886
984.075 22.701
984.295 22.716
984.516 23.326
984.736 23.758
984.956 23.556
985.177 23.444
985.397 23.333
985.618 23.577
985.838 23.866
986.059 23.962
986.279 23.908
986.499 23.908
986.720 24.068
986.940 23.684
987.161 23.202
987.381 23.025
987.602 22.484
987.822 21.965
988.042 22.128
988.263 22.353
988.483 22.955
988.704 22.973
988.924 23.122
989.144 23.169
989.365 22.879
989.585 23.119
989.806 23.348
990.026 23.467
990.247 23.936
990.467 23.994
990.687 24.523
990.908 25.142
991.128 25.275
991.349 24.905
991.569 25.303
991.789 26.346
992.010 27.218
992.230 27.655
992.451 28.061
992.671 28.619
992.892 28.352
993.112 27.827
993.332 28.035
993.553 28.479
993.773 28.362
993.994 28.753
994.214 28.906
994.435 28.342
994.655 27.575
994.875 26.845
995.096 25.872
995.316 24.912
995.537 24.412
995.757 24.361
995.977 24.476
996.198 24.560
996.418 23.750
996.639 22.611
996.859 22.352
997.080 22.258
997.300 21.606
997.520 22.116
997.741 22.619
997.961 22.627
998.182 22.412
998.402 22.144
998.622 21.753
998.843 21.853
999.063 23.219
999.284 24.318
999.504 24.978
999.725 26.023
999.945 26.762
1000.165 26.454
1000.386 26.230
1000.606 26.930
1000.827 27.418
1001.047 27.918
1001.268 28.094
1001.488 28.651
1001.708 29.774
1001.929 29.828
1002.149 29.161
1002.370 29.062
1002.590 29.296
1002.810 29.754
1003.031 30.162
1003.251 30.850
1003.472 31.248
1003.692 31.136
1003.913 31.853
1004.133 31.315
1004.353 30.900
1004.574 30.876
1004.794 31.090
1005.015 30.997
1005.235 30.634
1005.455 31.157
1005.676 30.712
1005.896 30.425
1006.117 30.040
1006.337 28.779
1006.558 28.939
1006.778 29.384
1006.998 28.906
1007.219 27.863
1007.439 27.091
1007.660 27.798
1007.880 28.207
1008.101 28.161
1008.321 27.517
1008.541 26.440
1008.762 26.881
1008.982 26.080
1009.203 25.862
1009.423 26.490
1009.643 25.995
1009.864 24.628
1010.084 22.818
1010.305 22.513
1010.525 22.875
1010.746 22.775
1010.966 23.042
1011.186 22.911
1011.407 22.552
1011.627 22.471
1011.848 23.128
1012.068 23.292
1012.288 22.016
1012.509 20.113
1012.729 18.238
1012.950 17.341
