360.161	8
360.333	7.9
360.504	7.8
360.676	7.8
360.847	7.8
361.019	7.8
361.19	7.8
361.361	7.8
361.533	7.8
361.704	7.7
361.876	7.7
362.047	7.7
362.219	7.7
362.391	7.6
362.562	7.6
362.734	7.6
362.905	7.6
363.077	7.6
363.248	7.5
363.42	7.4
363.592	7.4
363.763	7.3
363.935	7.3
364.106	7.3
364.278	7.4
364.45	7.4
364.621	7.3
364.793	7.2
364.965	7.1
365.137	7.1
365.308	7
365.48	7
365.652	7
365.824	6.9
365.995	6.9
366.167	6.8
366.339	6.7
366.511	6.7
366.683	6.6
366.854	6.5
367.026	6.4
367.198	6.4
367.37	6.4
367.542	6.4
367.714	6.4
367.886	6.3
368.058	6.3
368.23	6.3
368.402	6.2
368.574	6.1
368.746	6
368.918	6
369.09	5.9
369.262	5.9
369.434	5.9
369.606	5.8
369.778	5.8
369.95	5.7
370.122	5.6
370.294	5.6
370.467	5.6
370.639	5.5
370.811	5.6
370.983	5.5
371.155	5.4
371.328	5.3
371.5	5.3
371.672	5.3
371.844	5.3
372.017	5.3
372.189	5.2
372.361	5.2
372.534	5.2
372.706	5.2
372.878	5.2
373.051	5.1
373.223	5.1
373.396	5
373.568	4.9
373.741	4.9
373.913	5
374.086	5
374.258	5.1
374.431	5.1
374.603	5.1
374.776	5
374.949	5
375.121	5
375.294	5
375.467	5
375.639	4.9
375.812	4.9
375.985	4.9
376.157	4.9
376.33	4.9
376.503	4.8
376.676	4.8
376.849	4.7
377.021	4.7
377.194	4.6
377.367	4.6
377.54	4.6
377.713	4.6
377.886	4.6
378.059	4.6
378.232	4.6
378.405	4.5
378.578	4.5
378.751	4.4
378.924	4.4
379.097	4.4
379.27	4.4
379.444	4.4
379.617	4.4
379.79	4.3
379.963	4.3
380.136	4.3
380.31	4.3
380.483	4.2
380.656	4.3
380.829	4.2
381.003	4.2
381.176	4.1
381.35	4.1
381.523	4
381.696	4
381.87	4
382.043	4
382.217	3.9
382.39	3.9
382.564	3.9
382.738	3.9
382.911	3.9
383.085	3.9
383.258	3.9
383.432	3.8
383.606	3.9
383.779	3.9
383.953	3.9
384.127	3.9
384.301	3.9
384.475	3.9
384.648	3.8
384.822	3.8
384.996	3.8
385.17	3.8
385.344	3.8
385.518	3.8
385.692	3.8
385.866	3.8
386.04	3.8
386.214	3.8
386.388	3.7
386.562	3.7
386.737	3.7
386.911	3.7
387.085	3.7
387.259	3.7
387.434	3.7
387.608	3.7
387.782	3.6
387.956	3.7
388.131	3.7
388.305	3.7
388.48	3.7
388.654	3.7
388.829	3.7
389.003	3.7
389.178	3.7
389.352	3.7
389.527	3.7
389.701	3.7
389.876	3.7
390.051	3.6
390.226	3.6
390.4	3.6
390.575	3.6
390.75	3.6
390.925	3.6
391.099	3.6
391.274	3.6
391.449	3.6
391.624	3.6
391.799	3.6
391.974	3.6
392.149	3.6
392.324	3.6
392.499	3.6
392.675	3.6
392.85	3.7
393.025	3.7
393.2	3.6
393.375	3.6
393.551	3.6
393.726	3.6
393.901	3.6
394.077	3.6
394.252	3.6
394.427	3.6
394.603	3.6
394.778	3.6
394.954	3.6
395.129	3.6
395.305	3.6
395.481	3.6
395.656	3.6
395.832	3.6
396.008	3.6
396.184	3.6
396.359	3.5
396.535	3.5
396.711	3.5
396.887	3.5
397.063	3.5
397.239	3.5
397.415	3.5
397.591	3.5
397.767	3.5
397.943	3.5
398.119	3.5
398.295	3.5
398.471	3.4
398.648	3.4
398.824	3.4
399	3.4
399.176	3.4
399.353	3.5
399.529	3.5
399.706	3.5
399.882	3.5
400.058	3.4
400.235	3.4
400.412	3.5
400.588	3.5
400.765	3.5
400.942	3.5
401.118	3.5
401.295	3.5
401.472	3.5
401.649	3.5
401.825	3.5
402.002	3.4
402.179	3.4
402.356	3.4
402.533	3.4
402.71	3.4
402.887	3.4
403.064	3.5
403.242	3.5
403.419	3.5
403.596	3.4
403.773	3.4
403.95	3.4
404.128	3.4
404.305	3.4
404.483	3.4
404.66	3.4
404.837	3.4
405.015	3.4
405.193	3.4
405.37	3.4
405.548	3.4
405.725	3.4
405.903	3.4
406.081	3.4
406.259	3.4
406.437	3.4
406.614	3.4
406.792	3.4
406.97	3.4
407.148	3.4
407.326	3.4
407.504	3.4
407.682	3.4
407.86	3.4
408.039	3.4
408.217	3.4
408.395	3.4
408.573	3.4
408.751	3.4
408.93	3.4
409.108	3.4
409.287	3.4
409.465	3.4
409.643	3.4
409.822	3.4
410	3.4
410.179	3.4
410.358	3.4
410.536	3.4
410.715	3.4
410.894	3.4
411.072	3.4
411.251	3.4
411.43	3.4
411.609	3.4
411.788	3.4
411.967	3.4
412.146	3.4
412.325	3.4
412.504	3.4
412.683	3.4
412.862	3.4
413.041	3.4
413.22	3.4
413.399	3.4
413.578	3.4
413.758	3.4
413.937	3.4
414.116	3.4
414.296	3.4
414.475	3.4
414.654	3.5
414.834	3.5
415.013	3.5
415.193	3.5
415.372	3.5
415.552	3.5
415.732	3.5
415.911	3.5
416.091	3.5
416.271	3.5
416.45	3.5
416.63	3.5
416.81	3.5
416.99	3.5
417.169	3.5
417.349	3.5
417.529	3.5
417.709	3.5
417.889	3.5
418.069	3.5
418.249	3.5
418.429	3.5
418.609	3.5
418.789	3.5
418.97	3.5
419.15	3.4
419.33	3.4
419.51	3.4
419.691	3.4
419.871	3.4
420.051	3.4
420.232	3.4
420.412	3.4
420.592	3.4
420.773	3.4
420.953	3.4
421.134	3.4
421.314	3.4
421.495	3.4
421.675	3.4
421.856	3.4
422.037	3.4
422.217	3.4
422.398	3.4
422.579	3.4
422.76	3.4
422.94	3.4
423.121	3.4
423.302	3.4
423.483	3.4
423.664	3.4
423.845	3.4
424.026	3.4
424.207	3.4
424.388	3.4
424.569	3.4
424.75	3.4
424.931	3.4
425.112	3.4
425.293	3.4
425.474	3.4
425.655	3.4
425.837	3.4
426.018	3.4
426.199	3.4
426.38	3.4
426.562	3.4
426.743	3.4
426.924	3.4
427.106	3.4
427.287	3.4
427.469	3.5
427.65	3.5
427.832	3.5
428.013	3.5
428.195	3.5
428.376	3.5
428.558	3.5
428.739	3.5
428.921	3.5
429.103	3.5
429.284	3.5
429.466	3.5
429.648	3.5
429.83	3.5
430.011	3.5
430.193	3.5
430.375	3.5
430.557	3.5
430.739	3.5
430.921	3.5
431.102	3.5
431.284	3.5
431.466	3.5
431.648	3.5
431.83	3.5
432.012	3.5
432.194	3.5
432.377	3.5
432.559	3.5
432.741	3.5
432.923	3.5
433.105	3.5
433.287	3.5
433.469	3.5
433.652	3.5
433.834	3.5
434.016	3.5
434.198	3.5
434.381	3.5
434.563	3.5
434.745	3.5
434.928	3.5
435.11	3.5
435.293	3.6
435.475	3.6
435.658	3.6
435.84	3.6
436.022	3.6
436.205	3.6
436.388	3.6
436.57	3.6
436.753	3.6
436.935	3.6
437.118	3.6
437.301	3.6
437.483	3.6
437.666	3.7
437.849	3.7
438.031	3.7
438.214	3.7
438.397	3.7
438.58	3.7
438.762	3.7
438.945	3.8
439.128	3.8
439.311	3.8
439.494	3.8
439.677	3.8
439.859	3.9
440.042	3.9
440.225	3.9
440.408	3.9
440.591	3.9
440.774	3.9
440.957	4
441.14	4
441.323	4
441.507	4
441.69	4
441.873	4
442.056	4.1
442.239	4.1
442.422	4.1
442.605	4.1
442.789	4.1
442.972	4.2
443.155	4.2
443.338	4.2
443.522	4.2
443.705	4.2
443.888	4.2
444.072	4.2
444.255	4.3
444.438	4.3
444.622	4.3
444.805	4.3
444.989	4.3
445.172	4.4
445.356	4.4
445.539	4.4
445.723	4.4
445.906	4.4
446.09	4.5
446.273	4.5
446.457	4.5
446.64	4.5
446.824	4.5
447.008	4.5
447.191	4.6
447.375	4.6
447.559	4.6
447.742	4.6
447.926	4.6
448.11	4.7
448.293	4.7
448.477	4.7
448.661	4.7
448.845	4.7
449.029	4.7
449.212	4.7
449.396	4.8
449.58	4.8
449.764	4.8
449.948	4.8
450.132	4.8
450.316	4.8
450.5	4.8
450.684	4.9
450.868	4.9
451.052	4.9
451.236	4.9
451.42	4.9
451.604	4.9
451.788	4.9
451.972	4.9
452.156	4.9
452.34	5
452.525	5
452.709	5
452.893	5
453.077	5
453.261	5
453.446	5
453.63	5
453.814	5
453.998	5
454.183	5
454.367	5
454.551	5
454.736	5.1
454.92	5.1
455.104	5.1
455.289	5.1
455.473	5.1
455.658	5.1
455.842	5.1
456.026	5.1
456.211	5.1
456.395	5.1
456.58	5.1
456.764	5.1
456.949	5.1
457.134	5.1
457.318	5.1
457.503	5.1
457.687	5.1
457.872	5.1
458.057	5.1
458.241	5.1
458.426	5.1
458.611	5.1
458.795	5.1
458.98	5.1
459.165	5.1
459.349	5.1
459.534	5
459.719	5
459.904	5
460.088	5
460.273	5
460.458	5
460.643	5
460.828	5
461.013	5
461.198	5
461.382	5
461.567	5
461.752	5
461.937	5
462.122	5
462.307	5
462.492	4.9
462.677	4.9
462.862	4.9
463.047	4.9
463.232	4.9
463.417	4.9
463.602	4.9
463.788	4.9
463.973	4.9
464.158	4.8
464.343	4.8
464.528	4.8
464.713	4.8
464.898	4.8
465.084	4.8
465.269	4.8
465.454	4.8
465.639	4.8
465.824	4.8
466.01	4.7
466.195	4.7
466.38	4.7
466.566	4.7
466.751	4.7
466.936	4.7
467.122	4.7
467.307	4.7
467.492	4.7
467.678	4.6
467.863	4.6
468.048	4.6
468.234	4.6
468.419	4.6
468.605	4.6
468.79	4.6
468.976	4.5
469.161	4.5
469.347	4.5
469.532	4.5
469.718	4.5
469.903	4.5
470.089	4.4
470.274	4.4
470.46	4.4
470.646	4.4
470.831	4.4
471.017	4.4
471.202	4.3
471.388	4.3
471.574	4.3
471.759	4.3
471.945	4.3
472.131	4.3
472.317	4.2
472.502	4.2
472.688	4.2
472.874	4.2
473.059	4.2
473.245	4.2
473.431	4.2
473.617	4.1
473.803	4.1
473.988	4.1
474.174	4.1
474.36	4.1
474.546	4.1
474.732	4
474.918	4
475.104	4
475.29	4
475.475	4
475.661	4
475.847	3.9
476.033	3.9
476.219	3.9
476.405	3.9
476.591	3.9
476.777	3.9
476.963	3.8
477.149	3.8
477.335	3.8
477.521	3.8
477.707	3.8
477.893	3.8
478.08	3.8
478.266	3.7
478.452	3.7
478.638	3.7
478.824	3.7
479.01	3.7
479.196	3.7
479.382	3.6
479.569	3.6
479.755	3.6
479.941	3.6
480.127	3.6
480.313	3.6
480.5	3.5
480.686	3.5
480.872	3.5
481.058	3.5
481.245	3.5
481.431	3.5
481.617	3.4
481.803	3.4
481.99	3.4
482.176	3.4
482.362	3.4
482.549	3.4
482.735	3.3
482.921	3.3
483.108	3.3
483.294	3.3
483.481	3.3
483.667	3.3
483.853	3.3
484.04	3.2
484.226	3.2
484.413	3.2
484.599	3.2
484.786	3.2
484.972	3.1
485.159	3.1
485.345	3.1
485.532	3.1
485.718	3.1
485.905	3.1
486.091	3.1
486.278	3
486.464	3
486.651	3
486.837	3
487.024	3
487.211	3
487.397	3
487.584	2.9
487.77	2.9
487.957	2.9
488.144	2.9
488.33	2.9
488.517	2.9
488.704	2.9
488.89	2.9
489.077	2.8
489.264	2.8
489.45	2.8
489.637	2.8
489.824	2.8
490.01	2.8
490.197	2.7
490.384	2.7
490.571	2.7
490.757	2.7
490.944	2.7
491.131	2.7
491.318	2.7
491.505	2.7
491.691	2.6
491.878	2.6
492.065	2.6
492.252	2.6
492.439	2.6
492.626	2.6
492.812	2.6
492.999	2.6
493.186	2.5
493.373	2.5
493.56	2.5
493.747	2.5
493.934	2.5
494.121	2.5
494.308	2.5
494.494	2.5
494.681	2.5
494.868	2.4
495.055	2.4
495.242	2.4
495.429	2.4
495.616	2.4
495.803	2.4
495.99	2.4
496.177	2.4
496.364	2.4
496.551	2.3
496.738	2.3
496.925	2.3
497.112	2.3
497.299	2.3
497.486	2.3
497.673	2.3
497.861	2.3
498.048	2.3
498.235	2.3
498.422	2.3
498.609	2.3
498.796	2.3
498.983	2.2
499.17	2.2
499.357	2.2
499.544	2.2
499.732	2.2
499.919	2.2
500.106	2.2
500.293	2.2
500.48	2.2
500.667	2.2
500.855	2.2
501.042	2.2
501.229	2.1
501.416	2.1
501.603	2.1
501.791	2.1
501.978	2.1
502.165	2.1
502.352	2.1
502.54	2.1
502.727	2.1
502.914	2.1
503.101	2.1
503.289	2.1
503.476	2.1
503.663	2.1
503.85	2
504.038	2
504.225	2
504.412	2
504.6	2
504.787	2
504.974	2
505.161	2
505.349	2
505.536	2
505.723	2
505.911	2
506.098	2
506.286	1.9
506.473	1.9
506.66	1.9
506.848	1.9
507.035	1.9
507.222	1.9
507.41	1.9
507.597	1.9
507.785	1.9
507.972	1.9
508.159	1.9
508.347	1.9
508.534	1.9
508.722	1.9
508.909	1.9
509.097	1.9
509.284	1.9
509.471	1.9
509.659	1.9
509.846	1.8
510.034	1.8
510.221	1.8
510.409	1.8
510.596	1.8
510.784	1.8
510.971	1.8
511.159	1.8
511.346	1.8
511.534	1.8
511.721	1.8
511.909	1.8
512.096	1.8
512.284	1.8
512.471	1.8
512.659	1.8
512.846	1.8
513.034	1.8
513.221	1.8
513.409	1.8
513.596	1.8
513.784	1.8
513.972	1.7
514.159	1.7
514.347	1.7
514.534	1.7
514.722	1.7
514.909	1.7
515.097	1.7
515.285	1.7
515.472	1.7
515.66	1.7
515.847	1.7
516.035	1.7
516.222	1.7
516.41	1.7
516.598	1.7
516.785	1.7
516.973	1.7
517.161	1.7
517.348	1.7
517.536	1.7
517.723	1.7
517.911	1.7
518.099	1.7
518.286	1.7
518.474	1.7
518.662	1.7
518.849	1.7
519.037	1.7
519.225	1.7
519.412	1.7
519.6	1.7
519.787	1.6
519.975	1.6
520.163	1.6
520.35	1.6
520.538	1.6
520.726	1.6
520.914	1.6
521.101	1.6
521.289	1.6
521.477	1.6
521.664	1.6
521.852	1.6
522.04	1.6
522.227	1.6
522.415	1.6
522.603	1.6
522.79	1.6
522.978	1.6
523.166	1.6
523.354	1.6
523.541	1.6
523.729	1.6
523.917	1.6
524.104	1.6
524.292	1.6
524.48	1.6
524.668	1.6
524.855	1.6
525.043	1.6
525.231	1.6
525.418	1.6
525.606	1.6
525.794	1.6
525.982	1.6
526.169	1.6
526.357	1.6
526.545	1.6
526.733	1.5
526.92	1.5
527.108	1.5
527.296	1.5
527.484	1.5
527.671	1.5
527.859	1.5
528.047	1.5
528.235	1.5
528.422	1.5
528.61	1.5
528.798	1.5
528.986	1.5
529.173	1.5
529.361	1.5
529.549	1.5
529.737	1.5
529.924	1.5
530.112	1.5
530.3	1.5
530.488	1.5
530.675	1.5
530.863	1.5
531.051	1.5
531.239	1.5
531.426	1.5
531.614	1.5
531.802	1.5
531.99	1.5
532.177	1.5
532.365	1.5
532.553	1.5
532.741	1.5
532.928	1.5
533.116	1.5
533.304	1.5
533.492	1.5
533.679	1.5
533.867	1.5
534.055	1.5
534.243	1.5
534.431	1.5
534.618	1.6
534.806	1.6
534.994	1.6
535.182	1.6
535.369	1.6
535.557	1.6
535.745	1.6
535.933	1.6
536.12	1.6
536.308	1.6
536.496	1.6
536.684	1.6
536.871	1.6
537.059	1.6
537.247	1.6
537.435	1.6
537.622	1.6
537.81	1.6
537.998	1.6
538.186	1.6
538.373	1.6
538.561	1.6
538.749	1.6
538.937	1.6
539.124	1.6
539.312	1.6
539.5	1.6
539.688	1.6
539.875	1.6
540.063	1.6
540.251	1.6
540.439	1.6
540.626	1.6
540.814	1.6
541.002	1.6
541.19	1.6
541.377	1.6
541.565	1.6
541.753	1.6
541.941	1.6
542.128	1.6
542.316	1.6
542.504	1.6
542.691	1.6
542.879	1.6
543.067	1.6
543.255	1.6
543.442	1.6
543.63	1.6
543.818	1.6
544.005	1.6
544.193	1.6
544.381	1.6
544.568	1.6
544.756	1.6
544.944	1.6
545.132	1.6
545.319	1.6
545.507	1.6
545.695	1.7
545.882	1.7
546.07	1.7
546.258	1.7
546.445	1.7
546.633	1.7
546.821	1.7
547.008	1.7
547.196	1.7
547.384	1.7
547.571	1.7
547.759	1.7
547.947	1.7
548.134	1.7
548.322	1.7
548.51	1.7
548.697	1.7
548.885	1.7
549.073	1.7
549.26	1.7
549.448	1.7
549.636	1.7
549.823	1.7
550.011	1.7
550.199	1.7
550.386	1.7
550.574	1.7
550.762	1.7
550.949	1.7
551.137	1.7
551.325	1.7
551.512	1.7
551.7	1.7
551.888	1.7
552.075	1.7
552.263	1.7
552.451	1.7
552.639	1.7
552.826	1.7
553.014	1.7
553.202	1.7
553.389	1.7
553.577	1.7
553.765	1.7
553.953	1.7
554.14	1.7
554.328	1.7
554.516	1.7
554.704	1.7
554.891	1.7
555.079	1.7
555.267	1.7
555.455	1.7
555.643	1.7
555.83	1.7
556.018	1.7
556.206	1.7
556.394	1.7
556.582	1.7
556.77	1.7
556.957	1.7
557.145	1.7
557.333	1.7
557.521	1.7
557.709	1.7
557.897	1.7
558.085	1.7
558.273	1.7
558.461	1.7
558.649	1.7
558.837	1.7
559.025	1.7
559.213	1.7
559.4	1.7
559.588	1.7
559.777	1.7
559.965	1.7
560.153	1.7
560.341	1.7
560.529	1.7
560.717	1.7
560.905	1.7
561.093	1.7
561.281	1.7
561.469	1.7
561.657	1.7
561.845	1.7
562.034	1.7
562.222	1.7
562.41	1.7
562.598	1.7
562.786	1.7
562.975	1.7
563.163	1.7
563.351	1.7
563.539	1.7
563.728	1.7
563.916	1.7
564.104	1.8
564.293	1.8
564.481	1.8
564.67	1.8
564.858	1.8
565.046	1.8
565.235	1.8
565.423	1.8
565.612	1.8
565.8	1.8
565.989	1.8
566.177	1.8
566.366	1.8
566.554	1.8
566.743	1.8
566.932	1.8
567.12	1.8
567.309	1.8
567.497	1.8
567.686	1.8
567.875	1.8
568.064	1.8
568.252	1.8
568.441	1.8
568.63	1.8
568.819	1.8
569.007	1.8
569.196	1.8
569.385	1.8
569.574	1.8
569.763	1.8
569.952	1.8
570.141	1.8
570.33	1.8
570.519	1.8
570.708	1.8
570.897	1.8
571.086	1.8
571.275	1.8
571.464	1.8
571.653	1.8
571.843	1.8
572.032	1.8
572.221	1.8
572.41	1.8
572.599	1.8
572.789	1.8
572.978	1.8
573.167	1.8
573.357	1.8
573.546	1.8
573.736	1.8
573.925	1.8
574.115	1.8
574.304	1.8
574.494	1.8
574.683	1.8
574.873	1.8
575.062	1.8
575.252	1.8
575.442	1.8
575.631	1.8
575.821	1.8
576.011	1.8
576.201	1.8
576.39	1.8
576.58	1.8
576.77	1.8
576.96	1.8
577.15	1.8
577.34	1.8
577.53	1.8
577.72	1.8
577.91	1.8
578.1	1.8
578.29	1.8
578.48	1.8
578.67	1.8
578.861	1.8
579.051	1.8
579.241	1.8
579.431	1.8
579.622	1.8
579.812	1.8
580.002	1.8
580.193	1.8
580.383	1.8
580.574	1.8
580.764	1.8
580.955	1.8
581.145	1.8
581.336	1.8
581.526	1.8
581.717	1.8
581.908	1.8
582.098	1.8
582.289	1.8
582.48	1.8
582.671	1.8
582.862	1.8
583.052	1.8
583.243	1.8
583.434	1.8
583.625	1.8
583.816	1.8
584.007	1.8
584.198	1.8
584.389	1.8
584.58	1.8
584.771	1.8
584.962	1.8
585.154	1.8
585.345	1.8
585.536	1.8
585.727	1.8
585.918	1.8
586.11	1.8
586.301	1.8
586.492	1.8
586.684	1.8
586.875	1.8
587.067	1.8
587.258	1.8
587.45	1.8
587.641	1.8
587.833	1.8
588.024	1.8
588.216	1.8
588.408	1.8
588.599	1.8
588.791	1.8
588.983	1.8
589.174	1.8
589.366	1.8
589.558	1.8
589.75	1.8
589.942	1.8
590.134	1.8
590.326	1.8
590.518	1.8
590.71	1.8
590.902	1.8
591.094	1.8
591.286	1.7
591.478	1.7
591.67	1.7
591.862	1.7
592.054	1.8
592.246	1.7
592.439	1.7
592.631	1.7
592.823	1.7
593.016	1.7
593.208	1.7
593.4	1.8
593.593	1.8
593.785	1.8
593.978	1.7
594.17	1.7
594.363	1.7
594.555	1.7
594.748	1.7
594.94	1.8
595.133	1.8
595.326	1.8
595.518	1.8
595.711	1.8
595.904	1.8
596.096	1.8
596.289	1.8
596.482	1.8
596.675	1.8
596.868	1.8
597.061	1.8
597.254	1.8
597.447	1.8
597.64	1.8
597.833	1.8
598.026	1.8
598.219	1.8
598.412	1.8
598.605	1.8
598.798	1.8
598.991	1.8
599.184	1.8
599.378	1.8
599.571	1.8
599.764	1.8
599.957	1.8
600.151	1.8
600.344	1.8
600.538	1.8
600.731	1.8
600.924	1.8
601.118	1.8
601.311	1.8
601.505	1.8
601.698	1.8
601.892	1.8
602.086	1.8
602.279	1.8
602.473	1.8
602.667	1.8
602.86	1.8
603.054	1.8
603.248	1.8
603.442	1.8
603.635	1.8
603.829	1.8
604.023	1.8
604.217	1.8
604.411	1.8
604.605	1.8
604.799	1.8
604.993	1.8
605.187	1.8
605.381	1.8
605.575	1.8
605.769	1.8
605.963	1.8
606.157	1.8
606.352	1.8
606.546	1.8
606.74	1.8
606.934	1.8
607.129	1.8
607.323	1.8
607.517	1.8
607.712	1.8
607.906	1.8
608.1	1.8
608.295	1.8
608.489	1.8
608.684	1.8
608.878	1.8
609.073	1.8
609.267	1.8
609.462	1.8
609.657	1.8
609.851	1.8
610.046	1.8
610.241	1.8
610.435	1.8
610.63	1.8
610.825	1.8
611.02	1.8
611.215	1.8
611.41	1.8
611.604	1.8
611.799	1.8
611.994	1.8
612.189	1.8
612.384	1.8
612.579	1.8
612.774	1.8
612.969	1.8
613.164	1.8
613.359	1.8
613.555	1.8
613.75	1.8
613.945	1.8
614.14	1.8
614.335	1.8
614.531	1.8
614.726	1.8
614.921	1.8
615.117	1.8
615.312	1.8
615.507	1.8
615.703	1.8
615.898	1.8
616.094	1.8
616.289	1.8
616.485	1.8
616.68	1.8
616.876	1.8
617.071	1.8
617.267	1.8
617.463	1.8
617.658	1.8
617.854	1.8
618.05	1.8
618.245	1.8
618.441	1.8
618.637	1.8
618.833	1.8
619.029	1.8
619.225	1.8
619.42	1.8
619.616	1.8
619.812	1.8
620.008	1.8
620.204	1.8
620.4	1.8
620.596	1.8
620.792	1.8
620.988	1.8
621.184	1.8
621.381	1.8
621.577	1.8
621.773	1.8
621.969	1.8
622.165	1.8
622.362	1.8
622.558	1.8
622.754	1.8
622.951	1.8
623.147	1.8
623.343	1.8
623.54	1.8
623.736	1.8
623.933	1.8
624.129	1.8
624.326	1.8
624.522	1.8
624.719	1.8
624.915	1.8
625.112	1.8
625.308	1.8
625.505	1.8
625.702	1.8
625.898	1.8
626.095	1.8
626.292	1.8
626.489	1.8
626.685	1.8
626.882	1.8
627.079	1.8
627.276	1.8
627.473	1.8
627.67	1.8
627.866	1.8
628.063	1.8
628.26	1.8
628.457	1.8
628.654	1.8
628.851	1.8
629.048	1.8
629.246	1.8
629.443	1.8
629.64	1.8
629.837	1.8
630.034	1.8
630.231	1.8
630.429	1.8
630.626	1.8
630.823	1.8
631.02	1.8
631.218	1.8
631.415	1.8
631.612	1.8
631.81	1.7
632.007	1.7
632.205	1.7
632.402	1.7
632.6	1.7
632.797	1.7
632.995	1.8
633.192	1.8
633.39	1.8
633.587	1.8
633.785	1.7
633.983	1.7
634.18	1.7
634.378	1.7
634.576	1.7
634.773	1.7
634.971	1.7
635.169	1.7
635.367	1.7
635.565	1.7
635.762	1.7
635.96	1.7
636.158	1.7
636.356	1.7
636.554	1.7
636.752	1.7
636.95	1.7
637.148	1.7
637.346	1.7
637.544	1.7
637.742	1.7
637.94	1.7
638.138	1.7
638.337	1.7
638.535	1.7
638.733	1.7
638.931	1.7
639.129	1.7
639.328	1.7
639.526	1.7
639.724	1.7
639.922	1.7
640.121	1.7
640.319	1.7
640.518	1.7
640.716	1.7
640.914	1.7
641.113	1.7
641.311	1.7
641.51	1.7
641.708	1.7
641.907	1.7
642.105	1.7
642.304	1.7
642.503	1.7
642.701	1.7
642.9	1.7
643.098	1.7
643.297	1.7
643.496	1.7
643.695	1.7
643.893	1.7
644.092	1.7
644.291	1.7
644.49	1.7
644.689	1.7
644.887	1.7
645.086	1.7
645.285	1.7
645.484	1.7
645.683	1.7
645.882	1.7
646.081	1.7
646.28	1.7
646.479	1.7
646.678	1.7
646.877	1.7
647.076	1.7
647.276	1.7
647.475	1.7
647.674	1.7
647.873	1.7
648.072	1.7
648.271	1.7
648.471	1.7
648.67	1.7
648.869	1.7
649.069	1.7
649.268	1.7
649.467	1.7
649.667	1.7
649.866	1.7
650.065	1.7
650.265	1.7
650.464	1.7
650.664	1.7
650.863	1.7
651.063	1.7
651.262	1.7
651.462	1.7
651.662	1.7
651.861	1.7
652.061	1.7
652.26	1.7
652.46	1.7
652.66	1.7
652.859	1.7
653.059	1.7
653.259	1.7
653.459	1.7
653.658	1.7
653.858	1.7
654.058	1.7
654.258	1.7
654.458	1.7
654.658	1.7
654.858	1.7
655.058	1.7
655.258	1.7
655.457	1.7
655.657	1.7
655.857	1.7
656.058	1.7
656.258	1.7
656.458	1.7
656.658	1.7
656.858	1.7
657.058	1.7
657.258	1.7
657.458	1.7
657.659	1.7
657.859	1.7
658.059	1.7
658.259	1.7
658.459	1.7
658.66	1.7
658.86	1.7
659.06	1.7
659.261	1.7
659.461	1.7
659.662	1.7
659.862	1.7
660.062	1.6
660.263	1.6
660.463	1.6
660.664	1.6
660.864	1.6
661.065	1.6
661.265	1.6
661.466	1.6
661.667	1.6
661.867	1.6
662.068	1.6
662.268	1.6
662.469	1.6
662.67	1.6
662.87	1.6
663.071	1.6
663.272	1.6
663.473	1.6
663.674	1.6
663.874	1.6
664.075	1.6
664.276	1.6
664.477	1.6
664.678	1.6
664.879	1.6
665.08	1.6
665.28	1.6
665.481	1.6
665.682	1.6
665.883	1.6
666.084	1.6
666.285	1.6
666.486	1.6
666.688	1.6
666.889	1.6
667.09	1.6
667.291	1.6
667.492	1.6
667.693	1.6
667.894	1.6
668.096	1.6
668.297	1.6
668.498	1.6
668.699	1.6
668.901	1.6
669.102	1.6
669.303	1.6
669.505	1.6
669.706	1.6
669.907	1.6
670.109	1.6
670.31	1.6
670.511	1.6
670.713	1.6
670.914	1.6
671.116	1.6
671.317	1.6
671.519	1.6
671.72	1.6
671.922	1.6
672.124	1.6
672.325	1.6
672.527	1.6
672.728	1.6
672.93	1.6
673.132	1.6
673.333	1.6
673.535	1.6
673.737	1.6
673.939	1.6
674.14	1.6
674.342	1.6
674.544	1.6
674.746	1.6
674.948	1.6
675.149	1.6
675.351	1.6
675.553	1.6
675.755	1.6
675.957	1.6
676.159	1.6
676.361	1.6
676.563	1.6
676.765	1.6
676.967	1.6
677.169	1.6
677.371	1.6
677.573	1.6
677.775	1.6
677.977	1.6
678.179	1.6
678.381	1.6
678.583	1.6
678.786	1.6
678.988	1.6
679.19	1.6
679.392	1.6
679.594	1.6
679.797	1.6
679.999	1.6
680.201	1.6
680.404	1.6
680.606	1.6
680.808	1.6
681.011	1.6
681.213	1.6
681.415	1.6
681.618	1.6
681.82	1.6
682.023	1.6
682.225	1.6
682.428	1.6
682.63	1.6
682.833	1.6
683.035	1.6
683.238	1.6
683.44	1.6
683.643	1.6
683.845	1.6
684.048	1.6
684.251	1.6
684.453	1.6
684.656	1.6
684.859	1.6
685.061	1.6
685.264	1.6
685.467	1.6
685.67	1.6
685.872	1.6
686.075	1.6
686.278	1.6
686.481	1.6
686.684	1.6
686.886	1.6
687.089	1.6
687.292	1.6
687.495	1.6
687.698	1.7
687.901	1.7
688.104	1.7
688.307	1.7
688.51	1.7
688.713	1.7
688.916	1.7
689.119	1.7
689.322	1.7
689.525	1.7
689.728	1.7
689.931	1.7
690.134	1.7
690.337	1.7
690.54	1.7
690.744	1.7
690.947	1.7
691.15	1.7
691.353	1.7
691.556	1.7
691.76	1.7
691.963	1.7
692.166	1.7
692.37	1.7
692.573	1.7
692.776	1.7
692.979	1.7
693.183	1.7
693.386	1.7
693.59	1.7
693.793	1.7
693.996	1.7
694.2	1.7
694.403	1.7
694.607	1.7
694.81	1.7
695.014	1.7
695.217	1.7
695.421	1.7
695.624	1.7
695.828	1.7
696.031	1.7
696.235	1.7
696.439	1.7
696.642	1.7
696.846	1.7
697.049	1.7
697.253	1.7
697.457	1.7
697.661	1.7
697.864	1.7
698.068	1.7
698.272	1.7
698.475	1.7
698.679	1.7
698.883	1.7
699.087	1.7
699.291	1.7
699.494	1.7
699.698	1.7
699.902	1.7
700.106	1.7
700.31	1.7
700.514	1.7
700.718	1.7
700.922	1.7
701.126	1.7
701.33	1.7
701.534	1.7
701.738	1.7
701.942	1.7
702.146	1.8
702.35	1.8
702.554	1.8
702.758	1.8
702.962	1.8
703.166	1.8
703.37	1.8
703.574	1.8
703.778	1.8
703.983	1.8
704.187	1.8
704.391	1.8
704.595	1.8
704.799	1.8
705.004	1.8
705.208	1.8
705.412	1.8
705.616	1.8
705.821	1.8
706.025	1.8
706.229	1.8
706.434	1.8
706.638	1.8
706.842	1.8
707.047	1.8
707.251	1.8
707.455	1.8
707.66	1.8
707.864	1.8
708.069	1.8
708.273	1.8
708.478	1.8
708.682	1.8
708.887	1.8
709.091	1.8
709.296	1.8
709.5	1.8
709.705	1.8
709.909	1.8
710.114	1.8
710.319	1.8
710.523	1.8
710.728	1.8
710.932	1.8
711.137	1.8
711.342	1.8
711.546	1.8
711.751	1.8
711.956	1.8
712.161	1.8
712.365	1.8
712.57	1.8
712.775	1.8
712.98	1.8
713.184	1.8
713.389	1.8
713.594	1.8
713.799	1.8
714.004	1.8
714.209	1.8
714.413	1.8
714.618	1.9
714.823	1.9
715.028	1.9
715.233	1.9
715.438	1.9
715.643	1.9
715.848	1.9
716.053	1.9
716.258	1.9
716.463	1.9
716.668	1.9
716.873	1.9
717.078	1.9
717.283	1.9
717.488	1.9
717.693	1.9
717.898	1.9
718.103	1.9
718.308	1.9
718.514	1.9
718.719	1.9
718.924	1.9
719.129	1.9
719.334	1.9
719.539	1.9
719.745	1.9
719.95	1.9
720.155	1.9
720.36	1.9
720.566	1.9
720.771	1.9
720.976	1.9
721.182	1.9
721.387	1.9
721.592	1.9
721.798	1.9
722.003	1.9
722.208	1.9
722.414	1.9
722.619	1.9
722.824	1.9
723.03	1.9
723.235	1.9
723.441	1.9
723.646	2
723.852	2
724.057	2
724.263	2
724.468	2
724.674	2
724.879	2
725.085	2
725.29	2
725.496	2
725.701	2
725.907	2
726.112	2
726.318	2
726.524	2
726.729	2
726.935	2
727.141	2
727.346	2
727.552	2
727.758	2
727.963	2
728.169	2
728.375	2
728.581	2
728.786	2
728.992	2
729.198	2
729.404	2
729.609	2.1
729.815	2.1
730.021	2.1
730.227	2.1
730.433	2.1
730.639	2.1
730.844	2.1
731.05	2.1
731.256	2.1
731.462	2.1
731.668	2.1
731.874	2.1
732.08	2.1
732.286	2.1
732.492	2.1
732.698	2.1
732.904	2.1
733.11	2.1
733.316	2.1
733.522	2.1
733.728	2.1
733.934	2.1
734.14	2.1
734.346	2.1
734.552	2.1
734.758	2.1
734.964	2.1
735.17	2.1
735.376	2.1
735.583	2.1
735.789	2.1
735.995	2.1
736.201	2.1
736.407	2.1
736.613	2.1
736.819	2.1
737.026	2.1
737.232	2.1
737.438	2.1
737.644	2.2
737.851	2.2
738.057	2.2
738.263	2.2
738.469	2.2
738.676	2.2
738.882	2.2
739.088	2.2
739.295	2.2
739.501	2.2
739.707	2.2
739.914	2.2
740.12	2.2
740.326	2.2
740.533	2.2
740.739	2.2
740.946	2.2
741.152	2.2
741.358	2.3
741.565	2.3
741.771	2.3
741.978	2.3
742.184	2.3
742.391	2.3
742.597	2.3
742.804	2.3
743.01	2.3
743.217	2.3
743.423	2.3
743.63	2.3
743.836	2.3
744.043	2.3
744.249	2.4
744.456	2.4
744.663	2.4
744.869	2.4
745.076	2.4
745.282	2.4
745.489	2.4
745.696	2.4
745.902	2.4
746.109	2.4
746.316	2.4
746.522	2.4
746.729	2.4
746.936	2.4
747.142	2.4
747.349	2.4
747.556	2.4
747.762	2.5
747.969	2.5
748.176	2.5
748.383	2.5
748.589	2.5
748.796	2.5
749.003	2.5
749.21	2.5
749.417	2.5
749.623	2.5
749.83	2.5
750.037	2.5
750.244	2.5
750.451	2.5
750.658	2.5
750.865	2.6
751.071	2.6
751.278	2.6
751.485	2.6
751.692	2.6
751.899	2.6
752.106	2.6
752.313	2.6
752.52	2.6
752.727	2.6
752.934	2.6
753.141	2.6
753.348	2.6
753.555	2.6
753.762	2.6
753.969	2.7
754.176	2.7
754.383	2.7
754.59	2.7
754.797	2.7
755.004	2.7
755.211	2.7
755.418	2.7
755.625	2.7
755.832	2.7
756.039	2.7
756.246	2.8
756.453	2.8
756.66	2.8
756.868	2.8
757.075	2.8
757.282	2.8
757.489	2.8
757.696	2.8
757.903	2.8
758.111	2.8
758.318	2.9
758.525	2.9
758.732	2.9
758.939	2.9
759.147	2.9
759.354	2.9
759.561	2.9
759.768	2.9
759.976	2.9
760.183	3
760.39	3
760.597	3
760.805	3
761.012	3
761.219	3
761.426	3
761.634	3
761.841	3.1
762.048	3.1
762.256	3.1
762.463	3.1
762.67	3.1
762.878	3.1
763.085	3.1
763.293	3.1
763.5	3.1
763.707	3.2
763.915	3.2
764.122	3.2
764.33	3.2
764.537	3.2
764.744	3.2
764.952	3.2
765.159	3.3
765.367	3.3
765.574	3.3
765.782	3.3
765.989	3.3
766.197	3.3
766.404	3.3
766.612	3.3
766.819	3.4
767.027	3.4
767.234	3.4
767.442	3.4
767.649	3.4
767.857	3.4
768.064	3.4
768.272	3.4
768.479	3.5
768.687	3.5
768.895	3.5
769.102	3.5
769.31	3.5
769.517	3.5
769.725	3.6
769.933	3.6
770.14	3.6
770.348	3.6
770.555	3.6
770.763	3.6
770.971	3.6
771.178	3.7
771.386	3.7
771.594	3.7
771.801	3.7
772.009	3.7
772.217	3.7
772.424	3.8
772.632	3.8
772.84	3.8
773.047	3.8
773.255	3.8
773.463	3.8
773.671	3.8
773.878	3.9
774.086	3.9
774.294	3.9
774.502	3.9
774.709	4
774.917	4
775.125	4
775.333	4
775.54	4
775.748	4
775.956	4.1
776.164	4.1
776.371	4.1
776.579	4.1
776.787	4.1
776.995	4.2
777.203	4.2
777.41	4.2
777.618	4.2
777.826	4.2
778.034	4.3
778.242	4.3
778.45	4.3
778.657	4.3
778.865	4.3
779.073	4.4
779.281	4.4
779.489	4.4
779.697	4.4
779.905	4.5
780.112	4.5
780.32	4.5
780.528	4.5
780.736	4.5
780.944	4.6
781.152	4.6
781.36	4.6
781.568	4.6
781.776	4.7
781.984	4.7
782.191	4.7
782.399	4.7
782.607	4.7
782.815	4.8
783.023	4.8
783.231	4.8
783.439	4.8
783.647	4.8
783.855	4.9
784.063	4.9
784.271	4.9
784.479	4.9
784.687	4.9
784.895	5
785.103	5
785.311	5
785.519	5
785.727	5.1
785.935	5.1
786.143	5.1
786.351	5.1
786.559	5.2
786.767	5.2
786.975	5.2
787.183	5.2
787.391	5.3
787.599	5.3
787.807	5.3
788.015	5.3
788.223	5.4
788.431	5.4
788.639	5.4
788.847	5.4
789.055	5.5
789.263	5.5
789.471	5.5
789.679	5.5
789.887	5.6
790.095	5.6
790.303	5.6
790.511	5.6
790.719	5.7
790.927	5.7
791.135	5.7
791.343	5.8
791.551	5.8
791.76	5.8
791.968	5.8
792.176	5.9
792.384	5.9
792.592	5.9
792.8	5.9
793.008	6
793.216	6
793.424	6
793.632	6.1
793.84	6.1
794.048	6.1
794.256	6.1
794.465	6.2
794.673	6.2
794.881	6.2
795.089	6.2
795.297	6.3
795.505	6.3
795.713	6.3
795.921	6.4
796.129	6.4
796.337	6.4
796.546	6.4
796.754	6.5
796.962	6.5
797.17	6.5
797.378	6.6
797.586	6.6
797.794	6.6
798.002	6.7
798.21	6.7
798.419	6.7
798.627	6.8
798.835	6.8
799.043	6.8
799.251	6.8
799.459	6.9
799.667	6.9
799.875	6.9
800.083	7
800.292	7
800.5	7
800.708	7.1
800.916	7.1
801.124	7.1
801.332	7.2
801.54	7.2
801.748	7.2
801.957	7.3
802.165	7.3
802.373	7.3
802.581	7.4
802.789	7.3
802.997	7.3
803.205	7.4
803.414	7.4
803.622	7.4
803.83	7.5
804.038	7.5
804.246	7.6
804.454	7.6
804.662	7.6
804.87	7.6
805.079	7.7
805.287	7.7
805.495	7.7
805.703	7.8
805.911	7.8
806.119	7.9
806.327	7.9
806.535	7.9
806.743	8
806.952	8
807.16	8
807.368	8.1
807.576	8.1
807.784	8.1
807.992	8.2
808.2	8.2
808.408	8.2
808.617	8.3
808.825	8.3
809.033	8.3
809.241	8.4
809.449	8.4
809.657	8.5
809.865	8.5
810.073	8.6
810.281	8.6
810.49	8.6
810.698	8.7
810.906	8.7
811.114	8.7
811.322	8.8
811.53	8.8
811.738	8.9
811.946	8.9
812.154	8.9
812.362	9
812.57	9
812.779	9
812.987	9.1
813.195	9.1
813.403	9.1
813.611	9.2
813.819	9.2
814.027	9.3
814.235	9.3
814.443	9.3
814.651	9.4
814.859	9.4
815.067	9.4
815.275	9.5
815.484	9.5
815.692	9.6
815.9	9.6
816.108	9.6
816.316	9.7
816.524	9.7
816.732	9.8
816.94	9.8
817.148	9.8
817.356	9.9
817.564	9.9
817.772	9.9
817.98	10
818.188	10
818.397	10.1
818.605	10.1
818.813	10.1
819.021	10.2
819.229	10.2
819.437	10.2
819.645	10.3
819.853	10.3
820.061	10.4
820.269	10.4
820.477	10.5
820.685	10.5
820.893	10.6
821.102	10.6
821.31	10.7
821.518	10.7
821.726	10.7
821.934	10.8
822.142	10.8
822.35	10.9
822.558	10.9
822.766	11
822.974	11
823.182	11
823.39	11.1
823.599	11.1
823.807	11.2
824.015	11.2
824.223	11.3
824.431	11.3
824.639	11.4
824.847	11.4
825.055	11.4
825.263	11.5
825.472	11.5
825.68	11.6
825.888	11.6
826.096	11.7
826.304	11.7
826.512	11.8
826.72	11.8
826.928	11.9
827.137	11.9
827.345	12
827.553	12
827.761	12.1
827.969	12.1
828.177	12.2
828.385	12.2
828.594	12.2
828.802	12.3
829.01	12.3
829.218	12.4
829.426	12.4
829.634	12.5
829.843	12.5
830.051	12.6
830.259	12.6
830.467	12.7
830.675	12.7
830.883	12.8
831.092	12.8
831.3	12.9
831.508	12.9
831.716	13
831.924	13
832.133	13.1
832.341	13.1
832.549	13.2
832.757	13.2
832.966	13.3
833.174	13.3
833.382	13.4
833.59	13.4
833.799	13.5
834.007	13.5
834.215	13.6
834.423	13.6
834.632	13.7
834.84	13.7
835.048	13.8
835.256	13.8
835.465	13.9
835.673	13.9
835.881	14
836.09	14.1
836.298	14.1
836.506	14.2
836.715	14.2
836.923	14.3
837.131	14.3
837.34	14.4
837.548	14.4
837.756	14.5
837.965	14.5
838.173	14.6
838.381	14.7
838.59	14.7
838.798	14.8
839.006	14.8
839.215	14.9
839.423	14.9
839.632	15
839.84	15.1
840.048	15.1
840.257	15.2
840.465	15.2
840.674	15.3
840.882	15.3
841.091	15.4
841.299	15.4
841.508	15.5
841.716	15.6
841.924	15.6
842.133	15.7
842.341	15.8
842.55	15.8
842.758	15.9
842.967	15.9
843.175	16
843.384	16
843.593	16.1
843.801	16.1
844.01	16.2
844.218	16.3
844.427	16.3
844.635	16.4
844.844	16.4
845.052	16.5
845.261	16.6
845.47	16.6
845.678	16.7
845.887	16.8
846.095	16.8
846.304	16.9
846.513	17
846.721	17
846.93	17.1
847.139	17.1
847.347	17.2
847.556	17.2
847.765	17.3
847.973	17.3
848.182	17.4
848.391	17.5
848.6	17.5
848.808	17.6
849.017	17.6
849.226	17.7
849.435	17.8
849.643	17.8
849.852	17.9
850.061	17.9
850.27	18
850.478	18.1
850.687	18.1
850.896	18.2
851.105	18.2
851.314	18.3
851.523	18.3
851.731	18.4
851.94	18.5
852.149	18.6
852.358	18.6
852.567	18.7
852.776	18.8
852.985	18.8
853.194	18.9
853.403	19
853.612	19
853.821	19.1
854.03	19.2
854.239	19.2
854.447	19.3
854.656	19.3
854.865	19.4
855.075	19.4
855.284	19.5
855.493	19.6
855.702	19.6
855.911	19.7
856.12	19.8
856.329	19.9
856.538	19.9
856.747	20
856.956	20
857.165	20.1
857.374	20.2
857.584	20.2
857.793	20.3
858.002	20.4
858.211	20.4
858.42	20.5
858.629	20.6
858.839	20.6
859.048	20.7
859.257	20.8
859.466	20.9
859.676	20.9
859.885	21
860.094	21.1
860.304	21.2
860.513	21.2
860.722	21.3
860.932	21.3
861.141	21.4
861.35	21.5
861.56	21.5
861.769	21.6
861.978	21.7
862.188	21.7
862.397	21.8
862.607	21.9
862.816	22
863.026	22
863.235	22.1
863.445	22.2
863.654	22.2
863.864	22.3
864.073	22.4
864.283	22.5
864.492	22.5
864.702	22.6
864.911	22.7
865.121	22.8
865.33	22.8
865.54	22.9
865.75	23
865.959	23
866.169	23.1
866.379	23.2
866.588	23.3
866.798	23.3
867.008	23.4
867.218	23.5
867.427	23.5
867.637	23.6
867.847	23.7
868.057	23.8
868.266	23.8
868.476	23.9
868.686	24
868.896	24.1
869.106	24.2
869.316	24.3
869.525	24.3
869.735	24.4
869.945	24.5
870.155	24.6
870.365	24.6
870.575	24.7
870.785	24.8
870.995	24.9
871.205	24.9
871.415	25
871.625	25.1
871.835	25.2
872.045	25.2
872.255	25.3
872.465	25.4
872.675	25.5
872.886	25.5
873.096	25.6
873.306	25.7
873.516	25.7
873.726	25.8
873.936	25.9
874.147	26
874.357	26
874.567	26.1
874.777	26.2
874.988	26.2
875.198	26.3
875.408	26.4
875.619	26.5
875.829	26.6
876.039	26.6
876.25	26.7
876.46	26.8
876.67	26.9
876.881	26.9
877.091	27
877.302	27
877.512	27.1
877.723	27.1
877.933	27.2
878.144	27.2
878.354	27.3
878.565	27.3
878.775	27.4
878.986	27.4
879.197	27.5
879.407	27.5
879.618	27.6
879.829	27.6
880.039	27.7
880.25	27.8
880.461	27.8
880.671	27.9
880.882	28
881.093	28
881.304	28.1
881.515	28.1
881.725	28.2
881.936	28.2
882.147	28.3
882.358	28.4
882.569	28.5
882.78	28.5
882.991	28.6
883.202	28.7
883.413	28.8
883.624	28.8
883.835	28.9
884.046	29
884.257	29
884.468	29.1
884.679	29.2
884.89	29.2
885.101	29.3
885.312	29.4
885.523	29.4
885.735	29.5
885.946	29.6
886.157	29.6
886.368	29.7
886.579	29.8
886.791	29.8
887.002	29.9
887.213	30
887.425	30
887.636	30.1
887.847	30.2
888.059	30.3
888.27	30.3
888.481	30.4
888.693	30.5
888.904	30.6
889.116	30.6
889.327	30.7
889.539	30.7
889.75	30.7
889.962	30.8
890.174	30.9
890.385	31
890.597	31
890.808	31.1
891.02	31.1
891.232	31.2
891.444	31.2
891.655	31.3
891.867	31.3
892.079	31.4
892.291	31.4
892.502	31.5
892.714	31.5
892.926	31.5
893.138	31.5
893.35	31.6
893.562	31.6
893.774	31.7
893.986	31.7
894.198	31.8
894.41	31.8
894.622	31.9
894.834	31.9
895.046	31.9
895.258	32
895.47	32
895.682	32.1
895.894	32.1
896.106	32.1
896.319	32.2
896.531	32.2
896.743	32.3
896.955	32.3
897.168	32.3
897.38	32.4
897.592	32.4
897.805	32.4
898.017	32.4
898.229	32.5
898.442	32.5
898.654	32.6
898.867	32.6
899.079	32.6
899.292	32.7
899.504	32.7
899.717	32.7
899.929	32.7
900.142	32.8
900.355	32.8
900.567	32.8
900.78	32.8
900.993	32.9
901.205	32.9
901.418	32.9
901.631	33
901.844	33
902.056	33
902.269	33
902.482	33
902.695	33
902.908	33.1
903.121	33.1
903.334	33.1
903.547	33.1
903.76	33.1
903.973	33.2
904.186	33.2
904.399	33.2
904.612	33.2
904.825	33.2
905.038	33.2
905.251	33.2
905.465	33.2
905.678	33.2
905.891	33.2
906.104	33.2
906.318	33.2
906.531	33.2
906.744	33.2
906.958	33.2
907.171	33.2
907.384	33.2
907.598	33.2
907.811	33.2
908.025	33.2
908.238	33.2
908.452	33.2
908.665	33.2
908.879	33.2
909.093	33.2
909.306	33.2
909.52	33.2
909.734	33.2
909.947	33.2
910.161	33.1
910.375	33.2
910.589	33.2
910.803	33.2
911.016	33.2
911.23	33.2
911.444	33.2
911.658	33.2
911.872	33.2
912.086	33.2
912.3	33.2
912.514	33.2
912.728	33.1
912.942	33.1
913.156	33.2
913.37	33.2
913.585	33.1
913.799	33.1
914.013	33.1
914.227	33.1
914.442	33.1
914.656	33.1
914.87	33.2
915.084	33.2
915.299	33.2
915.513	33.2
915.728	33.1
915.942	33.1
916.157	33.1
916.371	33.1
916.586	33.1
916.8	33.2
917.015	33.2
917.229	33.2
917.444	33.1
917.659	33.1
917.874	33.1
918.088	33.2
918.303	33.2
918.518	33.2
918.733	33.1
918.947	33.1
919.162	33.2
919.377	33.2
919.592	33.1
919.807	33.1
920.022	33.1
920.237	33.1
920.452	33
920.667	33
920.882	33
921.097	33
921.313	33
921.528	33
921.743	33
921.958	33
922.174	33
922.389	33
922.604	33
922.82	33
923.035	33
923.25	33
923.466	33
923.681	33
923.897	33
924.112	33
924.328	33
924.544	33
924.759	33
924.975	33.1
925.19	33.1
925.406	33.1
925.622	33.2
925.838	33.2
926.054	33.2
926.269	33.2
926.485	33.2
926.701	33.2
926.917	33.2
927.133	33.3
927.349	33.3
927.565	33.4
927.781	33.4
927.997	33.4
928.213	33.5
928.429	33.5
928.646	33.5
928.862	33.6
929.078	33.6
929.294	33.7
929.511	33.8
929.727	33.8
929.943	33.9
930.16	33.9
930.376	34
930.592	34
930.809	34.1
931.025	34.1
931.242	34.1
931.459	34.2
931.675	34.2
931.892	34.3
932.108	34.4
932.325	34.4
932.542	34.5
932.759	34.6
932.975	34.6
933.192	34.7
933.409	34.7
933.626	34.7
933.843	34.7
934.06	34.7
934.277	34.8
934.494	34.7
934.711	34.7
934.928	34.7
935.145	34.7
935.362	34.8
935.58	34.8
935.797	34.9
936.014	34.8
936.231	34.8
936.449	34.8
936.666	34.7
936.883	34.6
937.101	34.6
937.318	34.6
937.536	34.7
937.753	34.7
937.971	34.8
938.188	34.8
938.406	34.8
938.624	34.9
938.841	34.9
939.059	34.9
939.277	34.9
939.494	34.9
939.712	35
939.93	35
