360.161	11.5
360.333	11.4
360.504	11.3
360.676	11.3
360.847	11.3
361.019	11.3
361.19	11.2
361.361	11.2
361.533	11.2
361.704	11.1
361.876	11
362.047	11
362.219	10.9
362.391	10.9
362.562	10.9
362.734	10.9
362.905	10.8
363.077	10.7
363.248	10.7
363.42	10.6
363.592	10.6
363.763	10.5
363.935	10.5
364.106	10.5
364.278	10.5
364.45	10.5
364.621	10.5
364.793	10.4
364.965	10.4
365.137	10.4
365.308	10.3
365.48	10.3
365.652	10.3
365.824	10.3
365.995	10.3
366.167	10.2
366.339	10.2
366.511	10.1
366.683	10.1
366.854	10
367.026	10
367.198	10
367.37	10
367.542	10
367.714	10
367.886	10
368.058	9.9
368.23	9.9
368.402	9.8
368.574	9.7
368.746	9.8
368.918	9.8
369.09	9.7
369.262	9.7
369.434	9.7
369.606	9.6
369.778	9.6
369.95	9.5
370.122	9.5
370.294	9.5
370.467	9.5
370.639	9.5
370.811	9.5
370.983	9.6
371.155	9.5
371.328	9.5
371.5	9.5
371.672	9.4
371.844	9.4
372.017	9.4
372.189	9.4
372.361	9.3
372.534	9.3
372.706	9.3
372.878	9.2
373.051	9.2
373.223	9.1
373.396	9.1
373.568	9
373.741	9
373.913	9
374.086	9
374.258	8.9
374.431	8.9
374.603	8.9
374.776	8.8
374.949	8.7
375.121	8.7
375.294	8.7
375.467	8.7
375.639	8.7
375.812	8.6
375.985	8.6
376.157	8.6
376.33	8.6
376.503	8.6
376.676	8.5
376.849	8.5
377.021	8.5
377.194	8.5
377.367	8.5
377.54	8.4
377.713	8.4
377.886	8.4
378.059	8.3
378.232	8.4
378.405	8.3
378.578	8.3
378.751	8.3
378.924	8.3
379.097	8.3
379.27	8.3
379.444	8.3
379.617	8.3
379.79	8.2
379.963	8.2
380.136	8.1
380.31	8.1
380.483	8.1
380.656	8.1
380.829	8.1
381.003	8.1
381.176	8.1
381.35	8.1
381.523	8.1
381.696	8
381.87	8
382.043	8
382.217	8
382.39	8
382.564	8
382.738	8
382.911	8
383.085	8
383.258	8
383.432	8
383.606	8
383.779	8
383.953	8
384.127	8
384.301	7.9
384.475	7.9
384.648	7.9
384.822	7.9
384.996	7.9
385.17	7.8
385.344	7.8
385.518	7.8
385.692	7.8
385.866	7.8
386.04	7.8
386.214	7.7
386.388	7.7
386.562	7.7
386.737	7.7
386.911	7.7
387.085	7.7
387.259	7.7
387.434	7.7
387.608	7.7
387.782	7.7
387.956	7.7
388.131	7.7
388.305	7.7
388.48	7.7
388.654	7.7
388.829	7.7
389.003	7.7
389.178	7.6
389.352	7.6
389.527	7.6
389.701	7.6
389.876	7.6
390.051	7.6
390.226	7.6
390.4	7.6
390.575	7.6
390.75	7.6
390.925	7.6
391.099	7.6
391.274	7.6
391.449	7.6
391.624	7.6
391.799	7.6
391.974	7.6
392.149	7.6
392.324	7.6
392.499	7.5
392.675	7.5
392.85	7.6
393.025	7.5
393.2	7.5
393.375	7.5
393.551	7.5
393.726	7.5
393.901	7.5
394.077	7.5
394.252	7.5
394.427	7.5
394.603	7.4
394.778	7.4
394.954	7.4
395.129	7.4
395.305	7.4
395.481	7.4
395.656	7.4
395.832	7.4
396.008	7.4
396.184	7.3
396.359	7.3
396.535	7.3
396.711	7.3
396.887	7.3
397.063	7.3
397.239	7.3
397.415	7.3
397.591	7.3
397.767	7.3
397.943	7.3
398.119	7.3
398.295	7.3
398.471	7.3
398.648	7.3
398.824	7.3
399	7.3
399.176	7.3
399.353	7.3
399.529	7.3
399.706	7.3
399.882	7.3
400.058	7.2
400.235	7.2
400.412	7.3
400.588	7.3
400.765	7.2
400.942	7.3
401.118	7.2
401.295	7.2
401.472	7.3
401.649	7.3
401.825	7.3
402.002	7.3
402.179	7.3
402.356	7.3
402.533	7.2
402.71	7.2
402.887	7.3
403.064	7.3
403.242	7.3
403.419	7.3
403.596	7.3
403.773	7.3
403.95	7.3
404.128	7.3
404.305	7.3
404.483	7.3
404.66	7.3
404.837	7.3
405.015	7.3
405.193	7.3
405.37	7.3
405.548	7.3
405.725	7.3
405.903	7.3
406.081	7.3
406.259	7.3
406.437	7.3
406.614	7.3
406.792	7.3
406.97	7.3
407.148	7.3
407.326	7.3
407.504	7.3
407.682	7.2
407.86	7.2
408.039	7.2
408.217	7.3
408.395	7.3
408.573	7.2
408.751	7.2
408.93	7.2
409.108	7.2
409.287	7.2
409.465	7.2
409.643	7.2
409.822	7.2
410	7.2
410.179	7.2
410.358	7.2
410.536	7.2
410.715	7.2
410.894	7.2
411.072	7.2
411.251	7.2
411.43	7.2
411.609	7.2
411.788	7.2
411.967	7.2
412.146	7.2
412.325	7.2
412.504	7.2
412.683	7.2
412.862	7.3
413.041	7.2
413.22	7.2
413.399	7.2
413.578	7.2
413.758	7.2
413.937	7.3
414.116	7.3
414.296	7.3
414.475	7.2
414.654	7.2
414.834	7.3
415.013	7.3
415.193	7.3
415.372	7.3
415.552	7.3
415.732	7.3
415.911	7.3
416.091	7.3
416.271	7.3
416.45	7.3
416.63	7.3
416.81	7.3
416.99	7.3
417.169	7.3
417.349	7.3
417.529	7.3
417.709	7.3
417.889	7.3
418.069	7.3
418.249	7.3
418.429	7.3
418.609	7.3
418.789	7.3
418.97	7.3
419.15	7.3
419.33	7.3
419.51	7.3
419.691	7.3
419.871	7.3
420.051	7.3
420.232	7.3
420.412	7.3
420.592	7.3
420.773	7.3
420.953	7.3
421.134	7.3
421.314	7.3
421.495	7.3
421.675	7.3
421.856	7.3
422.037	7.3
422.217	7.3
422.398	7.3
422.579	7.3
422.76	7.3
422.94	7.3
423.121	7.3
423.302	7.3
423.483	7.3
423.664	7.3
423.845	7.3
424.026	7.3
424.207	7.3
424.388	7.3
424.569	7.3
424.75	7.3
424.931	7.3
425.112	7.3
425.293	7.3
425.474	7.3
425.655	7.3
425.837	7.3
426.018	7.3
426.199	7.3
426.38	7.3
426.562	7.3
426.743	7.3
426.924	7.3
427.106	7.3
427.287	7.3
427.469	7.3
427.65	7.3
427.832	7.3
428.013	7.3
428.195	7.3
428.376	7.3
428.558	7.3
428.739	7.3
428.921	7.3
429.103	7.3
429.284	7.3
429.466	7.3
429.648	7.3
429.83	7.3
430.011	7.3
430.193	7.3
430.375	7.3
430.557	7.3
430.739	7.3
430.921	7.3
431.102	7.3
431.284	7.3
431.466	7.3
431.648	7.3
431.83	7.3
432.012	7.3
432.194	7.3
432.377	7.3
432.559	7.3
432.741	7.3
432.923	7.3
433.105	7.3
433.287	7.3
433.469	7.3
433.652	7.3
433.834	7.3
434.016	7.3
434.198	7.3
434.381	7.3
434.563	7.3
434.745	7.3
434.928	7.3
435.11	7.3
435.293	7.3
435.475	7.3
435.658	7.3
435.84	7.3
436.022	7.3
436.205	7.3
436.388	7.3
436.57	7.3
436.753	7.3
436.935	7.3
437.118	7.3
437.301	7.3
437.483	7.3
437.666	7.3
437.849	7.4
438.031	7.4
438.214	7.4
438.397	7.4
438.58	7.4
438.762	7.4
438.945	7.4
439.128	7.4
439.311	7.4
439.494	7.4
439.677	7.4
439.859	7.4
440.042	7.4
440.225	7.4
440.408	7.4
440.591	7.4
440.774	7.4
440.957	7.4
441.14	7.4
441.323	7.4
441.507	7.4
441.69	7.4
441.873	7.4
442.056	7.4
442.239	7.4
442.422	7.4
442.605	7.4
442.789	7.4
442.972	7.5
443.155	7.5
443.338	7.5
443.522	7.5
443.705	7.5
443.888	7.5
444.072	7.5
444.255	7.5
444.438	7.5
444.622	7.5
444.805	7.5
444.989	7.5
445.172	7.5
445.356	7.5
445.539	7.5
445.723	7.5
445.906	7.5
446.09	7.5
446.273	7.5
446.457	7.5
446.64	7.5
446.824	7.5
447.008	7.5
447.191	7.5
447.375	7.5
447.559	7.5
447.742	7.5
447.926	7.5
448.11	7.5
448.293	7.6
448.477	7.6
448.661	7.6
448.845	7.6
449.029	7.6
449.212	7.6
449.396	7.6
449.58	7.6
449.764	7.6
449.948	7.6
450.132	7.6
450.316	7.6
450.5	7.6
450.684	7.6
450.868	7.6
451.052	7.6
451.236	7.6
451.42	7.6
451.604	7.6
451.788	7.6
451.972	7.6
452.156	7.6
452.34	7.6
452.525	7.6
452.709	7.6
452.893	7.6
453.077	7.7
453.261	7.7
453.446	7.7
453.63	7.7
453.814	7.7
453.998	7.7
454.183	7.7
454.367	7.7
454.551	7.7
454.736	7.7
454.92	7.7
455.104	7.7
455.289	7.7
455.473	7.7
455.658	7.7
455.842	7.7
456.026	7.7
456.211	7.8
456.395	7.8
456.58	7.8
456.764	7.8
456.949	7.8
457.134	7.8
457.318	7.8
457.503	7.8
457.687	7.8
457.872	7.8
458.057	7.8
458.241	7.8
458.426	7.8
458.611	7.9
458.795	7.9
458.98	7.9
459.165	7.9
459.349	7.9
459.534	7.9
459.719	7.9
459.904	7.9
460.088	7.9
460.273	7.9
460.458	7.9
460.643	7.9
460.828	7.9
461.013	8
461.198	8
461.382	8
461.567	8
461.752	8
461.937	8
462.122	8
462.307	8
462.492	8
462.677	8
462.862	8.1
463.047	8.1
463.232	8.1
463.417	8.1
463.602	8.1
463.788	8.1
463.973	8.1
464.158	8.1
464.343	8.1
464.528	8.1
464.713	8.2
464.898	8.2
465.084	8.2
465.269	8.2
465.454	8.2
465.639	8.2
465.824	8.2
466.01	8.2
466.195	8.2
466.38	8.2
466.566	8.3
466.751	8.3
466.936	8.3
467.122	8.3
467.307	8.3
467.492	8.3
467.678	8.3
467.863	8.3
468.048	8.3
468.234	8.3
468.419	8.4
468.605	8.4
468.79	8.4
468.976	8.4
469.161	8.4
469.347	8.4
469.532	8.4
469.718	8.4
469.903	8.4
470.089	8.5
470.274	8.5
470.46	8.5
470.646	8.5
470.831	8.5
471.017	8.5
471.202	8.5
471.388	8.5
471.574	8.5
471.759	8.6
471.945	8.6
472.131	8.6
472.317	8.6
472.502	8.6
472.688	8.6
472.874	8.6
473.059	8.6
473.245	8.6
473.431	8.7
473.617	8.7
473.803	8.7
473.988	8.7
474.174	8.7
474.36	8.7
474.546	8.8
474.732	8.8
474.918	8.8
475.104	8.8
475.29	8.8
475.475	8.8
475.661	8.8
475.847	8.9
476.033	8.9
476.219	8.9
476.405	8.9
476.591	8.9
476.777	8.9
476.963	9
477.149	9
477.335	9
477.521	9
477.707	9
477.893	9
478.08	9
478.266	9.1
478.452	9.1
478.638	9.1
478.824	9.1
479.01	9.1
479.196	9.1
479.382	9.2
479.569	9.2
479.755	9.2
479.941	9.2
480.127	9.2
480.313	9.3
480.5	9.3
480.686	9.3
480.872	9.3
481.058	9.3
481.245	9.3
481.431	9.4
481.617	9.4
481.803	9.4
481.99	9.4
482.176	9.4
482.362	9.5
482.549	9.5
482.735	9.5
482.921	9.5
483.108	9.5
483.294	9.6
483.481	9.6
483.667	9.6
483.853	9.6
484.04	9.6
484.226	9.6
484.413	9.7
484.599	9.7
484.786	9.7
484.972	9.7
485.159	9.7
485.345	9.8
485.532	9.8
485.718	9.8
485.905	9.8
486.091	9.8
486.278	9.8
486.464	9.9
486.651	9.9
486.837	9.9
487.024	9.9
487.211	9.9
487.397	10
487.584	10
487.77	10
487.957	10
488.144	10
488.33	10
488.517	10.1
488.704	10.1
488.89	10.1
489.077	10.1
489.264	10.1
489.45	10.1
489.637	10.1
489.824	10.2
490.01	10.2
490.197	10.2
490.384	10.2
490.571	10.2
490.757	10.2
490.944	10.2
491.131	10.2
491.318	10.2
491.505	10.2
491.691	10.2
491.878	10.3
492.065	10.3
492.252	10.3
492.439	10.3
492.626	10.3
492.812	10.3
492.999	10.3
493.186	10.3
493.373	10.3
493.56	10.3
493.747	10.3
493.934	10.3
494.121	10.4
494.308	10.4
494.494	10.4
494.681	10.4
494.868	10.4
495.055	10.4
495.242	10.4
495.429	10.4
495.616	10.4
495.803	10.4
495.99	10.4
496.177	10.4
496.364	10.4
496.551	10.4
496.738	10.4
496.925	10.4
497.112	10.4
497.299	10.4
497.486	10.4
497.673	10.4
497.861	10.4
498.048	10.4
498.235	10.4
498.422	10.4
498.609	10.4
498.796	10.4
498.983	10.4
499.17	10.4
499.357	10.4
499.544	10.4
499.732	10.4
499.919	10.4
500.106	10.4
500.293	10.4
500.48	10.4
500.667	10.4
500.855	10.4
501.042	10.4
501.229	10.3
501.416	10.3
501.603	10.3
501.791	10.3
501.978	10.3
502.165	10.3
502.352	10.3
502.54	10.3
502.727	10.3
502.914	10.3
503.101	10.3
503.289	10.3
503.476	10.2
503.663	10.2
503.85	10.2
504.038	10.2
504.225	10.2
504.412	10.2
504.6	10.2
504.787	10.2
504.974	10.2
505.161	10.1
505.349	10.1
505.536	10.1
505.723	10.1
505.911	10.1
506.098	10.1
506.286	10.1
506.473	10.1
506.66	10.1
506.848	10
507.035	10
507.222	10
507.41	10
507.597	10
507.785	10
507.972	10
508.159	9.9
508.347	9.9
508.534	9.9
508.722	9.9
508.909	9.9
509.097	9.9
509.284	9.9
509.471	9.8
509.659	9.8
509.846	9.8
510.034	9.8
510.221	9.8
510.409	9.8
510.596	9.8
510.784	9.8
510.971	9.7
511.159	9.7
511.346	9.7
511.534	9.7
511.721	9.7
511.909	9.7
512.096	9.7
512.284	9.6
512.471	9.6
512.659	9.6
512.846	9.6
513.034	9.6
513.221	9.6
513.409	9.5
513.596	9.5
513.784	9.5
513.972	9.5
514.159	9.5
514.347	9.5
514.534	9.5
514.722	9.4
514.909	9.4
515.097	9.4
515.285	9.4
515.472	9.4
515.66	9.4
515.847	9.3
516.035	9.3
516.222	9.3
516.41	9.3
516.598	9.3
516.785	9.3
516.973	9.3
517.161	9.2
517.348	9.2
517.536	9.2
517.723	9.2
517.911	9.2
518.099	9.2
518.286	9.2
518.474	9.1
518.662	9.1
518.849	9.1
519.037	9.1
519.225	9.1
519.412	9.1
519.6	9.1
519.787	9
519.975	9
520.163	9
520.35	9
520.538	9
520.726	9
520.914	9
521.101	8.9
521.289	8.9
521.477	8.9
521.664	8.9
521.852	8.9
522.04	8.9
522.227	8.9
522.415	8.9
522.603	8.9
522.79	8.8
522.978	8.8
523.166	8.8
523.354	8.8
523.541	8.8
523.729	8.8
523.917	8.8
524.104	8.8
524.292	8.7
524.48	8.7
524.668	8.7
524.855	8.7
525.043	8.7
525.231	8.7
525.418	8.7
525.606	8.7
525.794	8.6
525.982	8.6
526.169	8.6
526.357	8.6
526.545	8.6
526.733	8.6
526.92	8.6
527.108	8.6
527.296	8.5
527.484	8.5
527.671	8.5
527.859	8.5
528.047	8.5
528.235	8.5
528.422	8.5
528.61	8.5
528.798	8.5
528.986	8.4
529.173	8.4
529.361	8.4
529.549	8.4
529.737	8.4
529.924	8.4
530.112	8.4
530.3	8.4
530.488	8.3
530.675	8.3
530.863	8.3
531.051	8.3
531.239	8.3
531.426	8.3
531.614	8.3
531.802	8.3
531.99	8.3
532.177	8.2
532.365	8.2
532.553	8.2
532.741	8.2
532.928	8.2
533.116	8.2
533.304	8.2
533.492	8.2
533.679	8.2
533.867	8.2
534.055	8.1
534.243	8.1
534.431	8.1
534.618	8.1
534.806	8.1
534.994	8.1
535.182	8.1
535.369	8.1
535.557	8.1
535.745	8.1
535.933	8.1
536.12	8.1
536.308	8.1
536.496	8.1
536.684	8
536.871	8
537.059	8
537.247	8
537.435	8
537.622	8
537.81	8
537.998	8
538.186	8
538.373	8
538.561	8
538.749	8
538.937	8
539.124	8
539.312	8
539.5	7.9
539.688	7.9
539.875	7.9
540.063	7.9
540.251	7.9
540.439	7.9
540.626	7.9
540.814	7.9
541.002	7.9
541.19	7.9
541.377	7.9
541.565	7.9
541.753	7.9
541.941	7.8
542.128	7.8
542.316	7.8
542.504	7.8
542.691	7.8
542.879	7.8
543.067	7.8
543.255	7.8
543.442	7.8
543.63	7.8
543.818	7.8
544.005	7.8
544.193	7.8
544.381	7.7
544.568	7.7
544.756	7.7
544.944	7.7
545.132	7.7
545.319	7.7
545.507	7.7
545.695	7.7
545.882	7.7
546.07	7.7
546.258	7.7
546.445	7.7
546.633	7.7
546.821	7.7
547.008	7.6
547.196	7.6
547.384	7.6
547.571	7.6
547.759	7.6
547.947	7.6
548.134	7.6
548.322	7.6
548.51	7.6
548.697	7.6
548.885	7.6
549.073	7.6
549.26	7.6
549.448	7.6
549.636	7.6
549.823	7.6
550.011	7.6
550.199	7.5
550.386	7.5
550.574	7.5
550.762	7.5
550.949	7.5
551.137	7.5
551.325	7.5
551.512	7.5
551.7	7.5
551.888	7.5
552.075	7.5
552.263	7.5
552.451	7.5
552.639	7.5
552.826	7.5
553.014	7.5
553.202	7.5
553.389	7.5
553.577	7.5
553.765	7.5
553.953	7.5
554.14	7.4
554.328	7.4
554.516	7.4
554.704	7.4
554.891	7.4
555.079	7.4
555.267	7.4
555.455	7.4
555.643	7.4
555.83	7.4
556.018	7.4
556.206	7.4
556.394	7.4
556.582	7.4
556.77	7.4
556.957	7.4
557.145	7.4
557.333	7.4
557.521	7.4
557.709	7.4
557.897	7.4
558.085	7.4
558.273	7.4
558.461	7.4
558.649	7.4
558.837	7.4
559.025	7.4
559.213	7.4
559.4	7.4
559.588	7.4
559.777	7.4
559.965	7.4
560.153	7.4
560.341	7.3
560.529	7.3
560.717	7.3
560.905	7.3
561.093	7.3
561.281	7.3
561.469	7.3
561.657	7.3
561.845	7.3
562.034	7.3
562.222	7.3
562.41	7.3
562.598	7.3
562.786	7.3
562.975	7.3
563.163	7.3
563.351	7.3
563.539	7.3
563.728	7.3
563.916	7.3
564.104	7.3
564.293	7.3
564.481	7.3
564.67	7.3
564.858	7.3
565.046	7.3
565.235	7.3
565.423	7.3
565.612	7.3
565.8	7.3
565.989	7.2
566.177	7.2
566.366	7.2
566.554	7.2
566.743	7.2
566.932	7.2
567.12	7.2
567.309	7.2
567.497	7.2
567.686	7.2
567.875	7.2
568.064	7.2
568.252	7.2
568.441	7.2
568.63	7.2
568.819	7.2
569.007	7.2
569.196	7.2
569.385	7.2
569.574	7.2
569.763	7.2
569.952	7.2
570.141	7.2
570.33	7.2
570.519	7.2
570.708	7.2
570.897	7.2
571.086	7.2
571.275	7.2
571.464	7.2
571.653	7.2
571.843	7.2
572.032	7.1
572.221	7.1
572.41	7.1
572.599	7.1
572.789	7.1
572.978	7.1
573.167	7.1
573.357	7.1
573.546	7.1
573.736	7.1
573.925	7.1
574.115	7.1
574.304	7.1
574.494	7.1
574.683	7.1
574.873	7.1
575.062	7.1
575.252	7.1
575.442	7.1
575.631	7.1
575.821	7.1
576.011	7.1
576.201	7.1
576.39	7.1
576.58	7.1
576.77	7.1
576.96	7.1
577.15	7
577.34	7
577.53	7
577.72	7
577.91	7
578.1	7
578.29	7
578.48	7
578.67	7
578.861	7
579.051	7
579.241	7
579.431	7
579.622	7
579.812	7
580.002	7
580.193	7
580.383	7
580.574	7
580.764	7
580.955	7
581.145	7
581.336	7
581.526	7
581.717	7
581.908	7
582.098	7
582.289	7
582.48	7
582.671	7
582.862	7
583.052	7
583.243	7
583.434	7
583.625	7
583.816	7
584.007	7
584.198	7
584.389	7
584.58	7
584.771	7
584.962	7
585.154	7
585.345	7
585.536	7
585.727	7
585.918	7
586.11	7
586.301	7
586.492	7
586.684	7
586.875	7
587.067	6.9
587.258	6.9
587.45	6.9
587.641	6.9
587.833	6.9
588.024	6.9
588.216	6.9
588.408	6.9
588.599	6.9
588.791	6.9
588.983	6.9
589.174	6.9
589.366	6.9
589.558	6.9
589.75	6.9
589.942	6.9
590.134	6.9
590.326	6.9
590.518	6.9
590.71	6.9
590.902	6.9
591.094	6.9
591.286	6.9
591.478	6.9
591.67	6.9
591.862	6.9
592.054	6.9
592.246	6.9
592.439	6.9
592.631	6.9
592.823	6.9
593.016	6.9
593.208	6.9
593.4	6.9
593.593	6.9
593.785	6.9
593.978	6.9
594.17	6.9
594.363	6.9
594.555	6.9
594.748	6.9
594.94	6.9
595.133	6.9
595.326	6.9
595.518	6.9
595.711	6.9
595.904	6.9
596.096	6.9
596.289	6.9
596.482	6.9
596.675	6.9
596.868	6.9
597.061	6.9
597.254	6.8
597.447	6.8
597.64	6.8
597.833	6.8
598.026	6.8
598.219	6.8
598.412	6.8
598.605	6.8
598.798	6.8
598.991	6.8
599.184	6.8
599.378	6.8
599.571	6.8
599.764	6.8
599.957	6.8
600.151	6.8
600.344	6.8
600.538	6.8
600.731	6.8
600.924	6.8
601.118	6.8
601.311	6.8
601.505	6.9
601.698	6.8
601.892	6.8
602.086	6.8
602.279	6.9
602.473	6.8
602.667	6.8
602.86	6.8
603.054	6.8
603.248	6.8
603.442	6.8
603.635	6.8
603.829	6.8
604.023	6.8
604.217	6.8
604.411	6.8
604.605	6.8
604.799	6.8
604.993	6.8
605.187	6.8
605.381	6.8
605.575	6.8
605.769	6.8
605.963	6.8
606.157	6.8
606.352	6.8
606.546	6.8
606.74	6.8
606.934	6.8
607.129	6.8
607.323	6.8
607.517	6.8
607.712	6.8
607.906	6.8
608.1	6.8
608.295	6.8
608.489	6.8
608.684	6.8
608.878	6.8
609.073	6.8
609.267	6.8
609.462	6.8
609.657	6.8
609.851	6.8
610.046	6.8
610.241	6.8
610.435	6.8
610.63	6.8
610.825	6.8
611.02	6.8
611.215	6.8
611.41	6.8
611.604	6.8
611.799	6.8
611.994	6.8
612.189	6.8
612.384	6.8
612.579	6.8
612.774	6.8
612.969	6.8
613.164	6.8
613.359	6.8
613.555	6.8
613.75	6.8
613.945	6.8
614.14	6.8
614.335	6.8
614.531	6.8
614.726	6.8
614.921	6.8
615.117	6.8
615.312	6.8
615.507	6.8
615.703	6.8
615.898	6.8
616.094	6.8
616.289	6.8
616.485	6.8
616.68	6.8
616.876	6.8
617.071	6.8
617.267	6.8
617.463	6.8
617.658	6.8
617.854	6.8
618.05	6.8
618.245	6.8
618.441	6.8
618.637	6.8
618.833	6.8
619.029	6.8
619.225	6.8
619.42	6.8
619.616	6.8
619.812	6.8
620.008	6.8
620.204	6.7
620.4	6.7
620.596	6.7
620.792	6.7
620.988	6.7
621.184	6.7
621.381	6.7
621.577	6.7
621.773	6.7
621.969	6.7
622.165	6.7
622.362	6.7
622.558	6.7
622.754	6.7
622.951	6.7
623.147	6.7
623.343	6.7
623.54	6.7
623.736	6.7
623.933	6.7
624.129	6.7
624.326	6.7
624.522	6.7
624.719	6.7
624.915	6.7
625.112	6.7
625.308	6.7
625.505	6.7
625.702	6.7
625.898	6.7
626.095	6.7
626.292	6.7
626.489	6.7
626.685	6.7
626.882	6.7
627.079	6.7
627.276	6.7
627.473	6.7
627.67	6.7
627.866	6.7
628.063	6.7
628.26	6.7
628.457	6.7
628.654	6.7
628.851	6.7
629.048	6.7
629.246	6.7
629.443	6.7
629.64	6.7
629.837	6.7
630.034	6.7
630.231	6.7
630.429	6.7
630.626	6.7
630.823	6.7
631.02	6.7
631.218	6.7
631.415	6.7
631.612	6.7
631.81	6.7
632.007	6.7
632.205	6.7
632.402	6.7
632.6	6.7
632.797	6.7
632.995	6.7
633.192	6.7
633.39	6.7
633.587	6.7
633.785	6.7
633.983	6.7
634.18	6.7
634.378	6.7
634.576	6.7
634.773	6.7
634.971	6.7
635.169	6.7
635.367	6.7
635.565	6.7
635.762	6.7
635.96	6.7
636.158	6.7
636.356	6.7
636.554	6.7
636.752	6.7
636.95	6.7
637.148	6.7
637.346	6.7
637.544	6.7
637.742	6.7
637.94	6.7
638.138	6.7
638.337	6.7
638.535	6.7
638.733	6.7
638.931	6.7
639.129	6.7
639.328	6.7
639.526	6.7
639.724	6.7
639.922	6.7
640.121	6.7
640.319	6.7
640.518	6.7
640.716	6.7
640.914	6.7
641.113	6.7
641.311	6.7
641.51	6.7
641.708	6.7
641.907	6.7
642.105	6.7
642.304	6.7
642.503	6.7
642.701	6.7
642.9	6.7
643.098	6.7
643.297	6.7
643.496	6.7
643.695	6.7
643.893	6.7
644.092	6.7
644.291	6.7
644.49	6.7
644.689	6.7
644.887	6.7
645.086	6.7
645.285	6.7
645.484	6.7
645.683	6.7
645.882	6.7
646.081	6.7
646.28	6.7
646.479	6.7
646.678	6.7
646.877	6.7
647.076	6.7
647.276	6.7
647.475	6.7
647.674	6.7
647.873	6.7
648.072	6.7
648.271	6.7
648.471	6.7
648.67	6.7
648.869	6.7
649.069	6.7
649.268	6.7
649.467	6.7
649.667	6.7
649.866	6.7
650.065	6.7
650.265	6.7
650.464	6.7
650.664	6.7
650.863	6.7
651.063	6.7
651.262	6.7
651.462	6.7
651.662	6.7
651.861	6.7
652.061	6.7
652.26	6.7
652.46	6.7
652.66	6.7
652.859	6.7
653.059	6.7
653.259	6.7
653.459	6.7
653.658	6.7
653.858	6.7
654.058	6.7
654.258	6.7
654.458	6.7
654.658	6.7
654.858	6.7
655.058	6.7
655.258	6.7
655.457	6.7
655.657	6.7
655.857	6.7
656.058	6.7
656.258	6.7
656.458	6.7
656.658	6.7
656.858	6.7
657.058	6.7
657.258	6.7
657.458	6.7
657.659	6.7
657.859	6.7
658.059	6.7
658.259	6.7
658.459	6.7
658.66	6.7
658.86	6.7
659.06	6.7
659.261	6.7
659.461	6.7
659.662	6.7
659.862	6.7
660.062	6.7
660.263	6.7
660.463	6.7
660.664	6.7
660.864	6.7
661.065	6.7
661.265	6.7
661.466	6.7
661.667	6.7
661.867	6.8
662.068	6.8
662.268	6.8
662.469	6.8
662.67	6.8
662.87	6.8
663.071	6.8
663.272	6.8
663.473	6.8
663.674	6.8
663.874	6.7
664.075	6.7
664.276	6.8
664.477	6.8
664.678	6.8
664.879	6.8
665.08	6.8
665.28	6.8
665.481	6.8
665.682	6.8
665.883	6.8
666.084	6.8
666.285	6.8
666.486	6.8
666.688	6.8
666.889	6.7
667.09	6.7
667.291	6.7
667.492	6.7
667.693	6.7
667.894	6.8
668.096	6.8
668.297	6.8
668.498	6.8
668.699	6.8
668.901	6.8
669.102	6.8
669.303	6.8
669.505	6.8
669.706	6.8
669.907	6.8
670.109	6.7
670.31	6.7
670.511	6.7
670.713	6.7
670.914	6.7
671.116	6.7
671.317	6.7
671.519	6.7
671.72	6.8
671.922	6.8
672.124	6.8
672.325	6.8
672.527	6.8
672.728	6.8
672.93	6.8
673.132	6.8
673.333	6.8
673.535	6.8
673.737	6.8
673.939	6.8
674.14	6.8
674.342	6.8
674.544	6.8
674.746	6.8
674.948	6.8
675.149	6.8
675.351	6.8
675.553	6.8
675.755	6.8
675.957	6.8
676.159	6.8
676.361	6.8
676.563	6.8
676.765	6.8
676.967	6.8
677.169	6.8
677.371	6.8
677.573	6.8
677.775	6.8
677.977	6.8
678.179	6.8
678.381	6.8
678.583	6.8
678.786	6.8
678.988	6.8
679.19	6.8
679.392	6.8
679.594	6.8
679.797	6.8
679.999	6.8
680.201	6.8
680.404	6.8
680.606	6.8
680.808	6.8
681.011	6.8
681.213	6.8
681.415	6.8
681.618	6.8
681.82	6.8
682.023	6.8
682.225	6.8
682.428	6.8
682.63	6.8
682.833	6.8
683.035	6.8
683.238	6.8
683.44	6.8
683.643	6.8
683.845	6.8
684.048	6.8
684.251	6.8
684.453	6.8
684.656	6.8
684.859	6.8
685.061	6.8
685.264	6.8
685.467	6.8
685.67	6.8
685.872	6.8
686.075	6.8
686.278	6.8
686.481	6.8
686.684	6.8
686.886	6.8
687.089	6.8
687.292	6.8
687.495	6.8
687.698	6.8
687.901	6.8
688.104	6.8
688.307	6.8
688.51	6.8
688.713	6.8
688.916	6.8
689.119	6.8
689.322	6.8
689.525	6.8
689.728	6.8
689.931	6.8
690.134	6.8
690.337	6.8
690.54	6.8
690.744	6.8
690.947	6.8
691.15	6.8
691.353	6.8
691.556	6.8
691.76	6.8
691.963	6.8
692.166	6.8
692.37	6.8
692.573	6.8
692.776	6.8
692.979	6.8
693.183	6.8
693.386	6.8
693.59	6.8
693.793	6.8
693.996	6.8
694.2	6.8
694.403	6.8
694.607	6.8
694.81	6.8
695.014	6.8
695.217	6.8
695.421	6.8
695.624	6.8
695.828	6.8
696.031	6.8
696.235	6.8
696.439	6.8
696.642	6.8
696.846	6.8
697.049	6.8
697.253	6.8
697.457	6.8
697.661	6.8
697.864	6.8
698.068	6.8
698.272	6.8
698.475	6.8
698.679	6.8
698.883	6.8
699.087	6.8
699.291	6.8
699.494	6.8
699.698	6.8
699.902	6.8
700.106	6.8
700.31	6.8
700.514	6.8
700.718	6.8
700.922	6.8
701.126	6.8
701.33	6.8
701.534	6.8
701.738	6.8
701.942	6.8
702.146	6.8
702.35	6.8
702.554	6.8
702.758	6.8
702.962	6.8
703.166	6.8
703.37	6.8
703.574	6.8
703.778	6.8
703.983	6.8
704.187	6.8
704.391	6.8
704.595	6.8
704.799	6.8
705.004	6.8
705.208	6.8
705.412	6.8
705.616	6.8
705.821	6.8
706.025	6.8
706.229	6.8
706.434	6.8
706.638	6.8
706.842	6.8
707.047	6.8
707.251	6.8
707.455	6.8
707.66	6.8
707.864	6.8
708.069	6.8
708.273	6.8
708.478	6.8
708.682	6.8
708.887	6.8
709.091	6.8
709.296	6.8
709.5	6.8
709.705	6.8
709.909	6.8
710.114	6.8
710.319	6.8
710.523	6.8
710.728	6.8
710.932	6.8
711.137	6.8
711.342	6.8
711.546	6.8
711.751	6.8
711.956	6.8
712.161	6.8
712.365	6.8
712.57	6.8
712.775	6.8
712.98	6.8
713.184	6.8
713.389	6.8
713.594	6.8
713.799	6.8
714.004	6.8
714.209	6.8
714.413	6.8
714.618	6.8
714.823	6.8
715.028	6.8
715.233	6.8
715.438	6.8
715.643	6.8
715.848	6.8
716.053	6.8
716.258	6.8
716.463	6.8
716.668	6.8
716.873	6.8
717.078	6.8
717.283	6.8
717.488	6.8
717.693	6.8
717.898	6.8
718.103	6.8
718.308	6.8
718.514	6.8
718.719	6.8
718.924	6.8
719.129	6.8
719.334	6.8
719.539	6.8
719.745	6.8
719.95	6.8
720.155	6.8
720.36	6.8
720.566	6.8
720.771	6.8
720.976	6.8
721.182	6.8
721.387	6.8
721.592	6.8
721.798	6.8
722.003	6.8
722.208	6.8
722.414	6.8
722.619	6.8
722.824	6.8
723.03	6.8
723.235	6.8
723.441	6.8
723.646	6.8
723.852	6.8
724.057	6.8
724.263	6.8
724.468	6.8
724.674	6.8
724.879	6.8
725.085	6.8
725.29	6.8
725.496	6.8
725.701	6.8
725.907	6.8
726.112	6.8
726.318	6.8
726.524	6.8
726.729	6.8
726.935	6.8
727.141	6.8
727.346	6.8
727.552	6.9
727.758	6.9
727.963	6.9
728.169	6.9
728.375	6.9
728.581	6.9
728.786	6.9
728.992	6.9
729.198	6.9
729.404	6.9
729.609	6.9
729.815	6.9
730.021	6.9
730.227	6.9
730.433	6.9
730.639	6.9
730.844	6.9
731.05	6.9
731.256	6.9
731.462	6.9
731.668	6.9
731.874	6.9
732.08	6.9
732.286	6.9
732.492	6.9
732.698	6.9
732.904	6.9
733.11	6.9
733.316	6.9
733.522	6.9
733.728	6.9
733.934	6.9
734.14	6.9
734.346	6.9
734.552	6.9
734.758	6.9
734.964	6.9
735.17	6.9
735.376	6.9
735.583	6.9
735.789	6.9
735.995	6.9
736.201	6.9
736.407	7
736.613	7
736.819	7
737.026	7
737.232	7
737.438	7
737.644	7
737.851	7
738.057	7
738.263	7
738.469	7
738.676	7
738.882	7
739.088	7
739.295	7
739.501	7
739.707	7
739.914	7
740.12	7
740.326	7
740.533	7
740.739	7
740.946	7
741.152	7
741.358	7
741.565	7
741.771	7
741.978	7
742.184	7
742.391	7
742.597	7
742.804	7
743.01	7
743.217	7
743.423	7.1
743.63	7.1
743.836	7.1
744.043	7.1
744.249	7.1
744.456	7.1
744.663	7.1
744.869	7.1
745.076	7.1
745.282	7.1
745.489	7.1
745.696	7.1
745.902	7.1
746.109	7.1
746.316	7.1
746.522	7.1
746.729	7.1
746.936	7.1
747.142	7.1
747.349	7.1
747.556	7.1
747.762	7.1
747.969	7.1
748.176	7.1
748.383	7.1
748.589	7.1
748.796	7.1
749.003	7.1
749.21	7.1
749.417	7.1
749.623	7.1
749.83	7.1
750.037	7.1
750.244	7.1
750.451	7.1
750.658	7.1
750.865	7.1
751.071	7.1
751.278	7.1
751.485	7.1
751.692	7.1
751.899	7.2
752.106	7.2
752.313	7.2
752.52	7.2
752.727	7.2
752.934	7.2
753.141	7.2
753.348	7.2
753.555	7.2
753.762	7.2
753.969	7.2
754.176	7.2
754.383	7.2
754.59	7.2
754.797	7.2
755.004	7.2
755.211	7.2
755.418	7.2
755.625	7.2
755.832	7.2
756.039	7.2
756.246	7.2
756.453	7.2
756.66	7.2
756.868	7.2
757.075	7.2
757.282	7.3
757.489	7.3
757.696	7.3
757.903	7.3
758.111	7.3
758.318	7.3
758.525	7.3
758.732	7.3
758.939	7.3
759.147	7.3
759.354	7.3
759.561	7.3
759.768	7.3
759.976	7.3
760.183	7.3
760.39	7.3
760.597	7.3
760.805	7.3
761.012	7.3
761.219	7.3
761.426	7.3
761.634	7.3
761.841	7.3
762.048	7.3
762.256	7.3
762.463	7.3
762.67	7.3
762.878	7.3
763.085	7.3
763.293	7.3
763.5	7.3
763.707	7.3
763.915	7.3
764.122	7.3
764.33	7.3
764.537	7.3
764.744	7.4
764.952	7.4
765.159	7.4
765.367	7.4
765.574	7.4
765.782	7.4
765.989	7.4
766.197	7.4
766.404	7.4
766.612	7.4
766.819	7.4
767.027	7.4
767.234	7.4
767.442	7.4
767.649	7.4
767.857	7.4
768.064	7.4
768.272	7.4
768.479	7.4
768.687	7.4
768.895	7.4
769.102	7.4
769.31	7.4
769.517	7.4
769.725	7.4
769.933	7.4
770.14	7.4
770.348	7.4
770.555	7.4
770.763	7.4
770.971	7.4
771.178	7.4
771.386	7.4
771.594	7.4
771.801	7.4
772.009	7.4
772.217	7.4
772.424	7.4
772.632	7.4
772.84	7.4
773.047	7.4
773.255	7.5
773.463	7.5
773.671	7.5
773.878	7.5
774.086	7.5
774.294	7.5
774.502	7.5
774.709	7.5
774.917	7.5
775.125	7.5
775.333	7.5
775.54	7.5
775.748	7.5
775.956	7.5
776.164	7.5
776.371	7.5
776.579	7.5
776.787	7.5
776.995	7.5
777.203	7.5
777.41	7.5
777.618	7.5
777.826	7.5
778.034	7.5
778.242	7.5
778.45	7.5
778.657	7.5
778.865	7.5
779.073	7.5
779.281	7.5
779.489	7.5
779.697	7.6
779.905	7.6
780.112	7.6
780.32	7.6
780.528	7.6
780.736	7.6
780.944	7.6
781.152	7.6
781.36	7.6
781.568	7.6
781.776	7.6
781.984	7.6
782.191	7.6
782.399	7.6
782.607	7.6
782.815	7.6
783.023	7.6
783.231	7.6
783.439	7.6
783.647	7.6
783.855	7.6
784.063	7.6
784.271	7.6
784.479	7.6
784.687	7.6
784.895	7.6
785.103	7.6
785.311	7.6
785.519	7.6
785.727	7.6
785.935	7.6
786.143	7.6
786.351	7.6
786.559	7.6
786.767	7.7
786.975	7.7
787.183	7.7
787.391	7.7
787.599	7.7
787.807	7.7
788.015	7.7
788.223	7.7
788.431	7.7
788.639	7.7
788.847	7.7
789.055	7.7
789.263	7.7
789.471	7.7
789.679	7.7
789.887	7.7
790.095	7.7
790.303	7.7
790.511	7.7
790.719	7.7
790.927	7.7
791.135	7.8
791.343	7.8
791.551	7.8
791.76	7.8
791.968	7.8
792.176	7.8
792.384	7.8
792.592	7.8
792.8	7.8
793.008	7.8
793.216	7.8
793.424	7.8
793.632	7.8
793.84	7.8
794.048	7.8
794.256	7.8
794.465	7.8
794.673	7.8
794.881	7.8
795.089	7.8
795.297	7.8
795.505	7.8
795.713	7.8
795.921	7.8
796.129	7.9
796.337	7.9
796.546	7.9
796.754	7.9
796.962	7.9
797.17	7.9
797.378	7.9
797.586	7.9
797.794	7.9
798.002	7.9
798.21	7.9
798.419	7.9
798.627	7.9
798.835	8
799.043	8
799.251	8
799.459	8
799.667	8
799.875	8
800.083	8
800.292	8
800.5	8
800.708	8
800.916	8
801.124	8
801.332	8
801.54	8
801.748	8
801.957	8
802.165	8
802.373	8.1
802.581	8.1
802.789	8.1
802.997	8.1
803.205	8.1
803.414	8.1
803.622	8.1
803.83	8.1
804.038	8.1
804.246	8.1
804.454	8.1
804.662	8.2
804.87	8.2
805.079	8.2
805.287	8.2
805.495	8.2
805.703	8.2
805.911	8.2
806.119	8.2
806.327	8.2
806.535	8.2
806.743	8.2
806.952	8.2
807.16	8.2
807.368	8.3
807.576	8.3
807.784	8.3
807.992	8.3
808.2	8.3
808.408	8.3
808.617	8.3
808.825	8.3
809.033	8.3
809.241	8.3
809.449	8.3
809.657	8.4
809.865	8.4
810.073	8.4
810.281	8.4
810.49	8.4
810.698	8.4
810.906	8.4
811.114	8.4
811.322	8.4
811.53	8.4
811.738	8.5
811.946	8.5
812.154	8.5
812.362	8.5
812.57	8.5
812.779	8.5
812.987	8.5
813.195	8.5
813.403	8.5
813.611	8.5
813.819	8.5
814.027	8.6
814.235	8.6
814.443	8.6
814.651	8.6
814.859	8.6
815.067	8.6
815.275	8.6
815.484	8.6
815.692	8.6
815.9	8.6
816.108	8.6
816.316	8.7
816.524	8.7
816.732	8.7
816.94	8.7
817.148	8.7
817.356	8.7
817.564	8.7
817.772	8.7
817.98	8.7
818.188	8.7
818.397	8.8
818.605	8.8
818.813	8.8
819.021	8.8
819.229	8.8
819.437	8.9
819.645	8.9
819.853	8.9
820.061	8.9
820.269	8.9
820.477	8.9
820.685	8.9
820.893	8.9
821.102	9
821.31	9
821.518	9
821.726	9
821.934	9
822.142	9
822.35	9
822.558	9
822.766	9
822.974	9.1
823.182	9.1
823.39	9.1
823.599	9.1
823.807	9.1
824.015	9.1
824.223	9.1
824.431	9.1
824.639	9.2
824.847	9.2
825.055	9.2
825.263	9.2
825.472	9.2
825.68	9.2
825.888	9.3
826.096	9.3
826.304	9.3
826.512	9.3
826.72	9.3
826.928	9.3
827.137	9.3
827.345	9.3
827.553	9.4
827.761	9.4
827.969	9.4
828.177	9.4
828.385	9.4
828.594	9.4
828.802	9.5
829.01	9.5
829.218	9.5
829.426	9.5
829.634	9.5
829.843	9.5
830.051	9.6
830.259	9.6
830.467	9.6
830.675	9.6
830.883	9.6
831.092	9.6
831.3	9.7
831.508	9.7
831.716	9.7
831.924	9.7
832.133	9.7
832.341	9.7
832.549	9.8
832.757	9.8
832.966	9.8
833.174	9.8
833.382	9.8
833.59	9.8
833.799	9.9
834.007	9.9
834.215	9.9
834.423	9.9
834.632	9.9
834.84	9.9
835.048	9.9
835.256	10
835.465	10
835.673	10
835.881	10
836.09	10
836.298	10
836.506	10.1
836.715	10.1
836.923	10.1
837.131	10.1
837.34	10.1
837.548	10.1
837.756	10.2
837.965	10.2
838.173	10.2
838.381	10.2
838.59	10.3
838.798	10.3
839.006	10.3
839.215	10.3
839.423	10.3
839.632	10.3
839.84	10.3
840.048	10.4
840.257	10.4
840.465	10.4
840.674	10.4
840.882	10.4
841.091	10.4
841.299	10.5
841.508	10.5
841.716	10.5
841.924	10.5
842.133	10.6
842.341	10.6
842.55	10.6
842.758	10.6
842.967	10.6
843.175	10.7
843.384	10.7
843.593	10.7
843.801	10.7
844.01	10.7
844.218	10.7
844.427	10.8
844.635	10.8
844.844	10.8
845.052	10.8
845.261	10.8
845.47	10.8
845.678	10.8
845.887	10.9
846.095	10.9
846.304	10.9
846.513	10.9
846.721	11
846.93	11
847.139	11
847.347	11
847.556	11
847.765	11.1
847.973	11.1
848.182	11.1
848.391	11.1
848.6	11.1
848.808	11.1
849.017	11.2
849.226	11.2
849.435	11.2
849.643	11.3
849.852	11.3
850.061	11.3
850.27	11.3
850.478	11.3
850.687	11.3
850.896	11.4
851.105	11.4
851.314	11.4
851.523	11.4
851.731	11.5
851.94	11.5
852.149	11.5
852.358	11.6
852.567	11.6
852.776	11.6
852.985	11.6
853.194	11.7
853.403	11.7
853.612	11.7
853.821	11.7
854.03	11.8
854.239	11.8
854.447	11.8
854.656	11.9
854.865	11.9
855.075	11.9
855.284	11.9
855.493	11.9
855.702	12
855.911	12
856.12	12
856.329	12
856.538	12.1
856.747	12.1
856.956	12.1
857.165	12.1
857.374	12.2
857.584	12.2
857.793	12.2
858.002	12.2
858.211	12.2
858.42	12.3
858.629	12.3
858.839	12.3
859.048	12.4
859.257	12.4
859.466	12.4
859.676	12.4
859.885	12.5
860.094	12.5
860.304	12.5
860.513	12.5
860.722	12.6
860.932	12.6
861.141	12.6
861.35	12.6
861.56	12.6
861.769	12.7
861.978	12.7
862.188	12.7
862.397	12.8
862.607	12.8
862.816	12.8
863.026	12.9
863.235	12.9
863.445	12.9
863.654	12.9
863.864	12.9
864.073	13
864.283	13
864.492	13
864.702	13.1
864.911	13.1
865.121	13.1
865.33	13.2
865.54	13.2
865.75	13.2
865.959	13.2
866.169	13.2
866.379	13.3
866.588	13.3
866.798	13.3
867.008	13.4
867.218	13.4
867.427	13.4
867.637	13.5
867.847	13.5
868.057	13.5
868.266	13.6
868.476	13.6
868.686	13.6
868.896	13.7
869.106	13.7
869.316	13.7
869.525	13.8
869.735	13.8
869.945	13.8
870.155	13.8
870.365	13.9
870.575	13.9
870.785	13.9
870.995	13.9
871.205	13.9
871.415	14
871.625	14
871.835	14
872.045	14.1
872.255	14.1
872.465	14.1
872.675	14.1
872.886	14.2
873.096	14.2
873.306	14.2
873.516	14.3
873.726	14.3
873.936	14.3
874.147	14.4
874.357	14.4
874.567	14.4
874.777	14.4
874.988	14.5
875.198	14.5
875.408	14.5
875.619	14.6
875.829	14.6
876.039	14.6
876.25	14.6
876.46	14.6
876.67	14.7
876.881	14.7
877.091	14.7
877.302	14.7
877.512	14.7
877.723	14.7
877.933	14.8
878.144	14.8
878.354	14.8
878.565	14.8
878.775	14.9
878.986	14.9
879.197	14.9
879.407	14.9
879.618	14.9
879.829	15
880.039	15
880.25	15
880.461	15
880.671	15.1
880.882	15.1
881.093	15.2
881.304	15.2
881.515	15.2
881.725	15.2
881.936	15.3
882.147	15.3
882.358	15.3
882.569	15.3
882.78	15.4
882.991	15.4
883.202	15.4
883.413	15.5
883.624	15.5
883.835	15.5
884.046	15.6
884.257	15.6
884.468	15.6
884.679	15.7
884.89	15.7
885.101	15.7
885.312	15.8
885.523	15.8
885.735	15.8
885.946	15.9
886.157	15.9
886.368	15.9
886.579	16
886.791	16
887.002	16
887.213	16.1
887.425	16.1
887.636	16.1
887.847	16.1
888.059	16.2
888.27	16.2
888.481	16.3
888.693	16.3
888.904	16.3
889.116	16.3
889.327	16.3
889.539	16.3
889.75	16.4
889.962	16.4
890.174	16.4
890.385	16.5
890.597	16.5
890.808	16.6
891.02	16.6
891.232	16.6
891.444	16.6
891.655	16.6
891.867	16.6
892.079	16.7
892.291	16.7
892.502	16.7
892.714	16.8
892.926	16.8
893.138	16.8
893.35	16.8
893.562	16.8
893.774	16.9
893.986	16.9
894.198	16.9
894.41	17
894.622	17
894.834	17
895.046	17
895.258	17.1
895.47	17.1
895.682	17.1
895.894	17.1
896.106	17.2
896.319	17.2
896.531	17.2
896.743	17.3
896.955	17.3
897.168	17.3
897.38	17.4
897.592	17.4
897.805	17.5
898.017	17.5
898.229	17.6
898.442	17.6
898.654	17.6
898.867	17.6
899.079	17.7
899.292	17.7
899.504	17.7
899.717	17.7
899.929	17.8
900.142	17.8
900.355	17.8
900.567	17.8
900.78	17.9
900.993	17.9
901.205	17.9
901.418	17.9
901.631	17.9
901.844	17.9
902.056	18
902.269	17.9
902.482	18
902.695	18
902.908	18
903.121	18
903.334	18
903.547	18.1
903.76	18.1
903.973	18.1
904.186	18.1
904.399	18.2
904.612	18.2
904.825	18.2
905.038	18.2
905.251	18.2
905.465	18.3
905.678	18.3
905.891	18.3
906.104	18.3
906.318	18.3
906.531	18.3
906.744	18.3
906.958	18.3
907.171	18.4
907.384	18.4
907.598	18.4
907.811	18.4
908.025	18.4
908.238	18.4
908.452	18.4
908.665	18.5
908.879	18.5
909.093	18.6
909.306	18.6
909.52	18.6
909.734	18.6
909.947	18.6
910.161	18.7
910.375	18.7
910.589	18.7
910.803	18.8
911.016	18.8
911.23	18.8
911.444	18.9
911.658	18.9
911.872	18.9
912.086	18.9
912.3	18.9
912.514	19
912.728	19
912.942	19
913.156	19
913.37	19
913.585	19.1
913.799	19.1
914.013	19.1
914.227	19.1
914.442	19.1
914.656	19.2
914.87	19.2
915.084	19.3
915.299	19.3
915.513	19.3
915.728	19.3
915.942	19.3
916.157	19.4
916.371	19.4
916.586	19.4
916.8	19.4
917.015	19.4
917.229	19.5
917.444	19.5
917.659	19.5
917.874	19.5
918.088	19.6
918.303	19.6
918.518	19.6
918.733	19.7
918.947	19.7
919.162	19.7
919.377	19.7
919.592	19.7
919.807	19.7
920.022	19.8
920.237	19.8
920.452	19.8
920.667	19.9
920.882	19.9
921.097	19.9
921.313	20
921.528	20
921.743	20
921.958	20
922.174	20.1
922.389	20.1
922.604	20.2
922.82	20.2
923.035	20.2
923.25	20.3
923.466	20.3
923.681	20.3
923.897	20.3
924.112	20.3
924.328	20.3
924.544	20.4
924.759	20.4
924.975	20.4
925.19	20.5
925.406	20.5
925.622	20.5
925.838	20.6
926.054	20.6
926.269	20.6
926.485	20.6
926.701	20.7
926.917	20.7
927.133	20.7
927.349	20.7
927.565	20.8
927.781	20.8
927.997	20.8
928.213	20.9
928.429	20.9
928.646	21
928.862	21
929.078	21.1
929.294	21.2
929.511	21.2
929.727	21.2
929.943	21.2
930.16	21.3
930.376	21.3
930.592	21.4
930.809	21.4
931.025	21.4
931.242	21.4
931.459	21.4
931.675	21.5
931.892	21.5
932.108	21.6
932.325	21.6
932.542	21.7
932.759	21.7
932.975	21.8
933.192	21.8
933.409	21.8
933.626	21.9
933.843	21.9
934.06	21.9
934.277	21.9
934.494	22
934.711	22
934.928	22
935.145	22
935.362	22.1
935.58	22.1
935.797	22.1
936.014	22.1
936.231	22.1
936.449	22.1
936.666	22.1
936.883	22.1
937.101	22.1
937.318	22.2
937.536	22.2
937.753	22.2
937.971	22.2
938.188	22.1
938.406	22.1
938.624	22.2
938.841	22.3
939.059	22.3
939.277	22.3
939.494	22.4
939.712	22.4
939.93	22.4
