290.982 78.990
291.167 79.085
291.352 77.793
291.537 76.926
291.722 76.392
291.907 76.129
292.091 74.804
292.276 73.215
292.461 72.585
292.646 72.941
292.831 75.375
293.016 74.870
293.201 74.483
293.386 74.256
293.571 73.543
293.756 72.905
293.940 71.659
294.125 70.284
294.310 68.929
294.495 67.742
294.680 66.782
294.865 67.386
295.050 66.896
295.235 66.741
295.420 66.678
295.605 66.525
295.789 66.316
295.974 66.920
296.159 68.239
296.344 68.438
296.529 68.044
296.714 67.740
296.899 67.972
297.084 67.690
297.269 67.443
297.454 67.220
297.638 67.312
297.823 68.354
298.008 68.601
298.193 68.504
298.378 68.516
298.563 68.223
298.748 66.851
298.933 65.973
299.118 66.415
299.303 66.245
299.487 65.900
299.672 65.674
299.857 65.399
300.042 65.106
300.227 65.057
300.412 64.537
300.597 64.037
300.782 63.892
300.967 64.021
301.152 64.161
301.336 64.033
301.521 64.372
301.706 63.576
301.891 64.351
302.076 64.730
302.261 63.807
302.446 63.153
302.631 63.027
302.816 63.124
303.001 62.603
303.185 62.357
303.370 62.720
303.555 62.819
303.740 62.643
303.925 62.449
304.110 62.091
304.295 61.791
304.480 61.368
304.665 60.943
304.850 60.575
305.034 60.159
305.219 59.531
305.404 58.161
305.589 57.241
305.774 55.666
305.959 55.077
306.144 55.552
306.329 55.743
306.514 56.101
306.699 56.314
306.883 55.802
307.068 55.448
307.253 54.625
307.438 53.911
307.623 54.238
307.808 54.574
307.993 54.815
308.178 54.760
308.363 54.719
308.548 54.679
308.732 54.846
308.917 54.030
309.102 53.248
309.287 53.253
309.472 53.239
309.657 53.189
309.842 53.113
310.027 53.172
310.212 53.011
310.397 52.568
310.581 52.191
310.766 52.528
310.951 52.430
311.136 52.090
311.321 52.633
311.506 52.664
311.691 52.143
311.876 51.630
312.061 51.193
312.245 50.813
312.430 50.399
312.615 49.397
312.800 49.553
312.985 49.873
313.170 50.074
313.347 50.256
313.523 50.004
313.700 49.891
313.877 49.613
314.054 49.446
314.230 49.401
314.407 49.387
314.584 48.887
314.761 48.426
314.937 48.354
315.114 47.481
315.291 46.535
315.467 45.945
315.644 45.720
315.821 45.607
315.998 45.517
316.174 45.445
316.351 45.922
316.528 46.010
316.704 46.165
316.881 45.844
317.058 45.661
317.235 46.003
317.411 45.574
317.588 45.066
317.765 44.895
317.942 44.295
318.118 43.637
318.295 43.564
318.472 44.058
318.648 44.353
318.825 44.089
319.002 44.317
319.179 44.443
319.355 44.210
319.532 44.440
319.709 44.603
319.885 44.324
320.062 43.733
320.239 43.364
320.416 42.867
320.592 42.592
320.769 42.263
320.946 41.647
321.123 41.408
321.299 41.508
321.476 41.328
321.653 41.455
321.829 41.811
322.006 41.788
322.183 41.353
322.360 41.163
322.536 41.915
322.713 41.656
322.890 40.963
323.066 41.084
323.243 41.087
323.420 40.885
323.597 40.489
323.773 40.478
323.950 40.294
324.127 40.145
324.304 40.138
324.480 40.201
324.657 40.020
324.834 40.026
325.010 39.808
325.187 39.533
325.364 39.333
325.541 39.107
325.717 39.066
325.894 38.892
326.071 38.453
326.248 37.501
326.424 37.120
326.601 37.235
326.778 36.920
326.954 36.392
327.131 36.123
327.308 36.022
327.485 35.636
327.661 35.140
327.838 34.849
328.015 35.023
328.191 34.922
328.368 34.832
328.545 34.595
328.722 34.712
328.898 35.013
329.075 34.881
329.252 34.521
329.429 34.413
329.605 34.530
329.782 34.498
329.959 34.456
330.135 34.433
330.312 34.330
330.489 34.120
330.666 33.847
330.842 33.724
331.019 33.699
331.196 33.668
331.372 33.619
331.549 33.411
331.726 32.757
331.903 32.548
332.079 32.583
332.256 32.588
332.433 32.655
332.610 32.355
332.786 32.193
332.963 32.596
333.140 32.398
333.316 31.935
333.493 31.666
333.670 31.477
333.847 31.325
334.023 31.082
334.200 31.100
334.377 31.243
334.553 31.150
334.730 31.190
334.907 31.115
335.084 31.164
335.260 31.333
335.437 31.358
335.614 31.037
335.791 30.818
335.967 30.721
336.144 30.179
336.321 30.016
336.497 30.232
336.674 30.081
336.851 29.919
337.028 29.895
337.204 30.018
337.381 30.260
337.558 30.013
337.734 29.694
337.911 29.353
338.088 29.222
338.265 29.214
338.441 28.985
338.618 28.697
338.795 28.555
338.972 28.409
339.148 28.277
339.325 28.252
339.502 28.162
339.678 27.917
339.855 27.772
340.032 27.713
340.209 27.512
340.385 27.185
340.562 27.013
340.739 27.008
340.916 26.920
341.092 26.652
341.269 26.816
341.446 27.032
341.622 27.099
341.799 26.839
341.976 26.503
342.153 26.374
342.329 26.332
342.506 26.063
342.683 25.929
342.859 25.908
343.036 25.695
343.213 25.507
343.390 25.531
343.566 25.385
343.743 25.209
343.920 25.158
344.097 25.017
344.273 24.898
344.450 24.765
344.627 24.640
344.803 24.410
344.980 24.263
345.157 24.239
345.334 24.147
345.510 24.000
345.687 23.857
345.864 23.478
346.040 23.371
346.217 23.649
346.394 23.686
346.571 23.828
346.747 23.835
346.924 23.660
347.101 23.635
347.278 23.808
347.454 23.802
347.631 23.414
347.808 23.128
347.984 23.041
348.161 22.882
348.338 22.745
348.515 22.658
348.691 22.459
348.868 22.321
349.045 22.140
349.221 22.101
349.398 22.038
349.575 22.287
349.752 22.352
349.928 22.072
350.105 22.079
350.282 22.018
350.459 21.980
350.635 21.989
350.812 21.839
350.989 21.665
351.165 21.562
351.342 21.626
351.519 21.686
351.696 21.734
351.872 21.844
352.049 21.786
352.226 21.597
352.402 21.358
352.579 21.135
352.756 21.030
352.933 20.881
353.109 20.873
353.286 20.659
353.463 20.524
353.640 20.571
353.816 20.297
353.993 20.043
354.170 19.875
354.346 19.863
354.523 19.840
354.700 19.849
354.877 19.871
355.053 19.755
355.230 19.642
355.407 19.483
355.584 19.393
355.760 19.261
355.937 19.280
356.114 19.433
356.290 19.463
356.467 19.453
356.644 19.592
356.821 19.581
356.997 19.671
357.174 19.741
357.351 19.637
357.527 19.618
357.704 19.435
357.881 19.398
358.058 19.338
358.234 19.222
358.411 19.003
358.588 18.799
358.765 18.763
358.941 18.769
359.118 18.711
359.295 18.705
359.471 18.792
359.648 18.791
359.825 18.640
360.002 18.546
360.178 18.373
360.355 18.110
360.532 18.045
360.708 17.880
360.885 17.627
361.062 17.593
361.239 17.588
361.415 17.509
361.592 17.505
361.769 17.466
361.946 17.494
362.122 17.413
362.299 17.469
362.476 17.400
362.652 17.153
362.829 17.099
363.006 17.006
363.183 16.791
363.359 16.620
363.536 16.510
363.713 16.413
363.889 16.429
364.066 16.547
364.243 16.593
364.420 16.598
364.596 16.683
364.773 16.650
364.950 16.564
365.127 16.587
365.303 16.507
365.480 16.361
365.661 16.224
365.841 16.253
366.022 16.154
366.202 16.126
366.383 16.120
366.563 15.957
366.744 15.895
366.924 15.919
367.105 16.010
367.286 16.036
367.466 15.988
367.647 15.997
367.827 15.791
368.008 15.582
368.188 15.519
368.369 15.327
368.549 15.199
368.730 15.093
368.911 15.045
369.091 15.125
369.272 15.148
369.452 15.024
369.633 14.932
369.813 14.919
369.994 14.815
370.174 14.784
370.355 14.922
370.535 15.028
370.716 15.077
370.897 14.999
371.077 14.906
371.258 14.868
371.438 14.803
371.619 14.881
371.799 14.945
371.980 14.846
372.160 14.813
372.341 14.795
372.522 14.797
372.702 14.837
372.883 14.682
373.063 14.593
373.244 14.623
373.424 14.634
373.605 14.610
373.785 14.594
373.966 14.652
374.147 14.648
374.327 14.599
374.508 14.531
374.688 14.490
374.869 14.524
375.049 14.575
375.230 14.543
375.410 14.467
375.591 14.316
375.772 14.275
375.952 14.304
376.133 14.218
376.313 14.228
376.494 14.226
376.674 14.219
376.855 14.230
377.035 14.229
377.216 14.153
377.397 14.037
377.577 14.001
377.758 13.942
377.938 13.839
378.119 13.561
378.299 13.415
378.480 13.368
378.660 13.287
378.841 13.164
379.021 13.091
379.202 13.094
379.383 13.104
379.563 13.022
379.744 12.911
379.924 12.868
380.105 12.739
380.285 12.644
380.466 12.668
380.646 12.622
380.827 12.521
381.008 12.528
381.188 12.515
381.369 12.474
381.549 12.413
381.730 12.336
381.910 12.429
382.091 12.529
382.271 12.515
382.452 12.501
382.633 12.525
382.813 12.551
382.994 12.481
383.174 12.468
383.355 12.527
383.535 12.547
383.716 12.534
383.896 12.507
384.077 12.464
384.258 12.333
384.438 12.302
384.619 12.295
384.799 12.201
384.980 12.197
385.160 12.166
385.341 12.127
385.521 12.113
385.702 11.998
385.882 11.872
386.063 11.847
386.244 11.806
386.424 11.746
386.605 11.688
386.785 11.685
386.966 11.695
387.146 11.721
387.327 11.697
387.507 11.700
387.688 11.667
387.869 11.623
388.049 11.624
388.230 11.600
388.410 11.595
388.591 11.582
388.771 11.477
388.952 11.425
389.132 11.430
389.313 11.413
389.494 11.471
389.674 11.472
389.855 11.405
390.035 11.388
390.216 11.364
390.396 11.349
390.577 11.327
390.757 11.280
390.938 11.210
391.119 11.197
391.299 11.141
391.480 11.140
391.660 11.109
391.841 11.068
392.021 11.051
392.202 11.011
392.382 11.009
392.563 11.042
392.743 11.060
392.924 11.036
393.105 10.937
393.285 10.852
393.466 10.848
393.646 10.853
393.827 10.821
394.007 10.810
394.188 10.782
394.368 10.810
394.549 10.826
394.730 10.727
394.910 10.659
395.091 10.645
395.271 10.609
395.452 10.577
395.632 10.558
395.813 10.588
395.993 10.651
396.174 10.634
396.355 10.607
396.535 10.539
396.716 10.448
396.896 10.476
397.077 10.479
397.257 10.433
397.438 10.417
397.618 10.409
397.799 10.357
397.980 10.297
398.160 10.199
398.341 10.157
398.521 10.158
398.702 10.153
398.882 10.108
399.063 10.060
399.243 10.027
399.424 10.017
399.605 9.989
399.785 9.867
399.966 9.810
400.146 9.763
400.327 9.732
400.507 9.744
400.688 9.749
400.868 9.748
401.049 9.728
401.229 9.682
401.410 9.660
401.591 9.674
401.771 9.696
401.952 9.685
402.132 9.647
402.313 9.586
402.493 9.551
402.674 9.553
402.854 9.519
403.035 9.474
403.216 9.395
403.396 9.291
403.577 9.261
403.757 9.223
403.938 9.210
404.118 9.211
404.299 9.153
404.479 9.095
404.660 9.022
404.841 8.948
405.023 8.929
405.204 8.947
405.385 8.928
405.566 8.895
405.748 8.853
405.929 8.780
406.110 8.750
406.292 8.704
406.473 8.648
406.654 8.621
406.835 8.571
407.017 8.552
407.198 8.522
407.379 8.499
407.560 8.486
407.742 8.477
407.923 8.480
408.104 8.486
408.286 8.428
408.467 8.374
408.648 8.371
408.829 8.358
409.011 8.303
409.192 8.252
409.373 8.203
409.555 8.180
409.736 8.157
409.917 8.123
410.098 8.092
410.280 8.090
410.461 8.112
410.642 8.141
410.823 8.141
411.005 8.136
411.186 8.120
411.367 8.121
411.549 8.069
411.730 7.995
411.911 7.967
412.092 7.952
412.274 7.950
412.455 7.933
412.636 7.904
412.818 7.862
412.999 7.824
413.180 7.797
413.361 7.764
413.543 7.743
413.724 7.766
413.905 7.784
414.087 7.753
414.268 7.680
414.449 7.646
414.630 7.620
414.812 7.632
414.993 7.617
415.174 7.558
415.355 7.519
415.537 7.499
415.718 7.468
415.899 7.459
416.081 7.416
416.262 7.362
416.443 7.324
416.624 7.298
416.806 7.287
416.987 7.269
417.168 7.262
417.350 7.225
417.531 7.158
417.712 7.074
417.893 7.030
418.075 7.043
418.256 7.020
418.437 7.009
418.618 6.984
418.800 6.960
418.981 6.944
419.162 6.934
419.344 6.920
419.525 6.893
419.706 6.872
419.887 6.857
420.069 6.836
420.250 6.821
420.431 6.804
420.613 6.766
420.794 6.726
420.975 6.677
421.156 6.661
421.338 6.680
421.519 6.698
421.700 6.668
421.882 6.636
422.063 6.617
422.244 6.615
422.425 6.638
422.607 6.642
422.788 6.617
422.969 6.600
423.150 6.579
423.332 6.568
423.513 6.557
423.694 6.567
423.876 6.593
424.057 6.597
424.238 6.585
424.419 6.587
424.601 6.580
424.782 6.593
424.963 6.581
425.145 6.550
425.326 6.530
425.507 6.538
425.688 6.511
425.870 6.475
426.051 6.416
426.232 6.332
426.413 6.289
426.595 6.272
426.776 6.232
426.957 6.209
427.139 6.192
427.320 6.162
427.501 6.130
427.682 6.086
427.864 6.048
428.045 6.013
428.226 5.990
428.408 5.985
428.589 5.948
428.770 5.940
428.951 5.934
429.133 5.901
429.314 5.873
429.495 5.869
429.677 5.883
429.858 5.884
430.039 5.884
430.220 5.865
430.402 5.867
430.583 5.887
430.764 5.870
430.945 5.844
431.127 5.824
431.308 5.801
431.489 5.792
431.671 5.766
431.852 5.751
432.033 5.743
432.214 5.718
432.396 5.696
432.577 5.702
432.758 5.717
432.940 5.735
433.121 5.724
433.302 5.707
433.483 5.687
433.665 5.671
433.846 5.652
434.027 5.658
434.208 5.657
434.390 5.645
434.571 5.649
434.752 5.668
434.934 5.683
435.115 5.688
435.296 5.667
435.477 5.668
435.659 5.666
435.840 5.654
436.030 5.667
436.220 5.671
436.410 5.649
436.600 5.626
436.790 5.619
436.980 5.616
437.170 5.618
437.360 5.604
437.550 5.595
437.741 5.600
437.931 5.585
438.121 5.571
438.311 5.552
438.501 5.524
438.691 5.492
438.881 5.454
439.071 5.416
439.261 5.410
439.451 5.413
439.641 5.411
439.831 5.406
440.021 5.383
440.211 5.363
440.401 5.339
440.591 5.318
440.781 5.298
440.971 5.285
441.161 5.268
441.351 5.266
441.542 5.259
441.732 5.228
441.922 5.200
442.112 5.171
442.302 5.160
442.492 5.171
442.682 5.170
442.872 5.167
443.062 5.152
443.252 5.141
443.442 5.124
443.632 5.100
443.822 5.068
444.012 5.046
444.202 5.046
444.392 5.043
444.582 5.022
444.772 4.998
444.962 4.981
445.153 4.964
445.343 4.950
445.533 4.939
445.723 4.941
445.913 4.946
446.103 4.950
446.293 4.955
446.483 4.935
446.673 4.927
446.863 4.922
447.053 4.943
447.243 4.943
447.433 4.929
447.623 4.925
447.813 4.903
448.003 4.890
448.193 4.877
448.383 4.872
448.573 4.874
448.764 4.876
448.954 4.878
449.144 4.885
449.334 4.874
449.524 4.860
449.714 4.844
449.904 4.827
450.094 4.813
450.284 4.788
450.474 4.759
450.664 4.743
450.854 4.747
451.044 4.723
451.234 4.712
451.424 4.714
451.614 4.708
451.804 4.722
451.994 4.721
452.184 4.722
452.375 4.723
452.565 4.729
452.755 4.728
452.945 4.723
453.135 4.703
453.325 4.707
453.515 4.715
453.705 4.704
453.895 4.695
454.085 4.695
454.275 4.695
454.465 4.700
454.655 4.710
454.845 4.708
455.035 4.701
455.225 4.682
455.415 4.676
455.605 4.673
455.795 4.664
455.985 4.658
456.176 4.655
456.366 4.640
456.556 4.621
456.746 4.608
456.936 4.590
457.126 4.576
457.316 4.549
457.506 4.531
457.696 4.529
457.886 4.533
458.076 4.537
458.266 4.540
458.456 4.535
458.646 4.511
458.836 4.487
459.026 4.492
459.216 4.507
459.406 4.487
459.596 4.479
459.787 4.475
459.977 4.472
460.167 4.449
460.357 4.453
460.547 4.461
460.737 4.458
460.927 4.472
461.117 4.491
461.307 4.510
461.497 4.505
461.687 4.495
461.877 4.484
462.067 4.475
462.257 4.482
462.447 4.492
462.637 4.499
462.827 4.509
463.017 4.502
463.207 4.490
463.397 4.495
463.588 4.496
463.778 4.486
463.968 4.475
464.158 4.487
464.348 4.476
464.538 4.457
464.728 4.454
464.918 4.447
465.108 4.430
465.298 4.404
465.488 4.406
465.678 4.419
465.868 4.421
466.058 4.413
466.248 4.395
466.438 4.378
466.628 4.367
466.818 4.361
467.008 4.355
467.199 4.340
467.389 4.340
467.579 4.348
467.769 4.372
467.959 4.367
468.149 4.348
468.339 4.346
468.529 4.347
468.719 4.335
468.909 4.322
469.099 4.309
469.289 4.307
469.479 4.305
469.669 4.292
469.859 4.287
470.049 4.288
470.239 4.294
470.429 4.303
470.619 4.311
470.810 4.306
471.000 4.307
471.190 4.320
471.380 4.326
471.570 4.312
471.760 4.285
471.950 4.287
472.140 4.295
472.330 4.287
472.520 4.284
472.710 4.290
472.900 4.289
473.090 4.298
473.280 4.301
473.470 4.293
473.660 4.291
473.850 4.292
474.040 4.296
474.230 4.287
474.421 4.279
474.611 4.275
474.801 4.255
474.991 4.238
475.181 4.234
475.371 4.225
475.561 4.221
475.751 4.228
475.941 4.223
476.131 4.216
476.321 4.205
476.511 4.193
476.701 4.185
476.891 4.180
477.081 4.170
477.271 4.168
477.461 4.170
477.651 4.172
477.841 4.177
478.031 4.165
478.222 4.149
478.412 4.140
478.602 4.133
478.792 4.137
478.982 4.144
479.172 4.141
479.362 4.135
479.552 4.138
479.742 4.132
479.932 4.126
480.122 4.123
480.312 4.133
480.502 4.139
480.692 4.141
480.882 4.150
481.072 4.152
481.262 4.152
481.452 4.152
481.642 4.154
481.833 4.154
482.023 4.153
482.213 4.153
482.403 4.149
482.593 4.147
482.783 4.149
482.973 4.145
483.163 4.147
483.353 4.142
483.543 4.125
483.733 4.127
483.923 4.139
484.113 4.142
484.303 4.137
484.493 4.138
484.683 4.132
484.873 4.119
485.063 4.117
485.253 4.113
485.443 4.111
485.634 4.109
485.824 4.096
486.014 4.094
486.204 4.097
486.394 4.101
486.584 4.096
486.774 4.089
486.964 4.090
487.154 4.083
487.344 4.085
487.534 4.094
487.724 4.087
487.914 4.081
488.104 4.085
488.294 4.082
488.484 4.082
488.674 4.091
488.864 4.096
489.054 4.102
489.245 4.103
489.435 4.097
489.625 4.098
489.815 4.107
490.005 4.113
490.195 4.119
490.385 4.125
490.575 4.124
490.765 4.125
490.955 4.125
491.145 4.128
491.335 4.118
491.525 4.114
491.715 4.113
491.905 4.115
492.095 4.108
492.285 4.111
492.475 4.111
492.665 4.098
492.856 4.093
493.046 4.081
493.236 4.078
493.426 4.081
493.616 4.068
493.806 4.054
493.996 4.044
494.186 4.036
494.376 4.029
494.566 4.038
494.756 4.044
494.946 4.039
495.136 4.035
495.326 4.041
495.516 4.037
495.706 4.036
495.896 4.028
496.086 4.028
496.276 4.029
496.467 4.024
496.657 4.026
496.847 4.025
497.037 4.024
497.227 4.012
497.417 4.005
497.607 4.013
497.797 4.017
497.987 4.016
498.177 4.014
498.367 4.008
498.557 3.995
498.747 3.989
498.937 3.997
499.127 3.999
499.317 3.994
499.507 3.994
499.697 3.984
499.887 3.977
500.077 3.974
500.268 3.970
500.458 3.965
500.648 3.964
500.838 3.954
501.028 3.947
501.218 3.949
501.408 3.940
501.598 3.929
501.788 3.920
501.978 3.912
502.168 3.908
502.358 3.914
502.548 3.921
502.738 3.918
502.928 3.906
503.118 3.901
503.308 3.903
503.498 3.898
503.688 3.900
503.879 3.905
504.069 3.900
504.259 3.892
504.449 3.891
504.639 3.889
504.829 3.894
505.019 3.893
505.209 3.893
505.399 3.896
505.589 3.894
505.779 3.893
505.969 3.893
506.159 3.892
506.349 3.878
506.539 3.864
506.729 3.856
506.919 3.854
507.109 3.847
507.299 3.840
507.490 3.841
507.680 3.836
507.870 3.828
508.060 3.819
508.250 3.815
508.440 3.812
508.630 3.804
508.820 3.800
509.010 3.800
509.200 3.794
509.390 3.793
509.580 3.796
509.770 3.797
509.960 3.797
510.150 3.800
510.340 3.800
510.530 3.799
510.720 3.805
510.910 3.825
511.100 3.863
511.291 3.865
511.481 3.870
511.671 3.878
511.861 3.880
512.051 3.887
512.241 3.886
512.431 3.882
512.621 3.885
512.811 3.886
513.001 3.886
513.191 3.888
513.381 3.886
513.571 3.877
513.761 3.874
513.951 3.879
514.141 3.880
514.331 3.889
514.521 3.888
514.711 3.877
514.902 3.853
515.092 3.809
515.282 3.805
515.472 3.800
515.662 3.793
515.852 3.790
516.042 3.784
516.232 3.787
516.422 3.788
516.612 3.789
516.802 3.790
516.992 3.788
517.182 3.793
517.372 3.798
517.562 3.806
517.752 3.809
517.942 3.809
518.132 3.815
518.322 3.825
518.513 3.828
518.703 3.837
518.893 3.840
519.083 3.846
519.273 3.850
519.463 3.853
519.653 3.858
519.843 3.863
520.033 3.867
520.223 3.866
520.413 3.867
520.603 3.862
520.793 3.858
520.983 3.858
521.173 3.859
521.363 3.864
521.553 3.860
521.743 3.850
521.933 3.842
522.123 3.828
522.314 3.814
522.504 3.817
522.694 3.820
522.884 3.821
523.074 3.825
523.264 3.824
523.454 3.820
523.644 3.817
523.834 3.820
524.024 3.820
524.214 3.818
524.404 3.815
524.594 3.818
524.784 3.820
524.974 3.817
525.164 3.815
525.354 3.818
525.544 3.831
525.734 3.839
525.925 3.841
526.115 3.842
526.305 3.838
526.495 3.834
526.685 3.829
526.875 3.831
527.065 3.834
527.255 3.830
527.445 3.829
527.635 3.832
527.825 3.828
528.015 3.831
528.205 3.836
528.395 3.844
528.585 3.842
528.775 3.841
528.965 3.843
529.155 3.845
529.345 3.837
529.535 3.828
529.726 3.828
529.916 3.830
530.106 3.833
530.296 3.837
530.486 3.838
530.676 3.840
530.866 3.832
531.056 3.823
531.246 3.825
531.436 3.824
531.626 3.815
531.816 3.814
532.006 3.807
532.196 3.805
532.386 3.799
532.576 3.795
532.766 3.791
532.956 3.792
533.146 3.790
533.337 3.784
533.527 3.779
533.717 3.777
533.907 3.773
534.097 3.769
534.287 3.767
534.477 3.766
534.667 3.761
534.857 3.766
535.047 3.764
535.237 3.758
535.427 3.759
535.617 3.762
535.807 3.759
535.997 3.763
536.187 3.758
536.377 3.759
536.567 3.767
536.757 3.770
536.948 3.765
537.138 3.762
537.328 3.761
537.518 3.759
537.708 3.752
537.898 3.749
538.088 3.745
538.278 3.743
538.468 3.745
538.658 3.747
538.848 3.741
539.038 3.738
539.228 3.737
539.418 3.735
539.608 3.734
539.798 3.730
539.988 3.723
540.178 3.728
540.368 3.731
540.558 3.727
540.749 3.732
540.939 3.737
541.129 3.738
541.319 3.740
541.509 3.744
541.699 3.747
541.889 3.746
542.079 3.746
542.269 3.750
542.459 3.747
542.649 3.744
542.839 3.752
543.029 3.756
543.219 3.764
543.409 3.769
543.599 3.774
543.789 3.775
543.979 3.776
544.169 3.773
544.360 3.766
544.550 3.768
544.740 3.765
544.930 3.761
545.120 3.757
545.310 3.751
545.500 3.746
545.690 3.748
545.880 3.748
546.070 3.747
546.267 3.737
546.463 3.731
546.660 3.724
546.857 3.714
547.054 3.708
547.251 3.702
547.447 3.697
547.644 3.694
547.841 3.695
548.038 3.695
548.234 3.690
548.431 3.683
548.628 3.672
548.825 3.670
549.021 3.673
549.218 3.672
549.415 3.671
549.612 3.672
549.808 3.669
550.005 3.667
550.202 3.666
550.399 3.672
550.595 3.679
550.792 3.688
550.989 3.690
551.186 3.691
551.382 3.690
551.579 3.689
551.776 3.692
551.973 3.698
552.169 3.703
552.366 3.711
552.563 3.723
552.760 3.731
552.956 3.732
553.153 3.729
553.350 3.727
553.547 3.728
553.743 3.729
553.940 3.734
554.137 3.736
554.334 3.733
554.530 3.733
554.727 3.732
554.924 3.730
555.121 3.731
555.317 3.730
555.514 3.733
555.711 3.734
555.908 3.727
556.104 3.718
556.301 3.713
556.498 3.709
556.695 3.705
556.891 3.707
557.088 3.714
557.285 3.719
557.482 3.725
557.678 3.724
557.875 3.719
558.072 3.712
558.269 3.713
558.465 3.723
558.662 3.728
558.859 3.728
559.056 3.727
559.252 3.725
559.449 3.724
559.646 3.721
559.843 3.720
560.039 3.722
560.236 3.728
560.433 3.731
560.630 3.732
560.826 3.729
561.023 3.727
561.220 3.718
561.417 3.714
561.613 3.717
561.810 3.722
562.007 3.730
562.204 3.735
562.400 3.733
562.597 3.731
562.794 3.728
562.991 3.728
563.187 3.730
563.384 3.731
563.581 3.732
563.778 3.738
563.974 3.745
564.171 3.751
564.368 3.749
564.565 3.750
564.761 3.756
564.958 3.760
565.155 3.761
565.352 3.768
565.548 3.770
565.745 3.773
565.942 3.778
566.139 3.781
566.335 3.784
566.532 3.792
566.729 3.796
566.926 3.801
567.122 3.805
567.319 3.810
567.516 3.817
567.713 3.826
567.909 3.830
568.106 3.830
568.303 3.833
568.500 3.844
568.696 3.850
568.893 3.850
569.090 3.857
569.287 3.858
569.483 3.862
569.680 3.867
569.877 3.868
570.074 3.869
570.270 3.868
570.467 3.873
570.664 3.880
570.861 3.884
571.057 3.892
571.254 3.900
571.451 3.904
571.648 3.911
571.844 3.922
572.041 3.924
572.238 3.931
572.435 3.943
572.631 3.943
572.828 3.950
573.025 3.957
573.222 3.962
573.418 3.973
573.615 3.979
573.812 3.983
574.009 3.989
574.205 3.996
574.402 4.000
574.599 4.004
574.796 4.007
574.992 4.008
575.189 4.010
575.386 4.017
575.583 4.025
575.779 4.028
575.976 4.029
576.173 4.035
576.370 4.039
576.567 4.038
576.763 4.046
576.960 4.052
577.158 4.055
577.356 4.058
577.554 4.064
577.752 4.070
577.950 4.073
578.148 4.076
578.346 4.081
578.544 4.095
578.742 4.105
578.940 4.113
579.138 4.127
579.336 4.135
579.534 4.134
579.732 4.139
579.930 4.144
580.128 4.152
580.326 4.165
580.524 4.167
580.722 4.172
580.920 4.182
581.118 4.197
581.316 4.209
581.514 4.220
581.712 4.227
581.909 4.233
582.107 4.238
582.305 4.250
582.503 4.266
582.701 4.275
582.899 4.285
583.097 4.294
583.295 4.301
583.493 4.309
583.691 4.324
583.889 4.336
584.087 4.347
584.285 4.354
584.483 4.366
584.681 4.387
584.879 4.404
585.077 4.415
585.275 4.421
585.473 4.432
585.671 4.446
585.869 4.462
586.067 4.480
586.265 4.499
586.463 4.510
586.661 4.518
586.859 4.531
587.057 4.546
587.255 4.560
587.453 4.579
587.651 4.601
587.849 4.624
588.047 4.645
588.245 4.669
588.443 4.694
588.641 4.714
588.839 4.728
589.037 4.743
589.235 4.758
589.433 4.776
589.631 4.795
589.829 4.813
590.027 4.831
590.225 4.850
590.423 4.874
590.621 4.901
590.819 4.927
591.017 4.953
591.215 4.977
591.413 5.004
591.611 5.028
591.809 5.052
592.006 5.069
592.204 5.094
592.402 5.125
592.600 5.150
592.798 5.177
592.996 5.213
593.194 5.248
593.392 5.288
593.590 5.329
593.788 5.366
593.986 5.401
594.184 5.436
594.382 5.474
594.580 5.508
594.778 5.539
594.976 5.571
595.174 5.609
595.372 5.649
595.570 5.692
595.768 5.733
595.966 5.771
596.164 5.818
596.362 5.859
596.560 5.899
596.758 5.952
596.956 5.999
597.154 6.045
597.352 6.092
597.550 6.136
597.748 6.177
597.946 6.227
598.144 6.279
598.342 6.333
598.540 6.392
598.738 6.455
598.936 6.519
599.134 6.582
599.332 6.650
599.530 6.721
599.728 6.779
599.926 6.840
600.124 6.915
600.322 6.985
600.520 7.050
600.718 7.122
600.916 7.192
601.114 7.269
601.312 7.348
601.510 7.430
601.708 7.516
601.905 7.598
602.103 7.683
602.301 7.772
602.499 7.864
602.697 7.950
602.895 8.039
603.093 8.132
603.291 8.225
603.489 8.313
603.687 8.403
603.885 8.511
604.083 8.617
604.281 8.711
604.479 8.813
604.677 8.927
604.875 9.037
605.073 9.154
605.271 9.286
605.469 9.397
605.667 9.511
605.865 9.634
606.063 9.761
606.261 9.885
606.459 10.010
606.657 10.136
606.855 10.270
607.053 10.403
607.251 10.539
607.449 10.685
607.647 10.830
607.845 10.979
608.043 11.125
608.241 11.275
608.439 11.434
608.637 11.597
608.835 11.765
609.033 11.932
609.231 12.088
609.429 12.238
609.627 12.409
609.825 12.580
610.023 12.755
610.221 12.938
610.419 13.128
610.617 13.318
610.815 13.515
611.013 13.711
611.211 13.911
611.409 14.114
611.607 14.315
611.804 14.517
612.002 14.721
612.200 14.934
612.398 15.154
612.596 15.378
612.794 15.603
612.992 15.828
613.190 16.058
613.388 16.293
613.586 16.529
613.784 16.768
613.982 17.010
614.180 17.256
614.378 17.509
614.576 17.758
614.774 18.013
614.972 18.268
615.170 18.523
615.368 18.782
615.566 19.049
615.764 19.320
615.962 19.597
616.160 19.875
616.358 20.155
616.556 20.438
616.754 20.720
616.952 21.005
617.150 21.297
617.348 21.594
617.546 21.898
617.744 22.202
617.942 22.514
618.140 22.832
618.338 23.146
618.536 23.456
618.734 23.776
618.932 24.103
619.130 24.436
619.328 24.774
619.526 25.120
619.724 25.460
619.922 25.805
620.120 26.151
620.318 26.498
620.516 26.841
620.714 27.195
620.912 27.560
621.110 27.916
621.308 28.275
621.506 28.636
621.704 28.998
621.901 29.360
622.099 29.725
622.297 30.096
622.495 30.464
622.693 30.832
622.891 31.198
623.089 31.569
623.287 31.947
623.485 32.324
623.683 32.700
623.881 33.086
624.079 33.471
624.277 33.861
624.475 34.248
624.673 34.634
624.871 35.014
625.069 35.389
625.267 35.781
625.465 36.171
625.663 36.560
625.861 36.944
626.059 37.335
626.257 37.723
626.455 38.113
626.653 38.507
626.851 38.910
627.049 39.316
627.247 39.706
627.445 40.090
627.643 40.475
627.841 40.859
628.039 41.239
628.237 41.619
628.435 42.007
628.633 42.398
628.831 42.795
629.029 43.188
629.227 43.576
629.425 43.955
629.623 44.336
629.821 44.720
630.019 45.106
630.217 45.484
630.415 45.865
630.613 46.246
630.811 46.628
631.009 46.997
631.207 47.364
631.405 47.740
631.603 48.111
631.801 48.481
631.998 48.853
632.196 49.223
632.394 49.583
632.592 49.933
632.790 50.286
632.988 50.631
633.186 50.981
633.384 51.329
633.582 51.669
633.780 52.007
633.978 52.348
634.176 52.689
634.374 53.020
634.572 53.344
634.770 53.667
634.968 53.990
635.166 54.314
635.364 54.628
635.562 54.934
635.760 55.240
635.958 55.545
636.156 55.846
636.354 56.148
636.552 56.439
636.750 56.729
636.948 57.017
637.146 57.381
637.344 57.823
637.542 58.108
637.740 58.393
637.938 58.673
638.136 58.937
638.334 59.199
638.532 59.472
638.730 59.740
638.928 59.993
639.126 60.241
639.324 60.493
639.522 60.745
639.720 61.012
639.918 61.294
640.116 61.545
640.314 61.784
640.512 62.014
640.710 62.260
640.908 62.498
641.106 62.729
641.304 62.882
641.502 62.942
641.699 63.155
641.897 63.370
642.095 63.579
642.293 63.794
642.491 63.999
642.689 64.199
642.887 64.401
643.085 64.606
643.283 64.809
643.481 64.996
643.679 65.183
643.877 65.353
644.075 65.503
644.273 65.669
644.471 65.842
644.669 66.016
644.867 66.185
645.065 66.350
645.263 66.511
645.461 66.667
645.659 66.827
645.857 66.979
646.055 67.121
646.253 67.269
646.451 67.419
646.649 67.567
646.847 67.720
647.045 67.859
647.243 67.997
647.441 68.129
647.639 68.263
647.837 68.391
648.035 68.525
648.233 68.648
648.431 68.773
648.629 68.894
648.827 69.013
649.025 69.136
649.223 69.242
649.421 69.345
649.619 69.449
649.817 69.544
650.015 69.649
650.213 69.761
650.411 69.866
650.609 69.956
650.807 70.055
651.005 70.147
651.203 70.242
651.401 70.328
651.599 70.410
651.796 70.493
651.994 70.579
652.192 70.657
652.390 70.741
652.588 70.820
652.786 70.892
652.984 70.966
653.182 71.033
653.380 71.112
653.578 71.187
653.776 71.260
653.974 71.341
654.172 71.412
654.370 71.479
654.568 71.546
654.766 71.620
654.964 71.685
655.162 71.746
655.360 71.802
655.558 71.848
655.756 71.899
655.954 71.957
656.152 72.013
656.350 72.067
656.548 72.122
656.746 72.175
656.944 72.233
657.142 72.284
657.340 72.329
657.538 72.371
657.736 72.417
657.934 72.460
658.132 72.503
658.330 72.549
658.528 72.582
658.726 72.612
658.924 72.644
659.122 72.682
659.320 72.714
659.518 72.751
659.716 72.805
659.914 72.853
660.112 72.885
660.310 72.921
660.508 72.954
660.706 72.982
660.904 73.016
661.102 73.043
661.300 73.071
661.498 73.099
661.696 73.123
661.893 73.145
662.091 73.174
662.289 73.205
662.487 73.236
662.685 73.268
662.883 73.300
663.081 73.330
663.279 73.349
663.477 73.364
663.675 73.390
663.873 73.410
664.071 73.425
664.269 73.444
664.467 73.466
664.665 73.484
664.863 73.496
665.061 73.516
665.259 73.542
665.457 73.557
665.655 73.579
665.853 73.613
666.051 73.638
666.249 73.658
666.447 73.677
666.645 73.694
666.843 73.712
667.041 73.724
667.239 73.741
667.437 73.763
667.635 73.787
667.833 73.789
668.031 73.800
668.229 73.817
668.427 73.834
668.625 73.840
668.823 73.851
669.021 73.872
669.219 73.889
669.417 73.904
669.615 73.913
669.813 73.926
670.011 73.939
670.209 73.963
670.407 73.974
670.605 73.986
670.803 74.002
671.001 74.005
671.199 74.014
671.397 74.021
671.595 74.020
671.792 74.025
671.990 74.041
672.188 74.055
672.386 74.064
672.584 74.068
672.782 74.075
672.980 74.087
673.178 74.100
673.376 74.104
673.574 74.104
673.772 74.115
673.970 74.114
674.168 74.119
674.366 74.119
674.564 74.132
674.762 74.122
674.960 74.112
675.158 74.130
675.356 74.142
675.554 74.140
675.752 74.144
675.950 74.152
676.148 74.164
676.346 74.169
676.544 74.162
676.742 74.170
676.940 74.185
677.138 74.179
677.336 74.175
677.534 74.171
677.732 74.174
677.930 74.186
678.128 74.202
678.326 74.204
678.524 74.210
678.722 74.206
678.920 74.210
679.118 74.210
679.316 74.200
679.514 74.201
679.712 74.209
679.910 74.212
680.108 74.208
680.306 74.201
680.504 74.205
680.702 74.223
680.900 74.236
681.098 74.233
681.296 74.237
681.494 74.242
681.691 74.259
681.889 74.261
682.087 74.257
682.285 74.255
682.483 74.257
682.681 74.253
682.879 74.258
683.077 74.264
683.275 74.265
683.473 74.275
683.671 74.272
683.869 74.272
684.067 74.269
684.265 74.276
684.463 74.287
684.661 74.292
684.859 74.303
685.057 74.303
685.255 74.310
685.453 74.324
685.651 74.339
685.849 74.343
686.047 74.346
686.245 74.333
686.443 74.328
686.641 74.333
686.839 74.345
687.037 74.357
687.235 74.374
687.433 74.383
687.631 74.385
687.829 74.403
688.027 74.412
688.225 74.429
688.423 74.434
688.621 74.438
688.819 74.433
689.017 74.424
689.215 74.424
689.413 74.431
689.611 74.427
689.809 74.429
690.007 74.431
690.205 74.441
690.403 74.467
690.601 74.479
690.799 74.487
690.997 74.498
691.195 74.500
691.393 74.501
691.591 74.516
691.788 74.524
691.986 74.515
692.184 74.515
692.382 74.520
692.580 74.524
692.778 74.533
692.976 74.552
693.174 74.559
693.372 74.569
693.570 74.574
693.768 74.587
693.966 74.588
694.164 74.598
694.362 74.613
694.560 74.617
694.758 74.614
694.956 74.612
695.154 74.608
695.352 74.609
695.550 74.607
695.748 74.602
695.946 74.617
696.144 74.632
696.342 74.645
696.540 74.656
696.744 74.674
696.948 74.687
697.152 74.694
697.357 74.704
697.561 74.723
697.765 74.740
697.969 74.749
698.173 74.752
698.377 74.745
698.581 74.737
698.786 74.741
698.990 74.755
699.194 74.767
699.398 74.780
699.602 74.793
699.806 74.805
700.010 74.820
700.215 74.832
700.419 74.843
700.623 74.845
700.827 74.852
701.031 74.845
701.235 74.834
701.440 74.823
701.644 74.822
701.848 74.812
702.052 74.813
702.256 74.833
702.460 74.854
702.664 74.876
702.869 74.874
703.073 74.881
703.277 74.896
703.481 74.908
703.685 74.913
703.889 74.921
704.093 74.918
704.298 74.922
704.502 74.913
704.706 74.922
704.910 74.939
705.114 74.936
705.318 74.947
705.522 74.978
705.727 75.009
705.931 75.032
706.135 75.048
706.339 75.058
706.543 75.060
706.747 75.051
706.951 75.055
707.156 75.075
707.360 75.077
707.564 75.077
707.768 75.076
707.972 75.073
708.176 75.076
708.380 75.094
708.585 75.108
708.789 75.127
708.993 75.133
709.197 75.140
709.401 75.154
709.605 75.172
709.810 75.170
710.014 75.159
710.218 75.154
710.422 75.153
710.626 75.157
710.830 75.146
711.034 75.157
711.239 75.160
711.443 75.163
711.647 75.173
711.851 75.181
712.055 75.192
712.259 75.214
712.463 75.220
712.668 75.222
712.872 75.219
713.076 75.213
713.280 75.215
713.484 75.216
713.688 75.219
713.892 75.218
714.097 75.217
714.301 75.225
714.505 75.232
714.709 75.246
714.913 75.255
715.117 75.264
715.321 75.272
715.526 75.274
715.730 75.291
715.934 75.300
716.138 75.308
716.342 75.306
716.546 75.303
716.750 75.313
716.955 75.318
717.159 75.327
717.363 75.331
717.567 75.332
717.771 75.338
717.975 75.355
718.180 75.359
718.384 75.368
718.588 75.379
718.792 75.381
718.996 75.374
719.200 75.370
719.404 75.375
719.609 75.374
719.813 75.380
720.017 75.368
720.221 75.374
720.425 75.381
720.629 75.391
720.833 75.392
721.038 75.399
721.242 75.407
721.446 75.412
721.650 75.424
721.854 75.430
722.058 75.443
722.262 75.443
722.467 75.445
722.671 75.454
722.875 75.455
723.079 75.455
723.283 75.463
723.487 75.466
723.691 75.461
723.896 75.466
724.100 75.473
724.304 75.493
724.508 75.497
724.712 75.497
724.916 75.503
725.120 75.507
725.325 75.502
725.529 75.499
725.733 75.495
725.937 75.495
726.141 75.493
726.345 75.473
726.550 75.469
726.754 75.481
726.958 75.479
727.162 75.477
727.366 75.484
727.570 75.485
727.774 75.494
727.979 75.505
728.183 75.508
728.387 75.509
728.591 75.514
728.795 75.514
728.999 75.510
729.203 75.510
729.408 75.510
729.612 75.506
729.816 75.514
730.020 75.521
730.224 75.518
730.428 75.521
730.632 75.531
730.837 75.524
731.041 75.513
731.245 75.508
731.449 75.505
731.653 75.512
731.857 75.525
732.061 75.531
732.266 75.544
732.470 75.557
732.674 75.560
732.878 75.550
733.082 75.564
733.286 75.581
733.490 75.579
733.695 75.582
733.899 75.596
734.103 75.589
734.307 75.589
734.511 75.600
734.715 75.612
734.920 75.615
735.124 75.629
735.328 75.642
735.532 75.651
735.736 75.663
735.940 75.668
736.144 75.666
736.349 75.665
736.553 75.654
736.757 75.645
736.961 75.636
737.165 75.635
737.369 75.620
737.573 75.603
737.778 75.607
737.982 75.618
738.186 75.616
738.390 75.620
738.594 75.621
738.798 75.623
739.002 75.615
739.207 75.615
739.411 75.614
739.615 75.607
739.819 75.612
740.023 75.610
740.227 75.604
740.431 75.598
740.636 75.594
740.840 75.592
741.044 75.594
741.248 75.600
741.452 75.611
741.656 75.614
741.860 75.622
742.065 75.624
742.269 75.623
742.473 75.632
742.677 75.641
742.881 75.640
743.085 75.635
743.290 75.626
743.494 75.612
743.698 75.602
743.902 75.599
744.106 75.595
744.310 75.603
744.514 75.598
744.719 75.585
744.923 75.571
745.127 75.572
745.331 75.574
745.535 75.577
745.739 75.562
745.943 75.566
746.148 75.584
746.352 75.597
746.556 75.591
746.760 75.589
746.964 75.593
747.168 75.587
747.372 75.585
747.577 75.610
747.781 75.639
747.985 75.652
748.189 75.653
748.393 75.635
748.597 75.613
748.801 75.613
749.006 75.622
749.210 75.629
749.414 75.633
749.618 75.642
749.822 75.640
750.026 75.644
750.230 75.630
750.435 75.600
750.639 75.578
750.843 75.568
751.047 75.559
751.251 75.555
751.455 75.567
751.660 75.577
751.864 75.570
752.068 75.557
752.272 75.551
752.476 75.567
752.680 75.583
752.884 75.596
753.089 75.587
753.293 75.583
753.497 75.585
753.701 75.581
753.905 75.576
754.109 75.576
754.313 75.579
754.518 75.589
754.722 75.600
754.926 75.618
755.130 75.639
755.334 75.663
755.538 75.664
755.742 75.658
755.947 75.653
756.151 75.642
756.355 75.626
756.559 75.613
756.763 75.594
756.967 75.577
757.171 75.570
757.376 75.593
757.580 75.609
757.784 75.614
757.988 75.639
758.192 75.665
758.396 75.679
758.600 75.673
758.805 75.669
759.009 75.682
759.213 75.691
759.417 75.669
759.621 75.638
759.825 75.627
760.030 75.618
760.234 75.609
760.438 75.616
760.642 75.623
760.846 75.627
761.050 75.622
761.254 75.625
761.459 75.631
761.663 75.629
761.867 75.622
762.071 75.606
762.275 75.585
762.479 75.558
762.683 75.528
762.888 75.523
763.092 75.513
763.296 75.497
763.500 75.489
763.709 75.508
763.918 75.509
764.126 75.508
764.335 75.519
764.544 75.527
764.753 75.514
764.962 75.510
765.171 75.513
765.379 75.525
765.588 75.539
765.797 75.540
766.006 75.525
766.215 75.526
766.424 75.544
766.632 75.538
766.841 75.522
767.050 75.531
767.259 75.553
767.468 75.575
767.677 75.570
767.885 75.545
768.094 75.535
768.303 75.522
768.512 75.520
768.721 75.518
768.929 75.517
769.138 75.521
769.347 75.524
769.556 75.521
769.765 75.508
769.974 75.493
770.182 75.477
770.391 75.493
770.600 75.510
770.809 75.509
771.018 75.507
771.227 75.493
771.435 75.481
771.644 75.473
771.853 75.462
772.062 75.462
772.271 75.472
772.480 75.470
772.688 75.482
772.897 75.491
773.106 75.484
773.315 75.473
773.524 75.468
773.732 75.468
773.941 75.464
774.150 75.458
774.359 75.447
774.568 75.441
774.777 75.413
774.985 75.378
775.194 75.364
775.403 75.347
775.612 75.368
775.821 75.383
776.030 75.369
776.238 75.374
776.447 75.385
776.656 75.398
776.865 75.393
777.074 75.396
777.283 75.385
777.491 75.385
777.700 75.379
777.909 75.374
778.118 75.358
778.327 75.346
778.535 75.356
778.744 75.377
778.953 75.400
779.162 75.416
779.371 75.411
779.580 75.406
779.788 75.416
779.997 75.413
780.206 75.405
780.415 75.404
780.624 75.391
780.833 75.364
781.041 75.319
781.250 75.302
781.459 75.286
781.668 75.279
781.877 75.270
782.086 75.278
782.294 75.291
782.503 75.304
782.712 75.319
782.921 75.330
783.130 75.323
783.338 75.303
783.547 75.290
783.756 75.302
783.965 75.305
784.174 75.301
784.383 75.281
784.591 75.261
784.800 75.243
785.009 75.225
785.218 75.246
785.427 75.268
785.636 75.282
785.844 75.281
786.053 75.292
786.262 75.306
786.471 75.316
786.680 75.315
786.889 75.312
787.097 75.299
787.306 75.280
787.515 75.270
787.724 75.280
787.933 75.287
788.141 75.276
788.350 75.244
788.559 75.222
788.768 75.219
788.977 75.211
789.186 75.217
789.394 75.230
789.603 75.203
789.812 75.168
790.021 75.151
790.230 75.155
790.439 75.147
790.647 75.140
790.856 75.108
791.065 75.096
791.274 75.112
791.483 75.123
791.692 75.120
791.900 75.114
792.109 75.102
792.318 75.090
792.527 75.081
792.736 75.099
792.944 75.117
793.153 75.125
793.362 75.142
793.571 75.137
793.780 75.141
793.989 75.146
794.197 75.179
794.406 75.177
794.615 75.164
794.824 75.131
795.033 75.122
795.242 75.129
795.450 75.112
795.659 75.099
795.868 75.088
796.077 75.080
796.286 75.079
796.495 75.052
796.703 75.022
796.912 75.019
797.121 75.024
797.330 75.023
797.539 75.000
797.747 75.001
797.956 75.016
798.165 75.007
798.374 75.002
798.583 74.977
798.792 74.977
799.000 75.002
799.209 75.001
799.418 74.983
799.627 74.979
799.836 74.980
800.045 74.971
800.253 74.974
800.462 74.962
800.671 74.957
800.880 74.971
801.089 74.979
801.298 74.992
801.506 74.995
801.715 75.013
801.924 75.047
802.133 75.045
802.342 75.058
802.550 75.039
802.759 75.020
802.968 75.014
803.177 75.008
803.386 74.973
803.595 74.979
803.803 74.988
804.012 74.988
804.221 74.985
804.430 74.960
804.639 74.939
804.848 74.943
805.056 74.958
805.265 74.942
805.474 74.946
805.683 74.930
805.892 74.919
806.101 74.899
806.309 74.871
806.518 74.842
806.727 74.831
806.936 74.868
807.145 74.861
807.353 74.846
807.562 74.831
807.771 74.832
807.980 74.827
808.189 74.816
808.398 74.822
808.606 74.807
808.815 74.803
809.024 74.815
809.233 74.812
809.442 74.789
809.651 74.811
809.859 74.821
810.068 74.835
810.277 74.795
810.486 74.791
810.695 74.789
810.904 74.792
811.112 74.754
811.321 74.709
811.530 74.713
811.740 74.746
811.949 74.829
812.159 74.826
812.368 74.831
812.578 74.831
812.787 74.779
812.997 74.777
813.206 74.796
813.416 74.774
813.625 74.755
813.835 74.751
814.044 74.738
814.254 74.725
814.463 74.700
814.673 74.715
814.882 74.698
815.092 74.693
815.301 74.668
815.511 74.659
815.720 74.675
815.930 74.680
816.139 74.653
816.349 74.541
816.558 74.537
816.768 74.561
816.977 74.539
817.187 74.540
817.396 74.545
817.606 74.537
817.815 74.533
818.025 74.534
818.234 74.544
818.444 74.541
818.653 74.522
818.863 74.514
819.072 74.515
819.282 74.520
819.491 74.498
819.701 74.511
819.910 74.527
820.120 74.520
820.329 74.507
820.539 74.487
820.748 74.484
820.958 74.474
821.167 74.459
821.377 74.461
821.586 74.474
821.796 74.465
822.005 74.443
822.215 74.463
822.424 74.481
822.634 74.452
822.843 74.430
823.053 74.450
823.262 74.452
823.472 74.421
823.681 74.392
823.891 74.390
824.100 74.375
824.310 74.363
824.519 74.350
824.729 74.373
824.938 74.386
825.148 74.384
825.357 74.371
825.567 74.353
825.776 74.359
825.986 74.370
826.195 74.363
826.405 74.359
826.614 74.331
826.824 74.304
827.033 74.312
827.243 74.353
827.452 74.324
827.662 74.321
827.871 74.347
828.081 74.350
828.290 74.356
828.500 74.388
828.709 74.379
828.919 74.346
829.128 74.288
829.338 74.287
829.547 74.309
829.757 74.306
829.966 74.281
830.176 74.281
830.385 74.259
830.595 74.235
830.804 74.216
831.014 74.180
831.223 74.167
831.433 74.184
831.642 74.121
831.852 74.124
832.061 74.149
832.271 74.151
832.480 74.152
832.690 74.128
832.899 74.099
833.109 74.100
833.318 74.133
833.528 74.136
833.737 74.113
833.947 74.089
834.156 74.069
834.366 74.067
834.575 74.063
834.785 74.050
834.994 74.066
835.204 74.114
835.413 74.126
835.623 74.115
835.832 74.059
836.042 74.087
836.251 74.081
836.461 74.052
836.670 74.060
836.880 74.078
837.089 74.104
837.299 74.084
837.508 74.077
837.718 74.070
837.927 74.075
838.137 74.092
838.346 74.088
838.556 74.096
838.765 74.087
838.975 74.058
839.184 74.057
839.394 74.051
839.603 74.036
839.813 74.046
840.022 74.059
840.232 74.091
840.441 74.080
840.651 74.059
840.860 73.999
841.070 73.922
841.279 73.858
841.489 73.851
841.698 73.869
841.908 73.891
842.117 73.914
842.327 73.944
842.536 73.956
842.746 73.975
842.955 74.000
843.165 74.023
843.374 74.004
843.584 73.961
843.793 73.929
844.003 73.890
844.212 73.863
844.422 73.848
844.631 73.800
844.841 73.786
845.050 73.804
845.260 73.830
845.469 73.842
845.679 73.854
845.888 73.879
846.098 73.891
846.307 73.871
846.517 73.837
846.726 73.903
846.936 74.029
847.145 74.051
847.355 74.038
847.564 73.998
847.774 73.987
847.983 74.013
848.193 74.004
848.402 73.976
848.612 73.953
848.821 73.930
849.031 73.933
849.240 73.946
849.450 73.934
849.659 73.935
849.869 73.952
850.078 73.954
850.288 73.909
850.497 73.877
850.707 73.881
850.916 73.885
851.126 73.779
851.335 73.604
851.545 73.568
851.754 73.571
851.964 73.582
852.173 73.581
852.383 73.559
852.592 73.589
852.802 73.653
853.011 73.694
853.221 73.734
853.430 73.778
853.640 73.770
853.849 73.782
854.059 73.812
854.268 73.819
854.478 73.823
854.687 73.812
854.897 73.797
855.106 73.793
855.316 73.793
855.525 73.827
855.735 73.833
855.944 73.781
856.154 73.751
856.363 73.759
856.573 73.792
856.782 73.819
856.992 73.787
857.201 73.721
857.411 73.720
857.620 73.714
857.830 73.684
858.039 73.691
858.249 73.666
858.458 73.614
858.668 73.590
858.877 73.566
859.087 73.575
859.296 73.587
859.506 73.566
859.715 73.555
859.925 73.528
860.134 73.553
860.344 73.620
860.553 73.594
860.763 73.582
860.972 73.564
861.182 73.540
861.391 73.556
861.601 73.611
861.810 73.605
862.020 73.553
862.229 73.544
862.439 73.541
862.648 73.529
862.858 73.496
863.067 73.510
863.277 73.526
863.486 73.510
863.696 73.496
863.905 73.497
864.115 73.481
864.324 73.428
864.534 73.368
864.743 73.381
864.953 73.408
865.162 73.432
865.372 73.458
865.581 73.450
865.791 73.435
866.000 73.409
866.210 73.445
866.419 73.522
866.629 73.568
866.838 73.527
867.048 73.525
867.257 73.544
867.467 73.507
867.676 73.471
867.886 73.475
868.095 73.432
868.305 73.371
868.514 73.384
868.724 73.444
868.933 73.476
869.143 73.419
869.352 73.407
869.562 73.396
869.771 73.379
869.981 73.459
870.190 73.518
870.400 73.492
870.609 73.421
870.819 73.331
871.028 73.315
871.238 73.309
871.447 73.302
871.657 73.298
871.866 73.324
872.076 73.371
872.285 73.378
872.495 73.424
872.704 73.437
872.914 73.384
873.123 73.291
873.333 73.200
873.542 73.155
873.752 73.153
873.961 73.135
874.171 73.162
874.380 73.016
874.590 72.930
874.799 73.011
875.009 73.034
875.218 73.051
875.428 72.982
875.637 72.986
875.847 73.014
876.056 72.995
876.266 72.978
876.475 73.002
876.685 72.982
876.894 72.949
877.104 72.935
877.313 72.915
877.523 72.947
877.732 73.017
877.942 73.084
878.151 73.160
878.361 73.171
878.570 73.072
878.780 73.149
878.989 73.223
879.199 73.218
879.408 73.252
879.618 73.260
879.827 73.316
880.037 73.377
880.246 73.345
880.456 73.336
880.665 73.345
880.875 73.298
881.084 73.274
881.294 73.283
881.503 73.330
881.713 73.430
881.922 73.457
882.132 73.532
882.341 73.539
882.551 73.456
882.760 73.454
882.970 73.554
883.179 73.522
883.389 73.450
883.598 73.390
883.808 73.348
884.017 73.347
884.227 73.339
884.436 73.372
884.646 73.441
884.855 73.444
885.065 73.437
885.274 73.495
885.484 73.561
885.693 73.618
885.903 73.639
886.112 73.594
886.322 73.550
886.531 73.482
886.741 73.437
886.950 73.447
887.160 73.441
887.369 73.417
887.579 73.454
887.788 73.433
887.998 73.380
888.207 73.378
888.417 73.471
888.626 73.477
888.836 73.353
889.045 73.280
889.255 73.318
889.464 73.367
889.674 73.411
889.883 73.374
890.093 73.318
890.302 73.256
890.512 73.257
890.721 73.385
890.931 73.408
891.140 73.449
891.350 73.452
891.559 73.438
891.769 73.454
891.978 73.408
892.188 73.407
892.397 73.491
892.607 73.542
892.816 73.503
893.026 73.484
893.235 73.522
893.445 73.517
893.654 73.492
893.864 73.458
894.073 73.376
894.283 73.361
894.492 73.387
894.702 73.508
894.911 73.560
895.121 73.577
895.330 73.639
895.540 73.733
895.749 73.735
895.959 73.714
896.168 73.694
896.378 73.680
896.587 73.675
896.797 73.653
897.006 73.622
897.216 73.559
897.425 73.509
897.635 73.474
897.844 73.543
898.054 73.633
898.263 73.618
898.473 73.605
898.682 73.650
898.892 73.652
899.101 73.590
899.311 73.569
899.520 73.518
899.730 73.502
899.939 73.387
900.149 73.320
900.358 73.311
900.568 73.271
900.777 73.335
900.987 73.353
901.196 73.334
901.406 73.324
901.615 73.346
901.825 73.392
902.034 73.448
902.244 73.429
902.453 73.389
902.663 73.385
902.872 73.446
903.082 73.396
903.291 73.347
903.501 73.251
903.710 73.138
903.920 73.100
904.129 73.067
904.339 73.145
904.548 73.227
904.758 73.298
904.967 73.375
905.177 73.371
905.386 73.387
905.596 73.372
905.805 73.318
906.015 73.308
906.224 73.271
906.434 73.186
906.643 73.172
906.853 73.151
907.062 73.176
907.272 73.127
907.481 73.107
907.691 73.103
907.900 73.138
908.110 73.115
908.319 73.039
908.529 73.034
908.738 72.946
908.948 72.906
909.157 72.826
909.367 72.728
909.576 72.749
909.786 72.799
909.995 72.811
910.205 72.870
910.414 72.930
910.624 72.946
910.833 72.983
911.043 72.887
911.252 72.895
911.462 72.858
911.672 72.851
911.881 72.910
912.091 73.032
912.300 73.155
912.512 73.215
912.724 73.261
912.937 73.240
913.149 73.145
913.361 73.133
913.573 73.120
913.786 73.089
913.998 72.975
914.210 72.924
914.422 72.907
914.634 72.893
914.847 72.881
915.059 72.883
915.271 72.892
915.483 73.043
915.696 73.092
915.908 73.098
916.120 73.099
916.332 73.066
916.544 72.958
916.757 72.821
916.969 72.804
917.181 72.813
917.393 72.751
917.606 72.837
917.818 72.834
918.030 72.864
918.242 72.854
918.454 72.867
918.667 72.871
918.879 72.919
919.091 72.911
919.303 72.828
919.516 72.789
919.728 72.673
919.940 72.518
920.152 72.530
920.364 72.616
920.577 72.618
920.789 72.500
921.001 72.411
921.213 72.420
921.426 72.482
921.638 72.436
921.850 72.501
922.062 72.553
922.274 72.573
922.487 72.535
922.699 72.586
922.911 72.617
923.123 72.526
923.336 72.357
923.548 72.312
923.760 72.374
923.972 72.378
924.184 72.467
924.397 72.536
924.609 72.442
924.821 72.334
925.033 72.231
925.246 72.264
925.458 72.289
925.670 72.230
925.882 72.154
926.094 72.137
926.307 72.034
926.519 71.957
926.731 71.978
926.943 72.079
927.156 72.065
927.368 72.129
927.580 72.260
927.792 72.397
928.004 72.445
928.217 72.408
928.429 72.398
928.641 72.382
928.853 72.323
929.066 72.290
929.278 72.267
929.490 72.286
929.702 72.302
929.914 72.307
930.127 72.303
930.339 72.227
930.551 72.221
930.763 72.331
930.976 72.342
931.188 72.355
931.400 72.304
931.612 72.282
931.824 72.243
932.037 72.196
932.249 72.223
932.461 72.287
932.673 72.362
932.886 72.395
933.098 72.362
933.310 72.327
933.522 72.195
933.734 72.051
933.947 71.978
934.159 72.044
934.371 71.980
934.583 71.894
934.796 71.916
935.008 71.849
935.220 71.732
935.432 71.526
935.644 71.499
935.857 71.593
936.069 71.471
936.281 71.358
936.493 71.298
936.706 71.250
936.918 71.090
937.130 70.827
937.342 70.651
937.554 70.469
937.767 70.474
937.979 70.714
938.191 70.910
938.403 70.859
938.616 70.728
938.828 70.654
939.040 70.710
939.252 70.863
939.464 70.881
939.677 70.767
939.889 70.757
940.101 70.498
940.313 70.361
940.526 70.686
940.738 70.782
940.950 70.761
941.162 70.614
941.374 70.529
941.587 70.478
941.799 70.491
942.011 70.363
942.223 70.237
942.436 69.989
942.648 69.885
942.860 69.959
943.072 70.124
943.284 70.317
943.497 70.378
943.709 70.266
943.921 70.311
944.133 70.457
944.346 70.565
944.558 70.509
944.770 70.407
944.982 70.214
945.194 70.205
945.407 70.198
945.619 70.145
945.831 70.175
946.043 70.231
946.256 70.155
946.468 70.276
946.680 70.480
946.892 70.603
947.104 70.359
947.317 70.389
947.529 70.532
947.741 70.406
947.953 70.351
948.166 70.227
948.378 70.097
948.590 70.139
948.802 70.373
949.014 70.604
949.227 70.661
949.439 70.636
949.651 70.460
949.863 70.462
950.076 70.667
950.288 70.804
950.500 71.041
950.712 71.378
950.924 71.666
951.137 71.517
951.349 71.279
951.561 71.304
951.773 71.207
951.986 71.028
952.198 70.904
952.410 70.679
952.622 70.639
952.834 71.009
953.047 71.290
953.259 70.971
953.471 70.775
953.683 70.890
953.896 71.037
954.108 71.200
954.320 71.379
954.532 71.225
954.744 70.892
954.957 70.689
955.169 70.667
955.381 70.552
955.593 70.614
955.806 70.650
956.018 70.861
956.230 71.150
956.442 71.265
956.654 71.487
956.867 71.828
957.079 71.924
957.291 71.773
957.503 71.529
957.716 71.510
957.928 71.469
958.140 71.407
958.352 71.328
958.564 71.115
958.777 70.719
958.989 70.666
959.201 70.931
959.413 71.166
959.626 71.479
959.838 71.848
960.050 71.973
960.262 72.298
960.474 72.412
960.687 72.371
960.899 72.236
961.111 71.899
961.323 71.447
961.536 71.425
961.748 71.524
961.960 71.427
962.172 71.337
962.384 71.366
962.597 71.142
962.809 71.114
963.021 71.511
963.233 71.891
963.446 71.767
963.658 71.593
963.870 71.525
964.082 71.238
964.294 71.071
964.507 71.000
964.719 70.956
964.931 70.809
965.143 70.461
965.356 70.476
965.568 71.011
965.780 71.539
966.000 71.564
966.221 71.131
966.441 71.106
966.662 71.328
966.882 71.323
967.103 71.330
967.323 71.306
967.543 70.830
967.764 70.426
967.984 70.741
968.205 70.829
968.425 70.721
968.645 70.509
968.866 70.277
969.086 70.113
969.307 69.708
969.527 69.690
969.748 70.266
969.968 70.178
970.188 69.987
970.409 69.737
970.629 69.869
970.850 70.253
971.070 69.969
971.290 69.913
971.511 70.247
971.731 70.513
971.952 70.699
972.172 70.930
972.393 70.924
972.613 70.837
972.833 70.975
973.054 70.954
973.274 70.913
973.495 70.866
973.715 70.760
973.936 70.969
974.156 71.037
974.376 70.807
974.597 70.929
974.817 70.959
975.038 71.312
975.258 71.335
975.478 71.082
975.699 71.322
975.919 71.294
976.140 70.728
976.360 70.489
976.581 70.729
976.801 70.717
977.021 71.121
977.242 71.154
977.462 71.101
977.683 71.204
977.903 71.455
978.123 71.715
978.344 72.178
978.564 72.300
978.785 72.213
979.005 72.129
979.226 71.957
979.446 72.055
979.666 71.435
979.887 70.727
980.107 70.721
980.328 71.179
980.548 71.323
980.769 71.726
980.989 71.585
981.209 71.226
981.430 71.110
981.650 70.828
981.871 70.837
982.091 70.858
982.311 70.771
982.532 70.759
982.752 70.441
982.973 70.256
983.193 70.330
983.414 70.174
983.634 70.055
983.854 70.031
984.075 69.838
984.295 69.966
984.516 70.575
984.736 70.899
984.956 70.539
985.177 70.481
985.397 70.518
985.618 70.843
985.838 71.072
986.059 70.966
986.279 70.781
986.499 70.745
986.720 70.838
986.940 70.606
987.161 70.218
987.381 70.112
987.602 69.659
987.822 69.065
988.042 69.208
988.263 69.447
988.483 70.110
988.704 69.988
988.924 70.016
989.144 69.988
989.365 69.657
989.585 69.712
989.806 69.687
990.026 69.522
990.247 69.786
990.467 69.560
990.687 69.971
990.908 70.518
991.128 70.451
991.349 69.911
991.569 70.012
991.789 70.835
992.010 71.559
992.230 71.751
992.451 71.970
992.671 72.387
992.892 71.998
993.112 71.285
993.332 71.403
993.553 71.773
993.773 71.616
993.994 71.980
994.214 72.279
994.435 71.830
994.655 71.087
994.875 70.352
995.096 69.436
995.316 68.505
995.537 68.028
995.757 68.136
995.977 68.397
996.198 68.724
996.418 68.034
996.639 66.947
996.859 66.840
997.080 66.822
997.300 66.133
997.520 66.622
997.741 67.142
997.961 67.111
998.182 66.856
998.402 66.535
998.622 66.036
998.843 65.953
999.063 67.170
999.284 68.260
999.504 68.750
999.725 69.686
999.945 70.369
1000.165 70.063
1000.386 69.615
1000.606 70.110
1000.827 70.208
1001.047 70.408
1001.268 70.290
1001.488 70.590
1001.708 71.655
1001.929 71.543
1002.149 70.645
1002.370 70.446
1002.590 70.687
1002.810 70.917
1003.031 71.173
1003.251 71.792
1003.472 71.994
1003.692 71.545
1003.913 71.998
1004.133 71.475
1004.353 70.952
1004.574 71.049
1004.794 71.135
1005.015 70.792
1005.235 70.173
1005.455 70.727
1005.676 70.385
1005.896 70.132
1006.117 69.550
1006.337 68.081
1006.558 68.436
1006.778 69.287
1006.998 68.980
1007.219 67.857
1007.439 67.241
1007.660 68.143
1007.880 68.524
1008.101 68.613
1008.321 68.056
1008.541 66.752
1008.762 67.135
1008.982 66.567
1009.203 66.334
1009.423 66.956
1009.643 66.898
1009.864 65.668
1010.084 63.639
1010.305 63.171
1010.525 63.473
1010.746 63.462
1010.966 63.814
1011.186 63.579
1011.407 62.874
1011.627 62.537
1011.848 63.233
1012.068 63.354
1012.288 61.801
1012.509 59.862
1012.729 57.878
1012.950 57.193
