290.797 82.540
290.982 81.951
291.167 82.201
291.352 80.838
291.537 79.950
291.722 79.599
291.907 79.440
292.091 78.269
292.276 76.965
292.461 76.724
292.646 77.224
292.831 79.826
293.016 79.491
293.201 79.258
293.386 79.312
293.571 78.842
293.756 78.382
293.940 77.357
294.125 76.068
294.310 74.775
294.495 73.629
294.680 72.614
294.865 73.204
295.050 72.690
295.235 72.596
295.420 72.522
295.605 72.333
295.789 72.132
295.974 72.608
296.159 73.714
296.344 73.528
296.529 72.874
296.714 72.648
296.899 72.907
297.084 72.607
297.269 72.337
297.454 72.085
297.638 72.059
297.823 72.967
298.008 73.121
298.193 73.010
298.378 73.054
298.563 72.764
298.748 71.363
298.933 70.476
299.118 70.976
299.303 70.948
299.487 70.594
299.672 70.357
299.857 70.213
300.042 69.939
300.227 69.864
300.412 69.525
300.597 69.136
300.782 69.157
300.967 69.427
301.152 69.673
301.336 69.681
301.521 70.108
301.706 69.263
301.891 70.088
302.076 70.492
302.261 69.397
302.446 68.867
302.631 68.858
302.816 69.086
303.001 68.566
303.185 68.397
303.370 68.792
303.555 68.844
303.740 68.664
303.925 68.624
304.110 68.496
304.295 68.272
304.480 67.848
304.665 67.294
304.850 66.917
305.034 66.428
305.219 65.724
305.404 64.368
305.589 63.619
305.774 62.190
305.959 61.773
306.144 62.548
306.329 62.853
306.514 63.228
306.699 63.362
306.883 62.967
307.068 62.409
307.253 61.460
307.438 60.861
307.623 61.380
307.808 61.746
307.993 61.935
308.178 61.863
308.363 61.706
308.548 61.704
308.732 61.907
308.917 61.094
309.102 60.262
309.287 60.177
309.472 59.990
309.657 59.836
309.842 59.691
310.027 59.582
310.212 59.307
310.397 58.742
310.581 58.356
310.766 58.712
310.951 58.812
311.136 58.696
311.321 59.427
311.506 59.438
311.691 58.836
311.876 58.433
312.061 58.029
312.245 57.664
312.430 57.254
312.615 56.156
312.800 56.230
312.985 56.566
313.170 56.937
313.347 57.271
313.523 57.036
313.700 56.890
313.877 56.704
314.054 56.624
314.230 56.714
314.407 56.747
314.584 56.295
314.761 55.836
314.937 55.768
315.114 54.683
315.291 53.565
315.467 52.983
315.644 52.628
315.821 52.367
315.998 52.239
316.174 52.196
316.351 52.808
316.528 53.035
316.704 53.380
316.881 53.056
317.058 52.765
317.235 53.019
317.411 52.540
317.588 51.979
317.765 51.878
317.942 51.402
318.118 50.812
318.295 50.623
318.472 51.080
318.648 51.427
318.825 51.289
319.002 51.644
319.179 51.844
319.355 51.714
319.532 52.191
319.709 52.555
319.885 52.281
320.062 51.681
320.239 51.249
320.416 50.674
320.592 50.343
320.769 50.061
320.946 49.490
321.123 49.258
321.299 49.359
321.476 49.114
321.653 49.170
321.829 49.591
322.006 49.657
322.183 49.304
322.360 49.152
322.536 49.969
322.713 49.524
322.890 48.735
323.066 48.865
323.243 48.790
323.420 48.435
323.597 48.038
323.773 48.001
323.950 47.754
324.127 47.587
324.304 47.578
324.480 47.668
324.657 47.510
324.834 47.521
325.010 47.299
325.187 46.985
325.364 46.753
325.541 46.470
325.717 46.409
325.894 46.263
326.071 45.789
326.248 44.733
326.424 44.467
326.601 44.625
326.778 44.290
326.954 43.785
327.131 43.524
327.308 43.392
327.485 43.017
327.661 42.570
327.838 42.286
328.015 42.578
328.191 42.500
328.368 42.374
328.545 42.070
328.722 42.188
328.898 42.489
329.075 42.379
329.252 42.026
329.429 41.942
329.605 42.033
329.782 41.892
329.959 41.774
330.135 41.682
330.312 41.524
330.489 41.243
330.666 40.866
330.842 40.734
331.019 40.688
331.196 40.676
331.372 40.696
331.549 40.439
331.726 39.575
331.903 39.299
332.079 39.329
332.256 39.362
332.433 39.465
332.610 39.187
332.786 38.999
332.963 39.402
333.140 39.126
333.316 38.568
333.493 38.248
333.670 38.071
333.847 37.899
334.023 37.628
334.200 37.722
334.377 37.942
334.553 37.845
334.730 37.974
334.907 37.895
335.084 37.923
335.260 38.111
335.437 38.146
335.614 37.716
335.791 37.455
335.967 37.331
336.144 36.707
336.321 36.555
336.497 36.783
336.674 36.575
336.851 36.344
337.028 36.302
337.204 36.538
337.381 36.902
337.558 36.718
337.734 36.357
337.911 35.872
338.088 35.695
338.265 35.651
338.441 35.327
338.618 34.922
338.795 34.711
338.972 34.564
339.148 34.453
339.325 34.496
339.502 34.427
339.678 34.153
339.855 33.946
340.032 33.797
340.209 33.575
340.385 33.239
340.562 33.090
340.739 33.063
340.916 32.868
341.092 32.482
341.269 32.629
341.446 32.866
341.622 32.912
341.799 32.492
341.976 32.051
342.153 31.885
342.329 31.843
342.506 31.522
342.683 31.363
342.859 31.334
343.036 31.084
343.213 30.821
343.390 30.784
343.566 30.598
343.743 30.405
343.920 30.318
344.097 30.096
344.273 29.939
344.450 29.785
344.627 29.575
344.803 29.223
344.980 29.027
345.157 28.990
345.334 28.884
345.510 28.819
345.687 28.719
345.864 28.248
346.040 28.111
346.217 28.453
346.394 28.446
346.571 28.535
346.747 28.446
346.924 28.242
347.101 28.290
347.278 28.553
347.454 28.542
347.631 28.040
347.808 27.712
347.984 27.624
348.161 27.418
348.338 27.265
348.515 27.217
348.691 26.979
348.868 26.792
349.045 26.601
349.221 26.491
349.398 26.328
349.575 26.582
349.752 26.590
349.928 26.203
350.105 26.195
350.282 26.162
350.459 26.139
350.635 26.133
350.812 25.942
350.989 25.659
351.165 25.466
351.342 25.507
351.519 25.540
351.696 25.542
351.872 25.667
352.049 25.571
352.226 25.274
352.402 24.951
352.579 24.685
352.756 24.560
352.933 24.354
353.109 24.351
353.286 24.135
353.463 24.060
353.640 24.128
353.816 23.828
353.993 23.530
354.170 23.330
354.346 23.286
354.523 23.224
354.700 23.253
354.877 23.306
355.053 23.265
355.230 23.193
355.407 23.040
355.584 22.967
355.760 22.886
355.937 22.964
356.114 23.204
356.290 23.290
356.467 23.301
356.644 23.549
356.821 23.619
356.997 23.751
357.174 23.823
357.351 23.715
357.527 23.696
357.704 23.505
357.881 23.512
358.058 23.515
358.234 23.379
358.411 23.142
358.588 22.948
358.765 22.881
358.941 22.876
359.118 22.838
359.295 22.818
359.471 22.938
359.648 22.930
359.825 22.756
360.002 22.629
360.178 22.364
360.355 22.046
360.532 21.988
360.708 21.803
360.885 21.537
361.062 21.519
361.239 21.539
361.415 21.459
361.592 21.444
361.769 21.448
361.946 21.590
362.122 21.538
362.299 21.657
362.476 21.644
362.652 21.392
362.829 21.345
363.006 21.286
363.183 21.063
363.359 20.955
363.536 20.862
363.713 20.789
363.889 20.892
364.066 21.051
364.243 21.101
364.420 21.141
364.596 21.287
364.773 21.307
364.950 21.277
365.127 21.321
365.303 21.274
365.480 21.109
365.661 20.933
365.841 20.984
366.022 20.896
366.202 20.865
366.383 20.895
366.563 20.761
366.744 20.734
366.924 20.824
367.105 20.990
367.286 21.047
367.466 21.049
367.647 21.123
367.827 20.931
368.008 20.761
368.188 20.739
368.369 20.541
368.549 20.394
368.730 20.259
368.911 20.278
369.091 20.442
369.272 20.515
369.452 20.420
369.633 20.359
369.813 20.395
369.994 20.355
370.174 20.390
370.355 20.621
370.535 20.792
370.716 20.881
370.897 20.786
371.077 20.711
371.258 20.699
371.438 20.664
371.619 20.821
371.799 20.941
371.980 20.883
372.160 20.890
372.341 20.934
372.522 21.002
372.702 21.065
372.883 20.898
373.063 20.854
373.244 20.957
373.424 21.051
373.605 21.090
373.785 21.105
373.966 21.213
374.147 21.246
374.327 21.220
374.508 21.170
374.688 21.167
374.869 21.259
375.049 21.373
375.230 21.352
375.410 21.272
375.591 21.112
375.772 21.066
375.952 21.115
376.133 21.022
376.313 21.050
376.494 21.103
376.674 21.161
376.855 21.198
377.035 21.213
377.216 21.127
377.397 20.983
377.577 20.942
377.758 20.900
377.938 20.794
378.119 20.492
378.299 20.336
378.480 20.309
378.660 20.259
378.841 20.122
379.021 20.067
379.202 20.106
379.383 20.124
379.563 20.052
379.744 19.957
379.924 19.935
380.105 19.794
380.285 19.692
380.466 19.737
380.646 19.684
380.827 19.557
381.008 19.550
381.188 19.529
381.369 19.502
381.549 19.415
381.730 19.309
381.910 19.426
382.091 19.550
382.271 19.530
382.452 19.509
382.633 19.535
382.813 19.564
382.994 19.489
383.174 19.491
383.355 19.565
383.535 19.585
383.716 19.578
383.896 19.541
384.077 19.452
384.258 19.265
384.438 19.222
384.619 19.211
384.799 19.114
384.980 19.122
385.160 19.082
385.341 19.033
385.521 19.018
385.702 18.875
385.882 18.732
386.063 18.693
386.244 18.626
386.424 18.552
386.605 18.481
386.785 18.472
386.966 18.481
387.146 18.501
387.327 18.450
387.507 18.428
387.688 18.389
387.869 18.361
388.049 18.366
388.230 18.344
388.410 18.339
388.591 18.305
388.771 18.172
388.952 18.119
389.132 18.160
389.313 18.161
389.494 18.226
389.674 18.211
389.855 18.124
390.035 18.097
390.216 18.070
390.396 18.068
390.577 18.048
390.757 18.010
390.938 17.935
391.119 17.916
391.299 17.852
391.480 17.858
391.660 17.822
391.841 17.774
392.021 17.767
392.202 17.729
392.382 17.748
392.563 17.801
392.743 17.812
392.924 17.766
393.105 17.641
393.285 17.566
393.466 17.586
393.646 17.606
393.827 17.586
394.007 17.606
394.188 17.588
394.368 17.644
394.549 17.678
394.730 17.578
394.910 17.526
395.091 17.539
395.271 17.524
395.452 17.507
395.632 17.508
395.813 17.555
395.993 17.644
396.174 17.636
396.355 17.612
396.535 17.555
396.716 17.478
396.896 17.544
397.077 17.567
397.257 17.531
397.438 17.557
397.618 17.588
397.799 17.554
397.980 17.523
398.160 17.421
398.341 17.392
398.521 17.444
398.702 17.499
398.882 17.497
399.063 17.465
399.243 17.460
399.424 17.497
399.605 17.506
399.785 17.406
399.966 17.389
400.146 17.396
400.327 17.405
400.507 17.461
400.688 17.497
400.868 17.514
401.049 17.520
401.229 17.486
401.410 17.486
401.591 17.535
401.771 17.591
401.952 17.630
402.132 17.625
402.313 17.572
402.493 17.552
402.674 17.589
402.854 17.598
403.035 17.578
403.216 17.510
403.396 17.432
403.577 17.434
403.757 17.427
403.938 17.440
404.118 17.475
404.299 17.428
404.479 17.390
404.660 17.351
404.841 17.303
405.023 17.323
405.204 17.388
405.385 17.401
405.566 17.398
405.748 17.371
405.929 17.314
406.110 17.329
406.292 17.297
406.473 17.245
406.654 17.242
406.835 17.233
407.017 17.239
407.198 17.212
407.379 17.211
407.560 17.231
407.742 17.251
407.923 17.280
408.104 17.319
408.286 17.282
408.467 17.248
408.648 17.275
408.829 17.287
409.011 17.247
409.192 17.215
409.373 17.180
409.555 17.174
409.736 17.175
409.917 17.166
410.098 17.176
410.280 17.227
410.461 17.292
410.642 17.349
410.823 17.394
411.005 17.432
411.186 17.447
411.367 17.478
411.549 17.446
411.730 17.395
411.911 17.399
412.092 17.409
412.274 17.433
412.455 17.456
412.636 17.461
412.818 17.444
412.999 17.422
413.180 17.418
413.361 17.411
413.543 17.414
413.724 17.465
413.905 17.522
414.087 17.514
414.268 17.452
414.449 17.437
414.630 17.427
414.812 17.472
414.993 17.488
415.174 17.442
415.355 17.426
415.537 17.432
415.718 17.432
415.899 17.458
416.081 17.443
416.262 17.396
416.443 17.370
416.624 17.368
416.806 17.399
416.987 17.418
417.168 17.460
417.350 17.459
417.531 17.418
417.712 17.350
417.893 17.325
418.075 17.371
418.256 17.379
418.437 17.406
418.618 17.411
418.800 17.416
418.981 17.432
419.162 17.458
419.344 17.480
419.525 17.486
419.706 17.495
419.887 17.510
420.069 17.526
420.250 17.556
420.431 17.580
420.613 17.569
420.794 17.560
420.975 17.524
421.156 17.526
421.338 17.566
421.519 17.603
421.700 17.590
421.882 17.571
422.063 17.579
422.244 17.602
422.425 17.657
422.607 17.696
422.788 17.692
422.969 17.692
423.150 17.686
423.332 17.683
423.513 17.690
423.694 17.726
423.876 17.784
424.057 17.818
424.238 17.820
424.419 17.844
424.601 17.854
424.782 17.892
424.963 17.906
425.145 17.893
425.326 17.894
425.507 17.933
425.688 17.931
425.870 17.903
426.051 17.856
426.232 17.779
426.413 17.745
426.595 17.747
426.776 17.726
426.957 17.719
427.139 17.719
427.320 17.707
427.501 17.684
427.682 17.638
427.864 17.593
428.045 17.556
428.226 17.531
428.408 17.525
428.589 17.476
428.770 17.458
428.951 17.454
429.133 17.422
429.314 17.394
429.495 17.387
429.677 17.405
429.858 17.395
430.039 17.379
430.220 17.341
430.402 17.334
430.583 17.349
430.764 17.324
430.945 17.287
431.127 17.247
431.308 17.209
431.489 17.190
431.671 17.148
431.852 17.120
432.033 17.096
432.214 17.055
432.396 17.027
432.577 17.037
432.758 17.053
432.940 17.067
433.121 17.036
433.302 17.002
433.483 16.964
433.665 16.929
433.846 16.894
434.027 16.885
434.208 16.860
434.390 16.820
434.571 16.797
434.752 16.789
434.934 16.780
435.115 16.758
435.296 16.700
435.477 16.668
435.659 16.634
435.840 16.593
436.030 16.580
436.220 16.543
436.410 16.475
436.600 16.404
436.790 16.350
436.980 16.309
437.170 16.278
437.360 16.222
437.550 16.172
437.741 16.142
437.931 16.084
438.121 16.021
438.311 15.953
438.501 15.873
438.691 15.791
438.881 15.700
439.071 15.608
439.261 15.556
439.451 15.514
439.641 15.465
439.831 15.413
440.021 15.342
440.211 15.275
440.401 15.200
440.591 15.125
440.781 15.051
440.971 14.981
441.161 14.909
441.351 14.860
441.542 14.802
441.732 14.706
441.922 14.619
442.112 14.541
442.302 14.482
442.492 14.446
442.682 14.390
442.872 14.335
443.062 14.266
443.252 14.197
443.442 14.124
443.632 14.041
443.822 13.939
444.012 13.853
444.202 13.799
444.392 13.741
444.582 13.663
444.772 13.577
444.962 13.498
445.153 13.418
445.343 13.339
445.533 13.261
445.723 13.203
445.913 13.154
446.103 13.100
446.293 13.045
446.483 12.964
446.673 12.898
446.863 12.832
447.053 12.799
447.243 12.746
447.433 12.673
447.623 12.606
447.813 12.522
448.003 12.449
448.193 12.373
448.383 12.303
448.573 12.241
448.764 12.180
448.954 12.117
449.144 12.060
449.334 11.986
449.524 11.916
449.714 11.838
449.904 11.758
450.094 11.680
450.284 11.590
450.474 11.490
450.664 11.404
450.854 11.348
451.044 11.251
451.234 11.171
451.424 11.107
451.614 11.039
451.804 10.995
451.994 10.935
452.184 10.867
452.375 10.802
452.565 10.744
452.755 10.676
452.945 10.608
453.135 10.520
453.325 10.458
453.515 10.398
453.705 10.319
453.895 10.236
454.085 10.161
454.275 10.084
454.465 10.020
454.655 9.965
454.845 9.895
455.035 9.825
455.225 9.742
455.415 9.668
455.605 9.600
455.795 9.520
455.985 9.437
456.176 9.369
456.366 9.289
456.556 9.196
456.746 9.114
456.936 9.029
457.126 8.943
457.316 8.849
457.506 8.768
457.696 8.703
457.886 8.647
458.076 8.594
458.266 8.541
458.456 8.477
458.646 8.388
458.836 8.294
459.026 8.232
459.216 8.182
459.406 8.094
459.596 8.022
459.787 7.962
459.977 7.902
460.167 7.813
460.357 7.758
460.547 7.714
460.737 7.656
460.927 7.612
461.117 7.581
461.307 7.546
461.497 7.479
461.687 7.414
461.877 7.347
462.067 7.281
462.257 7.237
462.447 7.197
462.637 7.152
462.827 7.114
463.017 7.056
463.207 6.990
463.397 6.950
463.588 6.900
463.778 6.837
463.968 6.773
464.158 6.741
464.348 6.683
464.538 6.616
464.728 6.561
464.918 6.507
465.108 6.444
465.298 6.366
465.488 6.319
465.678 6.287
465.868 6.245
466.058 6.194
466.248 6.130
466.438 6.061
466.628 6.002
466.818 5.952
467.008 5.904
467.199 5.841
467.389 5.794
467.579 5.763
467.769 5.753
467.959 5.713
468.149 5.652
468.339 5.605
468.529 5.565
468.719 5.513
468.909 5.458
469.099 5.405
469.289 5.367
469.479 5.335
469.669 5.288
469.859 5.244
470.049 5.207
470.239 5.179
470.429 5.159
470.619 5.134
470.810 5.099
471.000 5.073
471.190 5.062
471.380 5.042
471.570 4.996
471.760 4.931
471.950 4.901
472.140 4.881
472.330 4.848
472.520 4.818
472.710 4.803
472.900 4.782
473.090 4.768
473.280 4.745
473.470 4.708
473.660 4.678
473.850 4.653
474.040 4.637
474.230 4.602
474.421 4.571
474.611 4.543
474.801 4.496
474.991 4.454
475.181 4.428
475.371 4.396
475.561 4.368
475.751 4.357
475.941 4.330
476.131 4.297
476.321 4.261
476.511 4.226
476.701 4.196
476.891 4.165
477.081 4.133
477.271 4.112
477.461 4.096
477.651 4.080
477.841 4.068
478.031 4.034
478.222 3.995
478.412 3.967
478.602 3.946
478.792 3.935
478.982 3.925
479.172 3.906
479.362 3.884
479.552 3.875
479.742 3.855
479.932 3.833
480.122 3.819
480.312 3.821
480.502 3.816
480.692 3.805
480.882 3.803
481.072 3.789
481.262 3.775
481.452 3.764
481.642 3.751
481.833 3.738
482.023 3.726
482.213 3.715
482.403 3.698
482.593 3.684
482.783 3.674
482.973 3.657
483.163 3.646
483.353 3.629
483.543 3.598
483.733 3.590
483.923 3.599
484.113 3.592
484.303 3.576
484.493 3.566
484.683 3.544
484.873 3.518
485.063 3.508
485.253 3.495
485.443 3.485
485.634 3.475
485.824 3.455
486.014 3.443
486.204 3.439
486.394 3.436
486.584 3.421
486.774 3.405
486.964 3.399
487.154 3.386
487.344 3.381
487.534 3.383
487.724 3.363
487.914 3.346
488.104 3.342
488.294 3.331
488.484 3.326
488.674 3.332
488.864 3.332
489.054 3.334
489.245 3.326
489.435 3.310
489.625 3.308
489.815 3.318
490.005 3.321
490.195 3.323
490.385 3.325
490.575 3.319
490.765 3.315
490.955 3.314
491.145 3.312
491.335 3.293
491.525 3.281
491.715 3.275
491.905 3.274
492.095 3.261
492.285 3.259
492.475 3.254
492.665 3.235
492.856 3.227
493.046 3.209
493.236 3.204
493.426 3.209
493.616 3.189
493.806 3.165
493.996 3.151
494.186 3.141
494.376 3.134
494.566 3.146
494.756 3.152
494.946 3.142
495.136 3.133
495.326 3.139
495.516 3.137
495.706 3.135
495.896 3.125
496.086 3.124
496.276 3.128
496.467 3.122
496.657 3.124
496.847 3.122
497.037 3.126
497.227 3.114
497.417 3.104
497.607 3.111
497.797 3.115
497.987 3.115
498.177 3.111
498.367 3.102
498.557 3.084
498.747 3.077
498.937 3.088
499.127 3.088
499.317 3.083
499.507 3.082
499.697 3.070
499.887 3.061
500.077 3.055
500.268 3.047
500.458 3.041
500.648 3.044
500.838 3.033
501.028 3.022
501.218 3.021
501.408 3.006
501.598 2.993
501.788 2.985
501.978 2.975
502.168 2.970
502.358 2.977
502.548 2.986
502.738 2.982
502.928 2.968
503.118 2.967
503.308 2.973
503.498 2.969
503.688 2.973
503.879 2.978
504.069 2.975
504.259 2.969
504.449 2.969
504.639 2.968
504.829 2.972
505.019 2.967
505.209 2.971
505.399 2.979
505.589 2.982
505.779 2.982
505.969 2.984
506.159 2.987
506.349 2.972
506.539 2.957
506.729 2.950
506.919 2.946
507.109 2.933
507.299 2.924
507.490 2.926
507.680 2.923
507.870 2.918
508.060 2.912
508.250 2.904
508.440 2.899
508.630 2.892
508.820 2.892
509.010 2.897
509.200 2.888
509.390 2.888
509.580 2.895
509.770 2.896
509.960 2.897
510.150 2.901
510.340 2.902
510.530 2.905
510.720 2.915
510.910 2.947
511.100 2.999
511.291 3.004
511.481 3.013
511.671 3.021
511.861 3.020
512.051 3.027
512.241 3.032
512.431 3.030
512.621 3.032
512.811 3.032
513.001 3.034
513.191 3.040
513.381 3.040
513.571 3.030
513.761 3.029
513.951 3.034
514.141 3.037
514.331 3.048
514.521 3.045
514.711 3.034
514.902 3.004
515.092 2.952
515.282 2.947
515.472 2.941
515.662 2.937
515.852 2.937
516.042 2.935
516.232 2.940
516.422 2.945
516.612 2.950
516.802 2.953
516.992 2.951
517.182 2.958
517.372 2.962
517.562 2.972
517.752 2.981
517.942 2.982
518.132 2.989
518.322 3.000
518.513 3.004
518.703 3.014
518.893 3.020
519.083 3.027
519.273 3.033
519.463 3.040
519.653 3.045
519.843 3.052
520.033 3.056
520.223 3.056
520.413 3.056
520.603 3.051
520.793 3.048
520.983 3.052
521.173 3.058
521.363 3.064
521.553 3.057
521.743 3.041
521.933 3.029
522.123 3.012
522.314 2.997
522.504 3.002
522.694 3.003
522.884 3.003
523.074 3.007
523.264 3.005
523.454 2.999
523.644 2.997
523.834 2.999
524.024 2.997
524.214 2.991
524.404 2.985
524.594 2.986
524.784 2.983
524.974 2.975
525.164 2.967
525.354 2.969
525.544 2.986
525.734 2.998
525.925 2.999
526.115 2.997
526.305 2.989
526.495 2.982
526.685 2.975
526.875 2.974
527.065 2.973
527.255 2.966
527.445 2.959
527.635 2.957
527.825 2.948
528.015 2.951
528.205 2.956
528.395 2.963
528.585 2.959
528.775 2.957
528.965 2.958
529.155 2.958
529.345 2.945
529.535 2.930
529.726 2.925
529.916 2.926
530.106 2.927
530.296 2.929
530.486 2.926
530.676 2.925
530.866 2.912
531.056 2.899
531.246 2.898
531.436 2.893
531.626 2.880
531.816 2.876
532.006 2.866
532.196 2.860
532.386 2.848
532.576 2.840
532.766 2.830
532.956 2.828
533.146 2.822
533.337 2.812
533.527 2.802
533.717 2.796
533.907 2.790
534.097 2.783
534.287 2.781
534.477 2.777
534.667 2.769
534.857 2.771
535.047 2.769
535.237 2.761
535.427 2.762
535.617 2.765
535.807 2.762
535.997 2.763
536.187 2.755
536.377 2.758
536.567 2.766
536.757 2.768
536.948 2.760
537.138 2.754
537.328 2.750
537.518 2.747
537.708 2.739
537.898 2.734
538.088 2.728
538.278 2.723
538.468 2.725
538.658 2.728
538.848 2.722
539.038 2.717
539.228 2.713
539.418 2.710
539.608 2.707
539.798 2.700
539.988 2.694
540.178 2.700
540.368 2.703
540.558 2.700
540.749 2.708
540.939 2.714
541.129 2.716
541.319 2.716
541.509 2.722
541.699 2.724
541.889 2.720
542.079 2.721
542.269 2.729
542.459 2.725
542.649 2.718
542.839 2.727
543.029 2.734
543.219 2.743
543.409 2.747
543.599 2.754
543.789 2.754
543.979 2.753
544.169 2.749
544.360 2.741
544.550 2.743
544.740 2.739
544.930 2.737
545.120 2.733
545.310 2.728
545.500 2.722
545.690 2.726
545.880 2.730
546.070 2.729
546.267 2.716
546.463 2.711
546.660 2.707
546.857 2.697
547.054 2.692
547.251 2.685
547.447 2.682
547.644 2.678
547.841 2.685
548.038 2.686
548.234 2.680
548.431 2.673
548.628 2.663
548.825 2.662
549.021 2.665
549.218 2.663
549.415 2.665
549.612 2.667
549.808 2.667
550.005 2.666
550.202 2.667
550.399 2.676
550.595 2.687
550.792 2.698
550.989 2.702
551.186 2.707
551.382 2.710
551.579 2.710
551.776 2.718
551.973 2.726
552.169 2.736
552.366 2.750
552.563 2.769
552.760 2.780
552.956 2.781
553.153 2.781
553.350 2.784
553.547 2.792
553.743 2.800
553.940 2.809
554.137 2.814
554.334 2.812
554.530 2.814
554.727 2.818
554.924 2.819
555.121 2.824
555.317 2.826
555.514 2.832
555.711 2.838
555.908 2.835
556.104 2.831
556.301 2.830
556.498 2.832
556.695 2.831
556.891 2.839
557.088 2.855
557.285 2.871
557.482 2.883
557.678 2.886
557.875 2.884
558.072 2.883
558.269 2.893
558.465 2.914
558.662 2.928
558.859 2.934
559.056 2.939
559.252 2.946
559.449 2.953
559.646 2.960
559.843 2.972
560.039 2.985
560.236 3.002
560.433 3.017
560.630 3.031
560.826 3.043
561.023 3.053
561.220 3.057
561.417 3.064
561.613 3.083
561.810 3.109
562.007 3.138
562.204 3.161
562.400 3.178
562.597 3.198
562.794 3.217
562.991 3.243
563.187 3.270
563.384 3.296
563.581 3.324
563.778 3.359
563.974 3.396
564.171 3.430
564.368 3.455
564.565 3.487
564.761 3.528
564.958 3.568
565.155 3.606
565.352 3.649
565.548 3.689
565.745 3.731
565.942 3.776
566.139 3.817
566.335 3.864
566.532 3.915
566.729 3.965
566.926 4.017
567.122 4.068
567.319 4.125
567.516 4.183
567.713 4.246
567.909 4.302
568.106 4.358
568.303 4.417
568.500 4.491
568.696 4.559
568.893 4.620
569.090 4.689
569.287 4.756
569.483 4.829
569.680 4.903
569.877 4.972
570.074 5.043
570.270 5.115
570.467 5.196
570.664 5.281
570.861 5.364
571.057 5.456
571.254 5.550
571.451 5.639
571.648 5.735
571.844 5.833
572.041 5.923
572.238 6.023
572.435 6.131
572.631 6.223
572.828 6.325
573.025 6.429
573.222 6.530
573.418 6.638
573.615 6.745
573.812 6.853
574.009 6.966
574.205 7.084
574.402 7.196
574.599 7.309
574.796 7.419
574.992 7.529
575.189 7.641
575.386 7.758
575.583 7.879
575.779 7.997
575.976 8.115
576.173 8.240
576.370 8.361
576.567 8.476
576.763 8.600
576.960 8.724
577.158 8.843
577.356 8.965
577.554 9.094
577.752 9.221
577.950 9.348
578.148 9.477
578.346 9.606
578.544 9.745
578.742 9.877
578.940 10.009
579.138 10.150
579.336 10.281
579.534 10.405
579.732 10.533
579.930 10.660
580.128 10.793
580.326 10.930
580.524 11.052
580.722 11.179
580.920 11.317
581.118 11.458
581.316 11.598
581.514 11.737
581.712 11.866
581.909 11.993
582.107 12.121
582.305 12.253
582.503 12.390
582.701 12.521
582.899 12.653
583.097 12.785
583.295 12.910
583.493 13.039
583.691 13.172
583.889 13.303
584.087 13.432
584.285 13.554
584.483 13.685
584.681 13.831
584.879 13.968
585.077 14.091
585.275 14.212
585.473 14.341
585.671 14.470
585.869 14.601
586.067 14.734
586.265 14.868
586.463 14.992
586.661 15.109
586.859 15.234
587.057 15.364
587.255 15.488
587.453 15.621
587.651 15.755
587.849 15.891
588.047 16.023
588.245 16.156
588.443 16.290
588.641 16.416
588.839 16.532
589.037 16.649
589.235 16.774
589.433 16.896
589.631 17.017
589.829 17.136
590.027 17.258
590.225 17.377
590.423 17.498
590.621 17.622
590.819 17.745
591.017 17.871
591.215 17.992
591.413 18.117
591.611 18.232
591.809 18.346
592.006 18.451
592.204 18.568
592.402 18.691
592.600 18.806
592.798 18.924
592.996 19.051
593.194 19.177
593.392 19.302
593.590 19.431
593.788 19.548
593.986 19.667
594.184 19.784
594.382 19.905
594.580 20.024
594.778 20.138
594.976 20.248
595.174 20.359
595.372 20.477
595.570 20.593
595.768 20.707
595.966 20.821
596.164 20.946
596.362 21.064
596.560 21.180
596.758 21.309
596.956 21.428
597.154 21.540
597.352 21.660
597.550 21.773
597.748 21.875
597.946 21.992
598.144 22.108
598.342 22.225
598.540 22.343
598.738 22.461
598.936 22.582
599.134 22.704
599.332 22.830
599.530 22.953
599.728 23.062
599.926 23.176
600.124 23.306
600.322 23.422
600.520 23.525
600.718 23.636
600.916 23.748
601.114 23.866
601.312 23.988
601.510 24.101
601.708 24.220
601.905 24.340
602.103 24.461
602.301 24.583
602.499 24.703
602.697 24.816
602.895 24.934
603.093 25.057
603.291 25.173
603.489 25.280
603.687 25.390
603.885 25.520
604.083 25.645
604.281 25.752
604.479 25.868
604.677 25.996
604.875 26.118
605.073 26.243
605.271 26.386
605.469 26.498
605.667 26.616
605.865 26.738
606.063 26.860
606.261 26.979
606.459 27.102
606.657 27.223
606.855 27.348
607.053 27.465
607.251 27.582
607.449 27.709
607.647 27.836
607.845 27.961
608.043 28.086
608.241 28.210
608.439 28.342
608.637 28.473
608.835 28.611
609.033 28.742
609.231 28.854
609.429 28.954
609.627 29.081
609.825 29.208
610.023 29.340
610.221 29.475
610.419 29.612
610.617 29.746
610.815 29.883
611.013 30.023
611.211 30.170
611.409 30.316
611.607 30.451
611.804 30.582
612.002 30.722
612.200 30.865
612.398 31.009
612.596 31.156
612.794 31.298
612.992 31.440
613.190 31.589
613.388 31.741
613.586 31.887
613.784 32.037
613.982 32.183
614.180 32.327
614.378 32.477
614.576 32.622
614.774 32.769
614.972 32.918
615.170 33.065
615.368 33.210
615.566 33.362
615.764 33.520
615.962 33.680
616.160 33.834
616.358 33.987
616.556 34.140
616.754 34.293
616.952 34.452
617.150 34.615
617.348 34.777
617.546 34.942
617.744 35.107
617.942 35.283
618.140 35.458
618.338 35.628
618.536 35.791
618.734 35.958
618.932 36.136
619.130 36.312
619.328 36.493
619.526 36.680
619.724 36.858
619.922 37.040
620.120 37.224
620.318 37.404
620.516 37.584
620.714 37.778
620.912 37.978
621.110 38.163
621.308 38.347
621.506 38.533
621.704 38.727
621.901 38.919
622.099 39.104
622.297 39.297
622.495 39.497
622.693 39.699
622.891 39.894
623.089 40.094
623.287 40.294
623.485 40.493
623.683 40.688
623.881 40.895
624.079 41.108
624.277 41.316
624.475 41.526
624.673 41.736
624.871 41.941
625.069 42.138
625.267 42.354
625.465 42.569
625.663 42.784
625.861 42.987
626.059 43.204
626.257 43.422
626.455 43.639
626.653 43.856
626.851 44.084
627.049 44.314
627.247 44.525
627.445 44.744
627.643 44.963
627.841 45.182
628.039 45.393
628.237 45.602
628.435 45.824
628.633 46.042
628.831 46.265
629.029 46.486
629.227 46.704
629.425 46.924
629.623 47.152
629.821 47.379
630.019 47.610
630.217 47.830
630.415 48.048
630.613 48.272
630.811 48.507
631.009 48.725
631.207 48.949
631.405 49.188
631.603 49.417
631.801 49.652
631.998 49.891
632.196 50.128
632.394 50.354
632.592 50.578
632.790 50.809
632.988 51.027
633.186 51.252
633.384 51.482
633.582 51.698
633.780 51.907
633.978 52.130
634.176 52.358
634.374 52.580
634.572 52.803
634.770 53.020
634.968 53.231
635.166 53.449
635.364 53.662
635.562 53.864
635.760 54.066
635.958 54.269
636.156 54.471
636.354 54.681
636.552 54.888
636.750 55.090
636.948 55.291
637.146 55.584
637.344 55.955
637.542 56.152
637.740 56.361
637.938 56.564
638.136 56.746
638.334 56.929
638.532 57.126
638.730 57.324
638.928 57.511
639.126 57.693
639.324 57.878
639.522 58.063
639.720 58.276
639.918 58.507
640.116 58.702
640.314 58.889
640.512 59.067
640.710 59.255
640.908 59.445
641.106 59.628
641.304 59.726
641.502 59.738
641.699 59.917
641.897 60.089
642.095 60.261
642.293 60.437
642.491 60.606
642.689 60.775
642.887 60.944
643.085 61.117
643.283 61.288
643.481 61.449
643.679 61.607
643.877 61.737
644.075 61.853
644.273 61.998
644.471 62.148
644.669 62.306
644.867 62.464
645.065 62.616
645.263 62.763
645.461 62.898
645.659 63.030
645.857 63.160
646.055 63.295
646.253 63.441
646.451 63.590
646.649 63.736
646.847 63.873
647.045 64.004
647.243 64.143
647.441 64.278
647.639 64.402
647.837 64.523
648.035 64.655
648.233 64.775
648.431 64.896
648.629 65.012
648.827 65.123
649.025 65.239
649.223 65.342
649.421 65.446
649.619 65.555
649.817 65.666
650.015 65.778
650.213 65.888
650.411 65.986
650.609 66.074
650.807 66.170
651.005 66.267
651.203 66.362
651.401 66.449
651.599 66.529
651.796 66.619
651.994 66.714
652.192 66.804
652.390 66.905
652.588 66.987
652.786 67.067
652.984 67.152
653.182 67.226
653.380 67.306
653.578 67.384
653.776 67.466
653.974 67.549
654.172 67.628
654.370 67.708
654.568 67.787
654.766 67.877
654.964 67.955
655.162 68.029
655.360 68.101
655.558 68.164
655.756 68.227
655.954 68.298
656.152 68.376
656.350 68.449
656.548 68.519
656.746 68.596
656.944 68.670
657.142 68.742
657.340 68.808
657.538 68.868
657.736 68.940
657.934 69.011
658.132 69.075
658.330 69.143
658.528 69.191
658.726 69.248
658.924 69.298
659.122 69.356
659.320 69.408
659.518 69.467
659.716 69.536
659.914 69.609
660.112 69.670
660.310 69.725
660.508 69.771
660.706 69.811
660.904 69.860
661.102 69.911
661.300 69.955
661.498 70.007
661.696 70.064
661.893 70.105
662.091 70.153
662.289 70.208
662.487 70.257
662.685 70.308
662.883 70.361
663.081 70.416
663.279 70.458
663.477 70.503
663.675 70.559
663.873 70.610
664.071 70.654
664.269 70.696
664.467 70.743
664.665 70.786
664.863 70.821
665.061 70.858
665.259 70.904
665.457 70.945
665.655 70.989
665.853 71.033
666.051 71.083
666.249 71.122
666.447 71.159
666.645 71.201
666.843 71.251
667.041 71.278
667.239 71.312
667.437 71.357
667.635 71.398
667.833 71.415
668.031 71.437
668.229 71.460
668.427 71.490
668.625 71.508
668.823 71.541
669.021 71.591
669.219 71.632
669.417 71.660
669.615 71.686
669.813 71.717
670.011 71.760
670.209 71.797
670.407 71.828
670.605 71.861
670.803 71.895
671.001 71.912
671.199 71.939
671.397 71.963
671.595 71.979
671.792 72.001
671.990 72.040
672.188 72.075
672.386 72.116
672.584 72.143
672.782 72.166
672.980 72.191
673.178 72.219
673.376 72.249
673.574 72.276
673.772 72.305
673.970 72.322
674.168 72.333
674.366 72.349
674.564 72.378
674.762 72.386
674.960 72.397
675.158 72.437
675.356 72.469
675.554 72.489
675.752 72.512
675.950 72.546
676.148 72.568
676.346 72.587
676.544 72.597
676.742 72.617
676.940 72.656
677.138 72.676
677.336 72.692
677.534 72.701
677.732 72.718
677.930 72.743
678.128 72.778
678.326 72.799
678.524 72.824
678.722 72.835
678.920 72.853
679.118 72.873
679.316 72.878
679.514 72.893
679.712 72.914
679.910 72.937
680.108 72.948
680.306 72.965
680.504 72.989
680.702 73.023
680.900 73.054
681.098 73.065
681.296 73.075
681.494 73.080
681.691 73.105
681.889 73.125
682.087 73.138
682.285 73.139
682.483 73.155
682.681 73.168
682.879 73.192
683.077 73.222
683.275 73.245
683.473 73.276
683.671 73.290
683.869 73.300
684.067 73.304
684.265 73.318
684.463 73.338
684.661 73.357
684.859 73.377
685.057 73.397
685.255 73.422
685.453 73.454
685.651 73.494
685.849 73.518
686.047 73.526
686.245 73.531
686.443 73.547
686.641 73.563
686.839 73.587
687.037 73.603
687.235 73.627
687.433 73.643
687.631 73.645
687.829 73.673
688.027 73.705
688.225 73.734
688.423 73.751
688.621 73.765
688.819 73.770
689.017 73.772
689.215 73.775
689.413 73.792
689.611 73.798
689.809 73.806
690.007 73.821
690.205 73.849
690.403 73.877
690.601 73.902
690.799 73.924
690.997 73.941
691.195 73.961
691.393 73.978
691.591 74.000
691.788 74.020
691.986 74.025
692.184 74.028
692.382 74.042
692.580 74.058
692.778 74.077
692.976 74.099
693.174 74.113
693.372 74.129
693.570 74.145
693.768 74.176
693.966 74.197
694.164 74.214
694.362 74.236
694.560 74.250
694.758 74.255
694.956 74.264
695.154 74.274
695.352 74.283
695.550 74.289
695.748 74.295
695.946 74.318
696.144 74.334
696.342 74.361
696.540 74.387
696.744 74.416
696.948 74.434
697.152 74.451
697.357 74.476
697.561 74.504
697.765 74.522
697.969 74.533
698.173 74.538
698.377 74.539
698.581 74.541
698.786 74.556
698.990 74.578
699.194 74.600
699.398 74.613
699.602 74.631
699.806 74.647
700.010 74.662
700.215 74.684
700.419 74.708
700.623 74.712
700.827 74.724
701.031 74.727
701.235 74.725
701.440 74.727
701.644 74.732
701.848 74.742
702.052 74.761
702.256 74.785
702.460 74.815
702.664 74.852
702.869 74.867
703.073 74.886
703.277 74.905
703.481 74.921
703.685 74.942
703.889 74.960
704.093 74.970
704.298 74.988
704.502 74.987
704.706 75.003
704.910 75.031
705.114 75.032
705.318 75.052
705.522 75.092
705.727 75.128
705.931 75.161
706.135 75.185
706.339 75.200
706.543 75.210
706.747 75.209
706.951 75.219
707.156 75.249
707.360 75.263
707.564 75.277
707.768 75.280
707.972 75.278
708.176 75.281
708.380 75.301
708.585 75.322
708.789 75.350
708.993 75.362
709.197 75.377
709.401 75.400
709.605 75.427
709.810 75.433
710.014 75.429
710.218 75.433
710.422 75.445
710.626 75.452
710.830 75.451
711.034 75.465
711.239 75.475
711.443 75.477
711.647 75.489
711.851 75.501
712.055 75.532
712.259 75.577
712.463 75.603
712.668 75.617
712.872 75.620
713.076 75.625
713.280 75.645
713.484 75.651
713.688 75.658
713.892 75.666
714.097 75.670
714.301 75.686
714.505 75.703
714.709 75.719
714.913 75.735
715.117 75.763
715.321 75.793
715.526 75.799
715.730 75.814
715.934 75.826
716.138 75.846
716.342 75.851
716.546 75.845
716.750 75.861
716.955 75.878
717.159 75.898
717.363 75.908
717.567 75.911
717.771 75.935
717.975 75.975
718.180 75.989
718.384 76.006
718.588 76.024
718.792 76.023
718.996 76.024
719.200 76.033
719.404 76.042
719.609 76.041
719.813 76.049
720.017 76.055
720.221 76.063
720.425 76.072
720.629 76.083
720.833 76.093
721.038 76.104
721.242 76.117
721.446 76.130
721.650 76.144
721.854 76.158
722.058 76.165
722.262 76.162
722.467 76.172
722.671 76.192
722.875 76.203
723.079 76.209
723.283 76.210
723.487 76.223
723.691 76.230
723.896 76.251
724.100 76.283
724.304 76.323
724.508 76.346
724.712 76.355
724.916 76.377
725.120 76.391
725.325 76.390
725.529 76.386
725.733 76.392
725.937 76.407
726.141 76.418
726.345 76.424
726.550 76.433
726.754 76.454
726.958 76.464
727.162 76.477
727.366 76.516
727.570 76.551
727.774 76.572
727.979 76.593
728.183 76.597
728.387 76.595
728.591 76.599
728.795 76.606
728.999 76.616
729.203 76.625
729.408 76.641
729.612 76.656
729.816 76.681
730.020 76.695
730.224 76.700
730.428 76.708
730.632 76.729
730.837 76.731
731.041 76.733
731.245 76.742
731.449 76.744
731.653 76.752
731.857 76.766
732.061 76.773
732.266 76.792
732.470 76.815
732.674 76.827
732.878 76.829
733.082 76.861
733.286 76.893
733.490 76.896
733.695 76.906
733.899 76.926
734.103 76.928
734.307 76.938
734.511 76.957
734.715 76.977
734.920 76.985
735.124 77.012
735.328 77.033
735.532 77.048
735.736 77.067
735.940 77.065
736.144 77.068
736.349 77.072
736.553 77.059
736.757 77.054
736.961 77.053
737.165 77.045
737.369 77.030
737.573 77.011
737.778 77.017
737.982 77.027
738.186 77.032
738.390 77.044
738.594 77.051
738.798 77.062
739.002 77.061
739.207 77.065
739.411 77.072
739.615 77.067
739.819 77.076
740.023 77.086
740.227 77.095
740.431 77.091
740.636 77.092
740.840 77.100
741.044 77.107
741.248 77.127
741.452 77.162
741.656 77.182
741.860 77.200
742.065 77.222
742.269 77.241
742.473 77.259
742.677 77.280
742.881 77.295
743.085 77.314
743.290 77.325
743.494 77.326
743.698 77.325
743.902 77.337
744.106 77.340
744.310 77.356
744.514 77.364
744.719 77.372
744.923 77.387
745.127 77.397
745.331 77.413
745.535 77.434
745.739 77.424
745.943 77.427
746.148 77.452
746.352 77.472
746.556 77.469
746.760 77.470
746.964 77.482
747.168 77.485
747.372 77.474
747.577 77.499
747.781 77.527
747.985 77.533
748.189 77.525
748.393 77.526
748.597 77.515
748.801 77.519
749.006 77.532
749.210 77.547
749.414 77.559
749.618 77.575
749.822 77.568
750.026 77.582
750.230 77.586
750.435 77.570
750.639 77.545
750.843 77.551
751.047 77.558
751.251 77.558
751.455 77.580
751.660 77.598
751.864 77.590
752.068 77.573
752.272 77.576
752.476 77.598
752.680 77.612
752.884 77.639
753.089 77.646
753.293 77.647
753.497 77.655
753.701 77.667
753.905 77.669
754.109 77.677
754.313 77.690
754.518 77.704
754.722 77.714
754.926 77.747
755.130 77.762
755.334 77.785
755.538 77.791
755.742 77.777
755.947 77.772
756.151 77.770
756.355 77.770
756.559 77.771
756.763 77.763
756.967 77.748
757.171 77.734
757.376 77.762
757.580 77.785
757.784 77.779
757.988 77.805
758.192 77.840
758.396 77.867
758.600 77.863
758.805 77.854
759.009 77.878
759.213 77.886
759.417 77.874
759.621 77.852
759.825 77.846
760.030 77.850
760.234 77.854
760.438 77.875
760.642 77.889
760.846 77.899
761.050 77.901
761.254 77.918
761.459 77.934
761.663 77.938
761.867 77.941
762.071 77.938
762.275 77.925
762.479 77.902
762.683 77.873
762.888 77.879
763.092 77.891
763.296 77.882
763.500 77.885
763.709 77.917
763.918 77.935
764.126 77.941
764.335 77.955
764.544 77.964
764.753 77.963
764.962 77.966
765.171 77.969
765.379 77.987
765.588 77.996
765.797 78.004
766.006 78.001
766.215 78.009
766.424 78.043
766.632 78.051
766.841 78.047
767.050 78.064
767.259 78.087
767.468 78.101
767.677 78.100
767.885 78.092
768.094 78.084
768.303 78.069
768.512 78.072
768.721 78.078
768.929 78.085
769.138 78.086
769.347 78.101
769.556 78.112
769.765 78.112
769.974 78.106
770.182 78.092
770.391 78.098
770.600 78.115
770.809 78.099
771.018 78.086
771.227 78.072
771.435 78.069
771.644 78.077
771.853 78.088
772.062 78.097
772.271 78.090
772.480 78.090
772.688 78.118
772.897 78.132
773.106 78.136
773.315 78.137
773.524 78.149
773.732 78.152
773.941 78.157
774.150 78.165
774.359 78.175
774.568 78.180
774.777 78.160
774.985 78.130
775.194 78.133
775.403 78.138
775.612 78.173
775.821 78.190
776.030 78.179
776.238 78.187
776.447 78.195
776.656 78.220
776.865 78.231
777.074 78.231
777.283 78.228
777.491 78.232
777.700 78.242
777.909 78.241
778.118 78.219
778.327 78.205
778.535 78.213
778.744 78.235
778.953 78.253
779.162 78.273
779.371 78.282
779.580 78.280
779.788 78.289
779.997 78.292
780.206 78.287
780.415 78.295
780.624 78.285
780.833 78.262
781.041 78.235
781.250 78.222
781.459 78.217
781.668 78.218
781.877 78.212
782.086 78.208
782.294 78.228
782.503 78.267
782.712 78.306
782.921 78.326
783.130 78.333
783.338 78.344
783.547 78.344
783.756 78.363
783.965 78.375
784.174 78.378
784.383 78.361
784.591 78.347
784.800 78.315
785.009 78.298
785.218 78.334
785.427 78.366
785.636 78.380
785.844 78.384
786.053 78.390
786.262 78.402
786.471 78.433
786.680 78.429
786.889 78.419
787.097 78.396
787.306 78.380
787.515 78.366
787.724 78.371
787.933 78.388
788.141 78.374
788.350 78.353
788.559 78.339
788.768 78.340
788.977 78.352
789.186 78.376
789.394 78.400
789.603 78.385
789.812 78.347
790.021 78.347
790.230 78.365
790.439 78.382
790.647 78.398
790.856 78.367
791.065 78.366
791.274 78.387
791.483 78.411
791.692 78.418
791.900 78.421
792.109 78.407
792.318 78.394
792.527 78.389
792.736 78.411
792.944 78.433
793.153 78.445
793.362 78.452
793.571 78.440
793.780 78.445
793.989 78.473
794.197 78.519
794.406 78.502
794.615 78.474
794.824 78.435
795.033 78.408
795.242 78.417
795.450 78.410
795.659 78.410
795.868 78.402
796.077 78.392
796.286 78.399
796.495 78.383
796.703 78.370
796.912 78.386
797.121 78.400
797.330 78.392
797.539 78.366
797.747 78.364
797.956 78.383
798.165 78.385
798.374 78.367
798.583 78.335
798.792 78.349
799.000 78.404
799.209 78.422
799.418 78.428
799.627 78.423
799.836 78.410
800.045 78.400
800.253 78.410
800.462 78.400
800.671 78.387
800.880 78.408
801.089 78.423
801.298 78.436
801.506 78.437
801.715 78.474
801.924 78.528
802.133 78.534
802.342 78.551
802.550 78.535
802.759 78.511
802.968 78.500
803.177 78.477
803.386 78.413
803.595 78.402
803.803 78.412
804.012 78.421
804.221 78.439
804.430 78.434
804.639 78.430
804.848 78.457
805.056 78.482
805.265 78.460
805.474 78.458
805.683 78.453
805.892 78.454
806.101 78.431
806.309 78.390
806.518 78.377
806.727 78.382
806.936 78.425
807.145 78.436
807.353 78.440
807.562 78.452
807.771 78.478
807.980 78.478
808.189 78.466
808.398 78.478
808.606 78.467
808.815 78.451
809.024 78.444
809.233 78.424
809.442 78.393
809.651 78.415
809.859 78.418
810.068 78.426
810.277 78.388
810.486 78.390
810.695 78.398
810.904 78.402
811.112 78.362
811.321 78.312
811.530 78.314
811.740 78.369
811.949 78.471
812.159 78.470
812.368 78.486
812.578 78.487
812.787 78.447
812.997 78.458
813.206 78.498
813.416 78.490
813.625 78.478
813.835 78.493
814.044 78.480
814.254 78.461
814.463 78.440
814.673 78.461
814.882 78.442
815.092 78.445
815.301 78.424
815.511 78.433
815.720 78.460
815.930 78.458
816.139 78.422
816.349 78.295
816.558 78.287
816.768 78.316
816.977 78.311
817.187 78.299
817.396 78.292
817.606 78.274
817.815 78.259
818.025 78.277
818.234 78.300
818.444 78.320
818.653 78.327
818.863 78.337
819.072 78.350
819.282 78.389
819.491 78.385
819.701 78.407
819.910 78.432
820.120 78.431
820.329 78.431
820.539 78.406
820.748 78.393
820.958 78.410
821.167 78.404
821.377 78.401
821.586 78.423
821.796 78.438
822.005 78.430
822.215 78.470
822.424 78.485
822.634 78.450
822.843 78.434
823.053 78.463
823.262 78.458
823.472 78.407
823.681 78.341
823.891 78.309
824.100 78.285
824.310 78.274
824.519 78.278
824.729 78.309
824.938 78.324
825.148 78.340
825.357 78.319
825.567 78.291
825.776 78.300
825.986 78.316
826.195 78.295
826.405 78.286
826.614 78.255
826.824 78.231
827.033 78.251
827.243 78.298
827.452 78.254
827.662 78.229
827.871 78.267
828.081 78.291
828.290 78.306
828.500 78.348
828.709 78.345
828.919 78.297
829.128 78.230
829.338 78.231
829.547 78.273
829.757 78.267
829.966 78.251
830.176 78.274
830.385 78.272
830.595 78.255
830.804 78.239
831.014 78.200
831.223 78.183
831.433 78.188
831.642 78.116
831.852 78.119
832.061 78.174
832.271 78.187
832.480 78.198
832.690 78.198
832.899 78.184
833.109 78.180
833.318 78.226
833.528 78.244
833.737 78.239
833.947 78.205
834.156 78.198
834.366 78.209
834.575 78.189
834.785 78.168
834.994 78.187
835.204 78.249
835.413 78.265
835.623 78.243
835.832 78.199
836.042 78.238
836.251 78.246
836.461 78.222
836.670 78.249
836.880 78.278
837.089 78.313
837.299 78.292
837.508 78.283
837.718 78.246
837.927 78.237
838.137 78.232
838.346 78.215
838.556 78.221
838.765 78.228
838.975 78.221
839.184 78.227
839.394 78.228
839.603 78.206
839.813 78.235
840.022 78.294
840.232 78.339
840.441 78.318
840.651 78.308
840.860 78.255
841.070 78.168
841.279 78.089
841.489 78.076
841.698 78.089
841.908 78.122
842.117 78.181
842.327 78.243
842.536 78.287
842.746 78.340
842.955 78.387
843.165 78.403
843.374 78.379
843.584 78.313
843.793 78.254
844.003 78.219
844.212 78.217
844.422 78.188
844.631 78.129
844.841 78.119
845.050 78.155
845.260 78.203
845.469 78.233
845.679 78.255
845.888 78.288
846.098 78.319
846.307 78.302
846.517 78.271
846.726 78.357
846.936 78.516
847.145 78.528
847.355 78.528
847.564 78.518
847.774 78.517
847.983 78.553
848.193 78.559
848.402 78.527
848.612 78.482
848.821 78.439
849.031 78.441
849.240 78.485
849.450 78.472
849.659 78.445
849.869 78.437
850.078 78.452
850.288 78.404
850.497 78.361
850.707 78.380
850.916 78.390
851.126 78.263
851.335 78.066
851.545 78.055
851.754 78.051
851.964 78.042
852.173 78.042
852.383 78.035
852.592 78.083
852.802 78.167
853.011 78.217
853.221 78.271
853.430 78.326
853.640 78.296
853.849 78.305
854.059 78.353
854.268 78.370
854.478 78.354
854.687 78.335
854.897 78.333
855.106 78.345
855.316 78.344
855.525 78.358
855.735 78.338
855.944 78.283
856.154 78.251
856.363 78.236
856.573 78.266
856.782 78.299
856.992 78.271
857.201 78.191
857.411 78.182
857.620 78.200
857.830 78.177
858.039 78.200
858.249 78.191
858.458 78.141
858.668 78.112
858.877 78.090
859.087 78.103
859.296 78.096
859.506 78.045
859.715 78.028
859.925 78.020
860.134 78.062
860.344 78.114
860.553 78.077
860.763 78.098
860.972 78.098
861.182 78.076
861.391 78.104
861.601 78.179
861.810 78.173
862.020 78.104
862.229 78.088
862.439 78.085
862.648 78.075
862.858 78.046
863.067 78.093
863.277 78.138
863.486 78.145
863.696 78.132
863.905 78.134
864.115 78.132
864.324 78.099
864.534 78.027
864.743 78.041
864.953 78.073
865.162 78.083
865.372 78.118
865.581 78.132
865.791 78.078
866.000 78.024
866.210 78.078
866.419 78.175
866.629 78.245
866.838 78.216
867.048 78.196
867.257 78.215
867.467 78.152
867.676 78.100
867.886 78.105
868.095 78.090
868.305 78.035
868.514 78.042
868.724 78.088
868.933 78.126
869.143 78.066
869.352 78.062
869.562 78.066
869.771 78.050
869.981 78.126
870.190 78.228
870.400 78.235
870.609 78.172
870.819 78.058
871.028 78.013
871.238 77.999
871.447 77.997
871.657 77.991
871.866 78.041
872.076 78.106
872.285 78.120
872.495 78.153
872.704 78.171
872.914 78.112
873.123 78.007
873.333 77.908
873.542 77.860
873.752 77.872
873.961 77.841
874.171 77.868
874.380 77.697
874.590 77.585
874.799 77.680
875.009 77.696
875.218 77.728
875.428 77.681
875.637 77.714
875.847 77.766
876.056 77.744
876.266 77.711
876.475 77.723
876.685 77.707
876.894 77.703
877.104 77.678
877.313 77.639
877.523 77.681
877.732 77.781
877.942 77.870
878.151 77.959
878.361 77.969
878.570 77.840
878.780 77.942
878.989 78.074
879.199 78.047
879.408 78.067
879.618 78.059
879.827 78.079
880.037 78.108
880.246 78.046
880.456 78.019
880.665 78.005
880.875 77.965
881.084 77.898
881.294 77.823
881.503 77.882
881.713 78.018
881.922 78.038
882.132 78.107
882.341 78.122
882.551 77.999
882.760 77.999
882.970 78.116
883.179 78.050
883.389 77.919
883.598 77.847
883.808 77.794
884.017 77.793
884.227 77.795
884.436 77.841
884.646 77.950
884.855 77.974
885.065 78.013
885.274 78.095
885.484 78.208
885.693 78.333
885.903 78.383
886.112 78.360
886.322 78.311
886.531 78.192
886.741 78.106
886.950 78.178
887.160 78.202
887.369 78.167
887.579 78.226
887.788 78.223
887.998 78.189
888.207 78.210
888.417 78.323
888.626 78.351
888.836 78.189
889.045 78.088
889.255 78.116
889.464 78.123
889.674 78.144
889.883 78.112
890.093 78.058
890.302 77.970
890.512 77.941
890.721 78.087
890.931 78.166
891.140 78.232
891.350 78.174
891.559 78.130
891.769 78.164
891.978 78.096
892.188 78.084
892.397 78.155
892.607 78.218
892.816 78.191
893.026 78.191
893.235 78.228
893.445 78.174
893.654 78.125
893.864 78.094
894.073 77.996
894.283 77.937
894.492 77.970
894.702 78.104
894.911 78.165
895.121 78.166
895.330 78.222
895.540 78.327
895.749 78.327
895.959 78.289
896.168 78.262
896.378 78.251
896.587 78.227
896.797 78.208
897.006 78.164
897.216 78.060
897.425 77.969
897.635 77.930
897.844 78.032
898.054 78.137
898.263 78.131
898.473 78.119
898.682 78.184
898.892 78.167
899.101 78.060
899.311 77.997
899.520 77.976
899.730 77.978
899.939 77.872
900.149 77.820
900.358 77.817
900.568 77.752
900.777 77.827
900.987 77.859
901.196 77.819
901.406 77.799
901.615 77.822
901.825 77.865
902.034 77.977
902.244 77.999
902.453 77.975
902.663 77.961
902.872 78.026
903.082 77.970
903.291 77.928
903.501 77.857
903.710 77.750
903.920 77.682
904.129 77.627
904.339 77.687
904.548 77.766
904.758 77.867
904.967 77.966
905.177 77.969
905.386 78.001
905.596 77.989
905.805 77.905
906.015 77.928
906.224 77.910
906.434 77.833
906.643 77.855
906.853 77.842
907.062 77.879
907.272 77.816
907.481 77.777
907.691 77.756
907.900 77.779
908.110 77.762
908.319 77.694
908.529 77.709
908.738 77.617
908.948 77.573
909.157 77.499
909.367 77.377
909.576 77.381
909.786 77.435
909.995 77.452
910.205 77.542
910.414 77.590
910.624 77.616
910.833 77.616
911.043 77.433
911.252 77.442
911.462 77.417
911.672 77.423
911.881 77.522
912.091 77.659
912.300 77.798
912.512 77.863
912.724 77.873
912.937 77.811
913.149 77.722
913.361 77.723
913.573 77.688
913.786 77.665
913.998 77.565
914.210 77.497
914.422 77.458
914.634 77.431
914.847 77.428
915.059 77.441
915.271 77.491
915.483 77.646
915.696 77.682
915.908 77.691
916.120 77.681
916.332 77.601
916.544 77.447
916.757 77.276
916.969 77.274
917.181 77.350
917.393 77.304
917.606 77.389
917.818 77.415
918.030 77.448
918.242 77.418
918.454 77.413
918.667 77.441
918.879 77.556
919.091 77.565
919.303 77.466
919.516 77.406
919.728 77.267
919.940 77.163
920.152 77.213
920.364 77.317
920.577 77.345
920.789 77.201
921.001 77.110
921.213 77.160
921.426 77.265
921.638 77.249
921.850 77.346
922.062 77.377
922.274 77.402
922.487 77.389
922.699 77.488
922.911 77.550
923.123 77.413
923.336 77.211
923.548 77.167
923.760 77.248
923.972 77.246
924.184 77.306
924.397 77.356
924.609 77.251
924.821 77.130
925.033 77.002
925.246 77.082
925.458 77.156
925.670 77.120
925.882 76.996
926.094 76.894
926.307 76.743
926.519 76.650
926.731 76.622
926.943 76.732
927.156 76.750
927.368 76.868
927.580 77.087
927.792 77.238
928.004 77.288
928.217 77.232
928.429 77.223
928.641 77.224
928.853 77.168
929.066 77.112
929.278 77.092
929.490 77.120
929.702 77.162
929.914 77.197
930.127 77.188
930.339 77.122
930.551 77.153
930.763 77.288
930.976 77.323
931.188 77.381
931.400 77.312
931.612 77.281
931.824 77.203
932.037 77.076
932.249 77.101
932.461 77.099
932.673 77.177
932.886 77.236
933.098 77.191
933.310 77.172
933.522 77.069
933.734 76.918
933.947 76.852
934.159 76.897
934.371 76.738
934.583 76.605
934.796 76.663
935.008 76.567
935.220 76.413
935.432 76.194
935.644 76.169
935.857 76.334
936.069 76.216
936.281 76.064
936.493 76.048
936.706 76.010
936.918 75.872
937.130 75.582
937.342 75.392
937.554 75.219
937.767 75.176
937.979 75.382
938.191 75.491
938.403 75.346
938.616 75.204
938.828 75.220
939.040 75.352
939.252 75.481
939.464 75.498
939.677 75.366
939.889 75.401
940.101 75.061
940.313 74.789
940.526 75.102
940.738 75.143
940.950 75.067
941.162 74.897
941.374 74.828
941.587 74.811
941.799 74.797
942.011 74.635
942.223 74.500
942.436 74.175
942.648 74.028
942.860 74.107
943.072 74.277
943.284 74.536
943.497 74.603
943.709 74.502
943.921 74.535
944.133 74.680
944.346 74.747
944.558 74.747
944.770 74.707
944.982 74.526
945.194 74.615
945.407 74.639
945.619 74.572
945.831 74.614
946.043 74.668
946.256 74.591
946.468 74.736
946.680 74.996
946.892 75.217
947.104 75.050
947.317 75.245
947.529 75.518
947.741 75.297
947.953 75.222
948.166 75.029
948.378 74.869
948.590 74.949
948.802 75.214
949.014 75.473
949.227 75.593
949.439 75.608
949.651 75.503
949.863 75.575
950.076 75.825
950.288 75.946
950.500 76.127
950.712 76.500
950.924 76.782
951.137 76.562
951.349 76.322
951.561 76.365
951.773 76.160
951.986 75.904
952.198 75.748
952.410 75.428
952.622 75.357
952.834 75.809
953.047 76.148
953.259 75.841
953.471 75.588
953.683 75.647
953.896 75.701
954.108 75.683
954.320 75.809
954.532 75.567
954.744 75.169
954.957 75.002
955.169 74.970
955.381 74.856
955.593 74.985
955.806 75.024
956.018 75.284
956.230 75.600
956.442 75.680
956.654 75.934
956.867 76.419
957.079 76.575
957.291 76.414
957.503 76.107
957.716 75.989
957.928 75.837
958.140 75.670
958.352 75.565
958.564 75.368
958.777 74.900
958.989 74.870
959.201 75.220
959.413 75.527
959.626 75.971
959.838 76.389
960.050 76.454
960.262 76.737
960.474 76.779
960.687 76.774
960.899 76.668
961.111 76.317
961.323 75.747
961.536 75.707
961.748 75.866
961.960 75.761
962.172 75.715
962.384 75.738
962.597 75.475
962.809 75.495
963.021 75.981
963.233 76.418
963.446 76.255
963.658 76.038
963.870 75.881
964.082 75.383
964.294 75.123
964.507 75.077
964.719 75.088
964.931 75.009
965.143 74.678
965.356 74.743
965.568 75.443
965.780 76.090
966.000 76.057
966.221 75.439
966.441 75.418
966.662 75.686
966.882 75.776
967.103 75.877
967.323 75.944
967.543 75.448
967.764 75.011
967.984 75.386
968.205 75.573
968.425 75.524
968.645 75.310
968.866 75.111
969.086 74.936
969.307 74.472
969.527 74.514
969.748 75.125
969.968 74.923
970.188 74.569
970.409 74.163
970.629 74.331
970.850 74.902
971.070 74.656
971.290 74.644
971.511 75.112
971.731 75.412
971.952 75.532
972.172 75.792
972.393 75.762
972.613 75.635
972.833 75.694
973.054 75.627
973.274 75.677
973.495 75.691
973.715 75.631
973.936 75.866
974.156 75.741
974.376 75.372
974.597 75.507
974.817 75.528
975.038 75.983
975.258 76.101
975.478 75.757
975.699 75.956
975.919 75.853
976.140 75.121
976.360 74.901
976.581 75.216
976.801 75.198
977.021 75.728
977.242 75.789
977.462 75.755
977.683 75.845
977.903 76.029
978.123 76.241
978.344 76.579
978.564 76.601
978.785 76.616
979.005 76.568
979.226 76.366
979.446 76.509
979.666 75.896
979.887 75.078
980.107 75.131
980.328 75.601
980.548 75.743
980.769 76.176
980.989 75.998
981.209 75.448
981.430 75.172
981.650 74.811
981.871 74.923
982.091 75.051
982.311 75.062
982.532 75.118
982.752 74.731
982.973 74.534
983.193 74.729
983.414 74.624
983.634 74.589
983.854 74.621
984.075 74.444
984.295 74.482
984.516 75.210
984.736 75.544
984.956 75.187
985.177 75.106
985.397 75.038
985.618 75.325
985.838 75.581
986.059 75.531
986.279 75.223
986.499 75.144
986.720 75.217
986.940 74.810
987.161 74.300
987.381 74.147
987.602 73.627
987.822 72.969
988.042 73.145
988.263 73.479
988.483 74.327
988.704 74.240
988.924 74.307
989.144 74.196
989.365 73.807
989.585 73.840
989.806 73.946
990.026 74.015
990.247 74.398
990.467 74.353
990.687 74.851
990.908 75.415
991.128 75.249
991.349 74.584
991.569 74.811
991.789 75.867
992.010 76.725
992.230 77.082
992.451 77.422
992.671 77.809
992.892 77.313
993.112 76.515
993.332 76.683
993.553 77.183
993.773 77.066
993.994 77.652
994.214 78.141
994.435 77.543
994.655 76.576
994.875 75.700
995.096 74.488
995.316 73.463
995.537 72.990
995.757 73.076
995.977 73.326
996.198 73.697
996.418 72.932
996.639 71.682
996.859 71.621
997.080 71.540
997.300 70.779
997.520 71.188
997.741 71.502
997.961 71.443
998.182 71.124
998.402 70.708
998.622 69.961
998.843 69.678
999.063 71.034
999.284 72.173
999.504 72.725
999.725 73.865
999.945 74.489
1000.165 74.206
1000.386 73.765
1000.606 74.288
1000.827 74.355
1001.047 74.315
1001.268 74.062
1001.488 74.181
1001.708 75.301
1001.929 75.240
1002.149 74.364
1002.370 74.331
1002.590 74.481
1002.810 74.738
1003.031 75.037
1003.251 75.714
1003.472 75.913
1003.692 75.300
1003.913 75.679
1004.133 74.871
1004.353 74.123
1004.574 74.158
1004.794 74.441
1005.015 74.184
1005.235 73.565
1005.455 74.351
1005.676 74.227
1005.896 74.207
1006.117 73.844
1006.337 72.332
1006.558 72.842
1006.778 73.917
1006.998 73.594
1007.219 72.566
1007.439 71.978
1007.660 73.044
1007.880 73.783
1008.101 74.084
1008.321 73.806
1008.541 72.854
1008.762 73.973
1008.982 73.611
1009.203 73.806
1009.423 74.740
1009.643 74.511
1009.864 72.991
1010.084 70.699
1010.305 70.404
1010.525 70.820
1010.746 70.828
1010.966 71.282
1011.186 71.006
1011.407 70.199
1011.627 69.949
1011.848 70.677
1012.068 70.832
1012.288 69.289
1012.509 66.960
1012.729 64.879
1012.950 64.028
