360.161	7.6
360.333	7.5
360.504	7.5
360.676	7.4
360.847	7.4
361.019	7.4
361.19	7.3
361.361	7.3
361.533	7.3
361.704	7.2
361.876	7
362.047	7
362.219	7
362.391	6.9
362.562	6.9
362.734	7
362.905	7
363.077	7
363.248	7
363.42	6.9
363.592	6.9
363.763	7
363.935	7
364.106	6.9
364.278	6.9
364.45	6.8
364.621	6.8
364.793	6.8
364.965	6.8
365.137	6.7
365.308	6.6
365.48	6.6
365.652	6.6
365.824	6.6
365.995	6.6
366.167	6.6
366.339	6.6
366.511	6.6
366.683	6.5
366.854	6.4
367.026	6.4
367.198	6.3
367.37	6.3
367.542	6.3
367.714	6.3
367.886	6.3
368.058	6.2
368.23	6.2
368.402	6.2
368.574	6.1
368.746	6.1
368.918	6.1
369.09	6
369.262	5.9
369.434	5.9
369.606	5.8
369.778	5.8
369.95	5.7
370.122	5.7
370.294	5.6
370.467	5.6
370.639	5.5
370.811	5.6
370.983	5.6
371.155	5.6
371.328	5.6
371.5	5.6
371.672	5.5
371.844	5.5
372.017	5.4
372.189	5.4
372.361	5.3
372.534	5.3
372.706	5.3
372.878	5.3
373.051	5.2
373.223	5.2
373.396	5.1
373.568	5.1
373.741	5
373.913	5.1
374.086	5.1
374.258	5.1
374.431	5.1
374.603	5.1
374.776	5
374.949	5
375.121	4.9
375.294	4.9
375.467	4.9
375.639	4.9
375.812	4.8
375.985	4.8
376.157	4.9
376.33	4.9
376.503	4.9
376.676	4.9
376.849	4.8
377.021	4.8
377.194	4.8
377.367	4.8
377.54	4.8
377.713	4.8
377.886	4.7
378.059	4.7
378.232	4.7
378.405	4.6
378.578	4.6
378.751	4.6
378.924	4.6
379.097	4.6
379.27	4.5
379.444	4.5
379.617	4.5
379.79	4.5
379.963	4.4
380.136	4.4
380.31	4.4
380.483	4.4
380.656	4.4
380.829	4.4
381.003	4.4
381.176	4.4
381.35	4.4
381.523	4.4
381.696	4.3
381.87	4.3
382.043	4.4
382.217	4.3
382.39	4.3
382.564	4.3
382.738	4.3
382.911	4.4
383.085	4.4
383.258	4.3
383.432	4.3
383.606	4.3
383.779	4.3
383.953	4.3
384.127	4.3
384.301	4.3
384.475	4.2
384.648	4.2
384.822	4.2
384.996	4.2
385.17	4.2
385.344	4.2
385.518	4.2
385.692	4.1
385.866	4.1
386.04	4.1
386.214	4.1
386.388	4.1
386.562	4.1
386.737	4.1
386.911	4
387.085	4
387.259	4
387.434	4
387.608	4
387.782	4
387.956	4
388.131	4
388.305	4
388.48	4
388.654	4
388.829	4
389.003	4
389.178	4
389.352	4
389.527	4
389.701	4
389.876	4
390.051	4
390.226	3.9
390.4	3.9
390.575	3.9
390.75	3.9
390.925	3.9
391.099	3.9
391.274	4
391.449	4
391.624	4
391.799	3.9
391.974	3.9
392.149	4
392.324	4
392.499	4
392.675	4
392.85	4
393.025	4
393.2	4
393.375	4
393.551	4
393.726	4
393.901	4
394.077	4
394.252	4
394.427	4
394.603	4
394.778	4
394.954	4
395.129	4
395.305	3.9
395.481	3.9
395.656	3.9
395.832	3.9
396.008	3.9
396.184	3.9
396.359	3.9
396.535	3.9
396.711	3.9
396.887	3.9
397.063	3.9
397.239	3.9
397.415	3.9
397.591	3.9
397.767	3.9
397.943	3.8
398.119	3.8
398.295	3.8
398.471	3.8
398.648	3.8
398.824	3.8
399	3.8
399.176	3.8
399.353	3.8
399.529	3.8
399.706	3.8
399.882	3.8
400.058	3.8
400.235	3.8
400.412	3.8
400.588	3.8
400.765	3.8
400.942	3.8
401.118	3.8
401.295	3.8
401.472	3.8
401.649	3.8
401.825	3.8
402.002	3.8
402.179	3.8
402.356	3.8
402.533	3.8
402.71	3.8
402.887	3.8
403.064	3.8
403.242	3.8
403.419	3.8
403.596	3.8
403.773	3.7
403.95	3.7
404.128	3.7
404.305	3.7
404.483	3.8
404.66	3.8
404.837	3.8
405.015	3.8
405.193	3.8
405.37	3.8
405.548	3.8
405.725	3.8
405.903	3.8
406.081	3.8
406.259	3.8
406.437	3.8
406.614	3.8
406.792	3.8
406.97	3.8
407.148	3.8
407.326	3.8
407.504	3.8
407.682	3.8
407.86	3.8
408.039	3.8
408.217	3.8
408.395	3.8
408.573	3.8
408.751	3.8
408.93	3.8
409.108	3.8
409.287	3.8
409.465	3.8
409.643	3.8
409.822	3.8
410	3.8
410.179	3.8
410.358	3.8
410.536	3.8
410.715	3.8
410.894	3.8
411.072	3.8
411.251	3.8
411.43	3.8
411.609	3.8
411.788	3.8
411.967	3.8
412.146	3.8
412.325	3.8
412.504	3.8
412.683	3.8
412.862	3.9
413.041	3.9
413.22	3.9
413.399	3.9
413.578	3.9
413.758	3.9
413.937	3.9
414.116	3.9
414.296	3.9
414.475	3.9
414.654	3.9
414.834	3.9
415.013	3.9
415.193	3.9
415.372	3.9
415.552	3.9
415.732	3.9
415.911	3.9
416.091	3.9
416.271	3.9
416.45	3.9
416.63	3.9
416.81	3.9
416.99	3.9
417.169	3.9
417.349	3.9
417.529	3.9
417.709	3.9
417.889	3.9
418.069	3.9
418.249	3.9
418.429	3.9
418.609	3.9
418.789	3.9
418.97	3.9
419.15	3.9
419.33	3.9
419.51	3.9
419.691	3.9
419.871	3.9
420.051	3.9
420.232	3.9
420.412	3.9
420.592	3.9
420.773	3.9
420.953	3.9
421.134	3.9
421.314	3.9
421.495	3.9
421.675	3.9
421.856	3.9
422.037	3.9
422.217	3.9
422.398	3.9
422.579	3.9
422.76	3.9
422.94	3.9
423.121	3.9
423.302	4
423.483	4
423.664	4
423.845	4
424.026	4
424.207	4
424.388	4
424.569	4
424.75	4
424.931	4
425.112	4
425.293	4
425.474	4
425.655	4
425.837	4
426.018	4
426.199	4
426.38	4
426.562	4
426.743	4
426.924	4
427.106	4
427.287	4
427.469	4
427.65	4
427.832	4
428.013	4
428.195	4
428.376	4
428.558	4
428.739	4
428.921	4
429.103	4
429.284	4
429.466	4
429.648	4
429.83	4
430.011	4
430.193	4
430.375	4
430.557	4
430.739	4
430.921	4
431.102	4
431.284	4
431.466	4
431.648	4
431.83	4
432.012	4
432.194	4
432.377	4
432.559	4
432.741	4
432.923	4
433.105	4
433.287	4
433.469	4
433.652	4
433.834	4
434.016	4
434.198	4
434.381	4
434.563	4
434.745	4
434.928	4
435.11	4
435.293	4
435.475	4
435.658	4
435.84	4
436.022	4
436.205	4
436.388	4
436.57	4
436.753	4
436.935	4
437.118	4
437.301	4
437.483	4
437.666	4
437.849	4
438.031	4
438.214	4
438.397	4
438.58	4
438.762	4
438.945	4
439.128	4
439.311	4.1
439.494	4.1
439.677	4.1
439.859	4.1
440.042	4.1
440.225	4.1
440.408	4.1
440.591	4.1
440.774	4.1
440.957	4.1
441.14	4.1
441.323	4.1
441.507	4.1
441.69	4.1
441.873	4.1
442.056	4.1
442.239	4.1
442.422	4.1
442.605	4.1
442.789	4.1
442.972	4.1
443.155	4.1
443.338	4.1
443.522	4.1
443.705	4.1
443.888	4.1
444.072	4.1
444.255	4.2
444.438	4.2
444.622	4.2
444.805	4.2
444.989	4.2
445.172	4.1
445.356	4.1
445.539	4.1
445.723	4.1
445.906	4.1
446.09	4.1
446.273	4.1
446.457	4.1
446.64	4.1
446.824	4.1
447.008	4.1
447.191	4.1
447.375	4.1
447.559	4.1
447.742	4.1
447.926	4.1
448.11	4.1
448.293	4.1
448.477	4.1
448.661	4.1
448.845	4.1
449.029	4.1
449.212	4.1
449.396	4.1
449.58	4.1
449.764	4.1
449.948	4.1
450.132	4.1
450.316	4.1
450.5	4.1
450.684	4.1
450.868	4.1
451.052	4.1
451.236	4.1
451.42	4
451.604	4
451.788	4
451.972	4
452.156	4
452.34	4
452.525	4
452.709	4
452.893	4
453.077	4
453.261	4
453.446	4
453.63	4
453.814	4
453.998	4
454.183	4
454.367	4
454.551	4
454.736	3.9
454.92	3.9
455.104	3.9
455.289	3.9
455.473	3.9
455.658	3.9
455.842	3.9
456.026	3.9
456.211	3.9
456.395	3.9
456.58	3.9
456.764	3.9
456.949	3.9
457.134	3.9
457.318	3.9
457.503	3.9
457.687	3.9
457.872	3.9
458.057	3.8
458.241	3.8
458.426	3.8
458.611	3.8
458.795	3.8
458.98	3.8
459.165	3.8
459.349	3.8
459.534	3.8
459.719	3.8
459.904	3.8
460.088	3.8
460.273	3.8
460.458	3.8
460.643	3.8
460.828	3.8
461.013	3.8
461.198	3.8
461.382	3.8
461.567	3.8
461.752	3.8
461.937	3.8
462.122	3.8
462.307	3.7
462.492	3.7
462.677	3.7
462.862	3.7
463.047	3.7
463.232	3.7
463.417	3.7
463.602	3.7
463.788	3.7
463.973	3.7
464.158	3.7
464.343	3.7
464.528	3.7
464.713	3.7
464.898	3.7
465.084	3.6
465.269	3.6
465.454	3.6
465.639	3.6
465.824	3.6
466.01	3.6
466.195	3.6
466.38	3.6
466.566	3.6
466.751	3.6
466.936	3.6
467.122	3.6
467.307	3.5
467.492	3.5
467.678	3.5
467.863	3.5
468.048	3.5
468.234	3.5
468.419	3.5
468.605	3.5
468.79	3.5
468.976	3.5
469.161	3.5
469.347	3.5
469.532	3.5
469.718	3.5
469.903	3.4
470.089	3.4
470.274	3.4
470.46	3.4
470.646	3.4
470.831	3.4
471.017	3.4
471.202	3.4
471.388	3.4
471.574	3.4
471.759	3.3
471.945	3.3
472.131	3.3
472.317	3.3
472.502	3.3
472.688	3.3
472.874	3.3
473.059	3.3
473.245	3.3
473.431	3.3
473.617	3.3
473.803	3.3
473.988	3.2
474.174	3.2
474.36	3.2
474.546	3.2
474.732	3.2
474.918	3.2
475.104	3.2
475.29	3.2
475.475	3.2
475.661	3.2
475.847	3.2
476.033	3.2
476.219	3.1
476.405	3.1
476.591	3.1
476.777	3.1
476.963	3.1
477.149	3.1
477.335	3.1
477.521	3.1
477.707	3.1
477.893	3.1
478.08	3.1
478.266	3.1
478.452	3
478.638	3
478.824	3
479.01	3
479.196	3
479.382	3
479.569	3
479.755	3
479.941	3
480.127	3
480.313	3
480.5	2.9
480.686	2.9
480.872	2.9
481.058	2.9
481.245	2.9
481.431	2.9
481.617	2.9
481.803	2.9
481.99	2.9
482.176	2.9
482.362	2.9
482.549	2.8
482.735	2.8
482.921	2.8
483.108	2.8
483.294	2.8
483.481	2.8
483.667	2.8
483.853	2.8
484.04	2.8
484.226	2.8
484.413	2.7
484.599	2.7
484.786	2.7
484.972	2.7
485.159	2.7
485.345	2.7
485.532	2.7
485.718	2.7
485.905	2.7
486.091	2.7
486.278	2.7
486.464	2.7
486.651	2.6
486.837	2.6
487.024	2.6
487.211	2.6
487.397	2.6
487.584	2.6
487.77	2.6
487.957	2.6
488.144	2.6
488.33	2.6
488.517	2.6
488.704	2.6
488.89	2.5
489.077	2.5
489.264	2.5
489.45	2.5
489.637	2.5
489.824	2.5
490.01	2.5
490.197	2.5
490.384	2.5
490.571	2.5
490.757	2.5
490.944	2.4
491.131	2.4
491.318	2.4
491.505	2.4
491.691	2.4
491.878	2.4
492.065	2.4
492.252	2.4
492.439	2.4
492.626	2.4
492.812	2.4
492.999	2.4
493.186	2.3
493.373	2.3
493.56	2.3
493.747	2.3
493.934	2.3
494.121	2.3
494.308	2.3
494.494	2.3
494.681	2.3
494.868	2.3
495.055	2.3
495.242	2.3
495.429	2.3
495.616	2.3
495.803	2.2
495.99	2.2
496.177	2.2
496.364	2.2
496.551	2.2
496.738	2.2
496.925	2.2
497.112	2.2
497.299	2.2
497.486	2.2
497.673	2.2
497.861	2.2
498.048	2.2
498.235	2.2
498.422	2.2
498.609	2.2
498.796	2.2
498.983	2.1
499.17	2.1
499.357	2.1
499.544	2.1
499.732	2.1
499.919	2.1
500.106	2.1
500.293	2.1
500.48	2.1
500.667	2.1
500.855	2.1
501.042	2.1
501.229	2.1
501.416	2.1
501.603	2.1
501.791	2
501.978	2
502.165	2
502.352	2
502.54	2
502.727	2
502.914	2
503.101	2
503.289	2
503.476	2
503.663	2
503.85	2
504.038	2
504.225	2
504.412	2
504.6	2
504.787	1.9
504.974	1.9
505.161	1.9
505.349	1.9
505.536	1.9
505.723	1.9
505.911	1.9
506.098	1.9
506.286	1.9
506.473	1.9
506.66	1.9
506.848	1.9
507.035	1.9
507.222	1.9
507.41	1.8
507.597	1.8
507.785	1.8
507.972	1.8
508.159	1.8
508.347	1.8
508.534	1.8
508.722	1.8
508.909	1.8
509.097	1.8
509.284	1.8
509.471	1.8
509.659	1.8
509.846	1.8
510.034	1.8
510.221	1.8
510.409	1.8
510.596	1.8
510.784	1.7
510.971	1.7
511.159	1.7
511.346	1.7
511.534	1.7
511.721	1.7
511.909	1.7
512.096	1.7
512.284	1.7
512.471	1.7
512.659	1.7
512.846	1.7
513.034	1.7
513.221	1.7
513.409	1.7
513.596	1.7
513.784	1.6
513.972	1.6
514.159	1.6
514.347	1.6
514.534	1.6
514.722	1.6
514.909	1.6
515.097	1.6
515.285	1.6
515.472	1.6
515.66	1.6
515.847	1.6
516.035	1.6
516.222	1.6
516.41	1.6
516.598	1.6
516.785	1.6
516.973	1.6
517.161	1.6
517.348	1.6
517.536	1.6
517.723	1.6
517.911	1.5
518.099	1.5
518.286	1.5
518.474	1.5
518.662	1.5
518.849	1.5
519.037	1.5
519.225	1.5
519.412	1.5
519.6	1.5
519.787	1.5
519.975	1.5
520.163	1.5
520.35	1.5
520.538	1.5
520.726	1.5
520.914	1.5
521.101	1.5
521.289	1.5
521.477	1.5
521.664	1.5
521.852	1.5
522.04	1.5
522.227	1.5
522.415	1.4
522.603	1.4
522.79	1.4
522.978	1.4
523.166	1.4
523.354	1.4
523.541	1.4
523.729	1.4
523.917	1.4
524.104	1.4
524.292	1.4
524.48	1.4
524.668	1.4
524.855	1.4
525.043	1.4
525.231	1.4
525.418	1.4
525.606	1.4
525.794	1.4
525.982	1.4
526.169	1.4
526.357	1.4
526.545	1.4
526.733	1.4
526.92	1.4
527.108	1.4
527.296	1.4
527.484	1.4
527.671	1.3
527.859	1.3
528.047	1.3
528.235	1.3
528.422	1.3
528.61	1.3
528.798	1.3
528.986	1.3
529.173	1.3
529.361	1.3
529.549	1.3
529.737	1.3
529.924	1.3
530.112	1.3
530.3	1.3
530.488	1.3
530.675	1.3
530.863	1.3
531.051	1.3
531.239	1.3
531.426	1.3
531.614	1.3
531.802	1.3
531.99	1.3
532.177	1.3
532.365	1.3
532.553	1.3
532.741	1.3
532.928	1.3
533.116	1.3
533.304	1.3
533.492	1.2
533.679	1.2
533.867	1.2
534.055	1.2
534.243	1.2
534.431	1.2
534.618	1.2
534.806	1.2
534.994	1.2
535.182	1.2
535.369	1.2
535.557	1.2
535.745	1.2
535.933	1.2
536.12	1.2
536.308	1.2
536.496	1.2
536.684	1.2
536.871	1.2
537.059	1.2
537.247	1.2
537.435	1.2
537.622	1.2
537.81	1.2
537.998	1.2
538.186	1.2
538.373	1.2
538.561	1.2
538.749	1.2
538.937	1.2
539.124	1.2
539.312	1.1
539.5	1.1
539.688	1.1
539.875	1.1
540.063	1.1
540.251	1.1
540.439	1.1
540.626	1.1
540.814	1.1
541.002	1.1
541.19	1.1
541.377	1.1
541.565	1.1
541.753	1.1
541.941	1.1
542.128	1.1
542.316	1.1
542.504	1.1
542.691	1.1
542.879	1.1
543.067	1.1
543.255	1.1
543.442	1.1
543.63	1.1
543.818	1.1
544.005	1.1
544.193	1.1
544.381	1.1
544.568	1.1
544.756	1.1
544.944	1.1
545.132	1.1
545.319	1.1
545.507	1.1
545.695	1.1
545.882	1.1
546.07	1.1
546.258	1.1
546.445	1.1
546.633	1.1
546.821	1.1
547.008	1.1
547.196	1.1
547.384	1.1
547.571	1.1
547.759	1.1
547.947	1.1
548.134	1.1
548.322	1.1
548.51	1.1
548.697	1.1
548.885	1.1
549.073	1.1
549.26	1.1
549.448	1.1
549.636	1.1
549.823	1.1
550.011	1.1
550.199	1.1
550.386	1.1
550.574	1
550.762	1
550.949	1
551.137	1
551.325	1
551.512	1
551.7	1
551.888	1
552.075	1
552.263	1
552.451	1
552.639	1
552.826	1
553.014	1
553.202	1
553.389	1
553.577	1
553.765	1
553.953	1
554.14	1
554.328	1
554.516	1
554.704	1
554.891	1
555.079	1
555.267	1
555.455	1
555.643	1
555.83	1
556.018	1
556.206	1
556.394	1
556.582	1
556.77	1
556.957	1
557.145	1
557.333	1
557.521	1
557.709	1
557.897	1
558.085	1
558.273	1
558.461	1
558.649	1
558.837	1
559.025	1
559.213	1
559.4	1
559.588	1
559.777	1
559.965	1
560.153	1
560.341	1
560.529	1
560.717	1
560.905	1
561.093	1
561.281	1
561.469	1
561.657	1
561.845	1
562.034	1
562.222	1
562.41	1
562.598	1
562.786	1
562.975	1
563.163	1
563.351	0.9
563.539	0.9
563.728	0.9
563.916	0.9
564.104	0.9
564.293	0.9
564.481	0.9
564.67	0.9
564.858	0.9
565.046	0.9
565.235	0.9
565.423	0.9
565.612	0.9
565.8	0.9
565.989	0.9
566.177	0.9
566.366	0.9
566.554	0.9
566.743	0.9
566.932	0.9
567.12	0.9
567.309	0.9
567.497	0.9
567.686	0.9
567.875	0.9
568.064	0.9
568.252	0.9
568.441	0.9
568.63	0.9
568.819	0.9
569.007	0.9
569.196	0.9
569.385	0.9
569.574	0.9
569.763	0.9
569.952	0.9
570.141	0.9
570.33	0.9
570.519	0.9
570.708	0.9
570.897	0.9
571.086	0.9
571.275	0.9
571.464	0.9
571.653	0.9
571.843	0.9
572.032	0.9
572.221	0.9
572.41	0.9
572.599	0.9
572.789	0.9
572.978	0.9
573.167	0.9
573.357	0.9
573.546	0.9
573.736	0.9
573.925	0.9
574.115	0.9
574.304	0.9
574.494	0.9
574.683	0.9
574.873	0.9
575.062	0.9
575.252	0.9
575.442	0.9
575.631	0.9
575.821	0.9
576.011	0.9
576.201	0.9
576.39	0.9
576.58	0.9
576.77	0.9
576.96	0.9
577.15	0.9
577.34	0.9
577.53	0.9
577.72	0.9
577.91	0.9
578.1	0.9
578.29	0.9
578.48	0.9
578.67	0.9
578.861	0.9
579.051	0.9
579.241	0.9
579.431	0.9
579.622	0.9
579.812	0.9
580.002	0.9
580.193	0.9
580.383	0.9
580.574	0.9
580.764	0.9
580.955	0.9
581.145	0.9
581.336	0.9
581.526	0.9
581.717	0.9
581.908	0.9
582.098	0.9
582.289	0.9
582.48	0.9
582.671	0.9
582.862	0.9
583.052	0.9
583.243	0.9
583.434	0.9
583.625	0.9
583.816	0.9
584.007	0.9
584.198	0.9
584.389	0.9
584.58	0.9
584.771	0.9
584.962	0.9
585.154	0.9
585.345	0.9
585.536	0.9
585.727	0.9
585.918	0.9
586.11	0.9
586.301	0.9
586.492	0.9
586.684	0.9
586.875	0.9
587.067	0.9
587.258	0.9
587.45	0.9
587.641	0.9
587.833	0.9
588.024	0.9
588.216	0.9
588.408	0.9
588.599	0.9
588.791	0.9
588.983	0.9
589.174	0.9
589.366	0.9
589.558	0.9
589.75	0.9
589.942	0.9
590.134	0.9
590.326	0.9
590.518	0.8
590.71	0.8
590.902	0.8
591.094	0.8
591.286	0.8
591.478	0.8
591.67	0.8
591.862	0.8
592.054	0.8
592.246	0.8
592.439	0.8
592.631	0.8
592.823	0.8
593.016	0.8
593.208	0.8
593.4	0.8
593.593	0.8
593.785	0.8
593.978	0.8
594.17	0.8
594.363	0.8
594.555	0.8
594.748	0.8
594.94	0.8
595.133	0.8
595.326	0.8
595.518	0.8
595.711	0.8
595.904	0.8
596.096	0.8
596.289	0.8
596.482	0.8
596.675	0.8
596.868	0.8
597.061	0.8
597.254	0.8
597.447	0.8
597.64	0.8
597.833	0.8
598.026	0.8
598.219	0.8
598.412	0.8
598.605	0.8
598.798	0.8
598.991	0.8
599.184	0.8
599.378	0.8
599.571	0.8
599.764	0.8
599.957	0.8
600.151	0.8
600.344	0.8
600.538	0.8
600.731	0.8
600.924	0.8
601.118	0.8
601.311	0.8
601.505	0.8
601.698	0.8
601.892	0.8
602.086	0.8
602.279	0.8
602.473	0.8
602.667	0.8
602.86	0.8
603.054	0.8
603.248	0.8
603.442	0.8
603.635	0.8
603.829	0.8
604.023	0.8
604.217	0.8
604.411	0.8
604.605	0.8
604.799	0.8
604.993	0.8
605.187	0.8
605.381	0.8
605.575	0.8
605.769	0.8
605.963	0.8
606.157	0.8
606.352	0.8
606.546	0.8
606.74	0.8
606.934	0.8
607.129	0.8
607.323	0.8
607.517	0.8
607.712	0.8
607.906	0.8
608.1	0.8
608.295	0.8
608.489	0.8
608.684	0.8
608.878	0.8
609.073	0.8
609.267	0.8
609.462	0.8
609.657	0.8
609.851	0.8
610.046	0.8
610.241	0.8
610.435	0.8
610.63	0.8
610.825	0.8
611.02	0.8
611.215	0.8
611.41	0.8
611.604	0.8
611.799	0.8
611.994	0.8
612.189	0.8
612.384	0.8
612.579	0.8
612.774	0.8
612.969	0.8
613.164	0.8
613.359	0.8
613.555	0.8
613.75	0.8
613.945	0.8
614.14	0.8
614.335	0.8
614.531	0.8
614.726	0.8
614.921	0.8
615.117	0.8
615.312	0.8
615.507	0.8
615.703	0.8
615.898	0.8
616.094	0.8
616.289	0.8
616.485	0.8
616.68	0.8
616.876	0.8
617.071	0.8
617.267	0.8
617.463	0.8
617.658	0.8
617.854	0.8
618.05	0.8
618.245	0.8
618.441	0.8
618.637	0.8
618.833	0.8
619.029	0.8
619.225	0.8
619.42	0.8
619.616	0.8
619.812	0.8
620.008	0.8
620.204	0.8
620.4	0.8
620.596	0.8
620.792	0.8
620.988	0.8
621.184	0.8
621.381	0.8
621.577	0.8
621.773	0.8
621.969	0.8
622.165	0.8
622.362	0.8
622.558	0.8
622.754	0.8
622.951	0.8
623.147	0.8
623.343	0.8
623.54	0.8
623.736	0.8
623.933	0.8
624.129	0.8
624.326	0.8
624.522	0.8
624.719	0.8
624.915	0.8
625.112	0.8
625.308	0.8
625.505	0.8
625.702	0.8
625.898	0.8
626.095	0.8
626.292	0.8
626.489	0.8
626.685	0.8
626.882	0.8
627.079	0.8
627.276	0.8
627.473	0.8
627.67	0.8
627.866	0.8
628.063	0.8
628.26	0.8
628.457	0.8
628.654	0.8
628.851	0.8
629.048	0.8
629.246	0.8
629.443	0.8
629.64	0.9
629.837	0.9
630.034	0.9
630.231	0.9
630.429	0.9
630.626	0.9
630.823	0.9
631.02	0.9
631.218	0.9
631.415	0.9
631.612	0.9
631.81	0.9
632.007	0.9
632.205	0.9
632.402	0.9
632.6	0.9
632.797	0.9
632.995	0.9
633.192	0.9
633.39	0.9
633.587	0.9
633.785	0.9
633.983	0.9
634.18	0.9
634.378	0.9
634.576	0.9
634.773	0.9
634.971	0.9
635.169	0.9
635.367	0.9
635.565	0.9
635.762	0.9
635.96	0.9
636.158	0.9
636.356	0.9
636.554	0.9
636.752	0.9
636.95	0.9
637.148	0.9
637.346	0.9
637.544	0.9
637.742	0.9
637.94	0.9
638.138	0.9
638.337	0.9
638.535	0.9
638.733	0.9
638.931	0.9
639.129	0.9
639.328	0.9
639.526	0.9
639.724	0.9
639.922	0.9
640.121	0.9
640.319	0.9
640.518	0.9
640.716	0.9
640.914	0.9
641.113	0.9
641.311	0.9
641.51	0.9
641.708	0.9
641.907	0.9
642.105	0.9
642.304	0.9
642.503	0.9
642.701	0.9
642.9	0.9
643.098	0.9
643.297	0.9
643.496	0.9
643.695	0.9
643.893	0.9
644.092	0.9
644.291	0.9
644.49	0.9
644.689	0.9
644.887	0.9
645.086	0.9
645.285	0.9
645.484	0.9
645.683	0.9
645.882	0.9
646.081	0.9
646.28	0.9
646.479	0.9
646.678	0.9
646.877	0.9
647.076	0.9
647.276	0.9
647.475	0.9
647.674	0.9
647.873	0.9
648.072	0.9
648.271	0.9
648.471	0.9
648.67	0.9
648.869	0.9
649.069	0.9
649.268	0.9
649.467	0.9
649.667	0.9
649.866	0.9
650.065	0.9
650.265	0.9
650.464	0.9
650.664	0.9
650.863	0.9
651.063	0.9
651.262	0.9
651.462	0.9
651.662	0.9
651.861	0.9
652.061	0.9
652.26	0.9
652.46	0.9
652.66	0.9
652.859	0.9
653.059	0.9
653.259	0.9
653.459	0.9
653.658	0.9
653.858	0.9
654.058	0.9
654.258	0.9
654.458	0.9
654.658	0.9
654.858	0.9
655.058	0.9
655.258	0.9
655.457	0.9
655.657	0.9
655.857	0.9
656.058	0.9
656.258	0.9
656.458	0.9
656.658	0.9
656.858	0.9
657.058	0.9
657.258	0.9
657.458	0.9
657.659	0.9
657.859	0.9
658.059	0.9
658.259	0.9
658.459	0.9
658.66	0.9
658.86	0.9
659.06	0.9
659.261	0.9
659.461	0.9
659.662	0.9
659.862	0.9
660.062	0.9
660.263	0.9
660.463	0.9
660.664	0.9
660.864	0.9
661.065	0.9
661.265	0.9
661.466	0.9
661.667	0.9
661.867	0.9
662.068	0.9
662.268	0.9
662.469	0.9
662.67	0.9
662.87	0.9
663.071	0.9
663.272	0.9
663.473	0.9
663.674	0.9
663.874	0.9
664.075	0.9
664.276	0.9
664.477	0.9
664.678	0.9
664.879	0.9
665.08	0.9
665.28	0.9
665.481	0.9
665.682	0.9
665.883	0.9
666.084	0.9
666.285	0.9
666.486	0.9
666.688	0.9
666.889	0.9
667.09	0.9
667.291	0.9
667.492	0.9
667.693	0.9
667.894	0.9
668.096	0.9
668.297	0.9
668.498	0.9
668.699	0.9
668.901	0.9
669.102	0.9
669.303	0.9
669.505	0.9
669.706	0.9
669.907	0.9
670.109	0.9
670.31	0.9
670.511	0.9
670.713	0.9
670.914	0.9
671.116	0.9
671.317	0.9
671.519	0.9
671.72	0.9
671.922	0.9
672.124	0.9
672.325	0.9
672.527	0.9
672.728	0.9
672.93	0.9
673.132	0.9
673.333	0.9
673.535	0.9
673.737	0.9
673.939	0.9
674.14	1
674.342	1
674.544	1
674.746	1
674.948	1
675.149	1
675.351	1
675.553	1
675.755	1
675.957	1
676.159	1
676.361	1
676.563	1
676.765	1
676.967	1
677.169	1
677.371	1
677.573	1
677.775	1
677.977	1
678.179	1
678.381	1
678.583	1
678.786	1
678.988	1
679.19	1
679.392	1
679.594	1
679.797	1
679.999	1
680.201	1
680.404	1
680.606	1
680.808	1
681.011	1
681.213	1
681.415	1
681.618	1
681.82	1
682.023	1
682.225	1
682.428	1
682.63	1
682.833	1
683.035	1
683.238	1
683.44	1
683.643	1
683.845	1
684.048	1
684.251	1
684.453	1
684.656	1
684.859	1
685.061	1
685.264	1
685.467	1
685.67	1
685.872	1
686.075	1
686.278	1
686.481	1
686.684	1
686.886	1
687.089	1
687.292	1
687.495	1
687.698	1
687.901	1
688.104	1
688.307	1
688.51	1
688.713	1
688.916	1
689.119	1
689.322	1
689.525	1
689.728	1
689.931	1
690.134	1
690.337	1
690.54	1
690.744	1
690.947	1
691.15	1
691.353	1
691.556	1
691.76	1
691.963	1
692.166	1
692.37	1
692.573	1
692.776	1
692.979	1
693.183	1
693.386	1
693.59	1
693.793	1
693.996	1
694.2	1
694.403	1
694.607	1
694.81	1
695.014	1
695.217	1
695.421	1
695.624	1
695.828	1
696.031	1
696.235	1
696.439	1
696.642	1
696.846	1
697.049	1
697.253	1
697.457	1
697.661	1
697.864	1
698.068	1
698.272	1
698.475	1
698.679	1
698.883	1
699.087	1
699.291	1
699.494	1
699.698	1
699.902	1
700.106	1
700.31	1
700.514	1
700.718	1
700.922	1
701.126	1
701.33	1
701.534	1
701.738	1
701.942	1
702.146	1
702.35	1
702.554	1
702.758	1
702.962	1
703.166	1
703.37	1
703.574	1
703.778	1
703.983	1
704.187	1
704.391	1
704.595	1
704.799	1.1
705.004	1.1
705.208	1.1
705.412	1.1
705.616	1.1
705.821	1.1
706.025	1.1
706.229	1.1
706.434	1.1
706.638	1.1
706.842	1.1
707.047	1.1
707.251	1.1
707.455	1.1
707.66	1.1
707.864	1.1
708.069	1.1
708.273	1.1
708.478	1.1
708.682	1.1
708.887	1.1
709.091	1.1
709.296	1.1
709.5	1.1
709.705	1.1
709.909	1.1
710.114	1.1
710.319	1.1
710.523	1.1
710.728	1.1
710.932	1.1
711.137	1.1
711.342	1.1
711.546	1.1
711.751	1.1
711.956	1.1
712.161	1.1
712.365	1.1
712.57	1.1
712.775	1.1
712.98	1.1
713.184	1.1
713.389	1.1
713.594	1.1
713.799	1.1
714.004	1.1
714.209	1.1
714.413	1.1
714.618	1.1
714.823	1.1
715.028	1.1
715.233	1.1
715.438	1.1
715.643	1.1
715.848	1.1
716.053	1.1
716.258	1.1
716.463	1.1
716.668	1.1
716.873	1.1
717.078	1.1
717.283	1.1
717.488	1.1
717.693	1.1
717.898	1.1
718.103	1.1
718.308	1.1
718.514	1.1
718.719	1.1
718.924	1.1
719.129	1.1
719.334	1.1
719.539	1.1
719.745	1.1
719.95	1.1
720.155	1.1
720.36	1.1
720.566	1.1
720.771	1.1
720.976	1.1
721.182	1.1
721.387	1.1
721.592	1.1
721.798	1.1
722.003	1.1
722.208	1.1
722.414	1.1
722.619	1.1
722.824	1.1
723.03	1.1
723.235	1.1
723.441	1.1
723.646	1.1
723.852	1.1
724.057	1.1
724.263	1.1
724.468	1.1
724.674	1.1
724.879	1.1
725.085	1.1
725.29	1.1
725.496	1.1
725.701	1.1
725.907	1.1
726.112	1.1
726.318	1.1
726.524	1.1
726.729	1.1
726.935	1.1
727.141	1.1
727.346	1.1
727.552	1.1
727.758	1.1
727.963	1.1
728.169	1.1
728.375	1.1
728.581	1.2
728.786	1.2
728.992	1.2
729.198	1.2
729.404	1.2
729.609	1.2
729.815	1.2
730.021	1.2
730.227	1.2
730.433	1.2
730.639	1.2
730.844	1.2
731.05	1.2
731.256	1.2
731.462	1.2
731.668	1.2
731.874	1.2
732.08	1.2
732.286	1.2
732.492	1.2
732.698	1.2
732.904	1.2
733.11	1.2
733.316	1.2
733.522	1.2
733.728	1.2
733.934	1.2
734.14	1.2
734.346	1.2
734.552	1.2
734.758	1.2
734.964	1.2
735.17	1.2
735.376	1.2
735.583	1.2
735.789	1.2
735.995	1.2
736.201	1.2
736.407	1.2
736.613	1.2
736.819	1.2
737.026	1.2
737.232	1.2
737.438	1.2
737.644	1.2
737.851	1.2
738.057	1.2
738.263	1.2
738.469	1.2
738.676	1.2
738.882	1.2
739.088	1.2
739.295	1.2
739.501	1.2
739.707	1.2
739.914	1.2
740.12	1.2
740.326	1.2
740.533	1.2
740.739	1.2
740.946	1.2
741.152	1.2
741.358	1.2
741.565	1.2
741.771	1.2
741.978	1.2
742.184	1.2
742.391	1.2
742.597	1.2
742.804	1.2
743.01	1.2
743.217	1.2
743.423	1.2
743.63	1.2
743.836	1.2
744.043	1.2
744.249	1.2
744.456	1.2
744.663	1.2
744.869	1.2
745.076	1.2
745.282	1.2
745.489	1.2
745.696	1.2
745.902	1.2
746.109	1.2
746.316	1.2
746.522	1.2
746.729	1.2
746.936	1.2
747.142	1.2
747.349	1.2
747.556	1.2
747.762	1.2
747.969	1.2
748.176	1.2
748.383	1.2
748.589	1.2
748.796	1.2
749.003	1.2
749.21	1.2
749.417	1.2
749.623	1.2
749.83	1.2
750.037	1.2
750.244	1.2
750.451	1.2
750.658	1.2
750.865	1.2
751.071	1.2
751.278	1.2
751.485	1.2
751.692	1.2
751.899	1.2
752.106	1.2
752.313	1.2
752.52	1.2
752.727	1.2
752.934	1.2
753.141	1.2
753.348	1.2
753.555	1.2
753.762	1.2
753.969	1.2
754.176	1.2
754.383	1.2
754.59	1.2
754.797	1.2
755.004	1.2
755.211	1.2
755.418	1.2
755.625	1.2
755.832	1.2
756.039	1.2
756.246	1.2
756.453	1.2
756.66	1.2
756.868	1.2
757.075	1.2
757.282	1.2
757.489	1.2
757.696	1.2
757.903	1.2
758.111	1.2
758.318	1.2
758.525	1.2
758.732	1.2
758.939	1.2
759.147	1.2
759.354	1.2
759.561	1.2
759.768	1.2
759.976	1.2
760.183	1.2
760.39	1.2
760.597	1.2
760.805	1.2
761.012	1.2
761.219	1.2
761.426	1.2
761.634	1.2
761.841	1.2
762.048	1.2
762.256	1.2
762.463	1.2
762.67	1.2
762.878	1.2
763.085	1.2
763.293	1.2
763.5	1.2
763.707	1.2
763.915	1.2
764.122	1.2
764.33	1.3
764.537	1.3
764.744	1.3
764.952	1.3
765.159	1.3
765.367	1.3
765.574	1.3
765.782	1.2
765.989	1.2
766.197	1.3
766.404	1.3
766.612	1.3
766.819	1.3
767.027	1.3
767.234	1.3
767.442	1.3
767.649	1.3
767.857	1.3
768.064	1.3
768.272	1.3
768.479	1.3
768.687	1.3
768.895	1.3
769.102	1.3
769.31	1.3
769.517	1.3
769.725	1.3
769.933	1.3
770.14	1.3
770.348	1.3
770.555	1.3
770.763	1.3
770.971	1.3
771.178	1.3
771.386	1.3
771.594	1.3
771.801	1.3
772.009	1.3
772.217	1.3
772.424	1.3
772.632	1.3
772.84	1.3
773.047	1.3
773.255	1.3
773.463	1.3
773.671	1.3
773.878	1.3
774.086	1.3
774.294	1.3
774.502	1.3
774.709	1.3
774.917	1.3
775.125	1.3
775.333	1.3
775.54	1.3
775.748	1.3
775.956	1.3
776.164	1.3
776.371	1.3
776.579	1.3
776.787	1.3
776.995	1.3
777.203	1.3
777.41	1.3
777.618	1.3
777.826	1.3
778.034	1.3
778.242	1.3
778.45	1.3
778.657	1.3
778.865	1.3
779.073	1.3
779.281	1.3
779.489	1.3
779.697	1.3
779.905	1.3
780.112	1.3
780.32	1.3
780.528	1.3
780.736	1.3
780.944	1.3
781.152	1.3
781.36	1.3
781.568	1.3
781.776	1.3
781.984	1.3
782.191	1.3
782.399	1.3
782.607	1.3
782.815	1.3
783.023	1.3
783.231	1.3
783.439	1.3
783.647	1.3
783.855	1.3
784.063	1.3
784.271	1.3
784.479	1.3
784.687	1.3
784.895	1.3
785.103	1.3
785.311	1.3
785.519	1.3
785.727	1.3
785.935	1.4
786.143	1.4
786.351	1.4
786.559	1.4
786.767	1.4
786.975	1.3
787.183	1.3
787.391	1.3
787.599	1.3
787.807	1.4
788.015	1.4
788.223	1.4
788.431	1.4
788.639	1.4
788.847	1.4
789.055	1.4
789.263	1.4
789.471	1.4
789.679	1.4
789.887	1.4
790.095	1.4
790.303	1.4
790.511	1.4
790.719	1.4
790.927	1.4
791.135	1.4
791.343	1.4
791.551	1.4
791.76	1.4
791.968	1.4
792.176	1.4
792.384	1.4
792.592	1.4
792.8	1.4
793.008	1.4
793.216	1.4
793.424	1.4
793.632	1.4
793.84	1.4
794.048	1.4
794.256	1.4
794.465	1.4
794.673	1.4
794.881	1.4
795.089	1.4
795.297	1.4
795.505	1.4
795.713	1.4
795.921	1.4
796.129	1.4
796.337	1.4
796.546	1.4
796.754	1.4
796.962	1.4
797.17	1.4
797.378	1.4
797.586	1.4
797.794	1.4
798.002	1.4
798.21	1.4
798.419	1.4
798.627	1.4
798.835	1.4
799.043	1.4
799.251	1.4
799.459	1.4
799.667	1.4
799.875	1.4
800.083	1.4
800.292	1.4
800.5	1.4
800.708	1.4
800.916	1.4
801.124	1.4
801.332	1.4
801.54	1.4
801.748	1.4
801.957	1.4
802.165	1.4
802.373	1.4
802.581	1.4
802.789	1.4
802.997	1.4
803.205	1.4
803.414	1.4
803.622	1.4
803.83	1.4
804.038	1.5
804.246	1.5
804.454	1.5
804.662	1.5
804.87	1.5
805.079	1.5
805.287	1.5
805.495	1.5
805.703	1.5
805.911	1.5
806.119	1.5
806.327	1.5
806.535	1.5
806.743	1.5
806.952	1.5
807.16	1.5
807.368	1.5
807.576	1.5
807.784	1.5
807.992	1.5
808.2	1.5
808.408	1.5
808.617	1.5
808.825	1.5
809.033	1.5
809.241	1.5
809.449	1.5
809.657	1.5
809.865	1.5
810.073	1.5
810.281	1.5
810.49	1.5
810.698	1.5
810.906	1.5
811.114	1.5
811.322	1.5
811.53	1.5
811.738	1.5
811.946	1.5
812.154	1.5
812.362	1.5
812.57	1.5
812.779	1.5
812.987	1.5
813.195	1.5
813.403	1.5
813.611	1.5
813.819	1.5
814.027	1.5
814.235	1.5
814.443	1.5
814.651	1.5
814.859	1.5
815.067	1.5
815.275	1.5
815.484	1.5
815.692	1.5
815.9	1.5
816.108	1.5
816.316	1.5
816.524	1.5
816.732	1.5
816.94	1.5
817.148	1.5
817.356	1.5
817.564	1.5
817.772	1.5
817.98	1.5
818.188	1.5
818.397	1.5
818.605	1.5
818.813	1.5
819.021	1.5
819.229	1.5
819.437	1.5
819.645	1.5
819.853	1.5
820.061	1.5
820.269	1.5
820.477	1.5
820.685	1.5
820.893	1.5
821.102	1.5
821.31	1.5
821.518	1.5
821.726	1.5
821.934	1.5
822.142	1.5
822.35	1.5
822.558	1.5
822.766	1.5
822.974	1.5
823.182	1.5
823.39	1.5
823.599	1.5
823.807	1.6
824.015	1.6
824.223	1.6
824.431	1.6
824.639	1.6
824.847	1.6
825.055	1.6
825.263	1.6
825.472	1.6
825.68	1.6
825.888	1.6
826.096	1.6
826.304	1.6
826.512	1.6
826.72	1.6
826.928	1.6
827.137	1.6
827.345	1.6
827.553	1.6
827.761	1.6
827.969	1.6
828.177	1.6
828.385	1.6
828.594	1.6
828.802	1.6
829.01	1.6
829.218	1.6
829.426	1.6
829.634	1.6
829.843	1.6
830.051	1.6
830.259	1.6
830.467	1.6
830.675	1.6
830.883	1.6
831.092	1.6
831.3	1.6
831.508	1.6
831.716	1.6
831.924	1.6
832.133	1.7
832.341	1.7
832.549	1.7
832.757	1.7
832.966	1.7
833.174	1.7
833.382	1.7
833.59	1.7
833.799	1.7
834.007	1.7
834.215	1.7
834.423	1.7
834.632	1.7
834.84	1.7
835.048	1.7
835.256	1.7
835.465	1.7
835.673	1.7
835.881	1.7
836.09	1.7
836.298	1.7
836.506	1.7
836.715	1.7
836.923	1.7
837.131	1.7
837.34	1.7
837.548	1.7
837.756	1.7
837.965	1.7
838.173	1.7
838.381	1.7
838.59	1.7
838.798	1.7
839.006	1.7
839.215	1.7
839.423	1.7
839.632	1.7
839.84	1.7
840.048	1.7
840.257	1.7
840.465	1.7
840.674	1.7
840.882	1.7
841.091	1.7
841.299	1.7
841.508	1.7
841.716	1.7
841.924	1.7
842.133	1.7
842.341	1.7
842.55	1.7
842.758	1.7
842.967	1.7
843.175	1.7
843.384	1.7
843.593	1.7
843.801	1.7
844.01	1.7
844.218	1.7
844.427	1.7
844.635	1.7
844.844	1.7
845.052	1.7
845.261	1.7
845.47	1.7
845.678	1.7
845.887	1.7
846.095	1.7
846.304	1.7
846.513	1.7
846.721	1.7
846.93	1.7
847.139	1.7
847.347	1.7
847.556	1.7
847.765	1.7
847.973	1.7
848.182	1.7
848.391	1.7
848.6	1.7
848.808	1.7
849.017	1.7
849.226	1.7
849.435	1.7
849.643	1.7
849.852	1.7
850.061	1.7
850.27	1.7
850.478	1.7
850.687	1.7
850.896	1.7
851.105	1.7
851.314	1.7
851.523	1.7
851.731	1.7
851.94	1.7
852.149	1.7
852.358	1.8
852.567	1.8
852.776	1.8
852.985	1.8
853.194	1.8
853.403	1.8
853.612	1.8
853.821	1.8
854.03	1.8
854.239	1.8
854.447	1.8
854.656	1.8
854.865	1.8
855.075	1.8
855.284	1.8
855.493	1.8
855.702	1.8
855.911	1.8
856.12	1.8
856.329	1.8
856.538	1.8
856.747	1.8
856.956	1.8
857.165	1.8
857.374	1.8
857.584	1.8
857.793	1.8
858.002	1.8
858.211	1.9
858.42	1.9
858.629	1.9
858.839	1.9
859.048	1.9
859.257	1.9
859.466	1.9
859.676	1.9
859.885	1.9
860.094	1.9
860.304	1.9
860.513	1.9
860.722	1.8
860.932	1.8
861.141	1.8
861.35	1.8
861.56	1.8
861.769	1.8
861.978	1.8
862.188	1.8
862.397	1.8
862.607	1.8
862.816	1.8
863.026	1.9
863.235	1.9
863.445	1.9
863.654	1.9
863.864	1.8
864.073	1.8
864.283	1.8
864.492	1.8
864.702	1.8
864.911	1.9
865.121	1.8
865.33	1.8
865.54	1.9
865.75	1.9
865.959	1.8
866.169	1.8
866.379	1.8
866.588	1.8
866.798	1.8
867.008	1.8
867.218	1.9
867.427	1.9
867.637	1.9
867.847	1.9
868.057	1.9
868.266	1.9
868.476	1.9
868.686	1.9
868.896	1.9
869.106	1.9
869.316	2
869.525	2
869.735	2
869.945	2
870.155	1.9
870.365	2
870.575	2
870.785	2
870.995	2
871.205	2
871.415	2
871.625	2
871.835	1.9
872.045	2
872.255	2
872.465	2
872.675	2
872.886	2
873.096	2
873.306	2
873.516	2
873.726	2
873.936	2
874.147	2
874.357	2
874.567	2.1
874.777	2.1
874.988	2.1
875.198	2.1
875.408	2.1
875.619	2.1
875.829	2
876.039	2
876.25	2
876.46	2
876.67	2.1
876.881	2.1
877.091	2
877.302	2
877.512	2
877.723	2
877.933	2
878.144	2
878.354	2
878.565	2
878.775	2
878.986	2
879.197	2
879.407	2
879.618	2
879.829	2
880.039	2
880.25	2
880.461	2
880.671	2
880.882	2
881.093	2
881.304	2
881.515	2
881.725	2
881.936	2
882.147	2
882.358	2
882.569	2.1
882.78	2.1
882.991	2.1
883.202	2.1
883.413	2.1
883.624	2.1
883.835	2.1
884.046	2.1
884.257	2.1
884.468	2.1
884.679	2.1
884.89	2.1
885.101	2.1
885.312	2.1
885.523	2.1
885.735	2.1
885.946	2.1
886.157	2.1
886.368	2.2
886.579	2.1
886.791	2.1
887.002	2.1
887.213	2.2
887.425	2.2
887.636	2.2
887.847	2.2
888.059	2.2
888.27	2.2
888.481	2.2
888.693	2.2
888.904	2.2
889.116	2.2
889.327	2.2
889.539	2.1
889.75	2.1
889.962	2.1
890.174	2.1
890.385	2.1
890.597	2.1
890.808	2.1
891.02	2.1
891.232	2.1
891.444	2.1
891.655	2.1
891.867	2.1
892.079	2.1
892.291	2.1
892.502	2.1
892.714	2.1
892.926	2.1
893.138	2.1
893.35	2.1
893.562	2.1
893.774	2.1
893.986	2.1
894.198	2.1
894.41	2.1
894.622	2.1
894.834	2.1
895.046	2.1
895.258	2.1
895.47	2.1
895.682	2.1
895.894	2.1
896.106	2.1
896.319	2.1
896.531	2.1
896.743	2.1
896.955	2.1
897.168	2.1
897.38	2.1
897.592	2.1
897.805	2.2
898.017	2.2
898.229	2.2
898.442	2.2
898.654	2.2
898.867	2.2
899.079	2.2
899.292	2.2
899.504	2.2
899.717	2.2
899.929	2.2
900.142	2.2
900.355	2.2
900.567	2.2
900.78	2.2
900.993	2.2
901.205	2.2
901.418	2.2
901.631	2.2
901.844	2.2
902.056	2.2
902.269	2.2
902.482	2.2
902.695	2.2
902.908	2.2
903.121	2.2
903.334	2.2
903.547	2.2
903.76	2.2
903.973	2.2
904.186	2.2
904.399	2.2
904.612	2.2
904.825	2.2
905.038	2.2
905.251	2.2
905.465	2.2
905.678	2.2
905.891	2.2
906.104	2.2
906.318	2.2
906.531	2.1
906.744	2.1
906.958	2.2
907.171	2.2
907.384	2.2
907.598	2.2
907.811	2.2
908.025	2.2
908.238	2.2
908.452	2.2
908.665	2.2
908.879	2.2
909.093	2.2
909.306	2.2
909.52	2.2
909.734	2.2
909.947	2.2
910.161	2.2
910.375	2.2
910.589	2.2
910.803	2.2
911.016	2.3
911.23	2.3
911.444	2.3
911.658	2.3
911.872	2.3
912.086	2.3
912.3	2.3
912.514	2.3
912.728	2.3
912.942	2.3
913.156	2.3
913.37	2.3
913.585	2.3
913.799	2.3
914.013	2.3
914.227	2.3
914.442	2.3
914.656	2.4
914.87	2.4
915.084	2.4
915.299	2.4
915.513	2.4
915.728	2.4
915.942	2.4
916.157	2.4
916.371	2.4
916.586	2.4
916.8	2.5
917.015	2.5
917.229	2.5
917.444	2.5
917.659	2.5
917.874	2.5
918.088	2.5
918.303	2.5
918.518	2.5
918.733	2.5
918.947	2.5
919.162	2.5
919.377	2.5
919.592	2.5
919.807	2.6
920.022	2.6
920.237	2.6
920.452	2.6
920.667	2.6
920.882	2.6
921.097	2.6
921.313	2.6
921.528	2.6
921.743	2.5
921.958	2.5
922.174	2.5
922.389	2.5
922.604	2.5
922.82	2.5
923.035	2.5
923.25	2.5
923.466	2.5
923.681	2.5
923.897	2.5
924.112	2.5
924.328	2.5
924.544	2.5
924.759	2.5
924.975	2.6
925.19	2.6
925.406	2.6
925.622	2.6
925.838	2.6
926.054	2.6
926.269	2.7
926.485	2.7
926.701	2.7
926.917	2.7
927.133	2.7
927.349	2.7
927.565	2.7
927.781	2.7
927.997	2.7
928.213	2.7
928.429	2.7
928.646	2.7
928.862	2.7
929.078	2.7
929.294	2.7
929.511	2.7
929.727	2.7
929.943	2.8
930.16	2.8
930.376	2.8
930.592	2.8
930.809	2.8
931.025	2.8
931.242	2.8
931.459	2.8
931.675	2.8
931.892	2.9
932.108	2.9
932.325	2.9
932.542	2.9
932.759	2.9
932.975	2.9
933.192	2.9
933.409	2.9
933.626	2.9
933.843	2.9
934.06	3
934.277	3
934.494	3
934.711	3
934.928	3
935.145	3
935.362	3
935.58	3.1
935.797	3.1
936.014	3.2
936.231	3.2
936.449	3.1
936.666	3.1
936.883	3.2
937.101	3.2
937.318	3.2
937.536	3.3
937.753	3.3
937.971	3.3
938.188	3.3
938.406	3.3
938.624	3.4
938.841	3.4
939.059	3.4
939.277	3.4
939.494	3.4
939.712	3.4
939.93	3.5
