290.797 92.362
290.982 91.741
291.167 92.259
291.352 91.319
291.537 90.554
291.722 90.155
291.907 90.058
292.091 88.948
292.276 87.518
292.461 87.219
292.646 87.835
292.831 91.000
293.016 90.960
293.201 90.909
293.386 90.963
293.571 90.601
293.756 90.328
293.940 89.430
294.125 88.185
294.310 86.762
294.495 85.442
294.680 84.603
294.865 85.484
295.050 85.028
295.235 84.832
295.420 85.003
295.605 85.230
295.789 85.154
295.974 85.685
296.159 87.030
296.344 87.019
296.529 86.490
296.714 86.457
296.899 86.837
297.084 86.539
297.269 86.191
297.454 85.829
297.638 86.013
297.823 87.207
298.008 87.616
298.193 87.807
298.378 88.085
298.563 87.906
298.748 86.558
298.933 85.788
299.118 86.378
299.303 86.211
299.487 85.713
299.672 85.613
299.857 85.659
300.042 85.573
300.227 85.731
300.412 85.453
300.597 85.110
300.782 85.143
300.967 85.442
301.152 85.877
301.336 86.106
301.521 86.552
301.706 85.662
301.891 86.564
302.076 87.089
302.261 86.192
302.446 85.714
302.631 85.772
302.816 86.056
303.001 85.648
303.185 85.546
303.370 86.079
303.555 86.327
303.740 86.379
303.925 86.550
304.110 86.475
304.295 86.286
304.480 85.945
304.665 85.616
304.850 85.370
305.034 85.052
305.219 84.567
305.404 83.342
305.589 82.639
305.774 81.214
305.959 80.810
306.144 81.590
306.329 82.048
306.514 82.650
306.699 82.930
306.883 82.629
307.068 82.424
307.253 81.707
307.438 81.117
307.623 81.607
307.808 82.033
307.993 82.279
308.178 82.282
308.363 82.235
308.548 82.279
308.732 82.720
308.917 81.957
309.102 81.118
309.287 81.172
309.472 81.184
309.657 81.190
309.842 81.204
310.027 81.203
310.212 81.022
310.397 80.476
310.581 80.098
310.766 80.574
310.951 80.695
311.136 80.527
311.321 81.326
311.506 81.462
311.691 80.943
311.876 80.612
312.061 80.306
312.245 80.008
312.430 79.637
312.615 78.510
312.800 78.746
312.985 79.140
313.170 79.380
313.347 79.777
313.523 79.651
313.700 79.641
313.877 79.637
314.054 79.623
314.230 79.840
314.407 80.129
314.584 79.642
314.761 79.005
314.937 78.858
315.114 77.810
315.291 76.689
315.467 76.036
315.644 75.820
315.821 75.720
315.998 75.695
316.174 75.786
316.351 76.575
316.528 76.919
316.704 77.398
316.881 77.266
317.058 77.024
317.235 77.391
317.411 76.987
317.588 76.439
317.765 76.301
317.942 75.610
318.118 74.877
318.295 74.825
318.472 75.552
318.648 76.166
318.825 76.105
319.002 76.571
319.179 76.935
319.355 76.833
319.532 77.345
319.709 77.745
319.885 77.386
320.062 76.655
320.239 76.124
320.416 75.536
320.592 75.166
320.769 74.913
320.946 74.305
321.123 74.064
321.299 74.252
321.476 74.102
321.653 74.312
321.829 74.848
322.006 75.010
322.183 74.657
322.360 74.439
322.536 75.339
322.713 74.975
322.890 74.107
323.066 74.264
323.243 74.266
323.420 74.006
323.597 73.737
323.773 73.868
323.950 73.748
324.127 73.617
324.304 73.784
324.480 74.025
324.657 73.981
324.834 74.060
325.010 73.831
325.187 73.599
325.364 73.451
325.541 73.234
325.717 73.265
325.894 73.160
326.071 72.787
326.248 71.759
326.424 71.460
326.601 71.744
326.778 71.431
326.954 70.918
327.131 70.735
327.308 70.644
327.485 70.238
327.661 69.794
327.838 69.560
328.015 69.834
328.191 69.816
328.368 69.739
328.545 69.474
328.722 69.791
328.898 70.253
329.075 70.249
329.252 69.942
329.429 69.863
329.605 70.005
329.782 69.880
329.959 69.855
330.135 69.909
330.312 69.874
330.489 69.775
330.666 69.562
330.842 69.494
331.019 69.568
331.196 69.673
331.372 69.762
331.549 69.587
331.726 68.817
331.903 68.566
332.079 68.719
332.256 68.931
332.433 69.111
332.610 68.890
332.786 68.818
332.963 69.345
333.140 69.104
333.316 68.614
333.493 68.397
333.670 68.245
333.847 68.052
334.023 67.781
334.200 67.903
334.377 68.161
334.553 68.049
334.730 68.107
334.907 68.020
335.084 68.060
335.260 68.313
335.437 68.463
335.614 68.140
335.791 67.889
335.967 67.747
336.144 67.062
336.321 66.857
336.497 67.093
336.674 66.965
336.851 66.886
337.028 66.939
337.204 67.213
337.381 67.612
337.558 67.533
337.734 67.265
337.911 66.872
338.088 66.738
338.265 66.805
338.441 66.618
338.618 66.389
338.795 66.354
338.972 66.311
339.148 66.203
339.325 66.287
339.502 66.293
339.678 66.100
339.855 66.004
340.032 66.018
340.209 65.874
340.385 65.573
340.562 65.466
340.739 65.523
340.916 65.451
341.092 65.172
341.269 65.395
341.446 65.661
341.622 65.726
341.799 65.416
341.976 65.097
342.153 65.041
342.329 65.076
342.506 64.821
342.683 64.743
342.859 64.777
343.036 64.577
343.213 64.421
343.390 64.482
343.566 64.391
343.743 64.251
343.920 64.294
344.097 64.222
344.273 64.180
344.450 64.150
344.627 64.084
344.803 63.844
344.980 63.756
345.157 63.880
345.334 63.927
345.510 63.910
345.687 63.845
345.864 63.473
346.040 63.416
346.217 63.857
346.394 63.954
346.571 64.234
346.747 64.317
346.924 64.204
347.101 64.382
347.278 64.731
347.454 64.806
347.631 64.369
347.808 64.061
347.984 63.999
348.161 63.866
348.338 63.795
348.515 63.817
348.691 63.684
348.868 63.572
349.045 63.445
349.221 63.480
349.398 63.448
349.575 63.819
349.752 63.945
349.928 63.577
350.105 63.640
350.282 63.650
350.459 63.667
350.635 63.704
350.812 63.530
350.989 63.303
351.165 63.226
351.342 63.361
351.519 63.463
351.696 63.542
351.872 63.733
352.049 63.740
352.226 63.583
352.402 63.343
352.579 63.165
352.756 63.112
352.933 62.928
353.109 62.932
353.286 62.666
353.463 62.574
353.640 62.732
353.816 62.478
353.993 62.243
354.170 62.083
354.346 62.052
354.523 62.010
354.700 62.064
354.877 62.103
355.053 62.026
355.230 61.930
355.407 61.774
355.584 61.692
355.760 61.531
355.937 61.513
356.114 61.694
356.290 61.721
356.467 61.674
356.644 61.862
356.821 61.928
356.997 62.123
357.174 62.230
357.351 62.122
357.527 62.107
357.704 61.858
357.881 61.826
358.058 61.850
358.234 61.726
358.411 61.510
358.588 61.332
358.765 61.292
358.941 61.292
359.118 61.281
359.295 61.322
359.471 61.495
359.648 61.524
359.825 61.374
360.002 61.261
360.178 61.043
360.355 60.802
360.532 60.775
360.708 60.607
360.885 60.374
361.062 60.402
361.239 60.448
361.415 60.420
361.592 60.475
361.769 60.523
361.946 60.723
362.122 60.683
362.299 60.830
362.476 60.872
362.652 60.721
362.829 60.769
363.006 60.760
363.183 60.604
363.359 60.566
363.536 60.573
363.713 60.630
363.889 60.832
364.066 61.118
364.243 61.353
364.420 61.541
364.596 61.808
364.773 61.917
364.950 61.994
365.127 62.230
365.303 62.358
365.480 62.384
365.661 62.436
365.841 62.763
366.022 62.934
366.202 63.166
366.383 63.446
366.563 63.577
366.744 63.864
366.924 64.271
367.105 64.762
367.286 65.156
367.466 65.497
367.647 65.938
367.827 66.057
368.008 66.194
368.188 66.525
368.369 66.698
368.549 66.973
368.730 67.263
368.911 67.640
369.091 68.200
369.272 68.672
369.452 68.927
369.633 69.248
369.813 69.659
369.994 69.957
370.174 70.337
370.355 70.926
370.535 71.429
370.716 71.845
370.897 72.078
371.077 72.322
371.258 72.625
371.438 72.898
371.619 73.364
371.799 73.767
371.980 73.984
372.160 74.264
372.341 74.584
372.522 74.915
372.702 75.242
372.883 75.292
373.063 75.453
373.244 75.764
373.424 76.024
373.605 76.264
373.785 76.494
373.966 76.787
374.147 76.957
374.327 77.096
374.508 77.189
374.688 77.339
374.869 77.558
375.049 77.786
375.230 77.917
375.410 78.010
375.591 77.997
375.772 78.079
375.952 78.283
376.133 78.327
376.313 78.480
376.494 78.648
376.674 78.842
376.855 79.018
377.035 79.203
377.216 79.290
377.397 79.266
377.577 79.352
377.758 79.450
377.938 79.481
378.119 79.260
378.299 79.214
378.480 79.325
378.660 79.399
378.841 79.366
379.021 79.397
379.202 79.513
379.383 79.618
379.563 79.627
379.744 79.570
379.924 79.638
380.105 79.569
380.285 79.531
380.466 79.635
380.646 79.613
380.827 79.483
381.008 79.478
381.188 79.483
381.369 79.483
381.549 79.426
381.730 79.360
381.910 79.527
382.091 79.700
382.271 79.724
382.452 79.751
382.633 79.827
382.813 79.874
382.994 79.821
383.174 79.844
383.355 79.956
383.535 80.026
383.716 80.037
383.896 80.039
384.077 80.013
384.258 79.875
384.438 79.889
384.619 79.958
384.799 79.937
384.980 80.015
385.160 80.034
385.341 80.063
385.521 80.125
385.702 80.042
385.882 79.943
386.063 79.950
386.244 79.925
386.424 79.895
386.605 79.859
386.785 79.890
386.966 79.939
387.146 80.038
387.327 80.067
387.507 80.108
387.688 80.109
387.869 80.106
388.049 80.151
388.230 80.157
388.410 80.186
388.591 80.159
388.771 80.034
388.952 79.994
389.132 80.024
389.313 80.016
389.494 80.113
389.674 80.125
389.855 80.041
390.035 80.058
390.216 80.070
390.396 80.105
390.577 80.121
390.757 80.115
390.938 80.030
391.119 80.004
391.299 79.930
391.480 79.950
391.660 79.914
391.841 79.870
392.021 79.895
392.202 79.856
392.382 79.886
392.563 79.962
392.743 79.992
392.924 79.997
393.105 79.893
393.285 79.820
393.466 79.863
393.646 79.910
393.827 79.867
394.007 79.879
394.188 79.860
394.368 79.925
394.549 79.976
394.730 79.894
394.910 79.846
395.091 79.852
395.271 79.829
395.452 79.837
395.632 79.863
395.813 79.915
395.993 80.020
396.174 80.028
396.355 80.013
396.535 79.963
396.716 79.859
396.896 79.932
397.077 79.968
397.257 79.956
397.438 79.994
397.618 80.027
397.799 79.986
397.980 79.982
398.160 79.885
398.341 79.865
398.521 79.924
398.702 79.974
398.882 79.985
399.063 79.967
399.243 79.948
399.424 79.966
399.605 79.968
399.785 79.845
399.966 79.825
400.146 79.816
400.327 79.812
400.507 79.869
400.688 79.907
400.868 79.932
401.049 79.936
401.229 79.876
401.410 79.893
401.591 79.963
401.771 80.002
401.952 80.031
402.132 80.017
402.313 79.954
402.493 79.940
402.674 79.986
402.854 80.002
403.035 80.008
403.216 79.954
403.396 79.868
403.577 79.879
403.757 79.879
403.938 79.914
404.118 79.980
404.299 79.956
404.479 79.935
404.660 79.888
404.841 79.823
405.023 79.839
405.204 79.882
405.385 79.889
405.566 79.898
405.748 79.875
405.929 79.800
406.110 79.792
406.292 79.759
406.473 79.692
406.654 79.674
406.835 79.641
407.017 79.639
407.198 79.627
407.379 79.628
407.560 79.638
407.742 79.666
407.923 79.702
408.104 79.737
408.286 79.680
408.467 79.616
408.648 79.636
408.829 79.674
409.011 79.649
409.192 79.593
409.373 79.541
409.555 79.544
409.736 79.546
409.917 79.531
410.098 79.514
410.280 79.558
410.461 79.627
410.642 79.679
410.823 79.707
411.005 79.733
411.186 79.748
411.367 79.770
411.549 79.702
411.730 79.609
411.911 79.588
412.092 79.593
412.274 79.624
412.455 79.627
412.636 79.602
412.818 79.572
412.999 79.543
413.180 79.528
413.361 79.515
413.543 79.525
413.724 79.575
413.905 79.627
414.087 79.600
414.268 79.509
414.449 79.483
414.630 79.464
414.812 79.483
414.993 79.477
415.174 79.432
415.355 79.415
415.537 79.414
415.718 79.408
415.899 79.432
416.081 79.411
416.262 79.364
416.443 79.336
416.624 79.313
416.806 79.343
416.987 79.356
417.168 79.377
417.350 79.351
417.531 79.298
417.712 79.221
417.893 79.186
418.075 79.231
418.256 79.231
418.437 79.247
418.618 79.264
418.800 79.266
418.981 79.258
419.162 79.274
419.344 79.282
419.525 79.267
419.706 79.265
419.887 79.269
420.069 79.287
420.250 79.307
420.431 79.324
420.613 79.296
420.794 79.272
420.975 79.216
421.156 79.211
421.338 79.255
421.519 79.317
421.700 79.309
421.882 79.282
422.063 79.278
422.244 79.300
422.425 79.350
422.607 79.387
422.788 79.373
422.969 79.359
423.150 79.344
423.332 79.329
423.513 79.306
423.694 79.320
423.876 79.360
424.057 79.381
424.238 79.365
424.419 79.387
424.601 79.397
424.782 79.445
424.963 79.466
425.145 79.440
425.326 79.408
425.507 79.438
425.688 79.424
425.870 79.400
426.051 79.357
426.232 79.267
426.413 79.223
426.595 79.231
426.776 79.213
426.957 79.224
427.139 79.234
427.320 79.241
427.501 79.236
427.682 79.207
427.864 79.182
428.045 79.166
428.226 79.147
428.408 79.154
428.589 79.123
428.770 79.117
428.951 79.129
429.133 79.104
429.314 79.080
429.495 79.089
429.677 79.125
429.858 79.128
430.039 79.135
430.220 79.106
430.402 79.115
430.583 79.155
430.764 79.138
430.945 79.112
431.127 79.083
431.308 79.047
431.489 79.034
431.671 78.994
431.852 78.970
432.033 78.967
432.214 78.939
432.396 78.903
432.577 78.909
432.758 78.937
432.940 78.979
433.121 78.978
433.302 78.960
433.483 78.931
433.665 78.893
433.846 78.856
434.027 78.866
434.208 78.867
434.390 78.836
434.571 78.837
434.752 78.871
434.934 78.903
435.115 78.927
435.296 78.904
435.477 78.906
435.659 78.923
435.840 78.919
436.030 78.946
436.220 78.963
436.410 78.945
436.600 78.906
436.790 78.882
436.980 78.878
437.170 78.902
437.360 78.906
437.550 78.933
437.741 78.976
437.931 78.980
438.121 78.975
438.311 78.973
438.501 78.956
438.691 78.926
438.881 78.892
439.071 78.850
439.261 78.865
439.451 78.896
439.641 78.903
439.831 78.904
440.021 78.896
440.211 78.894
440.401 78.880
440.591 78.881
440.781 78.885
440.971 78.885
441.161 78.878
441.351 78.894
441.542 78.901
441.732 78.866
441.922 78.846
442.112 78.830
442.302 78.836
442.492 78.879
442.682 78.906
442.872 78.919
443.062 78.919
443.252 78.918
443.442 78.898
443.632 78.883
443.822 78.860
444.012 78.842
444.202 78.850
444.392 78.849
444.582 78.826
444.772 78.806
444.962 78.806
445.153 78.789
445.343 78.764
445.533 78.744
445.723 78.751
445.913 78.773
446.103 78.787
446.293 78.800
446.483 78.766
446.673 78.749
446.863 78.745
447.053 78.774
447.243 78.765
447.433 78.761
447.623 78.763
447.813 78.747
448.003 78.739
448.193 78.727
448.383 78.733
448.573 78.755
448.764 78.763
448.954 78.758
449.144 78.779
449.334 78.778
449.524 78.778
449.714 78.772
449.904 78.753
450.094 78.747
450.284 78.729
450.474 78.704
450.664 78.688
450.854 78.706
451.044 78.697
451.234 78.708
451.424 78.730
451.614 78.740
451.804 78.766
451.994 78.764
452.184 78.771
452.375 78.776
452.565 78.787
452.755 78.793
452.945 78.797
453.135 78.778
453.325 78.793
453.515 78.797
453.705 78.777
453.895 78.758
454.085 78.753
454.275 78.742
454.465 78.750
454.655 78.764
454.845 78.768
455.035 78.758
455.225 78.737
455.415 78.729
455.605 78.729
455.795 78.717
455.985 78.716
456.176 78.732
456.366 78.731
456.556 78.710
456.746 78.700
456.936 78.689
457.126 78.678
457.316 78.654
457.506 78.655
457.696 78.667
457.886 78.684
458.076 78.708
458.266 78.739
458.456 78.752
458.646 78.739
458.836 78.714
459.026 78.719
459.216 78.742
459.406 78.714
459.596 78.705
459.787 78.713
459.977 78.725
460.167 78.692
460.357 78.703
460.547 78.728
460.737 78.730
460.927 78.746
461.117 78.773
461.307 78.805
461.497 78.789
461.687 78.789
461.877 78.796
462.067 78.783
462.257 78.779
462.447 78.794
462.637 78.804
462.827 78.824
463.017 78.824
463.207 78.814
463.397 78.833
463.588 78.851
463.778 78.852
463.968 78.850
464.158 78.874
464.348 78.863
464.538 78.839
464.728 78.833
464.918 78.835
465.108 78.824
465.298 78.801
465.488 78.829
465.678 78.853
465.868 78.857
466.058 78.865
466.248 78.866
466.438 78.858
466.628 78.855
466.818 78.854
467.008 78.861
467.199 78.851
467.389 78.861
467.579 78.880
467.769 78.912
467.959 78.916
468.149 78.904
468.339 78.914
468.529 78.934
468.719 78.937
468.909 78.938
469.099 78.938
469.289 78.941
469.479 78.941
469.669 78.932
469.859 78.933
470.049 78.940
470.239 78.949
470.429 78.966
470.619 78.988
470.810 78.994
471.000 79.009
471.190 79.036
471.380 79.051
471.570 79.036
471.760 79.007
471.950 79.018
472.140 79.036
472.330 79.041
472.520 79.050
472.710 79.074
472.900 79.082
473.090 79.101
473.280 79.119
473.470 79.126
473.660 79.136
473.850 79.154
474.040 79.171
474.230 79.178
474.421 79.181
474.611 79.184
474.801 79.167
474.991 79.154
475.181 79.161
475.371 79.165
475.561 79.172
475.751 79.193
475.941 79.189
476.131 79.190
476.321 79.197
476.511 79.191
476.701 79.190
476.891 79.192
477.081 79.183
477.271 79.184
477.461 79.192
477.651 79.203
477.841 79.206
478.031 79.190
478.222 79.167
478.412 79.159
478.602 79.161
478.792 79.173
478.982 79.188
479.172 79.189
479.362 79.184
479.552 79.201
479.742 79.212
479.932 79.214
480.122 79.219
480.312 79.225
480.502 79.236
480.692 79.249
480.882 79.263
481.072 79.272
481.262 79.277
481.452 79.289
481.642 79.291
481.833 79.301
482.023 79.314
482.213 79.328
482.403 79.334
482.593 79.337
482.783 79.354
482.973 79.366
483.163 79.379
483.353 79.387
483.543 79.368
483.733 79.372
483.923 79.397
484.113 79.409
484.303 79.413
484.493 79.422
484.683 79.417
484.873 79.410
485.063 79.422
485.253 79.432
485.443 79.433
485.634 79.447
485.824 79.447
486.014 79.452
486.204 79.469
486.394 79.488
486.584 79.492
486.774 79.490
486.964 79.495
487.154 79.496
487.344 79.503
487.534 79.519
487.724 79.518
487.914 79.517
488.104 79.525
488.294 79.528
488.484 79.528
488.674 79.544
488.864 79.558
489.054 79.566
489.245 79.565
489.435 79.556
489.625 79.555
489.815 79.570
490.005 79.582
490.195 79.589
490.385 79.589
490.575 79.583
490.765 79.578
490.955 79.584
491.145 79.593
491.335 79.583
491.525 79.583
491.715 79.581
491.905 79.587
492.095 79.580
492.285 79.581
492.475 79.589
492.665 79.582
492.856 79.579
493.046 79.574
493.236 79.584
493.426 79.604
493.616 79.597
493.806 79.584
493.996 79.587
494.186 79.592
494.376 79.592
494.566 79.618
494.756 79.641
494.946 79.644
495.136 79.650
495.326 79.667
495.516 79.676
495.706 79.687
495.896 79.691
496.086 79.709
496.276 79.725
496.467 79.740
496.657 79.755
496.847 79.765
497.037 79.774
497.227 79.768
497.417 79.766
497.607 79.780
497.797 79.796
497.987 79.797
498.177 79.804
498.367 79.815
498.557 79.803
498.747 79.799
498.937 79.814
499.127 79.829
499.317 79.842
499.507 79.852
499.697 79.848
499.887 79.847
500.077 79.853
500.268 79.861
500.458 79.854
500.648 79.860
500.838 79.864
501.028 79.873
501.218 79.889
501.408 79.890
501.598 79.890
501.788 79.895
501.978 79.901
502.168 79.905
502.358 79.923
502.548 79.950
502.738 79.963
502.928 79.963
503.118 79.961
503.308 79.969
503.498 79.977
503.688 79.997
503.879 80.017
504.069 80.013
504.259 80.011
504.449 80.025
504.639 80.033
504.829 80.049
505.019 80.052
505.209 80.061
505.399 80.074
505.589 80.083
505.779 80.090
505.969 80.101
506.159 80.108
506.349 80.093
506.539 80.085
506.729 80.087
506.919 80.096
507.109 80.098
507.299 80.096
507.490 80.098
507.680 80.096
507.870 80.093
508.060 80.099
508.250 80.105
508.440 80.113
508.630 80.109
508.820 80.107
509.010 80.115
509.200 80.110
509.390 80.109
509.580 80.116
509.770 80.123
509.960 80.124
510.150 80.130
510.340 80.138
510.530 80.139
510.720 80.142
510.910 80.170
511.100 80.225
511.291 80.236
511.481 80.253
511.671 80.271
511.861 80.272
512.051 80.281
512.241 80.288
512.431 80.279
512.621 80.289
512.811 80.294
513.001 80.308
513.191 80.327
513.381 80.336
513.571 80.334
513.761 80.335
513.951 80.346
514.141 80.352
514.331 80.376
514.521 80.392
514.711 80.390
514.902 80.366
515.092 80.316
515.282 80.314
515.472 80.307
515.662 80.300
515.852 80.298
516.042 80.296
516.232 80.305
516.422 80.316
516.612 80.324
516.802 80.332
516.992 80.326
517.182 80.332
517.372 80.345
517.562 80.361
517.752 80.371
517.942 80.369
518.132 80.381
518.322 80.385
518.513 80.380
518.703 80.389
518.893 80.392
519.083 80.399
519.273 80.404
519.463 80.411
519.653 80.421
519.843 80.435
520.033 80.446
520.223 80.446
520.413 80.450
520.603 80.443
520.793 80.439
520.983 80.444
521.173 80.446
521.363 80.448
521.553 80.441
521.743 80.431
521.933 80.421
522.123 80.408
522.314 80.400
522.504 80.404
522.694 80.412
522.884 80.419
523.074 80.427
523.264 80.433
523.454 80.431
523.644 80.433
523.834 80.441
524.024 80.442
524.214 80.438
524.404 80.436
524.594 80.446
524.784 80.453
524.974 80.452
525.164 80.449
525.354 80.463
525.544 80.493
525.734 80.512
525.925 80.527
526.115 80.530
526.305 80.525
526.495 80.526
526.685 80.523
526.875 80.531
527.065 80.535
527.255 80.533
527.445 80.538
527.635 80.549
527.825 80.550
528.015 80.560
528.205 80.572
528.395 80.583
528.585 80.583
528.775 80.577
528.965 80.580
529.155 80.590
529.345 80.580
529.535 80.570
529.726 80.573
529.916 80.584
530.106 80.594
530.296 80.604
530.486 80.612
530.676 80.620
530.866 80.614
531.056 80.610
531.246 80.619
531.436 80.619
531.626 80.613
531.816 80.620
532.006 80.621
532.196 80.626
532.386 80.635
532.576 80.642
532.766 80.652
532.956 80.666
533.146 80.675
533.337 80.678
533.527 80.676
533.717 80.673
533.907 80.664
534.097 80.666
534.287 80.676
534.477 80.680
534.667 80.683
534.857 80.693
535.047 80.698
535.237 80.702
535.427 80.711
535.617 80.721
535.807 80.723
535.997 80.729
536.187 80.732
536.377 80.740
536.567 80.754
536.757 80.771
536.948 80.770
537.138 80.761
537.328 80.760
537.518 80.766
537.708 80.765
537.898 80.776
538.088 80.785
538.278 80.793
538.468 80.819
538.658 80.836
538.848 80.840
539.038 80.847
539.228 80.851
539.418 80.858
539.608 80.866
539.798 80.870
539.988 80.868
540.178 80.881
540.368 80.887
540.558 80.896
540.749 80.904
540.939 80.915
541.129 80.935
541.319 80.949
541.509 80.966
541.699 80.980
541.889 80.983
542.079 80.987
542.269 81.000
542.459 80.993
542.649 80.984
542.839 80.998
543.029 81.006
543.219 81.021
543.409 81.033
543.599 81.045
543.789 81.053
543.979 81.063
544.169 81.073
544.360 81.081
544.550 81.087
544.740 81.094
544.930 81.106
545.120 81.104
545.310 81.107
545.500 81.108
545.690 81.122
545.880 81.135
546.070 81.145
546.267 81.139
546.463 81.147
546.660 81.163
546.857 81.166
547.054 81.176
547.251 81.181
547.447 81.196
547.644 81.204
547.841 81.216
548.038 81.230
548.234 81.233
548.431 81.235
548.628 81.238
548.825 81.250
549.021 81.260
549.218 81.269
549.415 81.284
549.612 81.293
549.808 81.296
550.005 81.296
550.202 81.298
550.399 81.313
550.595 81.321
550.792 81.332
550.989 81.341
551.186 81.346
551.382 81.350
551.579 81.347
551.776 81.349
551.973 81.362
552.169 81.372
552.366 81.385
552.563 81.397
552.760 81.406
552.956 81.399
553.153 81.396
553.350 81.401
553.547 81.401
553.743 81.407
553.940 81.413
554.137 81.424
554.334 81.427
554.530 81.429
554.727 81.434
554.924 81.439
555.121 81.441
555.317 81.448
555.514 81.449
555.711 81.452
555.908 81.446
556.104 81.438
556.301 81.438
556.498 81.441
556.695 81.441
556.891 81.441
557.088 81.448
557.285 81.454
557.482 81.456
557.678 81.455
557.875 81.446
558.072 81.445
558.269 81.447
558.465 81.456
558.662 81.462
558.859 81.459
559.056 81.449
559.252 81.439
559.449 81.426
559.646 81.421
559.843 81.421
560.039 81.426
560.236 81.428
560.433 81.419
560.630 81.409
560.826 81.403
561.023 81.395
561.220 81.383
561.417 81.374
561.613 81.376
561.810 81.384
562.007 81.399
562.204 81.399
562.400 81.387
562.597 81.383
562.794 81.370
562.991 81.366
563.187 81.365
563.384 81.362
563.581 81.360
563.778 81.366
563.974 81.367
564.171 81.367
564.368 81.350
564.565 81.348
564.761 81.348
564.958 81.345
565.155 81.339
565.352 81.343
565.548 81.337
565.745 81.328
565.942 81.322
566.139 81.304
566.335 81.295
566.532 81.296
566.729 81.289
566.926 81.288
567.122 81.283
567.319 81.282
567.516 81.283
567.713 81.290
567.909 81.290
568.106 81.282
568.303 81.276
568.500 81.286
568.696 81.290
568.893 81.279
569.090 81.273
569.287 81.265
569.483 81.255
569.680 81.252
569.877 81.246
570.074 81.236
570.270 81.230
570.467 81.230
570.664 81.230
570.861 81.225
571.057 81.225
571.254 81.226
571.451 81.218
571.648 81.221
571.844 81.220
572.041 81.203
572.238 81.199
572.435 81.198
572.631 81.185
572.828 81.179
573.025 81.179
573.222 81.181
573.418 81.185
573.615 81.189
573.812 81.192
574.009 81.189
574.205 81.189
574.402 81.181
574.599 81.174
574.796 81.168
574.992 81.157
575.189 81.148
575.386 81.150
575.583 81.153
575.779 81.149
575.976 81.141
576.173 81.139
576.370 81.133
576.567 81.122
576.763 81.120
576.960 81.119
577.158 81.112
577.356 81.103
577.554 81.097
577.752 81.088
577.950 81.079
578.148 81.076
578.346 81.073
578.544 81.078
578.742 81.076
578.940 81.074
579.138 81.082
579.336 81.078
579.534 81.059
579.732 81.039
579.930 81.023
580.128 81.018
580.326 81.018
580.524 81.006
580.722 80.998
580.920 80.998
581.118 81.000
581.316 80.993
581.514 80.992
581.712 80.987
581.909 80.972
582.107 80.963
582.305 80.958
582.503 80.956
582.701 80.955
582.899 80.950
583.097 80.937
583.295 80.931
583.493 80.930
583.691 80.936
583.889 80.940
584.087 80.932
584.285 80.925
584.483 80.920
584.681 80.927
584.879 80.930
585.077 80.923
585.275 80.908
585.473 80.908
585.671 80.895
585.869 80.889
586.067 80.897
586.265 80.900
586.463 80.892
586.661 80.873
586.859 80.863
587.057 80.858
587.255 80.858
587.453 80.850
587.651 80.840
587.849 80.833
588.047 80.826
588.245 80.829
588.443 80.830
588.641 80.826
588.839 80.809
589.037 80.795
589.235 80.781
589.433 80.768
589.631 80.755
589.829 80.742
590.027 80.725
590.225 80.706
590.423 80.690
590.621 80.679
590.819 80.666
591.017 80.651
591.215 80.643
591.413 80.633
591.611 80.616
591.809 80.604
592.006 80.589
592.204 80.578
592.402 80.563
592.600 80.542
592.798 80.526
592.996 80.520
593.194 80.514
593.392 80.508
593.590 80.505
593.788 80.491
593.986 80.483
594.184 80.477
594.382 80.464
594.580 80.452
594.778 80.446
594.976 80.436
595.174 80.426
595.372 80.410
595.570 80.394
595.768 80.381
595.966 80.363
596.164 80.352
596.362 80.339
596.560 80.324
596.758 80.321
596.956 80.309
597.154 80.299
597.352 80.289
597.550 80.274
597.748 80.255
597.946 80.243
598.144 80.224
598.342 80.202
598.540 80.193
598.738 80.185
598.936 80.167
599.134 80.151
599.332 80.147
599.530 80.148
599.728 80.133
599.926 80.119
600.124 80.116
600.322 80.102
600.520 80.081
600.718 80.070
600.916 80.056
601.114 80.047
601.312 80.034
601.510 80.016
601.708 80.011
601.905 79.998
602.103 79.988
602.301 79.991
602.499 79.994
602.697 79.975
602.895 79.958
603.093 79.951
603.291 79.938
603.489 79.906
603.687 79.874
603.885 79.868
604.083 79.858
604.281 79.831
604.479 79.815
604.677 79.808
604.875 79.792
605.073 79.775
605.271 79.776
605.469 79.751
605.667 79.736
605.865 79.713
606.063 79.697
606.261 79.681
606.459 79.660
606.657 79.638
606.855 79.628
607.053 79.610
607.251 79.579
607.449 79.564
607.647 79.553
607.845 79.540
608.043 79.515
608.241 79.497
608.439 79.489
608.637 79.480
608.835 79.476
609.033 79.475
609.231 79.456
609.429 79.421
609.627 79.408
609.825 79.385
610.023 79.368
610.221 79.355
610.419 79.343
610.617 79.332
610.815 79.322
611.013 79.309
611.211 79.306
611.409 79.306
611.607 79.296
611.804 79.289
612.002 79.277
612.200 79.269
612.398 79.261
612.596 79.250
612.794 79.228
612.992 79.203
613.190 79.184
613.388 79.171
613.586 79.156
613.784 79.140
613.982 79.126
614.180 79.111
614.378 79.101
614.576 79.079
614.774 79.056
614.972 79.038
615.170 79.023
615.368 78.998
615.566 78.983
615.764 78.969
615.962 78.947
616.160 78.929
616.358 78.912
616.556 78.897
616.754 78.880
616.952 78.870
617.150 78.857
617.348 78.844
617.546 78.837
617.744 78.828
617.942 78.827
618.140 78.824
618.338 78.811
618.536 78.792
618.734 78.784
618.932 78.778
619.130 78.769
619.328 78.755
619.526 78.752
619.724 78.738
619.922 78.734
620.120 78.730
620.318 78.716
620.516 78.702
620.714 78.695
620.912 78.697
621.110 78.682
621.308 78.671
621.506 78.659
621.704 78.641
621.901 78.620
622.099 78.597
622.297 78.584
622.495 78.574
622.693 78.556
622.891 78.531
623.089 78.514
623.287 78.506
623.485 78.497
623.683 78.483
623.881 78.476
624.079 78.468
624.277 78.452
624.475 78.440
624.673 78.426
624.871 78.405
625.069 78.381
625.267 78.379
625.465 78.367
625.663 78.354
625.861 78.337
626.059 78.326
626.257 78.314
626.455 78.304
626.653 78.296
626.851 78.300
627.049 78.307
627.247 78.298
627.445 78.281
627.643 78.262
627.841 78.240
628.039 78.216
628.237 78.194
628.435 78.186
628.633 78.178
628.831 78.173
629.029 78.158
629.227 78.138
629.425 78.117
629.623 78.106
629.821 78.097
630.019 78.089
630.217 78.077
630.415 78.063
630.613 78.051
630.811 78.055
631.009 78.046
631.207 78.032
631.405 78.030
631.603 78.024
631.801 78.020
631.998 78.022
632.196 78.020
632.394 78.006
632.592 77.991
632.790 77.979
632.988 77.956
633.186 77.951
633.384 77.947
633.582 77.929
633.780 77.902
633.978 77.890
634.176 77.888
634.374 77.881
634.572 77.872
634.770 77.863
634.968 77.834
635.166 77.811
635.364 77.791
635.562 77.761
635.760 77.730
635.958 77.707
636.156 77.687
636.354 77.673
636.552 77.657
636.750 77.636
636.948 77.621
637.146 77.695
637.344 77.834
637.542 77.809
637.740 77.803
637.938 77.801
638.136 77.774
638.334 77.747
638.532 77.739
638.730 77.729
638.928 77.707
639.126 77.687
639.324 77.676
639.522 77.664
639.720 77.680
639.918 77.725
640.116 77.729
640.314 77.722
640.512 77.715
640.710 77.717
640.908 77.723
641.106 77.722
641.304 77.639
641.502 77.479
641.699 77.482
641.897 77.474
642.095 77.467
642.293 77.469
642.491 77.467
642.689 77.458
642.887 77.453
643.085 77.452
643.283 77.450
643.481 77.444
643.679 77.441
643.877 77.409
644.075 77.352
644.273 77.327
644.471 77.316
644.669 77.307
644.867 77.304
645.065 77.289
645.263 77.267
645.461 77.246
645.659 77.229
645.857 77.209
646.055 77.198
646.253 77.190
646.451 77.191
646.649 77.194
646.847 77.192
647.045 77.184
647.243 77.179
647.441 77.179
647.639 77.168
647.837 77.156
648.035 77.159
648.233 77.152
648.431 77.148
648.629 77.143
648.827 77.136
649.025 77.124
649.223 77.110
649.421 77.106
649.619 77.100
649.817 77.094
650.015 77.091
650.213 77.084
650.411 77.072
650.609 77.044
650.807 77.027
651.005 77.007
651.203 76.990
651.401 76.973
651.599 76.953
651.796 76.946
651.994 76.939
652.192 76.927
652.390 76.926
652.588 76.914
652.786 76.899
652.984 76.888
653.182 76.870
653.380 76.859
653.578 76.849
653.776 76.839
653.974 76.830
654.172 76.821
654.370 76.809
654.568 76.800
654.766 76.800
654.964 76.783
655.162 76.772
655.360 76.764
655.558 76.746
655.756 76.733
655.954 76.715
656.152 76.702
656.350 76.689
656.548 76.677
656.746 76.673
656.944 76.662
657.142 76.651
657.340 76.640
657.538 76.626
657.736 76.613
657.934 76.600
658.132 76.589
658.330 76.586
658.528 76.566
658.726 76.547
658.924 76.532
659.122 76.523
659.320 76.509
659.518 76.499
659.716 76.499
659.914 76.496
660.112 76.492
660.310 76.488
660.508 76.470
660.706 76.450
660.904 76.443
661.102 76.431
661.300 76.415
661.498 76.403
661.696 76.396
661.893 76.379
662.091 76.374
662.289 76.372
662.487 76.358
662.685 76.356
662.883 76.359
663.081 76.358
663.279 76.351
663.477 76.341
663.675 76.339
663.873 76.332
664.071 76.314
664.269 76.296
664.467 76.288
664.665 76.283
664.863 76.269
665.061 76.248
665.259 76.241
665.457 76.225
665.655 76.213
665.853 76.208
666.051 76.215
666.249 76.207
666.447 76.195
666.645 76.184
666.843 76.177
667.041 76.162
667.239 76.158
667.437 76.154
667.635 76.146
667.833 76.119
668.031 76.108
668.229 76.107
668.427 76.099
668.625 76.076
668.823 76.063
669.021 76.070
669.219 76.074
669.417 76.071
669.615 76.064
669.813 76.066
670.011 76.069
670.209 76.067
670.407 76.056
670.605 76.052
670.803 76.053
671.001 76.038
671.199 76.021
671.397 75.996
671.595 75.970
671.792 75.958
671.990 75.956
672.188 75.948
672.386 75.938
672.584 75.928
672.782 75.922
672.980 75.912
673.178 75.900
673.376 75.891
673.574 75.876
673.772 75.864
673.970 75.843
674.168 75.832
674.366 75.817
674.564 75.819
674.762 75.802
674.960 75.784
675.158 75.796
675.356 75.799
675.554 75.795
675.752 75.794
675.950 75.799
676.148 75.796
676.346 75.789
676.544 75.773
676.742 75.769
676.940 75.772
677.138 75.770
677.336 75.765
677.534 75.756
677.732 75.757
677.930 75.770
678.128 75.778
678.326 75.768
678.524 75.765
678.722 75.752
678.920 75.741
679.118 75.730
679.316 75.706
679.514 75.698
679.712 75.697
679.910 75.696
680.108 75.676
680.306 75.665
680.504 75.667
680.702 75.675
680.900 75.677
681.098 75.667
681.296 75.654
681.494 75.638
681.691 75.639
681.889 75.629
682.087 75.612
682.285 75.595
682.483 75.585
682.681 75.576
682.879 75.572
683.077 75.574
683.275 75.576
683.473 75.589
683.671 75.578
683.869 75.560
684.067 75.543
684.265 75.537
684.463 75.533
684.661 75.524
684.859 75.518
685.057 75.514
685.255 75.517
685.453 75.524
685.651 75.526
685.849 75.515
686.047 75.506
686.245 75.497
686.443 75.498
686.641 75.493
686.839 75.490
687.037 75.483
687.235 75.486
687.433 75.480
687.631 75.462
687.829 75.469
688.027 75.476
688.225 75.483
688.423 75.483
688.621 75.480
688.819 75.466
689.017 75.452
689.215 75.438
689.413 75.435
689.611 75.426
689.809 75.428
690.007 75.428
690.205 75.431
690.403 75.430
690.601 75.425
690.799 75.423
690.997 75.421
691.195 75.418
691.393 75.421
691.591 75.429
691.788 75.430
691.986 75.420
692.184 75.407
692.382 75.402
692.580 75.396
692.778 75.396
692.976 75.395
693.174 75.389
693.372 75.391
693.570 75.387
693.768 75.389
693.966 75.387
694.164 75.392
694.362 75.391
694.560 75.390
694.758 75.383
694.956 75.377
695.154 75.369
695.352 75.361
695.550 75.337
695.748 75.313
695.946 75.310
696.144 75.307
696.342 75.314
696.540 75.317
696.744 75.326
696.948 75.334
697.152 75.346
697.357 75.350
697.561 75.358
697.765 75.358
697.969 75.359
698.173 75.345
698.377 75.327
698.581 75.318
698.786 75.320
698.990 75.327
699.194 75.334
699.398 75.337
699.602 75.343
699.806 75.345
700.010 75.353
700.215 75.356
700.419 75.361
700.623 75.349
700.827 75.349
701.031 75.330
701.235 75.304
701.440 75.288
701.644 75.282
701.848 75.269
702.052 75.268
702.256 75.279
702.460 75.296
702.664 75.316
702.869 75.312
703.073 75.305
703.277 75.301
703.481 75.294
703.685 75.291
703.889 75.288
704.093 75.280
704.298 75.276
704.502 75.260
704.706 75.261
704.910 75.273
705.114 75.252
705.318 75.258
705.522 75.287
705.727 75.302
705.931 75.312
706.135 75.319
706.339 75.316
706.543 75.306
706.747 75.287
706.951 75.268
707.156 75.273
707.360 75.273
707.564 75.270
707.768 75.263
707.972 75.255
708.176 75.246
708.380 75.251
708.585 75.261
708.789 75.284
708.993 75.284
709.197 75.284
709.401 75.300
709.605 75.317
709.810 75.311
710.014 75.298
710.218 75.291
710.422 75.284
710.626 75.273
710.830 75.253
711.034 75.247
711.239 75.249
711.443 75.243
711.647 75.241
711.851 75.239
712.055 75.244
712.259 75.266
712.463 75.275
712.668 75.276
712.872 75.258
713.076 75.233
713.280 75.232
713.484 75.221
713.688 75.215
713.892 75.203
714.097 75.189
714.301 75.188
714.505 75.195
714.709 75.205
714.913 75.213
715.117 75.227
715.321 75.234
715.526 75.227
715.730 75.235
715.934 75.228
716.138 75.232
716.342 75.227
716.546 75.207
716.750 75.205
716.955 75.213
717.159 75.223
717.363 75.220
717.567 75.210
717.771 75.217
717.975 75.229
718.180 75.221
718.384 75.219
718.588 75.218
718.792 75.198
718.996 75.174
719.200 75.159
719.404 75.154
719.609 75.150
719.813 75.147
720.017 75.127
720.221 75.121
720.425 75.110
720.629 75.102
720.833 75.099
721.038 75.096
721.242 75.084
721.446 75.080
721.650 75.092
721.854 75.094
722.058 75.091
722.262 75.082
722.467 75.083
722.671 75.090
722.875 75.091
723.079 75.088
723.283 75.091
723.487 75.093
723.691 75.084
723.896 75.081
724.100 75.090
724.304 75.119
724.508 75.135
724.712 75.142
724.916 75.162
725.120 75.163
725.325 75.151
725.529 75.145
725.733 75.133
725.937 75.131
726.141 75.129
726.345 75.122
726.550 75.121
726.754 75.134
726.958 75.128
727.162 75.121
727.366 75.136
727.570 75.143
727.774 75.153
727.979 75.161
728.183 75.168
728.387 75.164
728.591 75.160
728.795 75.155
728.999 75.149
729.203 75.137
729.408 75.141
729.612 75.141
729.816 75.154
730.020 75.164
730.224 75.157
730.428 75.148
730.632 75.154
730.837 75.145
731.041 75.128
731.245 75.119
731.449 75.115
731.653 75.118
731.857 75.124
732.061 75.124
732.266 75.132
732.470 75.135
732.674 75.134
732.878 75.126
733.082 75.140
733.286 75.162
733.490 75.162
733.695 75.155
733.899 75.159
734.103 75.144
734.307 75.136
734.511 75.141
734.715 75.157
734.920 75.150
735.124 75.159
735.328 75.169
735.532 75.182
735.736 75.188
735.940 75.183
736.144 75.183
736.349 75.180
736.553 75.167
736.757 75.159
736.961 75.146
737.165 75.130
737.369 75.110
737.573 75.079
737.778 75.075
737.982 75.081
738.186 75.079
738.390 75.082
738.594 75.081
738.798 75.082
739.002 75.072
739.207 75.073
739.411 75.072
739.615 75.054
739.819 75.049
740.023 75.049
740.227 75.044
740.431 75.031
740.636 75.023
740.840 75.012
741.044 75.007
741.248 75.022
741.452 75.047
741.656 75.061
741.860 75.078
742.065 75.088
742.269 75.094
742.473 75.110
742.677 75.131
742.881 75.146
743.085 75.152
743.290 75.145
743.494 75.144
743.698 75.141
743.902 75.145
744.106 75.147
744.310 75.168
744.514 75.174
744.719 75.164
744.923 75.158
745.127 75.168
745.331 75.182
745.535 75.196
745.739 75.176
745.943 75.166
746.148 75.176
746.352 75.188
746.556 75.182
746.760 75.174
746.964 75.168
747.168 75.157
747.372 75.152
747.577 75.177
747.781 75.191
747.985 75.180
748.189 75.170
748.393 75.154
748.597 75.122
748.801 75.119
749.006 75.138
749.210 75.164
749.414 75.187
749.618 75.195
749.822 75.186
750.026 75.194
750.230 75.184
750.435 75.152
750.639 75.118
750.843 75.118
751.047 75.113
751.251 75.112
751.455 75.123
751.660 75.131
751.864 75.115
752.068 75.107
752.272 75.128
752.476 75.154
752.680 75.170
752.884 75.194
753.089 75.186
753.293 75.174
753.497 75.162
753.701 75.143
753.905 75.133
754.109 75.132
754.313 75.140
754.518 75.156
754.722 75.172
754.926 75.207
755.130 75.220
755.334 75.240
755.538 75.243
755.742 75.228
755.947 75.222
756.151 75.218
756.355 75.200
756.559 75.186
756.763 75.175
756.967 75.165
757.171 75.146
757.376 75.170
757.580 75.189
757.784 75.191
757.988 75.225
758.192 75.266
758.396 75.287
758.600 75.274
758.805 75.260
759.009 75.275
759.213 75.275
759.417 75.262
759.621 75.250
759.825 75.253
760.030 75.254
760.234 75.244
760.438 75.257
760.642 75.265
760.846 75.256
761.050 75.249
761.254 75.259
761.459 75.276
761.663 75.277
761.867 75.271
762.071 75.253
762.275 75.230
762.479 75.200
762.683 75.173
762.888 75.180
763.092 75.191
763.296 75.193
763.500 75.202
763.709 75.234
763.918 75.243
764.126 75.238
764.335 75.257
764.544 75.275
764.753 75.273
764.962 75.281
765.171 75.305
765.379 75.325
765.588 75.339
765.797 75.344
766.006 75.345
766.215 75.359
766.424 75.401
766.632 75.410
766.841 75.405
767.050 75.423
767.259 75.448
767.468 75.464
767.677 75.461
767.885 75.442
768.094 75.426
768.303 75.407
768.512 75.404
768.721 75.400
768.929 75.402
769.138 75.406
769.347 75.409
769.556 75.411
769.765 75.399
769.974 75.383
770.182 75.363
770.391 75.360
770.600 75.369
770.809 75.352
771.018 75.330
771.227 75.305
771.435 75.295
771.644 75.292
771.853 75.285
772.062 75.281
772.271 75.283
772.480 75.290
772.688 75.314
772.897 75.328
773.106 75.328
773.315 75.335
773.524 75.344
773.732 75.357
773.941 75.359
774.150 75.366
774.359 75.356
774.568 75.354
774.777 75.338
774.985 75.312
775.194 75.307
775.403 75.305
775.612 75.339
775.821 75.351
776.030 75.347
776.238 75.369
776.447 75.389
776.656 75.407
776.865 75.399
777.074 75.393
777.283 75.386
777.491 75.399
777.700 75.400
777.909 75.393
778.118 75.364
778.327 75.346
778.535 75.358
778.744 75.398
778.953 75.427
779.162 75.444
779.371 75.444
779.580 75.440
779.788 75.465
779.997 75.470
780.206 75.469
780.415 75.470
780.624 75.456
780.833 75.424
781.041 75.392
781.250 75.390
781.459 75.392
781.668 75.397
781.877 75.387
782.086 75.386
782.294 75.408
782.503 75.439
782.712 75.470
782.921 75.496
783.130 75.511
783.338 75.534
783.547 75.538
783.756 75.568
783.965 75.595
784.174 75.600
784.383 75.600
784.591 75.596
784.800 75.574
785.009 75.564
785.218 75.603
785.427 75.637
785.636 75.653
785.844 75.666
786.053 75.673
786.262 75.697
786.471 75.730
786.680 75.731
786.889 75.738
787.097 75.724
787.306 75.710
787.515 75.699
787.724 75.689
787.933 75.700
788.141 75.677
788.350 75.641
788.559 75.623
788.768 75.623
788.977 75.622
789.186 75.641
789.394 75.659
789.603 75.641
789.812 75.606
790.021 75.591
790.230 75.589
790.439 75.603
790.647 75.611
790.856 75.575
791.065 75.564
791.274 75.571
791.483 75.596
791.692 75.602
791.900 75.599
792.109 75.596
792.318 75.600
792.527 75.609
792.736 75.644
792.944 75.662
793.153 75.655
793.362 75.663
793.571 75.652
793.780 75.654
793.989 75.671
794.197 75.720
794.406 75.732
794.615 75.734
794.824 75.703
795.033 75.682
795.242 75.695
795.450 75.693
795.659 75.698
795.868 75.687
796.077 75.673
796.286 75.677
796.495 75.655
796.703 75.618
796.912 75.630
797.121 75.646
797.330 75.654
797.539 75.652
797.747 75.653
797.956 75.674
798.165 75.690
798.374 75.681
798.583 75.643
798.792 75.644
799.000 75.671
799.209 75.677
799.418 75.675
799.627 75.671
799.836 75.673
800.045 75.680
800.253 75.689
800.462 75.683
800.671 75.676
800.880 75.687
801.089 75.701
801.298 75.713
801.506 75.715
801.715 75.747
801.924 75.772
802.133 75.775
802.342 75.797
802.550 75.766
802.759 75.752
802.968 75.742
803.177 75.718
803.386 75.674
803.595 75.679
803.803 75.697
804.012 75.718
804.221 75.742
804.430 75.741
804.639 75.748
804.848 75.786
805.056 75.822
805.265 75.819
805.474 75.827
805.683 75.819
805.892 75.818
806.101 75.802
806.309 75.779
806.518 75.761
806.727 75.772
806.936 75.827
807.145 75.837
807.353 75.863
807.562 75.889
807.771 75.913
807.980 75.912
808.189 75.894
808.398 75.903
808.606 75.892
808.815 75.877
809.024 75.877
809.233 75.858
809.442 75.819
809.651 75.840
809.859 75.862
810.068 75.877
810.277 75.859
810.486 75.859
810.695 75.879
810.904 75.903
811.112 75.858
811.321 75.815
811.530 75.821
811.740 75.879
811.949 75.995
812.159 76.011
812.368 76.052
812.578 76.077
812.787 76.037
812.997 76.050
813.206 76.085
813.416 76.080
813.625 76.079
813.835 76.107
814.044 76.108
814.254 76.099
814.463 76.079
814.673 76.094
814.882 76.089
815.092 76.099
815.301 76.089
815.511 76.105
815.720 76.143
815.930 76.155
816.139 76.107
816.349 75.974
816.558 75.964
816.768 75.985
816.977 75.978
817.187 75.981
817.396 75.967
817.606 75.944
817.815 75.919
818.025 75.934
818.234 75.963
818.444 75.980
818.653 75.979
818.863 76.000
819.072 76.021
819.282 76.050
819.491 76.050
819.701 76.079
819.910 76.120
820.120 76.123
820.329 76.133
820.539 76.134
820.748 76.131
820.958 76.144
821.167 76.129
821.377 76.121
821.586 76.148
821.796 76.172
822.005 76.187
822.215 76.257
822.424 76.280
822.634 76.235
822.843 76.226
823.053 76.273
823.262 76.285
823.472 76.234
823.681 76.176
823.891 76.145
824.100 76.118
824.310 76.097
824.519 76.100
824.729 76.127
824.938 76.138
825.148 76.151
825.357 76.146
825.567 76.149
825.776 76.183
825.986 76.201
826.195 76.192
826.405 76.191
826.614 76.167
826.824 76.161
827.033 76.187
827.243 76.238
827.452 76.203
827.662 76.190
827.871 76.238
828.081 76.264
828.290 76.299
828.500 76.351
828.709 76.350
828.919 76.305
829.128 76.243
829.338 76.253
829.547 76.307
829.757 76.297
829.966 76.267
830.176 76.285
830.385 76.285
830.595 76.263
830.804 76.247
831.014 76.202
831.223 76.171
831.433 76.195
831.642 76.137
831.852 76.137
832.061 76.193
832.271 76.221
832.480 76.263
832.690 76.277
832.899 76.277
833.109 76.296
833.318 76.353
833.528 76.383
833.737 76.383
833.947 76.360
834.156 76.356
834.366 76.384
834.575 76.374
834.785 76.361
834.994 76.386
835.204 76.442
835.413 76.464
835.623 76.457
835.832 76.423
836.042 76.460
836.251 76.471
836.461 76.437
836.670 76.447
836.880 76.453
837.089 76.463
837.299 76.444
837.508 76.447
837.718 76.438
837.927 76.449
838.137 76.448
838.346 76.440
838.556 76.465
838.765 76.477
838.975 76.480
839.184 76.497
839.394 76.519
839.603 76.538
839.813 76.587
840.022 76.657
840.232 76.702
840.441 76.695
840.651 76.696
840.860 76.646
841.070 76.561
841.279 76.487
841.489 76.475
841.698 76.485
841.908 76.507
842.117 76.553
842.327 76.606
842.536 76.656
842.746 76.702
842.955 76.729
843.165 76.736
843.374 76.708
843.584 76.660
843.793 76.624
844.003 76.582
844.212 76.561
844.422 76.527
844.631 76.468
844.841 76.464
845.050 76.507
845.260 76.557
845.469 76.603
845.679 76.646
845.888 76.709
846.098 76.741
846.307 76.722
846.517 76.683
846.726 76.773
846.936 76.935
847.145 76.959
847.355 76.980
847.564 76.973
847.774 76.994
847.983 77.041
848.193 77.041
848.402 77.002
848.612 76.954
848.821 76.925
849.031 76.940
849.240 76.983
849.450 76.978
849.659 76.957
849.869 76.948
850.078 76.971
850.288 76.928
850.497 76.897
850.707 76.939
850.916 76.976
851.126 76.866
851.335 76.674
851.545 76.665
851.754 76.669
851.964 76.677
852.173 76.666
852.383 76.661
852.592 76.714
852.802 76.787
853.011 76.855
853.221 76.930
853.430 77.003
853.640 76.985
853.849 76.999
854.059 77.069
854.268 77.096
854.478 77.083
854.687 77.058
854.897 77.054
855.106 77.049
855.316 77.044
855.525 77.074
855.735 77.055
855.944 76.984
856.154 76.958
856.363 76.944
856.573 76.974
856.782 76.995
856.992 76.937
857.201 76.864
857.411 76.856
857.620 76.868
857.830 76.828
858.039 76.838
858.249 76.825
858.458 76.787
858.668 76.784
858.877 76.786
859.087 76.820
859.296 76.835
859.506 76.837
859.715 76.844
859.925 76.832
860.134 76.889
860.344 76.959
860.553 76.914
860.763 76.922
860.972 76.939
861.182 76.930
861.391 76.989
861.601 77.088
861.810 77.099
862.020 77.021
862.229 77.004
862.439 77.039
862.648 77.047
862.858 77.005
863.067 77.019
863.277 77.047
863.486 77.043
863.696 77.059
863.905 77.061
864.115 77.034
864.324 76.984
864.534 76.938
864.743 76.996
864.953 77.083
865.162 77.126
865.372 77.152
865.581 77.160
865.791 77.129
866.000 77.100
866.210 77.166
866.419 77.258
866.629 77.334
866.838 77.272
867.048 77.248
867.257 77.282
867.467 77.248
867.676 77.198
867.886 77.215
868.095 77.181
868.305 77.124
868.514 77.173
868.724 77.245
868.933 77.288
869.143 77.238
869.352 77.231
869.562 77.249
869.771 77.258
869.981 77.353
870.190 77.457
870.400 77.468
870.609 77.418
870.819 77.342
871.028 77.341
871.238 77.359
871.447 77.386
871.657 77.398
871.866 77.442
872.076 77.518
872.285 77.529
872.495 77.573
872.704 77.593
872.914 77.536
873.123 77.427
873.333 77.324
873.542 77.276
873.752 77.294
873.961 77.268
874.171 77.315
874.380 77.168
874.590 77.070
874.799 77.158
875.009 77.175
875.218 77.201
875.428 77.138
875.637 77.167
875.847 77.199
876.056 77.181
876.266 77.183
876.475 77.220
876.685 77.206
876.894 77.173
877.104 77.145
877.313 77.091
877.523 77.135
877.732 77.230
877.942 77.305
878.151 77.368
878.361 77.373
878.570 77.238
878.780 77.323
878.989 77.434
879.199 77.417
879.408 77.438
879.618 77.450
879.827 77.502
880.037 77.541
880.246 77.495
880.456 77.459
880.665 77.450
880.875 77.396
881.084 77.359
881.294 77.333
881.503 77.392
881.713 77.517
881.922 77.521
882.132 77.601
882.341 77.618
882.551 77.520
882.760 77.546
882.970 77.683
883.179 77.653
883.389 77.538
883.598 77.453
883.808 77.406
884.017 77.387
884.227 77.358
884.436 77.404
884.646 77.495
884.855 77.515
885.065 77.529
885.274 77.596
885.484 77.720
885.693 77.851
885.903 77.892
886.112 77.879
886.322 77.862
886.531 77.752
886.741 77.670
886.950 77.724
887.160 77.713
887.369 77.646
887.579 77.677
887.788 77.655
887.998 77.605
888.207 77.614
888.417 77.736
888.626 77.769
888.836 77.610
889.045 77.512
889.255 77.551
889.464 77.567
889.674 77.588
889.883 77.525
890.093 77.436
890.302 77.330
890.512 77.273
890.721 77.402
890.931 77.460
891.140 77.524
891.350 77.470
891.559 77.435
891.769 77.477
891.978 77.426
892.188 77.427
892.397 77.546
892.607 77.647
892.816 77.629
893.026 77.635
893.235 77.705
893.445 77.691
893.654 77.669
893.864 77.670
894.073 77.608
894.283 77.577
894.492 77.630
894.702 77.790
894.911 77.896
895.121 77.927
895.330 77.991
895.540 78.112
895.749 78.131
895.959 78.122
896.168 78.120
896.378 78.080
896.587 78.051
896.797 78.021
897.006 77.944
897.216 77.840
897.425 77.743
897.635 77.664
897.844 77.743
898.054 77.845
898.263 77.808
898.473 77.792
898.682 77.854
898.892 77.848
899.101 77.754
899.311 77.684
899.520 77.633
899.730 77.629
899.939 77.484
900.149 77.422
900.358 77.402
900.568 77.334
900.777 77.445
900.987 77.485
901.196 77.449
901.406 77.454
901.615 77.487
901.825 77.538
902.034 77.668
902.244 77.691
902.453 77.651
902.663 77.674
902.872 77.763
903.082 77.691
903.291 77.642
903.501 77.579
903.710 77.492
903.920 77.443
904.129 77.401
904.339 77.502
904.548 77.613
904.758 77.712
904.967 77.788
905.177 77.761
905.386 77.793
905.596 77.766
905.805 77.697
906.015 77.736
906.224 77.736
906.434 77.648
906.643 77.667
906.853 77.669
907.062 77.688
907.272 77.600
907.481 77.587
907.691 77.597
907.900 77.647
908.110 77.655
908.319 77.600
908.529 77.642
908.738 77.547
908.948 77.462
909.157 77.370
909.367 77.260
909.576 77.295
909.786 77.375
909.995 77.418
910.205 77.528
910.414 77.568
910.624 77.594
910.833 77.625
911.043 77.477
911.252 77.513
911.462 77.529
911.672 77.568
911.881 77.678
912.091 77.837
912.300 77.996
912.512 78.078
912.724 78.123
912.937 78.068
913.149 77.951
913.361 77.970
913.573 77.996
913.786 78.022
913.998 77.957
914.210 77.934
914.422 77.936
914.634 77.912
914.847 77.936
915.059 77.992
915.271 78.068
915.483 78.234
915.696 78.282
915.908 78.283
916.120 78.293
916.332 78.257
916.544 78.115
916.757 77.952
916.969 77.950
917.181 78.009
917.393 77.959
917.606 78.111
917.818 78.180
918.030 78.209
918.242 78.174
918.454 78.143
918.667 78.144
918.879 78.257
919.091 78.262
919.303 78.160
919.516 78.092
919.728 77.942
919.940 77.853
920.152 77.913
920.364 78.049
920.577 78.076
920.789 77.942
921.001 77.865
921.213 77.894
921.426 77.997
921.638 78.004
921.850 78.130
922.062 78.175
922.274 78.194
922.487 78.220
922.699 78.337
922.911 78.446
923.123 78.359
923.336 78.145
923.548 78.125
923.760 78.246
923.972 78.261
924.184 78.355
924.397 78.429
924.609 78.351
924.821 78.272
925.033 78.208
925.246 78.278
925.458 78.339
925.670 78.343
925.882 78.269
926.094 78.230
926.307 78.163
926.519 78.150
926.731 78.195
926.943 78.337
927.156 78.379
927.368 78.514
927.580 78.744
927.792 78.945
928.004 79.019
928.217 78.994
928.429 79.035
928.641 79.046
928.853 79.015
929.066 78.965
929.278 78.910
929.490 78.914
929.702 78.964
929.914 79.011
930.127 79.036
930.339 78.992
930.551 79.019
930.763 79.112
930.976 79.139
931.188 79.206
931.400 79.166
931.612 79.192
931.824 79.176
932.037 79.116
932.249 79.194
932.461 79.282
932.673 79.379
932.886 79.434
933.098 79.449
933.310 79.464
933.522 79.375
933.734 79.297
933.947 79.293
934.159 79.442
934.371 79.370
934.583 79.272
934.796 79.345
935.008 79.332
935.220 79.277
935.432 79.118
935.644 79.188
935.857 79.415
936.069 79.352
936.281 79.231
936.493 79.199
936.706 79.210
936.918 79.128
937.130 78.929
937.342 78.842
937.554 78.760
937.767 78.828
937.979 79.118
938.191 79.313
938.403 79.291
938.616 79.213
938.828 79.285
939.040 79.471
939.252 79.710
939.464 79.781
939.677 79.739
939.889 79.867
940.101 79.558
940.313 79.355
940.526 79.743
940.738 79.911
940.950 79.986
941.162 79.906
941.374 79.844
941.587 79.804
941.799 79.811
942.011 79.641
942.223 79.547
942.436 79.375
942.648 79.326
942.860 79.442
943.072 79.639
943.284 79.883
943.497 79.988
943.709 79.854
943.921 79.955
944.133 80.149
944.346 80.212
944.558 80.199
944.770 80.112
944.982 79.883
945.194 79.932
945.407 79.983
945.619 79.911
945.831 79.987
946.043 80.130
946.256 80.135
946.468 80.386
946.680 80.685
946.892 80.873
947.104 80.623
947.317 80.699
947.529 80.948
947.741 80.798
947.953 80.733
948.166 80.548
948.378 80.344
948.590 80.386
948.802 80.660
949.014 80.915
949.227 81.044
949.439 81.087
949.651 80.909
949.863 80.891
950.076 81.144
950.288 81.275
950.500 81.468
950.712 81.818
950.924 82.062
951.137 81.786
951.349 81.452
951.561 81.492
951.773 81.368
951.986 81.138
952.198 80.917
952.410 80.602
952.622 80.575
952.834 81.050
953.047 81.355
953.259 80.979
953.471 80.786
953.683 80.954
953.896 81.062
954.108 81.115
954.320 81.281
954.532 81.011
954.744 80.586
954.957 80.385
955.169 80.332
955.381 80.134
955.593 80.227
955.806 80.263
956.018 80.499
956.230 80.862
956.442 80.951
956.654 81.231
956.867 81.676
957.079 81.812
957.291 81.617
957.503 81.321
957.716 81.193
957.928 80.998
958.140 80.811
958.352 80.671
958.564 80.446
958.777 79.948
958.989 79.914
959.201 80.315
959.413 80.661
959.626 81.043
959.838 81.469
960.050 81.540
960.262 81.917
960.474 81.994
960.687 81.904
960.899 81.775
961.111 81.457
961.323 80.959
961.536 80.992
961.748 81.161
961.960 81.014
962.172 80.963
962.384 81.055
962.597 80.777
962.809 80.822
963.021 81.351
963.233 81.802
963.446 81.622
963.658 81.349
963.870 81.156
964.082 80.779
964.294 80.629
964.507 80.662
964.719 80.642
964.931 80.484
965.143 80.173
965.356 80.253
965.568 80.972
965.780 81.602
966.000 81.622
966.221 81.078
966.441 81.099
966.662 81.500
966.882 81.629
967.103 81.792
967.323 81.842
967.543 81.310
967.764 80.946
967.984 81.456
968.205 81.665
968.425 81.630
968.645 81.440
968.866 81.239
969.086 81.018
969.307 80.560
969.527 80.684
969.748 81.385
969.968 81.185
970.188 80.861
970.409 80.520
970.629 80.645
970.850 81.144
971.070 80.825
971.290 80.695
971.511 81.009
971.731 81.257
971.952 81.429
972.172 81.706
972.393 81.678
972.613 81.613
972.833 81.735
973.054 81.735
973.274 81.744
973.495 81.701
973.715 81.663
973.936 81.928
974.156 81.938
974.376 81.587
974.597 81.777
974.817 81.764
975.038 82.229
975.258 82.321
975.478 81.992
975.699 82.365
975.919 82.354
976.140 81.727
976.360 81.495
976.581 81.896
976.801 81.936
977.021 82.437
977.242 82.413
977.462 82.354
977.683 82.518
977.903 82.846
978.123 83.199
978.344 83.635
978.564 83.719
978.785 83.691
979.005 83.601
979.226 83.418
979.446 83.685
979.666 83.128
979.887 82.427
980.107 82.614
980.328 83.055
980.548 83.236
980.769 83.739
980.989 83.601
981.209 83.020
981.430 82.763
981.650 82.434
981.871 82.474
982.091 82.587
982.311 82.588
982.532 82.564
982.752 82.080
982.973 81.923
983.193 82.202
983.414 82.250
983.634 82.260
983.854 82.285
984.075 82.012
984.295 82.050
984.516 82.828
984.736 83.239
984.956 82.933
985.177 82.859
985.397 82.926
985.618 83.390
985.838 83.779
986.059 83.839
986.279 83.689
986.499 83.767
986.720 84.017
986.940 83.590
987.161 83.072
987.381 83.013
987.602 82.406
987.822 81.685
988.042 81.869
988.263 82.285
988.483 83.239
988.704 83.248
988.924 83.156
989.144 82.879
989.365 82.293
989.585 82.354
989.806 82.485
990.026 82.416
990.247 82.726
990.467 82.615
990.687 83.114
990.908 83.633
991.128 83.522
991.349 82.750
991.569 82.927
991.789 84.066
992.010 84.992
992.230 85.384
992.451 85.665
992.671 85.952
992.892 85.404
993.112 84.570
993.332 84.860
993.553 85.760
993.773 85.840
993.994 86.623
994.214 87.177
994.435 86.599
994.655 85.704
994.875 84.841
995.096 83.639
995.316 82.529
995.537 82.157
995.757 82.377
995.977 82.892
996.198 83.439
996.418 82.609
996.639 81.463
996.859 81.467
997.080 81.576
997.300 80.878
997.520 81.346
997.741 81.822
997.961 81.572
998.182 81.054
998.402 80.734
998.622 80.167
998.843 80.012
999.063 81.532
999.284 82.814
999.504 83.395
999.725 84.537
999.945 85.388
1000.165 84.866
1000.386 84.197
1000.606 84.697
1000.827 84.809
1001.047 85.036
1001.268 84.654
1001.488 84.797
1001.708 85.942
1001.929 86.038
1002.149 85.200
1002.370 85.014
1002.590 85.348
1002.810 85.624
1003.031 85.815
1003.251 86.244
1003.472 86.488
1003.692 86.037
1003.913 86.501
1004.133 85.863
1004.353 85.336
1004.574 85.511
1004.794 86.051
1005.015 86.000
1005.235 85.319
1005.455 86.082
1005.676 85.948
1005.896 86.119
1006.117 85.942
1006.337 84.545
1006.558 84.744
1006.778 85.780
1006.998 85.547
1007.219 84.180
1007.439 83.615
1007.660 84.835
1007.880 85.761
1008.101 86.280
1008.321 86.007
1008.541 85.109
1008.762 86.122
1008.982 85.493
1009.203 85.303
1009.423 86.202
1009.643 86.084
1009.864 85.053
1010.084 82.882
1010.305 82.478
1010.525 82.940
1010.746 82.752
1010.966 83.123
1011.186 83.126
1011.407 82.467
1011.627 82.319
1011.848 83.598
1012.068 83.949
1012.288 82.401
1012.509 80.112
1012.729 77.604
1012.950 76.523
