290.982 81.057
291.167 81.200
291.352 79.803
291.537 78.890
291.722 78.459
291.907 78.314
292.091 77.145
292.276 75.712
292.461 75.387
292.646 75.933
292.831 78.580
293.016 78.210
293.201 77.857
293.386 77.533
293.571 77.065
293.756 76.848
293.940 75.889
294.125 74.479
294.310 73.038
294.495 71.788
294.680 70.792
294.865 71.330
295.050 70.881
295.235 70.882
295.420 70.975
295.605 70.889
295.789 70.683
295.974 71.231
296.159 72.346
296.344 72.175
296.529 71.447
296.714 71.038
296.899 71.245
297.084 70.955
297.269 70.646
297.454 70.106
297.638 69.993
297.823 71.003
298.008 71.168
298.193 71.035
298.378 71.024
298.563 70.783
298.748 69.462
298.933 68.521
299.118 68.802
299.303 68.535
299.487 68.090
299.672 67.723
299.857 67.414
300.042 67.246
300.227 67.247
300.412 67.003
300.597 66.758
300.782 66.702
300.967 66.895
301.152 67.182
301.336 67.365
301.521 67.751
301.706 66.786
301.891 67.494
302.076 67.851
302.261 66.943
302.446 66.322
302.631 66.210
302.816 66.394
303.001 65.897
303.185 65.720
303.370 66.072
303.555 66.160
303.740 66.010
303.925 65.854
304.110 65.468
304.295 64.990
304.480 64.383
304.665 63.818
304.850 63.409
305.034 62.950
305.219 62.156
305.404 60.745
305.589 59.961
305.774 58.529
305.959 58.054
306.144 58.607
306.329 58.783
306.514 59.068
306.699 59.163
306.883 58.746
307.068 58.257
307.253 57.361
307.438 56.742
307.623 57.088
307.808 57.292
307.993 57.527
308.178 57.489
308.363 57.343
308.548 57.306
308.732 57.402
308.917 56.511
309.102 55.760
309.287 55.744
309.472 55.568
309.657 55.258
309.842 55.085
310.027 55.065
310.212 54.885
310.397 54.384
310.581 53.939
310.766 54.228
310.951 54.284
311.136 54.126
311.321 54.738
311.506 54.824
311.691 54.405
311.876 54.055
312.061 53.687
312.245 53.349
312.430 52.992
312.615 52.074
312.800 52.164
312.985 52.365
313.170 52.582
313.347 52.970
313.523 52.935
313.700 52.798
313.877 52.560
314.054 52.377
314.230 52.359
314.407 52.401
314.584 51.932
314.761 51.423
314.937 51.315
315.114 50.354
315.291 49.226
315.467 48.652
315.644 48.408
315.821 48.253
315.998 48.138
316.174 48.060
316.351 48.541
316.528 48.693
316.704 48.970
316.881 48.685
317.058 48.321
317.235 48.543
317.411 48.114
317.588 47.536
317.765 47.432
317.942 46.992
318.118 46.381
318.295 46.292
318.472 46.713
318.648 46.968
318.825 46.846
319.002 47.221
319.179 47.338
319.355 47.107
319.532 47.346
319.709 47.573
319.885 47.262
320.062 46.641
320.239 46.217
320.416 45.699
320.592 45.416
320.769 45.177
320.946 44.656
321.123 44.502
321.299 44.698
321.476 44.447
321.653 44.500
321.829 44.918
322.006 44.966
322.183 44.611
322.360 44.421
322.536 45.051
322.713 44.627
322.890 43.808
323.066 43.819
323.243 43.792
323.420 43.564
323.597 43.228
323.773 43.274
323.950 43.119
324.127 42.971
324.304 42.925
324.480 42.946
324.657 42.723
324.834 42.643
325.010 42.376
325.187 42.142
325.364 41.877
325.541 41.573
325.717 41.448
325.894 41.269
326.071 40.860
326.248 39.918
326.424 39.579
326.601 39.764
326.778 39.457
326.954 38.949
327.131 38.644
327.308 38.525
327.485 38.141
327.661 37.640
327.838 37.381
328.015 37.613
328.191 37.544
328.368 37.517
328.545 37.333
328.722 37.408
328.898 37.666
329.075 37.578
329.252 37.262
329.429 37.164
329.605 37.234
329.782 37.108
329.959 37.000
330.135 36.976
330.312 36.858
330.489 36.677
330.666 36.372
330.842 36.204
331.019 36.143
331.196 36.144
331.372 36.178
331.549 35.910
331.726 35.148
331.903 34.884
332.079 34.878
332.256 34.868
332.433 34.976
332.610 34.704
332.786 34.582
332.963 34.968
333.140 34.714
333.316 34.260
333.493 34.029
333.670 33.891
333.847 33.682
334.023 33.351
334.200 33.313
334.377 33.478
334.553 33.427
334.730 33.497
334.907 33.352
335.084 33.366
335.260 33.520
335.437 33.506
335.614 33.128
335.791 32.841
335.967 32.692
336.144 32.111
336.321 31.950
336.497 32.146
336.674 32.016
336.851 31.879
337.028 31.816
337.204 31.896
337.381 32.110
337.558 31.960
337.734 31.694
337.911 31.384
338.088 31.215
338.265 31.159
338.441 30.877
338.618 30.559
338.795 30.403
338.972 30.287
339.148 30.213
339.325 30.215
339.502 30.170
339.678 29.942
339.855 29.792
340.032 29.664
340.209 29.376
340.385 28.962
340.562 28.814
340.739 28.815
340.916 28.718
341.092 28.434
341.269 28.555
341.446 28.755
341.622 28.772
341.799 28.468
341.976 28.120
342.153 27.980
342.329 27.940
342.506 27.720
342.683 27.606
342.859 27.517
343.036 27.295
343.213 27.062
343.390 27.016
343.566 26.829
343.743 26.654
343.920 26.637
344.097 26.528
344.273 26.392
344.450 26.247
344.627 26.098
344.803 25.842
344.980 25.704
345.157 25.729
345.334 25.676
345.510 25.581
345.687 25.506
345.864 25.154
346.040 25.060
346.217 25.303
346.394 25.310
346.571 25.451
346.747 25.363
346.924 25.196
347.101 25.251
347.278 25.478
347.454 25.478
347.631 25.067
347.808 24.735
347.984 24.651
348.161 24.536
348.338 24.415
348.515 24.338
348.691 24.123
348.868 23.922
349.045 23.715
349.221 23.670
349.398 23.550
349.575 23.754
349.752 23.793
349.928 23.492
350.105 23.469
350.282 23.431
350.459 23.467
350.635 23.447
350.812 23.251
350.989 22.993
351.165 22.873
351.342 22.910
351.519 22.949
351.696 22.939
351.872 23.004
352.049 22.938
352.226 22.729
352.402 22.453
352.579 22.200
352.756 22.073
352.933 21.870
353.109 21.819
353.286 21.586
353.463 21.464
353.640 21.478
353.816 21.188
353.993 20.922
354.170 20.745
354.346 20.727
354.523 20.658
354.700 20.665
354.877 20.679
355.053 20.613
355.230 20.537
355.407 20.382
355.584 20.267
355.760 20.108
355.937 20.107
356.114 20.282
356.290 20.345
356.467 20.337
356.644 20.497
356.821 20.541
356.997 20.643
357.174 20.703
357.351 20.612
357.527 20.600
357.704 20.431
357.881 20.374
358.058 20.302
358.234 20.173
358.411 19.971
358.588 19.766
358.765 19.685
358.941 19.654
359.118 19.591
359.295 19.549
359.471 19.635
359.648 19.606
359.825 19.412
360.002 19.283
360.178 19.087
360.355 18.791
360.532 18.665
360.708 18.468
360.885 18.189
361.062 18.115
361.239 18.087
361.415 17.953
361.592 17.900
361.769 17.841
361.946 17.867
362.122 17.763
362.299 17.796
362.476 17.696
362.652 17.417
362.829 17.323
363.006 17.217
363.183 16.971
363.359 16.806
363.536 16.697
363.713 16.577
363.889 16.554
364.066 16.645
364.243 16.674
364.420 16.639
364.596 16.676
364.773 16.598
364.950 16.500
365.127 16.508
365.303 16.422
365.480 16.255
365.661 16.092
365.841 16.087
366.022 15.954
366.202 15.902
366.383 15.888
366.563 15.743
366.744 15.674
366.924 15.693
367.105 15.764
367.286 15.746
367.466 15.685
367.647 15.690
367.827 15.466
368.008 15.258
368.188 15.193
368.369 14.985
368.549 14.843
368.730 14.674
368.911 14.590
369.091 14.646
369.272 14.643
369.452 14.493
369.633 14.376
369.813 14.333
369.994 14.203
370.174 14.152
370.355 14.240
370.535 14.297
370.716 14.305
370.897 14.175
371.077 14.052
371.258 13.988
371.438 13.882
371.619 13.920
371.799 13.935
371.980 13.835
372.160 13.788
372.341 13.759
372.522 13.762
372.702 13.780
372.883 13.608
373.063 13.514
373.244 13.537
373.424 13.537
373.605 13.522
373.785 13.503
373.966 13.536
374.147 13.520
374.327 13.460
374.508 13.368
374.688 13.320
374.869 13.357
375.049 13.404
375.230 13.351
375.410 13.253
375.591 13.106
375.772 13.038
375.952 13.035
376.133 12.908
376.313 12.884
376.494 12.890
376.674 12.896
376.855 12.896
377.035 12.876
377.216 12.781
377.397 12.614
377.577 12.533
377.758 12.474
377.938 12.346
378.119 12.046
378.299 11.874
378.480 11.811
378.660 11.721
378.841 11.552
379.021 11.471
379.202 11.476
379.383 11.462
379.563 11.343
379.744 11.198
379.924 11.139
380.105 10.992
380.285 10.869
380.466 10.864
380.646 10.775
380.827 10.629
381.008 10.601
381.188 10.591
381.369 10.567
381.549 10.471
381.730 10.377
381.910 10.455
382.091 10.527
382.271 10.492
382.452 10.440
382.633 10.450
382.813 10.460
382.994 10.368
383.174 10.321
383.355 10.359
383.535 10.369
383.716 10.350
383.896 10.302
384.077 10.218
384.258 10.051
384.438 10.003
384.619 9.994
384.799 9.898
384.980 9.879
385.160 9.820
385.341 9.765
385.521 9.732
385.702 9.594
385.882 9.462
386.063 9.416
386.244 9.354
386.424 9.280
386.605 9.213
386.785 9.196
386.966 9.187
387.146 9.193
387.327 9.152
387.507 9.138
387.688 9.096
387.869 9.045
388.049 9.031
388.230 8.997
388.410 8.985
388.591 8.951
388.771 8.823
388.952 8.758
389.132 8.746
389.313 8.708
389.494 8.761
389.674 8.741
389.855 8.660
390.035 8.641
390.216 8.608
390.396 8.576
390.577 8.540
390.757 8.494
390.938 8.415
391.119 8.388
391.299 8.323
391.480 8.311
391.660 8.270
391.841 8.223
392.021 8.208
392.202 8.146
392.382 8.137
392.563 8.163
392.743 8.175
392.924 8.156
393.105 8.060
393.285 7.978
393.466 7.990
393.646 7.990
393.827 7.932
394.007 7.920
394.188 7.884
394.368 7.918
394.549 7.939
394.730 7.855
394.910 7.799
395.091 7.785
395.271 7.758
395.452 7.737
395.632 7.731
395.813 7.763
395.993 7.831
396.174 7.816
396.355 7.784
396.535 7.701
396.716 7.606
396.896 7.634
397.077 7.627
397.257 7.577
397.438 7.572
397.618 7.579
397.799 7.538
397.980 7.506
398.160 7.406
398.341 7.358
398.521 7.375
398.702 7.387
398.882 7.355
399.063 7.307
399.243 7.278
399.424 7.279
399.605 7.254
399.785 7.150
399.966 7.110
400.146 7.084
400.327 7.078
400.507 7.105
400.688 7.121
400.868 7.127
401.049 7.107
401.229 7.061
401.410 7.043
401.591 7.049
401.771 7.059
401.952 7.055
402.132 7.035
402.313 6.975
402.493 6.945
402.674 6.957
402.854 6.943
403.035 6.906
403.216 6.826
403.396 6.740
403.577 6.716
403.757 6.693
403.938 6.689
404.118 6.693
404.299 6.635
404.479 6.587
404.660 6.540
404.841 6.492
405.023 6.496
405.204 6.536
405.385 6.538
405.566 6.535
405.748 6.518
405.929 6.454
406.110 6.440
406.292 6.391
406.473 6.338
406.654 6.320
406.835 6.297
407.017 6.290
407.198 6.262
407.379 6.250
407.560 6.248
407.742 6.257
407.923 6.288
408.104 6.318
408.286 6.278
408.467 6.225
408.648 6.229
408.829 6.234
409.011 6.194
409.192 6.148
409.373 6.103
409.555 6.082
409.736 6.066
409.917 6.040
410.098 6.026
410.280 6.045
410.461 6.086
410.642 6.123
410.823 6.141
411.005 6.161
411.186 6.164
411.367 6.178
411.549 6.140
411.730 6.083
411.911 6.072
412.092 6.072
412.274 6.085
412.455 6.086
412.636 6.065
412.818 6.032
412.999 6.002
413.180 5.983
413.361 5.967
413.543 5.964
413.724 5.998
413.905 6.033
414.087 6.017
414.268 5.954
414.449 5.926
414.630 5.911
414.812 5.922
414.993 5.914
415.174 5.862
415.355 5.832
415.537 5.814
415.718 5.787
415.899 5.783
416.081 5.746
416.262 5.696
416.443 5.668
416.624 5.659
416.806 5.674
416.987 5.672
417.168 5.678
417.350 5.649
417.531 5.599
417.712 5.532
417.893 5.496
418.075 5.521
418.256 5.511
418.437 5.511
418.618 5.510
418.800 5.504
418.981 5.497
419.162 5.496
419.344 5.492
419.525 5.476
419.706 5.473
419.887 5.479
420.069 5.475
420.250 5.472
420.431 5.460
420.613 5.431
420.794 5.403
420.975 5.362
421.156 5.358
421.338 5.385
421.519 5.413
421.700 5.397
421.882 5.374
422.063 5.372
422.244 5.381
422.425 5.406
422.607 5.416
422.788 5.405
422.969 5.402
423.150 5.395
423.332 5.396
423.513 5.392
423.694 5.412
423.876 5.450
424.057 5.465
424.238 5.465
424.419 5.478
424.601 5.482
424.782 5.506
424.963 5.507
425.145 5.481
425.326 5.465
425.507 5.486
425.688 5.474
425.870 5.445
426.051 5.400
426.232 5.330
426.413 5.296
426.595 5.295
426.776 5.264
426.957 5.252
427.139 5.248
427.320 5.239
427.501 5.215
427.682 5.184
427.864 5.157
428.045 5.132
428.226 5.121
428.408 5.125
428.589 5.105
428.770 5.108
428.951 5.118
429.133 5.103
429.314 5.086
429.495 5.087
429.677 5.111
429.858 5.114
430.039 5.121
430.220 5.109
430.402 5.121
430.583 5.156
430.764 5.154
430.945 5.136
431.127 5.117
431.308 5.104
431.489 5.101
431.671 5.085
431.852 5.079
432.033 5.075
432.214 5.053
432.396 5.033
432.577 5.049
432.758 5.076
432.940 5.106
433.121 5.105
433.302 5.100
433.483 5.093
433.665 5.092
433.846 5.089
434.027 5.101
434.208 5.104
434.390 5.097
434.571 5.103
434.752 5.124
434.934 5.145
435.115 5.154
435.296 5.139
435.477 5.143
435.659 5.145
435.840 5.142
436.030 5.165
436.220 5.175
436.410 5.154
436.600 5.134
436.790 5.127
436.980 5.129
437.170 5.137
437.360 5.124
437.550 5.116
437.741 5.123
437.931 5.116
438.121 5.101
438.311 5.085
438.501 5.062
438.691 5.037
438.881 4.999
439.071 4.965
439.261 4.968
439.451 4.976
439.641 4.978
439.831 4.976
440.021 4.962
440.211 4.944
440.401 4.923
440.591 4.904
440.781 4.886
440.971 4.871
441.161 4.856
441.351 4.859
441.542 4.857
441.732 4.824
441.922 4.796
442.112 4.777
442.302 4.769
442.492 4.782
442.682 4.781
442.872 4.781
443.062 4.768
443.252 4.754
443.442 4.736
443.632 4.717
443.822 4.685
444.012 4.659
444.202 4.660
444.392 4.661
444.582 4.642
444.772 4.619
444.962 4.602
445.153 4.587
445.343 4.577
445.533 4.570
445.723 4.579
445.913 4.593
446.103 4.597
446.293 4.603
446.483 4.588
446.673 4.581
446.863 4.578
447.053 4.604
447.243 4.607
447.433 4.600
447.623 4.597
447.813 4.580
448.003 4.575
448.193 4.568
448.383 4.567
448.573 4.573
448.764 4.577
448.954 4.584
449.144 4.595
449.334 4.586
449.524 4.581
449.714 4.572
449.904 4.557
450.094 4.552
450.284 4.536
450.474 4.513
450.664 4.505
450.854 4.520
451.044 4.503
451.234 4.503
451.424 4.512
451.614 4.518
451.804 4.542
451.994 4.550
452.184 4.560
452.375 4.568
452.565 4.585
452.755 4.601
452.945 4.611
453.135 4.605
453.325 4.617
453.515 4.628
453.705 4.622
453.895 4.620
454.085 4.624
454.275 4.628
454.465 4.643
454.655 4.666
454.845 4.678
455.035 4.685
455.225 4.679
455.415 4.683
455.605 4.688
455.795 4.686
455.985 4.690
456.176 4.702
456.366 4.704
456.556 4.697
456.746 4.693
456.936 4.685
457.126 4.680
457.316 4.669
457.506 4.668
457.696 4.679
457.886 4.695
458.076 4.714
458.266 4.736
458.456 4.748
458.646 4.740
458.836 4.726
459.026 4.741
459.216 4.763
459.406 4.750
459.596 4.754
459.787 4.767
459.977 4.773
460.167 4.758
460.357 4.772
460.547 4.791
460.737 4.797
460.927 4.814
461.117 4.842
461.307 4.869
461.497 4.873
461.687 4.873
461.877 4.875
462.067 4.878
462.257 4.891
462.447 4.904
462.637 4.913
462.827 4.930
463.017 4.928
463.207 4.925
463.397 4.943
463.588 4.956
463.778 4.955
463.968 4.954
464.158 4.976
464.348 4.972
464.538 4.958
464.728 4.961
464.918 4.967
465.108 4.963
465.298 4.946
465.488 4.957
465.678 4.981
465.868 4.990
466.058 4.989
466.248 4.978
466.438 4.966
466.628 4.964
466.818 4.968
467.008 4.970
467.199 4.962
467.389 4.966
467.579 4.978
467.769 5.004
467.959 5.007
468.149 4.991
468.339 4.994
468.529 5.005
468.719 5.005
468.909 5.000
469.099 4.994
469.289 5.001
469.479 5.007
469.669 5.001
469.859 4.998
470.049 5.005
470.239 5.019
470.429 5.037
470.619 5.050
470.810 5.052
471.000 5.066
471.190 5.086
471.380 5.098
471.570 5.094
471.760 5.077
471.950 5.088
472.140 5.108
472.330 5.113
472.520 5.119
472.710 5.136
472.900 5.148
473.090 5.166
473.280 5.178
473.470 5.178
473.660 5.186
473.850 5.200
474.040 5.215
474.230 5.219
474.421 5.226
474.611 5.235
474.801 5.226
474.991 5.218
475.181 5.227
475.371 5.233
475.561 5.240
475.751 5.259
475.941 5.265
476.131 5.269
476.321 5.269
476.511 5.270
476.701 5.276
476.891 5.277
477.081 5.279
477.271 5.291
477.461 5.305
477.651 5.319
477.841 5.336
478.031 5.337
478.222 5.332
478.412 5.339
478.602 5.349
478.792 5.371
478.982 5.396
479.172 5.411
479.362 5.424
479.552 5.445
479.742 5.458
479.932 5.472
480.122 5.488
480.312 5.514
480.502 5.535
480.692 5.553
480.882 5.583
481.072 5.604
481.262 5.621
481.452 5.641
481.642 5.661
481.833 5.682
482.023 5.701
482.213 5.719
482.403 5.732
482.593 5.749
482.783 5.769
482.973 5.782
483.163 5.802
483.353 5.819
483.543 5.823
483.733 5.845
483.923 5.877
484.113 5.898
484.303 5.916
484.493 5.940
484.683 5.953
484.873 5.960
485.063 5.977
485.253 5.990
485.443 6.008
485.634 6.028
485.824 6.038
486.014 6.058
486.204 6.084
486.394 6.111
486.584 6.129
486.774 6.147
486.964 6.172
487.154 6.188
487.344 6.208
487.534 6.234
487.724 6.246
487.914 6.262
488.104 6.286
488.294 6.304
488.484 6.327
488.674 6.359
488.864 6.387
489.054 6.418
489.245 6.445
489.435 6.462
489.625 6.486
489.815 6.519
490.005 6.550
490.195 6.580
490.385 6.606
490.575 6.625
490.765 6.646
490.955 6.671
491.145 6.699
491.335 6.713
491.525 6.732
491.715 6.758
491.905 6.785
492.095 6.804
492.285 6.832
492.475 6.856
492.665 6.867
492.856 6.888
493.046 6.899
493.236 6.920
493.426 6.953
493.616 6.967
493.806 6.977
493.996 6.995
494.186 7.018
494.376 7.043
494.566 7.083
494.756 7.116
494.946 7.136
495.136 7.157
495.326 7.188
495.516 7.211
495.706 7.235
495.896 7.254
496.086 7.284
496.276 7.315
496.467 7.337
496.657 7.367
496.847 7.395
497.037 7.430
497.227 7.449
497.417 7.466
497.607 7.498
497.797 7.531
497.987 7.557
498.177 7.579
498.367 7.601
498.557 7.617
498.747 7.640
498.937 7.680
499.127 7.712
499.317 7.741
499.507 7.772
499.697 7.794
499.887 7.816
500.077 7.839
500.268 7.861
500.458 7.884
500.648 7.915
500.838 7.936
501.028 7.956
501.218 7.988
501.408 8.013
501.598 8.038
501.788 8.064
501.978 8.088
502.168 8.116
502.358 8.154
502.548 8.192
502.738 8.222
502.928 8.243
503.118 8.272
503.308 8.308
503.498 8.342
503.688 8.379
503.879 8.418
504.069 8.450
504.259 8.480
504.449 8.520
504.639 8.556
504.829 8.595
505.019 8.628
505.209 8.669
505.399 8.710
505.589 8.744
505.779 8.779
505.969 8.820
506.159 8.858
506.349 8.883
506.539 8.910
506.729 8.942
506.919 8.980
507.109 9.014
507.299 9.049
507.490 9.090
507.680 9.127
507.870 9.165
508.060 9.201
508.250 9.239
508.440 9.277
508.630 9.315
508.820 9.356
509.010 9.403
509.200 9.439
509.390 9.480
509.580 9.529
509.770 9.576
509.960 9.620
510.150 9.668
510.340 9.712
510.530 9.757
510.720 9.810
510.910 9.876
511.100 9.959
511.291 10.005
511.481 10.055
511.671 10.107
511.861 10.153
512.051 10.203
512.241 10.250
512.431 10.290
512.621 10.333
512.811 10.381
513.001 10.430
513.191 10.480
513.381 10.528
513.571 10.568
513.761 10.612
513.951 10.662
514.141 10.713
514.331 10.772
514.521 10.821
514.711 10.860
514.902 10.887
515.092 10.892
515.282 10.938
515.472 10.981
515.662 11.025
515.852 11.076
516.042 11.125
516.232 11.178
516.422 11.233
516.612 11.291
516.802 11.343
516.992 11.393
517.182 11.453
517.372 11.510
517.562 11.569
517.752 11.626
517.942 11.678
518.132 11.736
518.322 11.798
518.513 11.854
518.703 11.915
518.893 11.972
519.083 12.032
519.273 12.090
519.463 12.150
519.653 12.210
519.843 12.268
520.033 12.326
520.223 12.382
520.413 12.441
520.603 12.493
520.793 12.544
520.983 12.602
521.173 12.659
521.363 12.722
521.553 12.778
521.743 12.825
521.933 12.878
522.123 12.925
522.314 12.976
522.504 13.039
522.694 13.104
522.884 13.169
523.074 13.238
523.264 13.299
523.454 13.357
523.644 13.417
523.834 13.486
524.024 13.551
524.214 13.612
524.404 13.669
524.594 13.735
524.784 13.801
524.974 13.861
525.164 13.923
525.354 13.993
525.544 14.072
525.734 14.151
525.925 14.221
526.115 14.288
526.305 14.349
526.495 14.411
526.685 14.472
526.875 14.537
527.065 14.605
527.255 14.671
527.445 14.737
527.635 14.810
527.825 14.872
528.015 14.946
528.205 15.022
528.395 15.099
528.585 15.168
528.775 15.241
528.965 15.315
529.155 15.387
529.345 15.450
529.535 15.511
529.726 15.581
529.916 15.656
530.106 15.731
530.296 15.807
530.486 15.879
530.676 15.954
530.866 16.019
531.056 16.082
531.246 16.156
531.436 16.227
531.626 16.293
531.816 16.367
532.006 16.433
532.196 16.500
532.386 16.568
532.576 16.635
532.766 16.700
532.956 16.772
533.146 16.844
533.337 16.908
533.527 16.974
533.717 17.041
533.907 17.108
534.097 17.178
534.287 17.249
534.477 17.321
534.667 17.390
534.857 17.467
535.047 17.540
535.237 17.608
535.427 17.683
535.617 17.758
535.807 17.829
535.997 17.903
536.187 17.972
536.377 18.050
536.567 18.133
536.757 18.213
536.948 18.283
537.138 18.351
537.328 18.424
537.518 18.497
537.708 18.566
537.898 18.639
538.088 18.711
538.278 18.782
538.468 18.860
538.658 18.937
538.848 19.004
539.038 19.074
539.228 19.146
539.418 19.220
539.608 19.293
539.798 19.361
539.988 19.426
540.178 19.503
540.368 19.579
540.558 19.652
540.749 19.727
540.939 19.804
541.129 19.882
541.319 19.954
541.509 20.031
541.699 20.107
541.889 20.175
542.079 20.247
542.269 20.325
542.459 20.394
542.649 20.462
542.839 20.546
543.029 20.624
543.219 20.704
543.409 20.781
543.599 20.857
543.789 20.931
543.979 21.005
544.169 21.078
544.360 21.143
544.550 21.218
544.740 21.293
544.930 21.367
545.120 21.435
545.310 21.508
545.500 21.581
545.690 21.660
545.880 21.735
546.070 21.811
546.267 21.878
546.463 21.950
546.660 22.020
546.857 22.085
547.054 22.160
547.251 22.232
547.447 22.306
547.644 22.383
547.841 22.464
548.038 22.541
548.234 22.617
548.431 22.689
548.628 22.755
548.825 22.827
549.021 22.906
549.218 22.981
549.415 23.060
549.612 23.141
549.808 23.218
550.005 23.293
550.202 23.370
550.399 23.450
550.595 23.531
550.792 23.620
550.989 23.698
551.186 23.774
551.382 23.846
551.579 23.919
551.776 23.996
551.973 24.080
552.169 24.164
552.366 24.247
552.563 24.332
552.760 24.415
552.956 24.491
553.153 24.561
553.350 24.634
553.547 24.712
553.743 24.787
553.940 24.866
554.137 24.942
554.334 25.009
554.530 25.084
554.727 25.158
554.924 25.227
555.121 25.302
555.317 25.376
555.514 25.452
555.711 25.528
555.908 25.593
556.104 25.656
556.301 25.723
556.498 25.790
556.695 25.855
556.891 25.926
557.088 26.004
557.285 26.082
557.482 26.156
557.678 26.224
557.875 26.285
558.072 26.342
558.269 26.413
558.465 26.490
558.662 26.559
558.859 26.624
559.056 26.686
559.252 26.747
559.449 26.809
559.646 26.870
559.843 26.935
560.039 27.001
560.236 27.072
560.433 27.140
560.630 27.206
560.826 27.268
561.023 27.329
561.220 27.380
561.417 27.437
561.613 27.500
561.810 27.562
562.007 27.628
562.204 27.692
562.400 27.750
562.597 27.808
562.794 27.865
562.991 27.923
563.187 27.983
563.384 28.041
563.581 28.099
563.778 28.161
563.974 28.222
564.171 28.283
564.368 28.329
564.565 28.378
564.761 28.436
564.958 28.493
565.155 28.544
565.352 28.604
565.548 28.655
565.745 28.708
565.942 28.763
566.139 28.816
566.335 28.870
566.532 28.925
566.729 28.976
566.926 29.028
567.122 29.081
567.319 29.136
567.516 29.193
567.713 29.252
567.909 29.301
568.106 29.347
568.303 29.396
568.500 29.456
568.696 29.511
568.893 29.558
569.090 29.610
569.287 29.656
569.483 29.708
569.680 29.761
569.877 29.810
570.074 29.859
570.270 29.905
570.467 29.953
570.664 30.006
570.861 30.058
571.057 30.110
571.254 30.164
571.451 30.213
571.648 30.265
571.844 30.319
572.041 30.366
572.238 30.424
572.435 30.485
572.631 30.524
572.828 30.573
573.025 30.628
573.222 30.680
573.418 30.740
573.615 30.794
573.812 30.848
574.009 30.904
574.205 30.961
574.402 31.014
574.599 31.070
574.796 31.123
574.992 31.177
575.189 31.234
575.386 31.296
575.583 31.361
575.779 31.421
575.976 31.479
576.173 31.544
576.370 31.603
576.567 31.655
576.763 31.726
576.960 31.791
577.158 31.850
577.356 31.915
577.554 31.986
577.752 32.054
577.950 32.116
578.148 32.183
578.346 32.250
578.544 32.327
578.742 32.399
578.940 32.472
579.138 32.550
579.336 32.621
579.534 32.684
579.732 32.755
579.930 32.825
580.128 32.901
580.326 32.982
580.524 33.053
580.722 33.128
580.920 33.210
581.118 33.297
581.316 33.380
581.514 33.461
581.712 33.538
581.909 33.612
582.107 33.691
582.305 33.775
582.503 33.864
582.701 33.950
582.899 34.036
583.097 34.118
583.295 34.203
583.493 34.291
583.691 34.387
583.889 34.471
584.087 34.551
584.285 34.631
584.483 34.717
584.681 34.820
584.879 34.915
585.077 35.003
585.275 35.087
585.473 35.175
585.671 35.265
585.869 35.352
586.067 35.443
586.265 35.538
586.463 35.624
586.661 35.706
586.859 35.797
587.057 35.892
587.255 35.983
587.453 36.073
587.651 36.165
587.849 36.252
588.047 36.342
588.245 36.440
588.443 36.535
588.641 36.624
588.839 36.700
589.037 36.777
589.235 36.859
589.433 36.944
589.631 37.029
589.829 37.111
590.027 37.197
590.225 37.280
590.423 37.363
590.621 37.451
590.819 37.535
591.017 37.616
591.215 37.697
591.413 37.781
591.611 37.863
591.809 37.944
592.006 38.021
592.204 38.105
592.402 38.192
592.600 38.272
592.798 38.353
592.996 38.441
593.194 38.529
593.392 38.614
593.590 38.701
593.788 38.782
593.986 38.861
594.184 38.937
594.382 39.012
594.580 39.086
594.778 39.157
594.976 39.229
595.174 39.301
595.372 39.368
595.570 39.436
595.768 39.501
595.966 39.564
596.164 39.637
596.362 39.703
596.560 39.762
596.758 39.833
596.956 39.897
597.154 39.958
597.352 40.017
597.550 40.072
597.748 40.120
597.946 40.173
598.144 40.226
598.342 40.280
598.540 40.340
598.738 40.402
598.936 40.459
599.134 40.508
599.332 40.567
599.530 40.629
599.728 40.678
599.926 40.724
600.124 40.781
600.322 40.828
600.520 40.867
600.718 40.904
600.916 40.942
601.114 40.984
601.312 41.025
601.510 41.065
601.708 41.111
601.905 41.150
602.103 41.188
602.301 41.232
602.499 41.274
602.697 41.304
602.895 41.334
603.093 41.367
603.291 41.399
603.489 41.415
603.687 41.430
603.885 41.463
604.083 41.492
604.281 41.506
604.479 41.522
604.677 41.546
604.875 41.572
605.073 41.595
605.271 41.632
605.469 41.644
605.667 41.654
605.865 41.667
606.063 41.684
606.261 41.698
606.459 41.710
606.657 41.717
606.855 41.733
607.053 41.740
607.251 41.746
607.449 41.762
607.647 41.778
607.845 41.790
608.043 41.798
608.241 41.810
608.439 41.821
608.637 41.833
608.835 41.850
609.033 41.863
609.231 41.862
609.429 41.849
609.627 41.851
609.825 41.855
610.023 41.856
610.221 41.859
610.419 41.865
610.617 41.869
610.815 41.873
611.013 41.876
611.211 41.887
611.409 41.898
611.607 41.898
611.804 41.898
612.002 41.899
612.200 41.903
612.398 41.905
612.596 41.916
612.794 41.919
612.992 41.915
613.190 41.920
613.388 41.930
613.586 41.934
613.784 41.941
613.982 41.948
614.180 41.955
614.378 41.965
614.576 41.966
614.774 41.972
614.972 41.978
615.170 41.984
615.368 41.988
615.566 41.998
615.764 42.011
615.962 42.023
616.160 42.039
616.358 42.051
616.556 42.062
616.754 42.067
616.952 42.086
617.150 42.111
617.348 42.129
617.546 42.145
617.744 42.168
617.942 42.197
618.140 42.228
618.338 42.256
618.536 42.278
618.734 42.309
618.932 42.346
619.130 42.384
619.328 42.423
619.526 42.467
619.724 42.501
619.922 42.538
620.120 42.576
620.318 42.609
620.516 42.643
620.714 42.689
620.912 42.743
621.110 42.779
621.308 42.818
621.506 42.859
621.704 42.908
621.901 42.952
622.099 42.994
622.297 43.040
622.495 43.088
622.693 43.139
622.891 43.186
623.089 43.230
623.287 43.282
623.485 43.339
623.683 43.390
623.881 43.444
624.079 43.503
624.277 43.565
624.475 43.629
624.673 43.689
624.871 43.745
625.069 43.799
625.267 43.869
625.465 43.940
625.663 44.010
625.861 44.066
626.059 44.132
626.257 44.203
626.455 44.279
626.653 44.356
626.851 44.434
627.049 44.517
627.247 44.586
627.445 44.656
627.643 44.720
627.841 44.787
628.039 44.856
628.237 44.923
628.435 44.997
628.633 45.068
628.831 45.150
629.029 45.236
629.227 45.314
629.425 45.391
629.623 45.471
629.821 45.552
630.019 45.637
630.217 45.722
630.415 45.801
630.613 45.882
630.811 45.975
631.009 46.060
631.207 46.145
631.405 46.243
631.603 46.332
631.801 46.424
631.998 46.521
632.196 46.624
632.394 46.718
632.592 46.806
632.790 46.902
632.988 46.990
633.186 47.079
633.384 47.172
633.582 47.258
633.780 47.344
633.978 47.437
634.176 47.540
634.374 47.634
634.572 47.729
634.770 47.825
634.968 47.909
635.166 47.999
635.364 48.087
635.562 48.173
635.760 48.266
635.958 48.361
636.156 48.456
636.354 48.551
636.552 48.643
636.750 48.740
636.948 48.834
637.146 49.001
637.344 49.234
637.542 49.328
637.740 49.432
637.938 49.529
638.136 49.614
638.334 49.699
638.532 49.795
638.730 49.888
638.928 49.971
639.126 50.057
639.324 50.144
639.522 50.232
639.720 50.341
639.918 50.470
640.116 50.565
640.314 50.652
640.512 50.737
640.710 50.829
640.908 50.920
641.106 51.005
641.304 51.025
641.502 50.971
641.699 51.053
641.897 51.133
642.095 51.214
642.293 51.303
642.491 51.385
642.689 51.466
642.887 51.551
643.085 51.640
643.283 51.730
643.481 51.814
643.679 51.897
643.877 51.959
644.075 51.998
644.273 52.062
644.471 52.137
644.669 52.211
644.867 52.288
645.065 52.361
645.263 52.433
645.461 52.492
645.659 52.552
645.857 52.616
646.055 52.680
646.253 52.754
646.451 52.829
646.649 52.904
646.847 52.971
647.045 53.028
647.243 53.091
647.441 53.146
647.639 53.199
647.837 53.250
648.035 53.307
648.233 53.359
648.431 53.409
648.629 53.454
648.827 53.501
649.025 53.549
649.223 53.585
649.421 53.624
649.619 53.663
649.817 53.704
650.015 53.749
650.213 53.786
650.411 53.813
650.609 53.834
650.807 53.866
651.005 53.895
651.203 53.922
651.401 53.944
651.599 53.962
651.796 53.987
651.994 54.013
652.192 54.034
652.390 54.056
652.588 54.079
652.786 54.103
652.984 54.125
653.182 54.136
653.380 54.157
653.578 54.173
653.776 54.193
653.974 54.217
654.172 54.230
654.370 54.247
654.568 54.261
654.766 54.276
654.964 54.284
655.162 54.298
655.360 54.311
655.558 54.313
655.756 54.316
655.954 54.316
656.152 54.320
656.350 54.326
656.548 54.336
656.746 54.341
656.944 54.342
657.142 54.339
657.340 54.331
657.538 54.320
657.736 54.314
657.934 54.308
658.132 54.298
658.330 54.290
658.528 54.270
658.726 54.253
658.924 54.240
659.122 54.225
659.320 54.204
659.518 54.185
659.716 54.177
659.914 54.171
660.112 54.159
660.310 54.146
660.508 54.122
660.706 54.093
660.904 54.075
661.102 54.051
661.300 54.028
661.498 54.007
661.696 53.991
661.893 53.967
662.091 53.950
662.289 53.929
662.487 53.910
662.685 53.898
662.883 53.883
663.081 53.866
663.279 53.839
663.477 53.811
663.675 53.797
663.873 53.777
664.071 53.749
664.269 53.726
664.467 53.710
664.665 53.690
664.863 53.665
665.061 53.639
665.259 53.624
665.457 53.600
665.655 53.587
665.853 53.573
666.051 53.561
666.249 53.534
666.447 53.511
666.645 53.487
666.843 53.464
667.041 53.437
667.239 53.417
667.437 53.401
667.635 53.388
667.833 53.353
668.031 53.325
668.229 53.308
668.427 53.289
668.625 53.254
668.823 53.230
669.021 53.215
669.219 53.198
669.417 53.176
669.615 53.153
669.813 53.134
670.011 53.124
670.209 53.119
670.407 53.110
670.605 53.103
670.803 53.098
671.001 53.076
671.199 53.059
671.397 53.045
671.595 53.030
671.792 53.019
671.990 53.018
672.188 53.022
672.386 53.024
672.584 53.017
672.782 53.012
672.980 53.013
673.178 53.020
673.376 53.027
673.574 53.026
673.772 53.037
673.970 53.037
674.168 53.028
674.366 53.018
674.564 53.029
674.762 53.028
674.960 53.029
675.158 53.059
675.356 53.081
675.554 53.086
675.752 53.091
675.950 53.105
676.148 53.124
676.346 53.137
676.544 53.147
676.742 53.172
676.940 53.212
677.138 53.233
677.336 53.252
677.534 53.271
677.732 53.299
677.930 53.330
678.128 53.370
678.326 53.411
678.524 53.450
678.722 53.477
678.920 53.507
679.118 53.532
679.316 53.550
679.514 53.580
679.712 53.622
679.910 53.671
680.108 53.707
680.306 53.740
680.504 53.788
680.702 53.839
680.900 53.883
681.098 53.914
681.296 53.955
681.494 53.996
681.691 54.049
681.889 54.093
682.087 54.136
682.285 54.170
682.483 54.202
682.681 54.240
682.879 54.289
683.077 54.349
683.275 54.413
683.473 54.481
683.671 54.537
683.869 54.584
684.067 54.629
684.265 54.686
684.463 54.745
684.661 54.799
684.859 54.858
685.057 54.916
685.255 54.975
685.453 55.035
685.651 55.099
685.849 55.159
686.047 55.211
686.245 55.258
686.443 55.317
686.641 55.381
686.839 55.447
687.037 55.509
687.235 55.569
687.433 55.622
687.631 55.668
687.829 55.727
688.027 55.791
688.225 55.851
688.423 55.902
688.621 55.960
688.819 56.006
689.017 56.048
689.215 56.100
689.413 56.167
689.611 56.225
689.809 56.279
690.007 56.329
690.205 56.392
690.403 56.453
690.601 56.510
690.799 56.568
690.997 56.630
691.195 56.689
691.393 56.744
691.591 56.804
691.788 56.858
691.986 56.904
692.184 56.950
692.382 57.008
692.580 57.064
692.778 57.117
692.976 57.176
693.174 57.229
693.372 57.280
693.570 57.332
693.768 57.393
693.966 57.450
694.164 57.503
694.362 57.561
694.560 57.616
694.758 57.660
694.956 57.703
695.154 57.745
695.352 57.791
695.550 57.835
695.748 57.878
695.946 57.935
696.144 57.988
696.342 58.052
696.540 58.108
696.744 58.167
696.948 58.224
697.152 58.283
697.357 58.344
697.561 58.406
697.765 58.457
697.969 58.502
698.173 58.544
698.377 58.583
698.581 58.618
698.786 58.665
698.990 58.723
699.194 58.781
699.398 58.833
699.602 58.877
699.806 58.916
700.010 58.964
700.215 59.016
700.419 59.067
700.623 59.098
700.827 59.142
701.031 59.177
701.235 59.201
701.440 59.221
701.644 59.248
701.848 59.274
702.052 59.314
702.256 59.368
702.460 59.422
702.664 59.476
702.869 59.512
703.073 59.554
703.277 59.587
703.481 59.619
703.685 59.653
703.889 59.693
704.093 59.727
704.298 59.762
704.502 59.783
704.706 59.816
704.910 59.859
705.114 59.877
705.318 59.910
705.522 59.955
705.727 60.002
705.931 60.038
706.135 60.063
706.339 60.078
706.543 60.086
706.747 60.088
706.951 60.098
707.156 60.122
707.360 60.131
707.564 60.154
707.768 60.169
707.972 60.179
708.176 60.193
708.380 60.218
708.585 60.237
708.789 60.256
708.993 60.272
709.197 60.283
709.401 60.302
709.605 60.321
709.810 60.326
710.014 60.321
710.218 60.330
710.422 60.351
710.626 60.364
710.830 60.364
711.034 60.368
711.239 60.376
711.443 60.386
711.647 60.396
711.851 60.401
712.055 60.413
712.259 60.432
712.463 60.436
712.668 60.439
712.872 60.431
713.076 60.422
713.280 60.419
713.484 60.411
713.688 60.407
713.892 60.399
714.097 60.391
714.301 60.395
714.505 60.391
714.709 60.387
714.913 60.380
715.117 60.383
715.321 60.392
715.526 60.381
715.730 60.374
715.934 60.365
716.138 60.361
716.342 60.347
716.546 60.329
716.750 60.324
716.955 60.308
717.159 60.296
717.363 60.281
717.567 60.267
717.771 60.267
717.975 60.274
718.180 60.261
718.384 60.251
718.588 60.241
718.792 60.219
718.996 60.195
719.200 60.178
719.404 60.161
719.609 60.141
719.813 60.131
720.017 60.106
720.221 60.086
720.425 60.066
720.629 60.052
720.833 60.033
721.038 60.023
721.242 60.016
721.446 60.005
721.650 59.995
721.854 59.975
722.058 59.953
722.262 59.928
722.467 59.913
722.671 59.899
722.875 59.879
723.079 59.853
723.283 59.827
723.487 59.802
723.691 59.775
723.896 59.755
724.100 59.743
724.304 59.748
724.508 59.739
724.712 59.720
724.916 59.708
725.120 59.687
725.325 59.646
725.529 59.610
725.733 59.583
725.937 59.562
726.141 59.543
726.345 59.505
726.550 59.471
726.754 59.447
726.958 59.412
727.162 59.387
727.366 59.375
727.570 59.357
727.774 59.341
727.979 59.326
728.183 59.294
728.387 59.257
728.591 59.228
728.795 59.199
728.999 59.161
729.203 59.124
729.408 59.099
729.612 59.073
729.816 59.055
730.020 59.031
730.224 58.999
730.428 58.968
730.632 58.954
730.837 58.920
731.041 58.888
731.245 58.867
731.449 58.834
731.653 58.810
731.857 58.792
732.061 58.769
732.266 58.751
732.470 58.739
732.674 58.718
732.878 58.687
733.082 58.669
733.286 58.658
733.490 58.627
733.695 58.597
733.899 58.571
734.103 58.534
734.307 58.505
734.511 58.486
734.715 58.466
734.920 58.433
735.124 58.422
735.328 58.404
735.532 58.381
735.736 58.364
735.940 58.332
736.144 58.300
736.349 58.266
736.553 58.221
736.757 58.181
736.961 58.143
737.165 58.099
737.369 58.058
737.573 58.016
737.778 57.991
737.982 57.963
738.186 57.929
738.390 57.903
738.594 57.876
738.798 57.850
739.002 57.814
739.207 57.781
739.411 57.751
739.615 57.711
739.819 57.673
740.023 57.637
740.227 57.605
740.431 57.566
740.636 57.530
740.840 57.495
741.044 57.461
741.248 57.435
741.452 57.415
741.656 57.381
741.860 57.355
742.065 57.328
742.269 57.297
742.473 57.277
742.677 57.260
742.881 57.229
743.085 57.189
743.290 57.146
743.494 57.107
743.698 57.063
743.902 57.027
744.106 56.992
744.310 56.971
744.514 56.936
744.719 56.898
744.923 56.857
745.127 56.828
745.331 56.802
745.535 56.771
745.739 56.724
745.943 56.699
746.148 56.681
746.352 56.657
746.556 56.624
746.760 56.589
746.964 56.557
747.168 56.527
747.372 56.502
747.577 56.506
747.781 56.502
747.985 56.474
748.189 56.446
748.393 56.416
748.597 56.373
748.801 56.347
749.006 56.329
749.210 56.320
749.414 56.309
749.618 56.300
749.822 56.280
750.026 56.264
750.230 56.231
750.435 56.188
750.639 56.142
750.843 56.115
751.047 56.092
751.251 56.065
751.455 56.048
751.660 56.031
751.864 55.994
752.068 55.955
752.272 55.940
752.476 55.936
752.680 55.925
752.884 55.921
753.089 55.901
753.293 55.872
753.497 55.850
753.701 55.822
753.905 55.791
754.109 55.771
754.313 55.761
754.518 55.748
754.722 55.740
754.926 55.745
755.130 55.744
755.334 55.751
755.538 55.740
755.742 55.710
755.947 55.681
756.151 55.655
756.355 55.631
756.559 55.607
756.763 55.573
756.967 55.540
757.171 55.506
757.376 55.504
757.580 55.509
757.784 55.494
757.988 55.499
758.192 55.508
758.396 55.510
758.600 55.487
758.805 55.470
759.009 55.470
759.213 55.461
759.417 55.434
759.621 55.398
759.825 55.377
760.030 55.366
760.234 55.355
760.438 55.352
760.642 55.343
760.846 55.325
761.050 55.311
761.254 55.308
761.459 55.304
761.663 55.294
761.867 55.276
762.071 55.249
762.275 55.218
762.479 55.185
762.683 55.146
762.888 55.136
763.092 55.136
763.296 55.124
763.500 55.117
763.709 55.129
763.918 55.125
764.126 55.114
764.335 55.114
764.544 55.119
764.753 55.113
764.962 55.111
765.171 55.118
765.379 55.122
765.588 55.130
765.797 55.132
766.006 55.111
766.215 55.105
766.424 55.129
766.632 55.130
766.841 55.120
767.050 55.126
767.259 55.137
767.468 55.135
767.677 55.113
767.885 55.083
768.094 55.065
768.303 55.048
768.512 55.042
768.721 55.038
768.929 55.031
769.138 55.023
769.347 55.026
769.556 55.022
769.765 55.009
769.974 54.985
770.182 54.961
770.391 54.968
770.600 54.979
770.809 54.964
771.018 54.955
771.227 54.933
771.435 54.913
771.644 54.908
771.853 54.908
772.062 54.916
772.271 54.927
772.480 54.927
772.688 54.938
772.897 54.941
773.106 54.928
773.315 54.924
773.524 54.925
773.732 54.914
773.941 54.908
774.150 54.910
774.359 54.909
774.568 54.914
774.777 54.897
774.985 54.868
775.194 54.865
775.403 54.859
775.612 54.885
775.821 54.902
776.030 54.888
776.238 54.892
776.447 54.904
776.656 54.913
776.865 54.906
777.074 54.910
777.283 54.914
777.491 54.920
777.700 54.925
777.909 54.920
778.118 54.906
778.327 54.887
778.535 54.890
778.744 54.900
778.953 54.905
779.162 54.923
779.371 54.937
779.580 54.931
779.788 54.935
779.997 54.931
780.206 54.923
780.415 54.919
780.624 54.894
780.833 54.858
781.041 54.828
781.250 54.820
781.459 54.816
781.668 54.810
781.877 54.803
782.086 54.798
782.294 54.817
782.503 54.846
782.712 54.877
782.921 54.894
783.130 54.902
783.338 54.912
783.547 54.897
783.756 54.896
783.965 54.901
784.174 54.902
784.383 54.891
784.591 54.886
784.800 54.881
785.009 54.879
785.218 54.904
785.427 54.929
785.636 54.938
785.844 54.939
786.053 54.942
786.262 54.955
786.471 54.971
786.680 54.959
786.889 54.952
787.097 54.939
787.306 54.933
787.515 54.931
787.724 54.931
787.933 54.944
788.141 54.942
788.350 54.921
788.559 54.907
788.768 54.912
788.977 54.916
789.186 54.927
789.394 54.947
789.603 54.933
789.812 54.902
790.021 54.894
790.230 54.886
790.439 54.892
790.647 54.899
790.856 54.877
791.065 54.877
791.274 54.890
791.483 54.907
791.692 54.903
791.900 54.897
792.109 54.900
792.318 54.909
792.527 54.915
792.736 54.947
792.944 54.969
793.153 54.975
793.362 54.982
793.571 54.975
793.780 54.980
793.989 54.998
794.197 55.031
794.406 55.039
794.615 55.042
794.824 55.021
795.033 55.015
795.242 55.037
795.450 55.040
795.659 55.046
795.868 55.043
796.077 55.041
796.286 55.055
796.495 55.042
796.703 55.030
796.912 55.038
797.121 55.059
797.330 55.066
797.539 55.055
797.747 55.065
797.956 55.087
798.165 55.094
798.374 55.104
798.583 55.091
798.792 55.108
799.000 55.146
799.209 55.176
799.418 55.189
799.627 55.186
799.836 55.195
800.045 55.200
800.253 55.209
800.462 55.216
800.671 55.222
800.880 55.245
801.089 55.262
801.298 55.287
801.506 55.289
801.715 55.334
801.924 55.388
802.133 55.402
802.342 55.432
802.550 55.429
802.759 55.422
802.968 55.432
803.177 55.430
803.386 55.417
803.595 55.425
803.803 55.439
804.012 55.463
804.221 55.482
804.430 55.487
804.639 55.500
804.848 55.532
805.056 55.567
805.265 55.571
805.474 55.585
805.683 55.588
805.892 55.600
806.101 55.592
806.309 55.573
806.518 55.563
806.727 55.572
806.936 55.626
807.145 55.640
807.353 55.649
807.562 55.671
807.771 55.690
807.980 55.690
808.189 55.685
808.398 55.697
808.606 55.703
808.815 55.708
809.024 55.733
809.233 55.738
809.442 55.719
809.651 55.745
809.859 55.774
810.068 55.802
810.277 55.797
810.486 55.808
810.695 55.828
810.904 55.864
811.112 55.852
811.321 55.826
811.530 55.851
811.740 55.920
811.949 56.014
812.159 56.038
812.368 56.086
812.578 56.121
812.787 56.115
812.997 56.144
813.206 56.193
813.416 56.202
813.625 56.211
813.835 56.253
814.044 56.264
814.254 56.250
814.463 56.237
814.673 56.255
814.882 56.260
815.092 56.284
815.301 56.287
815.511 56.310
815.720 56.340
815.930 56.349
816.139 56.325
816.349 56.242
816.558 56.246
816.768 56.272
816.977 56.273
817.187 56.284
817.396 56.286
817.606 56.277
817.815 56.279
818.025 56.308
818.234 56.339
818.444 56.377
818.653 56.401
818.863 56.434
819.072 56.464
819.282 56.506
819.491 56.512
819.701 56.552
819.910 56.598
820.120 56.624
820.329 56.656
820.539 56.664
820.748 56.680
820.958 56.708
821.167 56.728
821.377 56.749
821.586 56.779
821.796 56.816
822.005 56.841
822.215 56.893
822.424 56.937
822.634 56.927
822.843 56.927
823.053 56.976
823.262 56.996
823.472 56.977
823.681 56.944
823.891 56.951
824.100 56.944
824.310 56.953
824.519 56.979
824.729 57.015
824.938 57.060
825.148 57.101
825.357 57.108
825.567 57.115
825.776 57.150
825.986 57.177
826.195 57.180
826.405 57.196
826.614 57.197
826.824 57.191
827.033 57.220
827.243 57.264
827.452 57.249
827.662 57.271
827.871 57.334
828.081 57.381
828.290 57.422
828.500 57.480
828.709 57.481
828.919 57.460
829.128 57.427
829.338 57.444
829.547 57.488
829.757 57.500
829.966 57.500
830.176 57.540
830.385 57.565
830.595 57.564
830.804 57.564
831.014 57.546
831.223 57.542
831.433 57.579
831.642 57.568
831.852 57.588
832.061 57.646
832.271 57.683
832.480 57.719
832.690 57.731
832.899 57.733
833.109 57.765
833.318 57.837
833.528 57.893
833.737 57.903
833.947 57.905
834.156 57.930
834.366 57.968
834.575 57.963
834.785 57.966
834.994 58.007
835.204 58.086
835.413 58.137
835.623 58.172
835.832 58.165
836.042 58.214
836.251 58.268
836.461 58.270
836.670 58.296
836.880 58.336
837.089 58.384
837.299 58.396
837.508 58.407
837.718 58.405
837.927 58.415
838.137 58.448
838.346 58.463
838.556 58.504
838.765 58.530
838.975 58.558
839.184 58.586
839.394 58.626
839.603 58.648
839.813 58.685
840.022 58.725
840.232 58.772
840.441 58.769
840.651 58.755
840.860 58.722
841.070 58.675
841.279 58.616
841.489 58.635
841.698 58.676
841.908 58.730
842.117 58.786
842.327 58.851
842.536 58.893
842.746 58.934
842.955 58.971
843.165 59.004
843.374 59.002
843.584 58.979
843.793 58.959
844.003 58.932
844.212 58.936
844.422 58.942
844.631 58.930
844.841 58.962
845.050 59.029
845.260 59.095
845.469 59.152
845.679 59.223
845.888 59.284
846.098 59.337
846.307 59.359
846.517 59.362
846.726 59.456
846.936 59.629
847.145 59.686
847.355 59.723
847.564 59.730
847.774 59.760
847.983 59.829
848.193 59.866
848.402 59.886
848.612 59.884
848.821 59.883
849.031 59.901
849.240 59.959
849.450 59.975
849.659 59.981
849.869 60.018
850.078 60.049
850.288 60.019
850.497 59.996
850.707 60.011
850.916 60.034
851.126 59.954
851.335 59.809
851.545 59.816
851.754 59.821
851.964 59.837
852.173 59.850
852.383 59.864
852.592 59.907
852.802 59.977
853.011 60.046
853.221 60.117
853.430 60.199
853.640 60.203
853.849 60.230
854.059 60.304
854.268 60.324
854.478 60.329
854.687 60.342
854.897 60.374
855.106 60.417
855.316 60.452
855.525 60.492
855.735 60.491
855.944 60.451
856.154 60.464
856.363 60.502
856.573 60.557
856.782 60.603
856.992 60.607
857.201 60.578
857.411 60.599
857.620 60.638
857.830 60.640
858.039 60.683
858.249 60.704
858.458 60.683
858.668 60.702
858.877 60.727
859.087 60.771
859.296 60.795
859.506 60.793
859.715 60.808
859.925 60.837
860.134 60.890
860.344 60.968
860.553 60.962
860.763 60.980
860.972 61.010
861.182 61.013
861.391 61.058
861.601 61.146
861.810 61.173
862.020 61.141
862.229 61.147
862.439 61.165
862.648 61.165
862.858 61.154
863.067 61.195
863.277 61.252
863.486 61.271
863.696 61.294
863.905 61.325
864.115 61.324
864.324 61.295
864.534 61.288
864.743 61.344
864.953 61.398
865.162 61.445
865.372 61.504
865.581 61.547
865.791 61.562
866.000 61.553
866.210 61.605
866.419 61.697
866.629 61.770
866.838 61.765
867.048 61.796
867.257 61.822
867.467 61.805
867.676 61.788
867.886 61.811
868.095 61.811
868.305 61.794
868.514 61.861
868.724 61.944
868.933 62.000
869.143 61.975
869.352 61.989
869.562 62.029
869.771 62.038
869.981 62.105
870.190 62.174
870.400 62.194
870.609 62.174
870.819 62.133
871.028 62.163
871.238 62.186
871.447 62.215
871.657 62.275
871.866 62.343
872.076 62.419
872.285 62.470
872.495 62.521
872.704 62.548
872.914 62.536
873.123 62.479
873.333 62.421
873.542 62.403
873.752 62.451
873.961 62.452
874.171 62.509
874.380 62.423
874.590 62.378
874.799 62.469
875.009 62.524
875.218 62.570
875.428 62.536
875.637 62.583
875.847 62.640
876.056 62.636
876.266 62.643
876.475 62.685
876.685 62.685
876.894 62.697
877.104 62.724
877.313 62.709
877.523 62.765
877.732 62.855
877.942 62.947
878.151 63.030
878.361 63.048
878.570 62.967
878.780 63.064
878.989 63.184
879.199 63.220
879.408 63.249
879.618 63.272
879.827 63.327
880.037 63.407
880.246 63.408
880.456 63.425
880.665 63.456
880.875 63.446
881.084 63.440
881.294 63.467
881.503 63.572
881.713 63.689
881.922 63.725
882.132 63.822
882.341 63.872
882.551 63.837
882.760 63.888
882.970 64.013
883.179 64.018
883.389 63.964
883.598 63.909
883.808 63.886
884.017 63.904
884.227 63.929
884.436 63.976
884.646 64.071
884.855 64.096
885.065 64.142
885.274 64.243
885.484 64.351
885.693 64.438
885.903 64.461
886.112 64.470
886.322 64.479
886.531 64.422
886.741 64.362
886.950 64.400
887.160 64.412
887.369 64.404
887.579 64.451
887.788 64.458
887.998 64.433
888.207 64.473
888.417 64.604
888.626 64.657
888.836 64.576
889.045 64.526
889.255 64.590
889.464 64.620
889.674 64.669
889.883 64.667
890.093 64.640
890.302 64.591
890.512 64.601
890.721 64.742
890.931 64.836
891.140 64.952
891.350 64.969
891.559 64.974
891.769 65.022
891.978 65.001
892.188 65.018
892.397 65.158
892.607 65.263
892.816 65.257
893.026 65.258
893.235 65.310
893.445 65.307
893.654 65.309
893.864 65.309
894.073 65.242
894.283 65.248
894.492 65.325
894.702 65.487
894.911 65.573
895.121 65.593
895.330 65.646
895.540 65.751
895.749 65.783
895.959 65.796
896.168 65.822
896.378 65.839
896.587 65.850
896.797 65.845
897.006 65.819
897.216 65.767
897.425 65.730
897.635 65.691
897.844 65.795
898.054 65.920
898.263 65.947
898.473 65.957
898.682 66.016
898.892 66.028
899.101 65.973
899.311 65.964
899.520 65.995
899.730 66.033
899.939 65.944
900.149 65.926
900.358 65.947
900.568 65.919
900.777 66.010
900.987 66.057
901.196 66.048
901.406 66.068
901.615 66.113
901.825 66.167
902.034 66.303
902.244 66.343
902.453 66.323
902.663 66.363
902.872 66.473
903.082 66.458
903.291 66.434
903.501 66.383
903.710 66.316
903.920 66.265
904.129 66.234
904.339 66.336
904.548 66.430
904.758 66.538
904.967 66.633
905.177 66.662
905.386 66.740
905.596 66.774
905.805 66.740
906.015 66.788
906.224 66.810
906.434 66.756
906.643 66.797
906.853 66.842
907.062 66.881
907.272 66.848
907.481 66.817
907.691 66.825
907.900 66.878
908.110 66.882
908.319 66.848
908.529 66.893
908.738 66.840
908.948 66.816
909.157 66.764
909.367 66.686
909.576 66.737
909.786 66.809
909.995 66.820
910.205 66.927
910.414 67.006
910.624 67.039
910.833 67.070
911.043 66.927
911.252 66.915
911.462 66.925
911.672 66.961
911.881 67.113
912.091 67.307
912.300 67.476
912.512 67.564
912.724 67.612
912.937 67.591
913.149 67.506
913.361 67.509
913.573 67.502
913.786 67.511
913.998 67.428
914.210 67.408
914.422 67.427
914.634 67.416
914.847 67.417
915.059 67.456
915.271 67.511
915.483 67.674
915.696 67.742
915.908 67.775
916.120 67.809
916.332 67.765
916.544 67.620
916.757 67.452
916.969 67.443
917.181 67.523
917.393 67.506
917.606 67.638
917.818 67.710
918.030 67.785
918.242 67.808
918.454 67.847
918.667 67.856
918.879 67.955
919.091 67.970
919.303 67.917
919.516 67.922
919.728 67.838
919.940 67.754
920.152 67.830
920.364 67.942
920.577 67.970
920.789 67.888
921.001 67.841
921.213 67.906
921.426 68.031
921.638 68.051
921.850 68.162
922.062 68.233
922.274 68.274
922.487 68.296
922.699 68.388
922.911 68.451
923.123 68.384
923.336 68.223
923.548 68.214
923.760 68.316
923.972 68.318
924.184 68.375
924.397 68.447
924.609 68.365
924.821 68.269
925.033 68.164
925.246 68.200
925.458 68.270
925.670 68.267
925.882 68.218
926.094 68.166
926.307 68.075
926.519 68.023
926.731 68.038
926.943 68.137
927.156 68.147
927.368 68.234
927.580 68.410
927.792 68.566
928.004 68.648
928.217 68.631
928.429 68.652
928.641 68.708
928.853 68.714
929.066 68.705
929.278 68.673
929.490 68.740
929.702 68.799
929.914 68.831
930.127 68.835
930.339 68.774
930.551 68.811
930.763 68.903
930.976 68.885
931.188 68.942
931.400 68.921
931.612 68.965
931.824 68.967
932.037 68.962
932.249 69.055
932.461 69.105
932.673 69.169
932.886 69.205
933.098 69.181
933.310 69.129
933.522 68.980
933.734 68.903
933.947 68.858
934.159 68.949
934.371 68.861
934.583 68.775
934.796 68.812
935.008 68.750
935.220 68.652
935.432 68.519
935.644 68.511
935.857 68.657
936.069 68.519
936.281 68.370
936.493 68.265
936.706 68.197
936.918 68.119
937.130 67.913
937.342 67.775
937.554 67.655
937.767 67.672
937.979 67.900
938.191 68.063
938.403 68.023
938.616 67.927
938.828 67.939
939.040 68.043
939.252 68.206
939.464 68.245
939.677 68.194
939.889 68.205
940.101 67.934
940.313 67.751
940.526 68.098
940.738 68.234
940.950 68.256
941.162 68.137
941.374 68.015
941.587 68.000
941.799 68.035
942.011 67.892
942.223 67.806
942.436 67.630
942.648 67.546
942.860 67.594
943.072 67.724
943.284 67.940
943.497 68.038
943.709 67.943
943.921 68.035
944.133 68.208
944.346 68.342
944.558 68.347
944.770 68.301
944.982 68.154
945.194 68.228
945.407 68.299
945.619 68.291
945.831 68.368
946.043 68.445
946.256 68.376
946.468 68.522
946.680 68.741
946.892 68.854
947.104 68.650
947.317 68.789
947.529 69.010
947.741 68.901
947.953 68.867
948.166 68.746
948.378 68.574
948.590 68.617
948.802 68.887
949.014 69.169
949.227 69.269
949.439 69.251
949.651 69.125
949.863 69.116
950.076 69.301
950.288 69.415
950.500 69.619
950.712 70.146
950.924 70.697
951.137 70.576
951.349 70.432
951.561 70.492
951.773 70.386
951.986 70.243
952.198 70.035
952.410 69.733
952.622 69.674
952.834 70.077
953.047 70.331
953.259 69.978
953.471 69.738
953.683 69.824
953.896 69.899
954.108 69.942
954.320 70.126
954.532 69.920
954.744 69.566
954.957 69.350
955.169 69.100
955.381 68.704
955.593 68.778
955.806 68.826
956.018 69.041
956.230 69.296
956.442 69.347
956.654 69.654
956.867 70.114
957.079 70.234
957.291 70.079
957.503 69.848
957.716 69.762
957.928 69.618
958.140 69.483
958.352 69.398
958.564 69.185
958.777 68.766
958.989 68.798
959.201 69.151
959.413 69.505
959.626 69.943
959.838 70.322
960.050 70.361
960.262 70.581
960.474 70.604
960.687 70.515
960.899 70.419
961.111 70.125
961.323 69.650
961.536 69.709
961.748 69.870
961.960 69.777
962.172 69.764
962.384 69.841
962.597 69.661
962.809 69.708
963.021 70.138
963.233 70.522
963.446 70.358
963.658 70.156
963.870 70.009
964.082 69.608
964.294 69.433
964.507 69.459
964.719 69.485
964.931 69.426
965.143 69.211
965.356 69.288
965.568 69.840
965.780 70.337
966.000 70.272
966.221 69.762
966.441 69.736
966.662 69.991
966.882 70.067
967.103 70.074
967.323 70.050
967.543 69.605
967.764 69.264
967.984 69.611
968.205 69.802
968.425 69.710
968.645 69.498
968.866 69.270
969.086 69.065
969.307 68.718
969.527 68.762
969.748 69.273
969.968 69.125
970.188 68.924
970.409 68.723
970.629 68.879
970.850 69.302
971.070 69.080
971.290 69.081
971.511 69.425
971.731 69.678
971.952 69.817
972.172 70.049
972.393 70.014
972.613 69.958
972.833 69.981
973.054 69.964
973.274 70.076
973.495 70.164
973.715 70.108
973.936 70.289
974.156 70.268
974.376 69.993
974.597 70.065
974.817 70.067
975.038 70.422
975.258 70.525
975.478 70.370
975.699 70.656
975.919 70.639
976.140 70.063
976.360 69.966
976.581 70.338
976.801 70.361
977.021 70.886
977.242 70.938
977.462 70.915
977.683 70.998
977.903 71.203
978.123 71.405
978.344 71.798
978.564 71.891
978.785 71.932
979.005 71.920
979.226 71.858
979.446 71.989
979.666 71.422
979.887 70.731
980.107 70.710
980.328 71.014
980.548 71.044
980.769 71.440
980.989 71.238
981.209 70.720
981.430 70.462
981.650 70.024
981.871 70.070
982.091 70.236
982.311 70.334
982.532 70.262
982.752 69.795
982.973 69.551
983.193 69.684
983.414 69.497
983.634 69.442
983.854 69.461
984.075 69.253
984.295 69.285
984.516 69.873
984.736 70.184
984.956 69.926
985.177 69.934
985.397 69.976
985.618 70.335
985.838 70.705
986.059 70.767
986.279 70.569
986.499 70.370
986.720 70.334
986.940 69.960
987.161 69.612
987.381 69.590
987.602 69.214
987.822 68.667
988.042 68.971
988.263 69.304
988.483 70.007
988.704 69.931
988.924 69.915
989.144 69.852
989.365 69.487
989.585 69.543
989.806 69.513
990.026 69.416
990.247 69.704
990.467 69.496
990.687 69.933
990.908 70.433
991.128 70.392
991.349 69.880
991.569 70.001
991.789 70.836
992.010 71.620
992.230 71.962
992.451 72.264
992.671 72.526
992.892 72.078
993.112 71.302
993.332 71.453
993.553 71.967
993.773 71.871
993.994 72.336
994.214 72.615
994.435 72.096
994.655 71.304
994.875 70.494
995.096 69.482
995.316 68.400
995.537 67.953
995.757 68.159
995.977 68.567
996.198 69.054
996.418 68.442
996.639 67.369
996.859 67.333
997.080 67.165
997.300 66.399
997.520 66.787
997.741 67.288
997.961 67.300
998.182 67.151
998.402 66.889
998.622 66.399
998.843 66.488
999.063 67.759
999.284 68.808
999.504 69.429
999.725 70.484
999.945 71.260
1000.165 70.987
1000.386 70.581
1000.606 70.919
1000.827 70.895
1001.047 71.036
1001.268 70.890
1001.488 70.955
1001.708 71.953
1001.929 71.918
1002.149 71.189
1002.370 71.192
1002.590 71.279
1002.810 71.256
1003.031 71.142
1003.251 71.468
1003.472 71.501
1003.692 71.121
1003.913 71.655
1004.133 71.092
1004.353 70.372
1004.574 70.255
1004.794 70.522
1005.015 70.295
1005.235 69.668
1005.455 70.298
1005.676 70.052
1005.896 69.848
1006.117 69.435
1006.337 68.095
1006.558 68.511
1006.778 69.221
1006.998 68.442
1007.219 67.165
1007.439 66.681
1007.660 68.013
1007.880 68.834
1008.101 69.125
1008.321 68.793
1008.541 67.660
1008.762 68.052
1008.982 67.450
1009.203 67.279
1009.423 67.731
1009.643 67.314
1009.864 66.092
1010.084 64.082
1010.305 63.743
1010.525 64.139
1010.746 64.105
1010.966 64.440
1011.186 64.153
1011.407 63.480
1011.627 63.491
1011.848 64.496
1012.068 64.658
1012.288 62.980
1012.509 60.755
1012.729 58.582
1012.950 57.477
