290.982 75.688
291.167 75.957
291.352 75.183
291.537 74.629
291.722 74.159
291.907 74.114
292.091 73.190
292.276 72.002
292.461 71.595
292.646 71.826
292.831 74.381
293.016 74.306
293.201 74.075
293.386 74.121
293.571 73.814
293.756 73.434
293.940 72.503
294.125 71.383
294.310 69.956
294.495 68.762
294.680 67.746
294.865 68.166
295.050 67.682
295.235 67.539
295.420 67.588
295.605 67.655
295.789 67.334
295.974 67.774
296.159 68.994
296.344 69.100
296.529 68.816
296.714 68.582
296.899 68.628
297.084 68.399
297.269 68.010
297.454 67.551
297.638 67.595
297.823 68.405
298.008 68.436
298.193 68.516
298.378 68.821
298.563 68.741
298.748 67.755
298.933 67.145
299.118 67.361
299.303 66.901
299.487 66.279
299.672 66.006
299.857 65.753
300.042 65.312
300.227 65.082
300.412 64.640
300.597 64.200
300.782 63.961
300.967 63.976
301.152 64.142
301.336 64.313
301.521 64.747
301.706 64.049
301.891 64.683
302.076 64.798
302.261 63.839
302.446 63.329
302.631 63.185
302.816 63.233
303.001 62.783
303.185 62.754
303.370 63.360
303.555 63.519
303.740 63.304
303.925 63.185
304.110 63.027
304.295 62.859
304.480 62.560
304.665 62.296
304.850 61.921
305.034 61.435
305.219 60.577
305.404 59.142
305.589 58.426
305.774 57.215
305.959 56.649
306.144 56.866
306.329 56.917
306.514 57.040
306.699 56.841
306.883 56.116
307.068 55.499
307.253 54.513
307.438 53.769
307.623 54.000
307.808 53.961
307.993 53.925
308.178 53.726
308.363 53.397
308.548 53.140
308.732 53.242
308.917 52.582
309.102 52.122
309.287 52.169
309.472 51.937
309.657 51.695
309.842 51.525
310.027 51.486
310.212 51.299
310.397 50.780
310.581 50.446
310.766 50.839
310.951 50.840
311.136 50.673
311.321 51.192
311.506 51.034
311.691 50.643
311.876 50.234
312.061 49.681
312.245 49.394
312.430 49.133
312.615 48.317
312.800 48.453
312.985 48.489
313.170 48.638
313.347 48.860
313.523 48.501
313.700 48.392
313.877 48.316
314.054 48.307
314.230 48.540
314.407 48.658
314.584 48.314
314.761 47.918
314.937 47.678
315.114 46.882
315.291 46.199
315.467 45.695
315.644 45.561
315.821 45.521
315.998 45.406
316.174 45.269
316.351 45.502
316.528 45.332
316.704 45.375
316.881 44.931
317.058 44.525
317.235 44.750
317.411 44.344
317.588 43.658
317.765 43.205
317.942 42.500
318.118 41.878
318.295 41.639
318.472 41.904
318.648 42.157
318.825 41.919
319.002 41.980
319.179 42.043
319.355 41.774
319.532 41.920
319.709 42.041
319.885 41.664
320.062 41.169
320.239 40.924
320.416 40.549
320.592 40.413
320.769 40.319
320.946 39.963
321.123 39.836
321.299 40.045
321.476 40.016
321.653 40.110
321.829 40.442
322.006 40.485
322.183 40.197
322.360 40.030
322.536 40.581
322.713 40.296
322.890 39.667
323.066 39.728
323.243 39.694
323.420 39.536
323.597 39.270
323.773 39.149
323.950 38.860
324.127 38.595
324.304 38.451
324.480 38.412
324.657 38.137
324.834 37.995
325.010 37.681
325.187 37.331
325.364 37.144
325.541 36.896
325.717 36.748
325.894 36.567
326.071 36.176
326.248 35.369
326.424 35.051
326.601 35.172
326.778 34.757
326.954 34.205
327.131 33.886
327.308 33.676
327.485 33.392
327.661 33.097
327.838 32.981
328.015 33.203
328.191 33.061
328.368 32.923
328.545 32.666
328.722 32.777
328.898 33.045
329.075 32.924
329.252 32.600
329.429 32.539
329.605 32.604
329.782 32.429
329.959 32.256
330.135 32.182
330.312 32.003
330.489 31.926
330.666 31.801
330.842 31.697
331.019 31.714
331.196 31.728
331.372 31.691
331.549 31.396
331.726 30.663
331.903 30.412
332.079 30.447
332.256 30.519
332.433 30.597
332.610 30.370
332.786 30.269
332.963 30.480
333.140 30.117
333.316 29.674
333.493 29.527
333.670 29.483
333.847 29.283
334.023 28.989
334.200 28.962
334.377 28.988
334.553 28.859
334.730 28.888
334.907 28.739
335.084 28.657
335.260 28.747
335.437 28.751
335.614 28.474
335.791 28.300
335.967 28.103
336.144 27.548
336.321 27.337
336.497 27.359
336.674 27.238
336.851 27.200
337.028 27.189
337.204 27.254
337.381 27.351
337.558 27.193
337.734 26.915
337.911 26.558
338.088 26.448
338.265 26.444
338.441 26.194
338.618 25.948
338.795 25.895
338.972 25.859
339.148 25.827
339.325 25.853
339.502 25.728
339.678 25.583
339.855 25.502
340.032 25.425
340.209 25.257
340.385 24.986
340.562 24.893
340.739 24.877
340.916 24.729
341.092 24.439
341.269 24.544
341.446 24.803
341.622 24.926
341.799 24.698
341.976 24.377
342.153 24.220
342.329 24.172
342.506 23.868
342.683 23.706
342.859 23.617
343.036 23.406
343.213 23.276
343.390 23.224
343.566 23.043
343.743 22.884
343.920 22.838
344.097 22.694
344.273 22.544
344.450 22.408
344.627 22.269
344.803 22.126
344.980 22.067
345.157 22.020
345.334 21.855
345.510 21.701
345.687 21.543
345.864 21.242
346.040 21.094
346.217 21.269
346.394 21.262
346.571 21.369
346.747 21.346
346.924 21.179
347.101 21.186
347.278 21.367
347.454 21.394
347.631 21.046
347.808 20.808
347.984 20.722
348.161 20.568
348.338 20.510
348.515 20.452
348.691 20.200
348.868 20.025
349.045 19.874
349.221 19.837
349.398 19.804
349.575 19.987
349.752 20.043
349.928 19.834
350.105 19.815
350.282 19.726
350.459 19.650
350.635 19.610
350.812 19.476
350.989 19.240
351.165 19.091
351.342 19.170
351.519 19.207
351.696 19.216
351.872 19.279
352.049 19.165
352.226 18.955
352.402 18.797
352.579 18.666
352.756 18.587
352.933 18.471
353.109 18.467
353.286 18.293
353.463 18.219
353.640 18.253
353.816 18.037
353.993 17.848
354.170 17.699
354.346 17.641
354.523 17.576
354.700 17.627
354.877 17.671
355.053 17.567
355.230 17.476
355.407 17.350
355.584 17.300
355.760 17.204
355.937 17.200
356.114 17.288
356.290 17.297
356.467 17.281
356.644 17.359
356.821 17.360
356.997 17.452
357.174 17.475
357.351 17.407
357.527 17.373
357.704 17.220
357.881 17.198
358.058 17.177
358.234 17.078
358.411 16.878
358.588 16.681
358.765 16.609
358.941 16.578
359.118 16.496
359.295 16.423
359.471 16.499
359.648 16.481
359.825 16.319
360.002 16.181
360.178 16.025
360.355 15.825
360.532 15.728
360.708 15.567
360.885 15.351
361.062 15.279
361.239 15.278
361.415 15.219
361.592 15.209
361.769 15.159
361.946 15.182
362.122 15.066
362.299 15.085
362.476 15.008
362.652 14.800
362.829 14.723
363.006 14.643
363.183 14.467
363.359 14.385
363.536 14.323
363.713 14.259
363.889 14.259
364.066 14.303
364.243 14.295
364.420 14.243
364.596 14.302
364.773 14.263
364.950 14.156
365.127 14.118
365.303 14.036
365.480 13.923
365.661 13.791
365.841 13.841
366.022 13.763
366.202 13.722
366.383 13.672
366.563 13.568
366.744 13.543
366.924 13.519
367.105 13.532
367.286 13.507
367.466 13.467
367.647 13.464
367.827 13.273
368.008 13.113
368.188 13.045
368.369 12.864
368.549 12.730
368.730 12.589
368.911 12.521
369.091 12.563
369.272 12.551
369.452 12.431
369.633 12.311
369.813 12.254
369.994 12.178
370.174 12.178
370.355 12.272
370.535 12.299
370.716 12.306
370.897 12.217
371.077 12.093
371.258 11.996
371.438 11.904
371.619 11.987
371.799 12.043
371.980 12.006
372.160 11.973
372.341 11.954
372.522 11.960
372.702 11.987
372.883 11.848
373.063 11.781
373.244 11.816
373.424 11.847
373.605 11.850
373.785 11.804
373.966 11.813
374.147 11.798
374.327 11.764
374.508 11.692
374.688 11.636
374.869 11.664
375.049 11.694
375.230 11.637
375.410 11.520
375.591 11.358
375.772 11.290
375.952 11.284
376.133 11.188
376.313 11.170
376.494 11.147
376.674 11.136
376.855 11.103
377.035 11.048
377.216 10.944
377.397 10.814
377.577 10.789
377.758 10.762
377.938 10.658
378.119 10.418
378.299 10.298
378.480 10.274
378.660 10.212
378.841 10.096
379.021 10.051
379.202 10.067
379.383 10.055
379.563 9.954
379.744 9.831
379.924 9.764
380.105 9.645
380.285 9.566
380.466 9.573
380.646 9.525
380.827 9.441
381.008 9.436
381.188 9.433
381.369 9.387
381.549 9.304
381.730 9.234
381.910 9.300
382.091 9.355
382.271 9.308
382.452 9.288
382.633 9.285
382.813 9.269
382.994 9.185
383.174 9.157
383.355 9.180
383.535 9.186
383.716 9.174
383.896 9.123
384.077 9.046
384.258 8.918
384.438 8.870
384.619 8.835
384.799 8.760
384.980 8.732
385.160 8.675
385.341 8.616
385.521 8.570
385.702 8.444
385.882 8.324
386.063 8.283
386.244 8.221
386.424 8.178
386.605 8.119
386.785 8.093
386.966 8.070
387.146 8.075
387.327 8.044
387.507 8.038
387.688 8.016
387.869 7.979
388.049 7.967
388.230 7.945
388.410 7.942
388.591 7.902
388.771 7.806
388.952 7.760
389.132 7.771
389.313 7.755
389.494 7.791
389.674 7.794
389.855 7.743
390.035 7.710
390.216 7.660
390.396 7.630
390.577 7.613
390.757 7.588
390.938 7.527
391.119 7.484
391.299 7.412
391.480 7.409
391.660 7.383
391.841 7.338
392.021 7.323
392.202 7.278
392.382 7.264
392.563 7.267
392.743 7.258
392.924 7.215
393.105 7.128
393.285 7.058
393.466 7.036
393.646 7.021
393.827 6.989
394.007 6.982
394.188 6.966
394.368 6.990
394.549 7.003
394.730 6.929
394.910 6.886
395.091 6.878
395.271 6.848
395.452 6.823
395.632 6.816
395.813 6.833
395.993 6.877
396.174 6.864
396.355 6.852
396.535 6.796
396.716 6.726
396.896 6.755
397.077 6.769
397.257 6.743
397.438 6.751
397.618 6.759
397.799 6.729
397.980 6.692
398.160 6.604
398.341 6.553
398.521 6.555
398.702 6.575
398.882 6.560
399.063 6.526
399.243 6.505
399.424 6.508
399.605 6.496
399.785 6.415
399.966 6.380
400.146 6.349
400.327 6.339
400.507 6.355
400.688 6.349
400.868 6.338
401.049 6.319
401.229 6.271
401.410 6.251
401.591 6.259
401.771 6.277
401.952 6.282
402.132 6.264
402.313 6.243
402.493 6.224
402.674 6.221
402.854 6.212
403.035 6.193
403.216 6.136
403.396 6.063
403.577 6.046
403.757 6.031
403.938 6.030
404.118 6.040
404.299 5.997
404.479 5.964
404.660 5.929
404.841 5.886
405.023 5.896
405.204 5.929
405.385 5.918
405.566 5.891
405.748 5.863
405.929 5.814
406.110 5.790
406.292 5.737
406.473 5.698
406.654 5.670
406.835 5.632
407.017 5.615
407.198 5.595
407.379 5.590
407.560 5.592
407.742 5.591
407.923 5.600
408.104 5.618
408.286 5.592
408.467 5.553
408.648 5.560
408.829 5.557
409.011 5.518
409.192 5.491
409.373 5.466
409.555 5.465
409.736 5.459
409.917 5.436
410.098 5.437
410.280 5.456
410.461 5.483
410.642 5.510
410.823 5.526
411.005 5.534
411.186 5.532
411.367 5.533
411.549 5.497
411.730 5.447
411.911 5.429
412.092 5.417
412.274 5.421
412.455 5.415
412.636 5.401
412.818 5.377
412.999 5.351
413.180 5.339
413.361 5.312
413.543 5.298
413.724 5.320
413.905 5.342
414.087 5.319
414.268 5.265
414.449 5.241
414.630 5.222
414.812 5.229
414.993 5.221
415.174 5.175
415.355 5.145
415.537 5.126
415.718 5.106
415.899 5.102
416.081 5.068
416.262 5.028
416.443 4.994
416.624 4.973
416.806 4.974
416.987 4.966
417.168 4.981
417.350 4.965
417.531 4.928
417.712 4.873
417.893 4.845
418.075 4.871
418.256 4.863
418.437 4.857
418.618 4.841
418.800 4.823
418.981 4.818
419.162 4.825
419.344 4.827
419.525 4.814
419.706 4.808
419.887 4.807
420.069 4.803
420.250 4.806
420.431 4.798
420.613 4.770
420.794 4.744
420.975 4.708
421.156 4.696
421.338 4.701
421.519 4.706
421.700 4.691
421.882 4.667
422.063 4.657
422.244 4.663
422.425 4.688
422.607 4.700
422.788 4.692
422.969 4.689
423.150 4.682
423.332 4.676
423.513 4.665
423.694 4.672
423.876 4.697
424.057 4.702
424.238 4.696
424.419 4.708
424.601 4.706
424.782 4.716
424.963 4.711
425.145 4.691
425.326 4.679
425.507 4.687
425.688 4.674
425.870 4.651
426.051 4.612
426.232 4.553
426.413 4.517
426.595 4.504
426.776 4.473
426.957 4.455
427.139 4.443
427.320 4.432
427.501 4.418
427.682 4.385
427.864 4.356
428.045 4.331
428.226 4.311
428.408 4.309
428.589 4.288
428.770 4.290
428.951 4.295
429.133 4.281
429.314 4.264
429.495 4.259
429.677 4.276
429.858 4.275
430.039 4.271
430.220 4.262
430.402 4.268
430.583 4.286
430.764 4.280
430.945 4.268
431.127 4.254
431.308 4.232
431.489 4.221
431.671 4.201
431.852 4.195
432.033 4.195
432.214 4.180
432.396 4.161
432.577 4.164
432.758 4.176
432.940 4.197
433.121 4.191
433.302 4.177
433.483 4.162
433.665 4.158
433.846 4.154
434.027 4.159
434.208 4.157
434.390 4.146
434.571 4.151
434.752 4.167
434.934 4.176
435.115 4.182
435.296 4.167
435.477 4.166
435.659 4.166
435.840 4.160
436.030 4.173
436.220 4.176
436.410 4.161
436.600 4.150
436.790 4.142
436.980 4.137
437.170 4.142
437.360 4.139
437.550 4.132
437.741 4.133
437.931 4.123
438.121 4.114
438.311 4.104
438.501 4.084
438.691 4.060
438.881 4.032
439.071 4.003
439.261 4.003
439.451 4.012
439.641 4.015
439.831 4.015
440.021 4.002
440.211 3.989
440.401 3.973
440.591 3.957
440.781 3.942
440.971 3.932
441.161 3.923
441.351 3.924
441.542 3.924
441.732 3.899
441.922 3.876
442.112 3.861
442.302 3.853
442.492 3.862
442.682 3.862
442.872 3.865
443.062 3.861
443.252 3.860
443.442 3.846
443.632 3.824
443.822 3.798
444.012 3.775
444.202 3.774
444.392 3.775
444.582 3.757
444.772 3.741
444.962 3.730
445.153 3.715
445.343 3.698
445.533 3.681
445.723 3.690
445.913 3.702
446.103 3.703
446.293 3.711
446.483 3.702
446.673 3.699
446.863 3.695
447.053 3.709
447.243 3.707
447.433 3.702
447.623 3.701
447.813 3.685
448.003 3.683
448.193 3.678
448.383 3.676
448.573 3.680
448.764 3.681
448.954 3.685
449.144 3.693
449.334 3.686
449.524 3.680
449.714 3.672
449.904 3.662
450.094 3.658
450.284 3.640
450.474 3.618
450.664 3.603
450.854 3.608
451.044 3.597
451.234 3.597
451.424 3.602
451.614 3.605
451.804 3.623
451.994 3.625
452.184 3.627
452.375 3.628
452.565 3.635
452.755 3.637
452.945 3.636
453.135 3.629
453.325 3.640
453.515 3.651
453.705 3.641
453.895 3.631
454.085 3.627
454.275 3.628
454.465 3.633
454.655 3.644
454.845 3.646
455.035 3.639
455.225 3.626
455.415 3.622
455.605 3.622
455.795 3.614
455.985 3.610
456.176 3.608
456.366 3.602
456.556 3.589
456.746 3.582
456.936 3.571
457.126 3.560
457.316 3.541
457.506 3.533
457.696 3.538
457.886 3.549
458.076 3.559
458.266 3.565
458.456 3.570
458.646 3.559
458.836 3.544
459.026 3.555
459.216 3.566
459.406 3.552
459.596 3.550
459.787 3.553
459.977 3.560
460.167 3.549
460.357 3.557
460.547 3.574
460.737 3.581
460.927 3.598
461.117 3.619
461.307 3.637
461.497 3.635
461.687 3.635
461.877 3.637
462.067 3.636
462.257 3.651
462.447 3.666
462.637 3.679
462.827 3.698
463.017 3.698
463.207 3.696
463.397 3.711
463.588 3.723
463.778 3.725
463.968 3.724
464.158 3.744
464.348 3.749
464.538 3.747
464.728 3.756
464.918 3.765
465.108 3.769
465.298 3.764
465.488 3.784
465.678 3.809
465.868 3.822
466.058 3.829
466.248 3.829
466.438 3.831
466.628 3.837
466.818 3.846
467.008 3.863
467.199 3.872
467.389 3.890
467.579 3.916
467.769 3.957
467.959 3.977
468.149 3.987
468.339 4.008
468.529 4.031
468.719 4.045
468.909 4.057
469.099 4.073
469.289 4.099
469.479 4.128
469.669 4.143
469.859 4.165
470.049 4.201
470.239 4.241
470.429 4.284
470.619 4.328
470.810 4.363
471.000 4.407
471.190 4.460
471.380 4.504
471.570 4.536
471.760 4.561
471.950 4.606
472.140 4.660
472.330 4.706
472.520 4.757
472.710 4.819
472.900 4.878
473.090 4.944
473.280 5.008
473.470 5.064
473.660 5.131
473.850 5.203
474.040 5.281
474.230 5.351
474.421 5.423
474.611 5.501
474.801 5.567
474.991 5.633
475.181 5.714
475.371 5.798
475.561 5.886
475.751 5.983
475.941 6.077
476.131 6.168
476.321 6.266
476.511 6.367
476.701 6.476
476.891 6.589
477.081 6.697
477.271 6.817
477.461 6.941
477.651 7.070
477.841 7.204
478.031 7.323
478.222 7.448
478.412 7.581
478.602 7.720
478.792 7.873
478.982 8.030
479.172 8.184
479.362 8.345
479.552 8.517
479.742 8.692
479.932 8.867
480.122 9.046
480.312 9.232
480.502 9.417
480.692 9.604
480.882 9.805
481.072 10.006
481.262 10.205
481.452 10.417
481.642 10.631
481.833 10.851
482.023 11.079
482.213 11.304
482.403 11.528
482.593 11.762
482.783 12.003
482.973 12.249
483.163 12.504
483.353 12.754
483.543 12.996
483.733 13.252
483.923 13.522
484.113 13.796
484.303 14.072
484.493 14.351
484.683 14.623
484.873 14.902
485.063 15.191
485.253 15.488
485.443 15.789
485.634 16.090
485.824 16.389
486.014 16.698
486.204 17.014
486.394 17.338
486.584 17.653
486.774 17.969
486.964 18.294
487.154 18.620
487.344 18.957
487.534 19.296
487.724 19.633
487.914 19.977
488.104 20.327
488.294 20.671
488.484 21.030
488.674 21.398
488.864 21.761
489.054 22.128
489.245 22.489
489.435 22.842
489.625 23.211
489.815 23.592
490.005 23.966
490.195 24.344
490.385 24.724
490.575 25.101
490.765 25.486
490.955 25.875
491.145 26.256
491.335 26.629
491.525 27.012
491.715 27.398
491.905 27.785
492.095 28.164
492.285 28.554
492.475 28.937
492.665 29.314
492.856 29.697
493.046 30.080
493.236 30.469
493.426 30.866
493.616 31.250
493.806 31.628
493.996 32.013
494.186 32.403
494.376 32.793
494.566 33.202
494.756 33.597
494.946 33.980
495.136 34.360
495.326 34.758
495.516 35.151
495.706 35.546
495.896 35.937
496.086 36.330
496.276 36.725
496.467 37.118
496.657 37.511
496.847 37.898
497.037 38.287
497.227 38.669
497.417 39.047
497.607 39.433
497.797 39.826
497.987 40.213
498.177 40.586
498.367 40.949
498.557 41.308
498.747 41.676
498.937 42.054
499.127 42.437
499.317 42.805
499.507 43.169
499.697 43.520
499.887 43.869
500.077 44.230
500.268 44.583
500.458 44.930
500.648 45.277
500.838 45.616
501.028 45.955
501.218 46.298
501.408 46.639
501.598 46.969
501.788 47.294
501.978 47.617
502.168 47.945
502.358 48.285
502.548 48.618
502.738 48.944
502.928 49.259
503.118 49.575
503.308 49.897
503.498 50.213
503.688 50.520
503.879 50.834
504.069 51.137
504.259 51.434
504.449 51.732
504.639 52.029
504.829 52.331
505.019 52.614
505.209 52.895
505.399 53.172
505.589 53.444
505.779 53.708
505.969 53.977
506.159 54.241
506.349 54.486
506.539 54.729
506.729 54.965
506.919 55.199
507.109 55.426
507.299 55.648
507.490 55.876
507.680 56.099
507.870 56.302
508.060 56.509
508.250 56.719
508.440 56.926
508.630 57.119
508.820 57.311
509.010 57.515
509.200 57.708
509.390 57.899
509.580 58.095
509.770 58.283
509.960 58.456
510.150 58.627
510.340 58.797
510.530 58.966
510.720 59.141
510.910 59.321
511.100 59.512
511.291 59.658
511.481 59.797
511.671 59.956
511.861 60.106
512.051 60.246
512.241 60.379
512.431 60.509
512.621 60.653
512.811 60.788
513.001 60.910
513.191 61.028
513.381 61.136
513.571 61.237
513.761 61.337
513.951 61.447
514.141 61.562
514.331 61.673
514.521 61.771
514.711 61.858
514.902 61.940
515.092 62.006
515.282 62.111
515.472 62.211
515.662 62.290
515.852 62.379
516.042 62.461
516.232 62.544
516.422 62.619
516.612 62.687
516.802 62.755
516.992 62.816
517.182 62.883
517.372 62.950
517.562 63.010
517.752 63.082
517.942 63.140
518.132 63.194
518.322 63.254
518.513 63.310
518.703 63.366
518.893 63.413
519.083 63.454
519.273 63.484
519.463 63.514
519.653 63.558
519.843 63.598
520.033 63.640
520.223 63.673
520.413 63.712
520.603 63.734
520.793 63.760
520.983 63.796
521.173 63.829
521.363 63.863
521.553 63.890
521.743 63.899
521.933 63.913
522.123 63.923
522.314 63.933
522.504 63.948
522.694 63.966
522.884 63.987
523.074 64.004
523.264 64.024
523.454 64.043
523.644 64.046
523.834 64.048
524.024 64.053
524.214 64.062
524.404 64.064
524.594 64.082
524.784 64.088
524.974 64.080
525.164 64.085
525.354 64.098
525.544 64.124
525.734 64.140
525.925 64.150
526.115 64.157
526.305 64.164
526.495 64.168
526.685 64.171
526.875 64.174
527.065 64.186
527.255 64.189
527.445 64.186
527.635 64.201
527.825 64.213
528.015 64.224
528.205 64.233
528.395 64.245
528.585 64.242
528.775 64.248
528.965 64.274
529.155 64.287
529.345 64.289
529.535 64.283
529.726 64.292
529.916 64.301
530.106 64.315
530.296 64.330
530.486 64.346
530.676 64.358
530.866 64.362
531.056 64.364
531.246 64.379
531.436 64.403
531.626 64.414
531.816 64.420
532.006 64.433
532.196 64.448
532.386 64.464
532.576 64.484
532.766 64.504
532.956 64.512
533.146 64.520
533.337 64.532
533.527 64.547
533.717 64.564
533.907 64.581
534.097 64.595
534.287 64.608
534.477 64.624
534.667 64.657
534.857 64.701
535.047 64.738
535.237 64.772
535.427 64.815
535.617 64.859
535.807 64.899
535.997 64.932
536.187 64.967
536.377 65.002
536.567 65.047
536.757 65.095
536.948 65.146
537.138 65.199
537.328 65.259
537.518 65.315
537.708 65.366
537.898 65.435
538.088 65.501
538.278 65.562
538.468 65.630
538.658 65.693
538.848 65.734
539.038 65.789
539.228 65.840
539.418 65.889
539.608 65.943
539.798 66.004
539.988 66.065
540.178 66.136
540.368 66.209
540.558 66.283
540.749 66.361
540.939 66.431
541.129 66.502
541.319 66.575
541.509 66.660
541.699 66.737
541.889 66.803
542.079 66.882
542.269 66.976
542.459 67.053
542.649 67.128
542.839 67.233
543.029 67.321
543.219 67.420
543.409 67.516
543.599 67.614
543.789 67.712
543.979 67.814
544.169 67.909
544.360 68.006
544.550 68.107
544.740 68.197
544.930 68.302
545.120 68.403
545.310 68.498
545.500 68.590
545.690 68.692
545.880 68.789
546.070 68.889
546.267 68.981
546.463 69.087
546.660 69.186
546.857 69.279
547.054 69.387
547.251 69.489
547.447 69.586
547.644 69.688
547.841 69.792
548.038 69.896
548.234 69.997
548.431 70.094
548.628 70.192
548.825 70.296
549.021 70.399
549.218 70.503
549.415 70.610
549.612 70.710
549.808 70.817
550.005 70.915
550.202 71.013
550.399 71.116
550.595 71.209
550.792 71.314
550.989 71.410
551.186 71.508
551.382 71.612
551.579 71.715
551.776 71.805
551.973 71.908
552.169 72.012
552.366 72.115
552.563 72.220
552.760 72.315
552.956 72.407
553.153 72.496
553.350 72.576
553.547 72.656
553.743 72.746
553.940 72.830
554.137 72.933
554.334 73.017
554.530 73.107
554.727 73.203
554.924 73.289
555.121 73.373
555.317 73.446
555.514 73.519
555.711 73.597
555.908 73.670
556.104 73.730
556.301 73.790
556.498 73.856
556.695 73.916
556.891 73.988
557.088 74.056
557.285 74.121
557.482 74.195
557.678 74.269
557.875 74.335
558.072 74.403
558.269 74.464
558.465 74.532
558.662 74.593
558.859 74.647
559.056 74.701
559.252 74.766
559.449 74.830
559.646 74.884
559.843 74.942
560.039 75.010
560.236 75.082
560.433 75.146
560.630 75.209
560.826 75.269
561.023 75.319
561.220 75.368
561.417 75.416
561.613 75.465
561.810 75.522
562.007 75.576
562.204 75.620
562.400 75.660
562.597 75.709
562.794 75.745
562.991 75.783
563.187 75.822
563.384 75.853
563.581 75.886
563.778 75.926
563.974 75.961
564.171 75.996
564.368 76.022
564.565 76.054
564.761 76.081
564.958 76.105
565.155 76.131
565.352 76.166
565.548 76.195
565.745 76.214
565.942 76.229
566.139 76.239
566.335 76.259
566.532 76.278
566.729 76.296
566.926 76.316
567.122 76.331
567.319 76.346
567.516 76.372
567.713 76.405
567.909 76.427
568.106 76.441
568.303 76.452
568.500 76.465
568.696 76.475
568.893 76.480
569.090 76.496
569.287 76.509
569.483 76.517
569.680 76.533
569.877 76.550
570.074 76.563
570.270 76.584
570.467 76.605
570.664 76.628
570.861 76.642
571.057 76.666
571.254 76.686
571.451 76.704
571.648 76.719
571.844 76.730
572.041 76.726
572.238 76.727
572.435 76.736
572.631 76.742
572.828 76.755
573.025 76.775
573.222 76.788
573.418 76.800
573.615 76.806
573.812 76.818
574.009 76.829
574.205 76.840
574.402 76.838
574.599 76.831
574.796 76.828
574.992 76.829
575.189 76.827
575.386 76.831
575.583 76.835
575.779 76.827
575.976 76.823
576.173 76.842
576.370 76.852
576.567 76.848
576.763 76.845
576.960 76.846
577.158 76.846
577.356 76.853
577.554 76.859
577.752 76.869
577.950 76.869
578.148 76.880
578.346 76.884
578.544 76.904
578.742 76.923
578.940 76.938
579.138 76.953
579.336 76.963
579.534 76.966
579.732 76.976
579.930 76.988
580.128 76.999
580.326 77.005
580.524 77.015
580.722 77.034
580.920 77.060
581.118 77.080
581.316 77.088
581.514 77.092
581.712 77.090
581.909 77.086
582.107 77.092
582.305 77.095
582.503 77.106
582.701 77.108
582.899 77.109
583.097 77.108
583.295 77.109
583.493 77.114
583.691 77.127
583.889 77.132
584.087 77.132
584.285 77.133
584.483 77.139
584.681 77.148
584.879 77.156
585.077 77.156
585.275 77.154
585.473 77.166
585.671 77.171
585.869 77.183
586.067 77.197
586.265 77.204
586.463 77.205
586.661 77.209
586.859 77.212
587.057 77.218
587.255 77.224
587.453 77.231
587.651 77.237
587.849 77.245
588.047 77.253
588.245 77.264
588.443 77.274
588.641 77.281
588.839 77.285
589.037 77.281
589.235 77.282
589.433 77.279
589.631 77.277
589.829 77.280
590.027 77.285
590.225 77.281
590.423 77.279
590.621 77.281
590.819 77.269
591.017 77.266
591.215 77.270
591.413 77.275
591.611 77.272
591.809 77.262
592.006 77.251
592.204 77.250
592.402 77.251
592.600 77.252
592.798 77.252
592.996 77.241
593.194 77.234
593.392 77.229
593.590 77.229
593.788 77.223
593.986 77.220
594.184 77.203
594.382 77.192
594.580 77.183
594.778 77.180
594.976 77.183
595.174 77.179
595.372 77.174
595.570 77.166
595.768 77.156
595.966 77.156
596.164 77.153
596.362 77.149
596.560 77.142
596.758 77.140
596.956 77.130
597.154 77.133
597.352 77.143
597.550 77.145
597.748 77.141
597.946 77.141
598.144 77.133
598.342 77.137
598.540 77.152
598.738 77.163
598.936 77.157
599.134 77.152
599.332 77.158
599.530 77.169
599.728 77.166
599.926 77.171
600.124 77.175
600.322 77.178
600.520 77.167
600.718 77.154
600.916 77.145
601.114 77.142
601.312 77.139
601.510 77.130
601.708 77.123
601.905 77.119
602.103 77.116
602.301 77.120
602.499 77.120
602.697 77.107
602.895 77.098
603.093 77.099
603.291 77.100
603.489 77.083
603.687 77.058
603.885 77.052
604.083 77.045
604.281 77.026
604.479 77.009
604.677 77.006
604.875 77.004
605.073 76.996
605.271 76.995
605.469 76.979
605.667 76.968
605.865 76.955
606.063 76.954
606.261 76.951
606.459 76.938
606.657 76.929
606.855 76.926
607.053 76.910
607.251 76.886
607.449 76.874
607.647 76.865
607.845 76.858
608.043 76.850
608.241 76.845
608.439 76.840
608.637 76.831
608.835 76.832
609.033 76.827
609.231 76.811
609.429 76.790
609.627 76.785
609.825 76.775
610.023 76.763
610.221 76.739
610.419 76.723
610.617 76.714
610.815 76.705
611.013 76.692
611.211 76.686
611.409 76.683
611.607 76.668
611.804 76.654
612.002 76.642
612.200 76.628
612.398 76.611
612.596 76.608
612.794 76.605
612.992 76.591
613.190 76.586
613.388 76.578
613.586 76.571
613.784 76.564
613.982 76.554
614.180 76.556
614.378 76.561
614.576 76.554
614.774 76.548
614.972 76.546
615.170 76.540
615.368 76.540
615.566 76.545
615.764 76.544
615.962 76.544
616.160 76.546
616.358 76.544
616.556 76.535
616.754 76.518
616.952 76.505
617.150 76.492
617.348 76.484
617.546 76.480
617.744 76.471
617.942 76.476
618.140 76.484
618.338 76.476
618.536 76.467
618.734 76.460
618.932 76.459
619.130 76.453
619.328 76.448
619.526 76.441
619.724 76.433
619.922 76.432
620.120 76.431
620.318 76.424
620.516 76.425
620.714 76.436
620.912 76.450
621.110 76.453
621.308 76.455
621.506 76.459
621.704 76.467
621.901 76.470
622.099 76.456
622.297 76.450
622.495 76.448
622.693 76.449
622.891 76.445
623.089 76.444
623.287 76.451
623.485 76.460
623.683 76.458
623.881 76.456
624.079 76.469
624.277 76.473
624.475 76.462
624.673 76.452
624.871 76.439
625.069 76.427
625.267 76.430
625.465 76.432
625.663 76.423
625.861 76.412
626.059 76.412
626.257 76.414
626.455 76.411
626.653 76.416
626.851 76.417
627.049 76.422
627.247 76.416
627.445 76.409
627.643 76.403
627.841 76.405
628.039 76.406
628.237 76.396
628.435 76.391
628.633 76.398
628.831 76.409
629.029 76.410
629.227 76.403
629.425 76.392
629.623 76.389
629.821 76.393
630.019 76.396
630.217 76.393
630.415 76.380
630.613 76.371
630.811 76.366
631.009 76.362
631.207 76.359
631.405 76.359
631.603 76.343
631.801 76.325
631.998 76.323
632.196 76.314
632.394 76.303
632.592 76.296
632.790 76.295
632.988 76.279
633.186 76.275
633.384 76.278
633.582 76.271
633.780 76.251
633.978 76.245
634.176 76.246
634.374 76.235
634.572 76.228
634.770 76.227
634.968 76.219
635.166 76.204
635.364 76.183
635.562 76.160
635.760 76.151
635.958 76.154
636.156 76.149
636.354 76.143
636.552 76.130
636.750 76.121
636.948 76.110
637.146 76.156
637.344 76.256
637.542 76.246
637.740 76.244
637.938 76.245
638.136 76.231
638.334 76.219
638.532 76.221
638.730 76.223
638.928 76.218
639.126 76.208
639.324 76.207
639.522 76.218
639.720 76.240
639.918 76.279
640.116 76.283
640.314 76.286
640.512 76.291
640.710 76.308
640.908 76.320
641.106 76.322
641.304 76.275
641.502 76.166
641.699 76.160
641.897 76.165
642.095 76.169
642.293 76.169
642.491 76.170
642.689 76.171
642.887 76.176
643.085 76.184
643.283 76.194
643.481 76.203
643.679 76.210
643.877 76.196
644.075 76.163
644.273 76.156
644.471 76.150
644.669 76.148
644.867 76.141
645.065 76.130
645.263 76.118
645.461 76.107
645.659 76.102
645.857 76.106
646.055 76.103
646.253 76.112
646.451 76.126
646.649 76.131
646.847 76.139
647.045 76.142
647.243 76.145
647.441 76.147
647.639 76.139
647.837 76.128
648.035 76.132
648.233 76.125
648.431 76.121
648.629 76.122
648.827 76.116
649.025 76.119
649.223 76.119
649.421 76.120
649.619 76.115
649.817 76.109
650.015 76.107
650.213 76.107
650.411 76.091
650.609 76.068
650.807 76.057
651.005 76.041
651.203 76.029
651.401 76.022
651.599 76.009
651.796 76.010
651.994 76.013
652.192 76.013
652.390 76.022
652.588 76.018
652.786 76.002
652.984 75.997
653.182 75.984
653.380 75.972
653.578 75.973
653.776 75.984
653.974 75.992
654.172 75.996
654.370 75.985
654.568 75.986
654.766 75.989
654.964 75.980
655.162 75.980
655.360 75.981
655.558 75.968
655.756 75.958
655.954 75.944
656.152 75.935
656.350 75.923
656.548 75.915
656.746 75.917
656.944 75.920
657.142 75.911
657.340 75.903
657.538 75.902
657.736 75.893
657.934 75.881
658.132 75.872
658.330 75.868
658.528 75.863
658.726 75.855
658.924 75.853
659.122 75.852
659.320 75.839
659.518 75.834
659.716 75.843
659.914 75.848
660.112 75.850
660.310 75.844
660.508 75.835
660.706 75.823
660.904 75.821
661.102 75.813
661.300 75.816
661.498 75.815
661.696 75.814
661.893 75.809
662.091 75.806
662.289 75.800
662.487 75.789
662.685 75.785
662.883 75.780
663.081 75.776
663.279 75.775
663.477 75.773
663.675 75.767
663.873 75.762
664.071 75.756
664.269 75.743
664.467 75.733
664.665 75.725
664.863 75.718
665.061 75.712
665.259 75.713
665.457 75.700
665.655 75.699
665.853 75.699
666.051 75.704
666.249 75.702
666.447 75.706
666.645 75.706
666.843 75.709
667.041 75.708
667.239 75.710
667.437 75.707
667.635 75.704
667.833 75.696
668.031 75.688
668.229 75.684
668.427 75.682
668.625 75.674
668.823 75.678
669.021 75.682
669.219 75.670
669.417 75.665
669.615 75.666
669.813 75.662
670.011 75.661
670.209 75.661
670.407 75.652
670.605 75.641
670.803 75.644
671.001 75.629
671.199 75.618
671.397 75.600
671.595 75.587
671.792 75.585
671.990 75.584
672.188 75.578
672.386 75.576
672.584 75.579
672.782 75.579
672.980 75.578
673.178 75.585
673.376 75.599
673.574 75.599
673.772 75.590
673.970 75.579
674.168 75.578
674.366 75.578
674.564 75.586
674.762 75.584
674.960 75.577
675.158 75.595
675.356 75.608
675.554 75.620
675.752 75.621
675.950 75.621
676.148 75.617
676.346 75.608
676.544 75.599
676.742 75.595
676.940 75.610
677.138 75.607
677.336 75.592
677.534 75.576
677.732 75.568
677.930 75.579
678.128 75.584
678.326 75.574
678.524 75.573
678.722 75.562
678.920 75.554
679.118 75.546
679.316 75.525
679.514 75.516
679.712 75.508
679.910 75.509
680.108 75.499
680.306 75.497
680.504 75.506
680.702 75.515
680.900 75.523
681.098 75.508
681.296 75.498
681.494 75.495
681.691 75.501
681.889 75.501
682.087 75.489
682.285 75.479
682.483 75.469
682.681 75.456
682.879 75.466
683.077 75.472
683.275 75.476
683.473 75.489
683.671 75.487
683.869 75.482
684.067 75.473
684.265 75.475
684.463 75.486
684.661 75.489
684.859 75.491
685.057 75.498
685.255 75.512
685.453 75.525
685.651 75.539
685.849 75.544
686.047 75.548
686.245 75.554
686.443 75.573
686.641 75.593
686.839 75.604
687.037 75.607
687.235 75.628
687.433 75.645
687.631 75.647
687.829 75.665
688.027 75.693
688.225 75.718
688.423 75.725
688.621 75.727
688.819 75.721
689.017 75.721
689.215 75.716
689.413 75.721
689.611 75.713
689.809 75.700
690.007 75.697
690.205 75.697
690.403 75.700
690.601 75.697
690.799 75.696
690.997 75.701
691.195 75.702
691.393 75.693
691.591 75.685
691.788 75.682
691.986 75.673
692.184 75.656
692.382 75.652
692.580 75.658
692.778 75.661
692.976 75.667
693.174 75.664
693.372 75.666
693.570 75.671
693.768 75.686
693.966 75.704
694.164 75.721
694.362 75.732
694.560 75.738
694.758 75.740
694.956 75.745
695.154 75.745
695.352 75.750
695.550 75.749
695.748 75.757
695.946 75.772
696.144 75.777
696.342 75.787
696.540 75.795
696.744 75.809
696.948 75.821
697.152 75.836
697.357 75.849
697.561 75.861
697.765 75.866
697.969 75.865
698.173 75.862
698.377 75.840
698.581 75.838
698.786 75.839
698.990 75.832
699.194 75.823
699.398 75.815
699.602 75.803
699.806 75.795
700.010 75.781
700.215 75.772
700.419 75.770
700.623 75.758
700.827 75.741
701.031 75.722
701.235 75.692
701.440 75.666
701.644 75.656
701.848 75.647
702.052 75.647
702.256 75.655
702.460 75.670
702.664 75.694
702.869 75.686
703.073 75.686
703.277 75.699
703.481 75.707
703.685 75.725
703.889 75.745
704.093 75.748
704.298 75.756
704.502 75.758
704.706 75.773
704.910 75.788
705.114 75.796
705.318 75.818
705.522 75.860
705.727 75.889
705.931 75.900
706.135 75.913
706.339 75.911
706.543 75.904
706.747 75.883
706.951 75.872
707.156 75.888
707.360 75.897
707.564 75.902
707.768 75.897
707.972 75.877
708.176 75.866
708.380 75.873
708.585 75.882
708.789 75.885
708.993 75.883
709.197 75.888
709.401 75.895
709.605 75.890
709.810 75.873
710.014 75.859
710.218 75.849
710.422 75.841
710.626 75.843
710.830 75.846
711.034 75.865
711.239 75.880
711.443 75.886
711.647 75.887
711.851 75.887
712.055 75.911
712.259 75.944
712.463 75.972
712.668 75.991
712.872 75.996
713.076 76.003
713.280 76.008
713.484 76.013
713.688 76.017
713.892 76.026
714.097 76.035
714.301 76.056
714.505 76.081
714.709 76.100
714.913 76.108
715.117 76.118
715.321 76.127
715.526 76.126
715.730 76.134
715.934 76.137
716.138 76.147
716.342 76.139
716.546 76.130
716.750 76.120
716.955 76.112
717.159 76.105
717.363 76.092
717.567 76.082
717.771 76.080
717.975 76.098
718.180 76.100
718.384 76.094
718.588 76.084
718.792 76.073
718.996 76.059
719.200 76.050
719.404 76.052
719.609 76.033
719.813 76.004
720.017 75.984
720.221 75.980
720.425 75.974
720.629 75.976
720.833 75.976
721.038 75.979
721.242 75.981
721.446 75.988
721.650 75.999
721.854 76.008
722.058 76.011
722.262 75.998
722.467 76.000
722.671 76.022
722.875 76.028
723.079 76.017
723.283 76.009
723.487 76.008
723.691 75.994
723.896 76.007
724.100 76.048
724.304 76.077
724.508 76.099
724.712 76.108
724.916 76.111
725.120 76.115
725.325 76.106
725.529 76.099
725.733 76.102
725.937 76.114
726.141 76.106
726.345 76.091
726.550 76.084
726.754 76.092
726.958 76.080
727.162 76.083
727.366 76.099
727.570 76.110
727.774 76.127
727.979 76.150
728.183 76.152
728.387 76.136
728.591 76.127
728.795 76.113
728.999 76.102
729.203 76.101
729.408 76.095
729.612 76.099
729.816 76.109
730.020 76.111
730.224 76.105
730.428 76.119
730.632 76.140
730.837 76.150
731.041 76.148
731.245 76.150
731.449 76.143
731.653 76.151
731.857 76.170
732.061 76.171
732.266 76.174
732.470 76.186
732.674 76.197
732.878 76.211
733.082 76.228
733.286 76.245
733.490 76.240
733.695 76.235
733.899 76.242
734.103 76.244
734.307 76.242
734.511 76.252
734.715 76.261
734.920 76.263
735.124 76.272
735.328 76.276
735.532 76.281
735.736 76.292
735.940 76.291
736.144 76.281
736.349 76.286
736.553 76.278
736.757 76.268
736.961 76.256
737.165 76.235
737.369 76.220
737.573 76.203
737.778 76.203
737.982 76.211
738.186 76.204
738.390 76.203
738.594 76.201
738.798 76.202
739.002 76.197
739.207 76.198
739.411 76.195
739.615 76.196
739.819 76.194
740.023 76.191
740.227 76.188
740.431 76.181
740.636 76.164
740.840 76.157
741.044 76.156
741.248 76.169
741.452 76.184
741.656 76.195
741.860 76.209
742.065 76.225
742.269 76.249
742.473 76.269
742.677 76.290
742.881 76.298
743.085 76.289
743.290 76.282
743.494 76.280
743.698 76.269
743.902 76.252
744.106 76.244
744.310 76.247
744.514 76.243
744.719 76.240
744.923 76.233
745.127 76.235
745.331 76.233
745.535 76.240
745.739 76.227
745.943 76.222
746.148 76.216
746.352 76.212
746.556 76.191
746.760 76.167
746.964 76.140
747.168 76.119
747.372 76.109
747.577 76.107
747.781 76.110
747.985 76.119
748.189 76.108
748.393 76.096
748.597 76.075
748.801 76.075
749.006 76.093
749.210 76.125
749.414 76.143
749.618 76.155
749.822 76.154
750.026 76.156
750.230 76.142
750.435 76.132
750.639 76.125
750.843 76.116
751.047 76.125
751.251 76.134
751.455 76.152
751.660 76.160
751.864 76.169
752.068 76.154
752.272 76.149
752.476 76.174
752.680 76.196
752.884 76.215
753.089 76.209
753.293 76.189
753.497 76.172
753.701 76.162
753.905 76.157
754.109 76.148
754.313 76.157
754.518 76.172
754.722 76.179
754.926 76.192
755.130 76.213
755.334 76.232
755.538 76.241
755.742 76.237
755.947 76.236
756.151 76.226
756.355 76.225
756.559 76.223
756.763 76.205
756.967 76.176
757.171 76.166
757.376 76.186
757.580 76.203
757.784 76.209
757.988 76.219
758.192 76.240
758.396 76.256
758.600 76.239
758.805 76.238
759.009 76.254
759.213 76.257
759.417 76.239
759.621 76.223
759.825 76.217
760.030 76.215
760.234 76.225
760.438 76.239
760.642 76.252
760.846 76.251
761.050 76.262
761.254 76.284
761.459 76.303
761.663 76.308
761.867 76.313
762.071 76.304
762.275 76.292
762.479 76.280
762.683 76.267
762.888 76.268
763.092 76.258
763.296 76.249
763.500 76.247
763.709 76.252
763.918 76.239
764.126 76.233
764.335 76.243
764.544 76.238
764.753 76.228
764.962 76.212
765.171 76.208
765.379 76.198
765.588 76.194
765.797 76.179
766.006 76.151
766.215 76.129
766.424 76.131
766.632 76.125
766.841 76.098
767.050 76.089
767.259 76.104
767.468 76.099
767.677 76.072
767.885 76.040
768.094 76.029
768.303 76.019
768.512 75.994
768.721 75.973
768.929 75.973
769.138 75.977
769.347 75.977
769.556 75.980
769.765 75.968
769.974 75.952
770.182 75.945
770.391 75.958
770.600 75.976
770.809 75.977
771.018 75.982
771.227 75.990
771.435 75.998
771.644 76.010
771.853 76.038
772.062 76.064
772.271 76.086
772.480 76.102
772.688 76.127
772.897 76.141
773.106 76.149
773.315 76.149
773.524 76.140
773.732 76.145
773.941 76.143
774.150 76.160
774.359 76.164
774.568 76.156
774.777 76.130
774.985 76.095
775.194 76.086
775.403 76.069
775.612 76.068
775.821 76.057
776.030 76.035
776.238 76.030
776.447 76.025
776.656 76.026
776.865 76.024
777.074 76.014
777.283 76.019
777.491 76.030
777.700 76.038
777.909 76.051
778.118 76.058
778.327 76.058
778.535 76.058
778.744 76.087
778.953 76.115
779.162 76.149
779.371 76.183
779.580 76.202
779.788 76.241
779.997 76.274
780.206 76.297
780.415 76.290
780.624 76.281
780.833 76.279
781.041 76.266
781.250 76.257
781.459 76.273
781.668 76.286
781.877 76.282
782.086 76.272
782.294 76.272
782.503 76.279
782.712 76.291
782.921 76.308
783.130 76.304
783.338 76.306
783.547 76.296
783.756 76.293
783.965 76.286
784.174 76.265
784.383 76.229
784.591 76.198
784.800 76.191
785.009 76.177
785.218 76.182
785.427 76.203
785.636 76.210
785.844 76.193
786.053 76.183
786.262 76.186
786.471 76.199
786.680 76.198
786.889 76.176
787.097 76.168
787.306 76.150
787.515 76.126
787.724 76.108
787.933 76.101
788.141 76.074
788.350 76.037
788.559 76.004
788.768 75.997
788.977 75.989
789.186 75.991
789.394 76.004
789.603 75.987
789.812 75.945
790.021 75.924
790.230 75.926
790.439 75.925
790.647 75.907
790.856 75.861
791.065 75.846
791.274 75.865
791.483 75.867
791.692 75.864
791.900 75.865
792.109 75.856
792.318 75.855
792.527 75.867
792.736 75.894
792.944 75.921
793.153 75.914
793.362 75.922
793.571 75.912
793.780 75.892
793.989 75.889
794.197 75.919
794.406 75.918
794.615 75.904
794.824 75.876
795.033 75.862
795.242 75.879
795.450 75.864
795.659 75.847
795.868 75.823
796.077 75.795
796.286 75.771
796.495 75.743
796.703 75.712
796.912 75.699
797.121 75.696
797.330 75.679
797.539 75.665
797.747 75.639
797.956 75.628
798.165 75.625
798.374 75.625
798.583 75.596
798.792 75.585
799.000 75.596
799.209 75.601
799.418 75.596
799.627 75.581
799.836 75.572
800.045 75.564
800.253 75.557
800.462 75.548
800.671 75.576
800.880 75.606
801.089 75.618
801.298 75.628
801.506 75.632
801.715 75.667
801.924 75.698
802.133 75.729
802.342 75.750
802.550 75.750
802.759 75.747
802.968 75.742
803.177 75.736
803.386 75.714
803.595 75.713
803.803 75.715
804.012 75.724
804.221 75.740
804.430 75.727
804.639 75.727
804.848 75.748
805.056 75.739
805.265 75.712
805.474 75.713
805.683 75.722
805.892 75.722
806.101 75.682
806.309 75.652
806.518 75.628
806.727 75.633
806.936 75.651
807.145 75.636
807.353 75.637
807.562 75.623
807.771 75.612
807.980 75.593
808.189 75.576
808.398 75.565
808.606 75.559
808.815 75.558
809.024 75.575
809.233 75.578
809.442 75.566
809.651 75.573
809.859 75.569
810.068 75.556
810.277 75.513
810.486 75.509
810.695 75.513
810.904 75.498
811.112 75.458
811.321 75.429
811.530 75.448
811.740 75.510
811.949 75.616
812.159 75.643
812.368 75.675
812.578 75.704
812.787 75.697
812.997 75.715
813.206 75.743
813.416 75.731
813.625 75.715
813.835 75.722
814.044 75.727
814.254 75.712
814.463 75.678
814.673 75.685
814.882 75.666
815.092 75.659
815.301 75.665
815.511 75.674
815.720 75.683
815.930 75.657
816.139 75.580
816.349 75.458
816.558 75.432
816.768 75.431
816.977 75.409
817.187 75.381
817.396 75.353
817.606 75.328
817.815 75.310
818.025 75.307
818.234 75.302
818.444 75.306
818.653 75.300
818.863 75.297
819.072 75.299
819.282 75.330
819.491 75.316
819.701 75.301
819.910 75.309
820.120 75.293
820.329 75.277
820.539 75.265
820.748 75.272
820.958 75.286
821.167 75.268
821.377 75.258
821.586 75.273
821.796 75.253
822.005 75.227
822.215 75.235
822.424 75.240
822.634 75.210
822.843 75.170
823.053 75.192
823.262 75.215
823.472 75.173
823.681 75.099
823.891 75.068
824.100 75.073
824.310 75.061
824.519 75.056
824.729 75.089
824.938 75.095
825.148 75.072
825.357 75.039
825.567 75.028
825.776 75.034
825.986 75.042
826.195 75.029
826.405 75.030
826.614 75.027
826.824 75.007
827.033 75.011
827.243 75.043
827.452 75.002
827.662 74.964
827.871 74.991
828.081 75.015
828.290 75.059
828.500 75.092
828.709 75.088
828.919 75.062
829.128 75.019
829.338 75.026
829.547 75.066
829.757 75.064
829.966 75.055
830.176 75.052
830.385 75.034
830.595 75.024
830.804 75.013
831.014 74.985
831.223 74.988
831.433 75.016
831.642 74.976
831.852 74.980
832.061 75.027
832.271 75.032
832.480 75.041
832.690 75.015
832.899 74.992
833.109 74.999
833.318 75.026
833.528 75.004
833.737 74.980
833.947 74.953
834.156 74.942
834.366 74.935
834.575 74.933
834.785 74.934
834.994 74.951
835.204 74.989
835.413 74.977
835.623 74.950
835.832 74.902
836.042 74.925
836.251 74.930
836.461 74.902
836.670 74.912
836.880 74.945
837.089 74.971
837.299 74.949
837.508 74.923
837.718 74.914
837.927 74.923
838.137 74.937
838.346 74.935
838.556 74.950
838.765 74.962
838.975 74.936
839.184 74.925
839.394 74.920
839.603 74.897
839.813 74.919
840.022 74.944
840.232 74.948
840.441 74.921
840.651 74.899
840.860 74.857
841.070 74.797
841.279 74.725
841.489 74.715
841.698 74.721
841.908 74.735
842.117 74.746
842.327 74.785
842.536 74.796
842.746 74.801
842.955 74.789
843.165 74.778
843.374 74.749
843.584 74.707
843.793 74.678
844.003 74.649
844.212 74.634
844.422 74.618
844.631 74.594
844.841 74.583
845.050 74.600
845.260 74.624
845.469 74.626
845.679 74.634
845.888 74.645
846.098 74.649
846.307 74.631
846.517 74.582
846.726 74.621
846.936 74.721
847.145 74.736
847.355 74.751
847.564 74.734
847.774 74.745
847.983 74.772
848.193 74.776
848.402 74.756
848.612 74.723
848.821 74.687
849.031 74.675
849.240 74.693
849.450 74.678
849.659 74.643
849.869 74.626
850.078 74.622
850.288 74.568
850.497 74.535
850.707 74.554
850.916 74.573
851.126 74.489
851.335 74.337
851.545 74.299
851.754 74.273
851.964 74.257
852.173 74.250
852.383 74.254
852.592 74.272
852.802 74.334
853.011 74.363
853.221 74.404
853.430 74.466
853.640 74.464
853.849 74.485
854.059 74.545
854.268 74.592
854.478 74.624
854.687 74.666
854.897 74.706
855.106 74.735
855.316 74.791
855.525 74.854
855.735 74.877
855.944 74.883
856.154 74.915
856.363 74.958
856.573 74.981
856.782 74.989
856.992 74.971
857.201 74.909
857.411 74.895
857.620 74.904
857.830 74.874
858.039 74.887
858.249 74.876
858.458 74.819
858.668 74.801
858.877 74.753
859.087 74.717
859.296 74.669
859.506 74.595
859.715 74.532
859.925 74.473
860.134 74.470
860.344 74.478
860.553 74.420
860.763 74.378
860.972 74.361
861.182 74.334
861.391 74.352
861.601 74.417
861.810 74.446
862.020 74.422
862.229 74.416
862.439 74.420
862.648 74.406
862.858 74.398
863.067 74.417
863.277 74.465
863.486 74.479
863.696 74.471
863.905 74.497
864.115 74.496
864.324 74.467
864.534 74.447
864.743 74.482
864.953 74.507
865.162 74.540
865.372 74.585
865.581 74.619
865.791 74.601
866.000 74.571
866.210 74.597
866.419 74.629
866.629 74.658
866.838 74.619
867.048 74.599
867.257 74.607
867.467 74.550
867.676 74.472
867.886 74.459
868.095 74.440
868.305 74.370
868.514 74.366
868.724 74.422
868.933 74.437
869.143 74.354
869.352 74.339
869.562 74.343
869.771 74.345
869.981 74.386
870.190 74.430
870.400 74.404
870.609 74.325
870.819 74.241
871.028 74.239
871.238 74.250
871.447 74.279
871.657 74.286
871.866 74.342
872.076 74.425
872.285 74.459
872.495 74.500
872.704 74.530
872.914 74.519
873.123 74.444
873.333 74.395
873.542 74.392
873.752 74.382
873.961 74.326
874.171 74.286
874.380 74.131
874.590 74.049
874.799 74.093
875.009 74.093
875.218 74.105
875.428 74.076
875.637 74.066
875.847 74.024
876.056 73.938
876.266 73.873
876.475 73.850
876.685 73.801
876.894 73.772
877.104 73.759
877.313 73.727
877.523 73.728
877.732 73.745
877.942 73.773
878.151 73.814
878.361 73.820
878.570 73.781
878.780 73.856
878.989 73.931
879.199 73.946
879.408 73.993
879.618 74.000
879.827 73.997
880.037 74.036
880.246 74.049
880.456 74.079
880.665 74.092
880.875 74.036
881.084 73.977
881.294 73.934
881.503 73.950
881.713 74.002
881.922 74.029
882.132 74.104
882.341 74.103
882.551 74.067
882.760 74.098
882.970 74.162
883.179 74.163
883.389 74.096
883.598 74.038
883.808 74.021
884.017 74.050
884.227 74.074
884.436 74.111
884.646 74.187
884.855 74.214
885.065 74.245
885.274 74.349
885.484 74.460
885.693 74.559
885.903 74.630
886.112 74.676
886.322 74.691
886.531 74.653
886.741 74.642
886.950 74.666
887.160 74.672
887.369 74.666
887.579 74.693
887.788 74.698
887.998 74.692
888.207 74.711
888.417 74.806
888.626 74.808
888.836 74.722
889.045 74.676
889.255 74.704
889.464 74.710
889.674 74.741
889.883 74.720
890.093 74.684
890.302 74.612
890.512 74.582
890.721 74.636
890.931 74.636
891.140 74.676
891.350 74.677
891.559 74.644
891.769 74.638
891.978 74.609
892.188 74.595
892.397 74.636
892.607 74.681
892.816 74.637
893.026 74.616
893.235 74.624
893.445 74.566
893.654 74.541
893.864 74.527
894.073 74.428
894.283 74.386
894.492 74.394
894.702 74.471
894.911 74.471
895.121 74.476
895.330 74.521
895.540 74.584
895.749 74.598
895.959 74.622
896.168 74.651
896.378 74.652
896.587 74.663
896.797 74.656
897.006 74.618
897.216 74.534
897.425 74.481
897.635 74.468
897.844 74.554
898.054 74.643
898.263 74.643
898.473 74.633
898.682 74.677
898.892 74.713
899.101 74.680
899.311 74.663
899.520 74.653
899.730 74.645
899.939 74.561
900.149 74.492
900.358 74.442
900.568 74.363
900.777 74.369
900.987 74.331
901.196 74.258
901.406 74.189
901.615 74.170
901.825 74.183
902.034 74.207
902.244 74.180
902.453 74.109
902.663 74.073
902.872 74.126
903.082 74.092
903.291 74.022
903.501 73.943
903.710 73.846
903.920 73.781
904.129 73.763
904.339 73.836
904.548 73.878
904.758 73.917
904.967 73.973
905.177 73.970
905.386 74.015
905.596 74.028
905.805 74.030
906.015 74.082
906.224 74.074
906.434 74.051
906.643 74.090
906.853 74.092
907.062 74.116
907.272 74.092
907.481 74.104
907.691 74.141
907.900 74.189
908.110 74.201
908.319 74.172
908.529 74.181
908.738 74.096
908.948 74.080
909.157 74.049
909.367 73.940
909.576 73.950
909.786 73.997
909.995 74.018
910.205 74.069
910.414 74.118
910.624 74.154
910.833 74.149
911.043 74.044
911.252 74.065
911.462 74.080
911.672 74.084
911.881 74.107
912.091 74.168
912.300 74.244
912.512 74.277
912.724 74.272
912.937 74.221
913.149 74.132
913.361 74.107
913.573 74.108
913.786 74.131
913.998 74.085
914.210 74.025
914.422 73.966
914.634 73.921
914.847 73.903
915.059 73.899
915.271 73.905
915.483 73.991
915.696 74.009
915.908 73.963
916.120 73.924
916.332 73.895
916.544 73.785
916.757 73.663
916.969 73.641
917.181 73.664
917.393 73.636
917.606 73.731
917.818 73.768
918.030 73.791
918.242 73.775
918.454 73.743
918.667 73.788
918.879 73.926
919.091 73.917
919.303 73.827
919.516 73.795
919.728 73.752
919.940 73.694
920.152 73.742
920.364 73.846
920.577 73.892
920.789 73.820
921.001 73.788
921.213 73.834
921.426 73.971
921.638 74.002
921.850 74.033
922.062 74.035
922.274 74.048
922.487 74.040
922.699 74.080
922.911 74.103
923.123 73.979
923.336 73.785
923.548 73.757
923.760 73.797
923.972 73.743
924.184 73.708
924.397 73.682
924.609 73.547
924.821 73.460
925.033 73.388
925.246 73.377
925.458 73.359
925.670 73.269
925.882 73.116
926.094 73.003
926.307 72.921
926.519 72.838
926.731 72.774
926.943 72.768
927.156 72.764
927.368 72.808
927.580 72.948
927.792 73.112
928.004 73.202
928.217 73.192
928.429 73.210
928.641 73.212
928.853 73.182
929.066 73.177
929.278 73.148
929.490 73.181
929.702 73.251
929.914 73.282
930.127 73.261
930.339 73.165
930.551 73.161
930.763 73.239
930.976 73.280
931.188 73.331
931.400 73.297
931.612 73.283
931.824 73.290
932.037 73.250
932.249 73.245
932.461 73.228
932.673 73.212
932.886 73.200
933.098 73.179
933.310 73.186
933.522 73.105
933.734 72.994
933.947 72.868
934.159 72.837
934.371 72.763
934.583 72.731
934.796 72.770
935.008 72.696
935.220 72.555
935.432 72.388
935.644 72.374
935.857 72.474
936.069 72.414
936.281 72.290
936.493 72.169
936.706 72.071
936.918 71.908
937.130 71.760
937.342 71.659
937.554 71.510
937.767 71.443
937.979 71.548
938.191 71.633
938.403 71.593
938.616 71.506
938.828 71.400
939.040 71.410
939.252 71.529
939.464 71.566
939.677 71.502
939.889 71.550
940.101 71.313
940.313 71.134
940.526 71.270
940.738 71.289
940.950 71.281
941.162 71.186
941.374 71.140
941.587 71.161
941.799 71.286
942.011 71.237
942.223 71.123
942.436 70.889
942.648 70.776
942.860 70.811
943.072 70.913
943.284 71.132
943.497 71.210
943.709 71.116
943.921 71.155
944.133 71.327
944.346 71.346
944.558 71.360
944.770 71.408
944.982 71.376
945.194 71.443
945.407 71.482
945.619 71.430
945.831 71.473
946.043 71.476
946.256 71.362
946.468 71.453
946.680 71.617
946.892 71.741
947.104 71.639
947.317 71.740
947.529 71.839
947.741 71.683
947.953 71.616
948.166 71.514
948.378 71.436
948.590 71.428
948.802 71.575
949.014 71.693
949.227 71.707
949.439 71.609
949.651 71.481
949.863 71.450
950.076 71.617
950.288 71.697
950.500 71.819
950.712 72.079
950.924 72.446
951.137 72.283
951.349 72.022
951.561 71.912
951.773 71.689
951.986 71.517
952.198 71.381
952.410 71.125
952.622 71.050
952.834 71.255
953.047 71.374
953.259 71.116
953.471 70.951
953.683 70.912
953.896 70.981
954.108 71.021
954.320 71.105
954.532 70.912
954.744 70.626
954.957 70.423
955.169 70.283
955.381 69.949
955.593 70.042
955.806 70.189
956.018 70.404
956.230 70.622
956.442 70.760
956.654 70.945
956.867 71.253
957.079 71.333
957.291 71.165
957.503 70.955
957.716 70.920
957.928 70.818
958.140 70.781
958.352 70.652
958.564 70.421
958.777 70.036
958.989 69.952
959.201 70.108
959.413 70.320
959.626 70.618
959.838 70.964
960.050 71.095
960.262 71.334
960.474 71.371
960.687 71.346
960.899 71.212
961.111 70.915
961.323 70.477
961.536 70.460
961.748 70.679
961.960 70.749
962.172 70.820
962.384 70.976
962.597 70.915
962.809 71.064
963.021 71.461
963.233 71.891
963.446 71.896
963.658 71.909
963.870 72.050
964.082 71.870
964.294 71.777
964.507 71.746
964.719 71.720
964.931 71.770
965.143 71.677
965.356 71.824
965.568 72.418
965.780 73.029
966.000 73.151
966.221 72.861
966.441 72.950
966.662 73.151
966.882 73.260
967.103 73.362
967.323 73.461
967.543 73.262
967.764 73.071
967.984 73.394
968.205 73.546
968.425 73.417
968.645 73.292
968.866 73.247
969.086 73.216
969.307 72.973
969.527 72.996
969.748 73.464
969.968 73.363
970.188 73.243
970.409 72.996
970.629 72.968
970.850 73.228
971.070 72.892
971.290 72.780
971.511 72.904
971.731 72.950
971.952 72.998
972.172 73.072
972.393 72.987
972.613 72.872
972.833 72.806
973.054 72.676
973.274 72.616
973.495 72.506
973.715 72.378
973.936 72.542
974.156 72.547
974.376 72.288
974.597 72.388
974.817 72.252
975.038 72.468
975.258 72.496
975.478 72.168
975.699 72.343
975.919 72.330
976.140 71.840
976.360 71.607
976.581 71.765
976.801 71.809
977.021 72.106
977.242 71.991
977.462 71.838
977.683 71.872
977.903 72.048
978.123 72.149
978.344 72.320
978.564 72.310
978.785 72.205
979.005 71.985
979.226 71.726
979.446 71.951
979.666 71.634
979.887 71.157
980.107 71.329
980.328 71.723
980.548 71.847
980.769 72.230
980.989 72.136
981.209 71.788
981.430 71.616
981.650 71.390
981.871 71.479
982.091 71.728
982.311 71.903
982.532 71.923
982.752 71.656
982.973 71.620
983.193 71.694
983.414 71.677
983.634 71.960
983.854 72.215
984.075 72.051
984.295 72.072
984.516 72.672
984.736 72.884
984.956 72.556
985.177 72.327
985.397 72.310
985.618 72.716
985.838 72.942
986.059 72.865
986.279 72.819
986.499 72.973
986.720 73.097
986.940 72.839
987.161 72.574
987.381 72.649
987.602 72.388
987.822 72.124
988.042 72.362
988.263 72.493
988.483 73.038
988.704 73.167
988.924 73.394
989.144 73.460
989.365 73.251
989.585 73.471
989.806 73.995
990.026 74.181
990.247 74.534
990.467 74.685
990.687 75.412
990.908 76.006
991.128 75.979
991.349 75.677
991.569 75.906
991.789 76.600
992.010 77.266
992.230 77.715
992.451 78.046
992.671 78.356
992.892 78.082
993.112 77.479
993.332 77.446
993.553 77.652
993.773 77.477
993.994 77.957
994.214 78.203
994.435 77.537
994.655 76.862
994.875 76.218
995.096 75.261
995.316 74.160
995.537 73.705
995.757 73.916
995.977 74.049
996.198 74.132
996.418 73.607
996.639 72.539
996.859 72.081
997.080 71.803
997.300 71.148
997.520 71.414
997.741 71.841
997.961 71.918
998.182 71.888
998.402 71.642
998.622 71.055
998.843 71.184
999.063 72.458
999.284 73.249
999.504 73.490
999.725 74.189
999.945 74.900
1000.165 74.825
1000.386 74.646
1000.606 75.246
1000.827 75.497
1001.047 75.818
1001.268 75.951
1001.488 76.494
1001.708 77.554
1001.929 77.520
1002.149 77.017
1002.370 77.030
1002.590 77.069
1002.810 77.053
1003.031 77.188
1003.251 77.854
1003.472 78.059
1003.692 77.865
1003.913 78.575
1004.133 78.632
1004.353 78.427
1004.574 78.496
1004.794 78.675
1005.015 78.315
1005.235 77.768
1005.455 78.398
1005.676 78.093
1005.896 78.206
1006.117 77.937
1006.337 76.945
1006.558 77.629
1006.778 78.228
1006.998 77.681
1007.219 76.744
1007.439 76.347
1007.660 77.119
1007.880 77.236
1008.101 76.903
1008.321 76.323
1008.541 75.209
1008.762 75.261
1008.982 74.615
1009.203 74.107
1009.423 74.351
1009.643 73.997
1009.864 72.740
1010.084 70.906
1010.305 70.385
1010.525 70.168
1010.746 69.764
1010.966 69.758
1011.186 69.142
1011.407 68.479
1011.627 68.299
1011.848 68.913
1012.068 68.889
1012.288 67.643
1012.509 66.228
1012.729 64.895
1012.950 63.832
