360.161	12.6
360.333	12.5
360.504	12.5
360.676	12.4
360.847	12.4
361.019	12.5
361.19	12.4
361.361	12.4
361.533	12.4
361.704	12.4
361.876	12.3
362.047	12.3
362.219	12.2
362.391	12.1
362.562	12.1
362.734	12.1
362.905	12.1
363.077	12.2
363.248	12.1
363.42	12.1
363.592	12.1
363.763	12.1
363.935	12.1
364.106	12.1
364.278	12.1
364.45	12.1
364.621	12
364.793	12
364.965	12
365.137	11.9
365.308	11.8
365.48	11.8
365.652	11.8
365.824	11.8
365.995	11.7
366.167	11.7
366.339	11.6
366.511	11.6
366.683	11.6
366.854	11.5
367.026	11.5
367.198	11.5
367.37	11.5
367.542	11.4
367.714	11.4
367.886	11.3
368.058	11.3
368.23	11.3
368.402	11.2
368.574	11.2
368.746	11.2
368.918	11.2
369.09	11.2
369.262	11.2
369.434	11.1
369.606	11.1
369.778	11
369.95	11
370.122	10.9
370.294	10.9
370.467	10.9
370.639	10.9
370.811	10.9
370.983	10.8
371.155	10.7
371.328	10.7
371.5	10.7
371.672	10.7
371.844	10.7
372.017	10.7
372.189	10.7
372.361	10.6
372.534	10.6
372.706	10.5
372.878	10.5
373.051	10.5
373.223	10.4
373.396	10.4
373.568	10.3
373.741	10.3
373.913	10.3
374.086	10.2
374.258	10.2
374.431	10.2
374.603	10.2
374.776	10.2
374.949	10.1
375.121	10.1
375.294	10.1
375.467	10.1
375.639	10.1
375.812	10
375.985	10
376.157	10
376.33	10
376.503	10
376.676	10
376.849	10
377.021	9.9
377.194	9.9
377.367	9.9
377.54	9.9
377.713	9.9
377.886	9.9
378.059	9.8
378.232	9.9
378.405	9.9
378.578	9.9
378.751	9.9
378.924	9.9
379.097	9.8
379.27	9.8
379.444	9.8
379.617	9.8
379.79	9.8
379.963	9.7
380.136	9.7
380.31	9.7
380.483	9.6
380.656	9.7
380.829	9.7
381.003	9.6
381.176	9.6
381.35	9.6
381.523	9.6
381.696	9.5
381.87	9.5
382.043	9.5
382.217	9.4
382.39	9.4
382.564	9.3
382.738	9.3
382.911	9.3
383.085	9.3
383.258	9.3
383.432	9.3
383.606	9.3
383.779	9.3
383.953	9.3
384.127	9.2
384.301	9.2
384.475	9.2
384.648	9.2
384.822	9.2
384.996	9.2
385.17	9.1
385.344	9.1
385.518	9.1
385.692	9.1
385.866	9
386.04	9
386.214	9
386.388	9
386.562	8.9
386.737	8.9
386.911	8.9
387.085	8.9
387.259	8.9
387.434	9
387.608	9
387.782	9
387.956	9
388.131	9
388.305	9
388.48	9
388.654	8.9
388.829	8.9
389.003	9
389.178	9
389.352	9
389.527	9
389.701	9
389.876	9
390.051	9
390.226	9
390.4	9
390.575	9.1
390.75	9.1
390.925	9.1
391.099	9.1
391.274	9.1
391.449	9.1
391.624	9.1
391.799	9.1
391.974	9.1
392.149	9.1
392.324	9.1
392.499	9.1
392.675	9.1
392.85	9.1
393.025	9.2
393.2	9.2
393.375	9.2
393.551	9.2
393.726	9.2
393.901	9.2
394.077	9.2
394.252	9.2
394.427	9.2
394.603	9.2
394.778	9.2
394.954	9.2
395.129	9.2
395.305	9.2
395.481	9.2
395.656	9.2
395.832	9.2
396.008	9.2
396.184	9.2
396.359	9.2
396.535	9.2
396.711	9.2
396.887	9.2
397.063	9.2
397.239	9.2
397.415	9.2
397.591	9.2
397.767	9.2
397.943	9.2
398.119	9.2
398.295	9.2
398.471	9.1
398.648	9.2
398.824	9.2
399	9.2
399.176	9.2
399.353	9.2
399.529	9.2
399.706	9.2
399.882	9.2
400.058	9.2
400.235	9.2
400.412	9.2
400.588	9.2
400.765	9.2
400.942	9.2
401.118	9.2
401.295	9.2
401.472	9.2
401.649	9.2
401.825	9.2
402.002	9.2
402.179	9.2
402.356	9.2
402.533	9.2
402.71	9.2
402.887	9.2
403.064	9.2
403.242	9.3
403.419	9.3
403.596	9.3
403.773	9.3
403.95	9.3
404.128	9.3
404.305	9.3
404.483	9.3
404.66	9.3
404.837	9.3
405.015	9.3
405.193	9.3
405.37	9.3
405.548	9.3
405.725	9.3
405.903	9.3
406.081	9.3
406.259	9.3
406.437	9.4
406.614	9.4
406.792	9.4
406.97	9.4
407.148	9.4
407.326	9.4
407.504	9.4
407.682	9.4
407.86	9.4
408.039	9.4
408.217	9.4
408.395	9.4
408.573	9.4
408.751	9.4
408.93	9.5
409.108	9.5
409.287	9.5
409.465	9.5
409.643	9.5
409.822	9.5
410	9.5
410.179	9.5
410.358	9.5
410.536	9.5
410.715	9.5
410.894	9.6
411.072	9.6
411.251	9.6
411.43	9.6
411.609	9.6
411.788	9.6
411.967	9.6
412.146	9.6
412.325	9.6
412.504	9.6
412.683	9.6
412.862	9.6
413.041	9.6
413.22	9.6
413.399	9.6
413.578	9.6
413.758	9.6
413.937	9.6
414.116	9.6
414.296	9.6
414.475	9.6
414.654	9.6
414.834	9.6
415.013	9.6
415.193	9.6
415.372	9.7
415.552	9.7
415.732	9.7
415.911	9.7
416.091	9.7
416.271	9.7
416.45	9.7
416.63	9.7
416.81	9.7
416.99	9.7
417.169	9.7
417.349	9.7
417.529	9.7
417.709	9.7
417.889	9.7
418.069	9.8
418.249	9.8
418.429	9.8
418.609	9.8
418.789	9.8
418.97	9.8
419.15	9.8
419.33	9.8
419.51	9.8
419.691	9.9
419.871	9.8
420.051	9.9
420.232	9.9
420.412	9.9
420.592	9.9
420.773	9.9
420.953	9.9
421.134	9.9
421.314	9.9
421.495	9.9
421.675	9.9
421.856	9.9
422.037	9.9
422.217	10
422.398	9.9
422.579	9.9
422.76	10
422.94	10
423.121	10
423.302	10
423.483	10
423.664	10
423.845	10
424.026	10
424.207	10
424.388	10
424.569	10
424.75	10
424.931	10.1
425.112	10.1
425.293	10.1
425.474	10.1
425.655	10.1
425.837	10.1
426.018	10.1
426.199	10.1
426.38	10.2
426.562	10.2
426.743	10.2
426.924	10.2
427.106	10.2
427.287	10.2
427.469	10.3
427.65	10.3
427.832	10.3
428.013	10.3
428.195	10.3
428.376	10.3
428.558	10.3
428.739	10.4
428.921	10.4
429.103	10.4
429.284	10.4
429.466	10.4
429.648	10.4
429.83	10.4
430.011	10.4
430.193	10.4
430.375	10.5
430.557	10.5
430.739	10.5
430.921	10.5
431.102	10.5
431.284	10.5
431.466	10.5
431.648	10.6
431.83	10.6
432.012	10.6
432.194	10.6
432.377	10.6
432.559	10.6
432.741	10.6
432.923	10.6
433.105	10.7
433.287	10.7
433.469	10.7
433.652	10.7
433.834	10.7
434.016	10.7
434.198	10.7
434.381	10.7
434.563	10.8
434.745	10.8
434.928	10.8
435.11	10.8
435.293	10.8
435.475	10.8
435.658	10.8
435.84	10.9
436.022	10.9
436.205	10.9
436.388	10.9
436.57	11
436.753	11
436.935	11
437.118	11
437.301	11
437.483	11
437.666	11.1
437.849	11.1
438.031	11.1
438.214	11.1
438.397	11.1
438.58	11.1
438.762	11.2
438.945	11.2
439.128	11.2
439.311	11.2
439.494	11.3
439.677	11.3
439.859	11.3
440.042	11.3
440.225	11.3
440.408	11.4
440.591	11.4
440.774	11.4
440.957	11.4
441.14	11.4
441.323	11.5
441.507	11.5
441.69	11.5
441.873	11.5
442.056	11.5
442.239	11.6
442.422	11.6
442.605	11.6
442.789	11.6
442.972	11.6
443.155	11.6
443.338	11.7
443.522	11.7
443.705	11.7
443.888	11.7
444.072	11.7
444.255	11.7
444.438	11.7
444.622	11.7
444.805	11.8
444.989	11.8
445.172	11.8
445.356	11.8
445.539	11.8
445.723	11.8
445.906	11.9
446.09	11.9
446.273	11.9
446.457	11.9
446.64	11.9
446.824	11.9
447.008	11.9
447.191	12
447.375	12
447.559	12
447.742	12
447.926	12
448.11	12
448.293	12
448.477	12
448.661	12
448.845	12
449.029	12.1
449.212	12.1
449.396	12.1
449.58	12.1
449.764	12.1
449.948	12.1
450.132	12.1
450.316	12.1
450.5	12.1
450.684	12.1
450.868	12.2
451.052	12.2
451.236	12.2
451.42	12.2
451.604	12.2
451.788	12.2
451.972	12.2
452.156	12.2
452.34	12.2
452.525	12.2
452.709	12.2
452.893	12.2
453.077	12.2
453.261	12.2
453.446	12.2
453.63	12.2
453.814	12.3
453.998	12.3
454.183	12.3
454.367	12.3
454.551	12.3
454.736	12.3
454.92	12.3
455.104	12.3
455.289	12.3
455.473	12.3
455.658	12.3
455.842	12.3
456.026	12.3
456.211	12.3
456.395	12.3
456.58	12.3
456.764	12.3
456.949	12.3
457.134	12.3
457.318	12.3
457.503	12.3
457.687	12.3
457.872	12.3
458.057	12.3
458.241	12.3
458.426	12.3
458.611	12.3
458.795	12.3
458.98	12.4
459.165	12.4
459.349	12.4
459.534	12.4
459.719	12.4
459.904	12.4
460.088	12.4
460.273	12.4
460.458	12.4
460.643	12.4
460.828	12.4
461.013	12.4
461.198	12.4
461.382	12.4
461.567	12.4
461.752	12.4
461.937	12.4
462.122	12.4
462.307	12.4
462.492	12.4
462.677	12.4
462.862	12.4
463.047	12.4
463.232	12.4
463.417	12.4
463.602	12.4
463.788	12.4
463.973	12.4
464.158	12.4
464.343	12.4
464.528	12.4
464.713	12.4
464.898	12.4
465.084	12.4
465.269	12.4
465.454	12.4
465.639	12.4
465.824	12.4
466.01	12.4
466.195	12.4
466.38	12.4
466.566	12.4
466.751	12.4
466.936	12.4
467.122	12.4
467.307	12.4
467.492	12.4
467.678	12.4
467.863	12.4
468.048	12.4
468.234	12.4
468.419	12.4
468.605	12.5
468.79	12.4
468.976	12.5
469.161	12.5
469.347	12.5
469.532	12.5
469.718	12.5
469.903	12.5
470.089	12.5
470.274	12.5
470.46	12.5
470.646	12.5
470.831	12.5
471.017	12.5
471.202	12.5
471.388	12.5
471.574	12.5
471.759	12.5
471.945	12.5
472.131	12.5
472.317	12.5
472.502	12.5
472.688	12.5
472.874	12.5
473.059	12.5
473.245	12.5
473.431	12.5
473.617	12.5
473.803	12.5
473.988	12.5
474.174	12.5
474.36	12.5
474.546	12.5
474.732	12.6
474.918	12.6
475.104	12.6
475.29	12.6
475.475	12.6
475.661	12.6
475.847	12.6
476.033	12.6
476.219	12.6
476.405	12.6
476.591	12.6
476.777	12.6
476.963	12.6
477.149	12.6
477.335	12.6
477.521	12.6
477.707	12.6
477.893	12.6
478.08	12.6
478.266	12.6
478.452	12.6
478.638	12.7
478.824	12.7
479.01	12.7
479.196	12.7
479.382	12.7
479.569	12.7
479.755	12.7
479.941	12.7
480.127	12.7
480.313	12.7
480.5	12.7
480.686	12.7
480.872	12.7
481.058	12.7
481.245	12.7
481.431	12.7
481.617	12.7
481.803	12.7
481.99	12.7
482.176	12.8
482.362	12.8
482.549	12.8
482.735	12.8
482.921	12.8
483.108	12.8
483.294	12.8
483.481	12.8
483.667	12.8
483.853	12.8
484.04	12.8
484.226	12.9
484.413	12.9
484.599	12.9
484.786	12.9
484.972	12.9
485.159	12.9
485.345	12.9
485.532	12.9
485.718	12.9
485.905	12.9
486.091	13
486.278	13
486.464	13
486.651	13
486.837	13
487.024	13
487.211	13
487.397	13
487.584	13
487.77	13.1
487.957	13.1
488.144	13.1
488.33	13.1
488.517	13.1
488.704	13.1
488.89	13.1
489.077	13.1
489.264	13.2
489.45	13.2
489.637	13.2
489.824	13.2
490.01	13.2
490.197	13.2
490.384	13.2
490.571	13.2
490.757	13.3
490.944	13.3
491.131	13.3
491.318	13.3
491.505	13.3
491.691	13.3
491.878	13.3
492.065	13.4
492.252	13.4
492.439	13.4
492.626	13.4
492.812	13.4
492.999	13.4
493.186	13.4
493.373	13.5
493.56	13.5
493.747	13.5
493.934	13.5
494.121	13.5
494.308	13.5
494.494	13.5
494.681	13.6
494.868	13.6
495.055	13.6
495.242	13.6
495.429	13.6
495.616	13.7
495.803	13.7
495.99	13.7
496.177	13.7
496.364	13.7
496.551	13.7
496.738	13.7
496.925	13.8
497.112	13.8
497.299	13.8
497.486	13.8
497.673	13.8
497.861	13.9
498.048	13.9
498.235	13.9
498.422	13.9
498.609	13.9
498.796	13.9
498.983	14
499.17	14
499.357	14
499.544	14
499.732	14
499.919	14.1
500.106	14.1
500.293	14.1
500.48	14.1
500.667	14.1
500.855	14.1
501.042	14.2
501.229	14.2
501.416	14.2
501.603	14.2
501.791	14.3
501.978	14.3
502.165	14.3
502.352	14.3
502.54	14.3
502.727	14.3
502.914	14.4
503.101	14.4
503.289	14.4
503.476	14.4
503.663	14.5
503.85	14.5
504.038	14.5
504.225	14.5
504.412	14.6
504.6	14.6
504.787	14.6
504.974	14.6
505.161	14.7
505.349	14.7
505.536	14.7
505.723	14.7
505.911	14.8
506.098	14.8
506.286	14.8
506.473	14.8
506.66	14.9
506.848	14.9
507.035	14.9
507.222	14.9
507.41	15
507.597	15
507.785	15
507.972	15
508.159	15.1
508.347	15.1
508.534	15.1
508.722	15.2
508.909	15.2
509.097	15.2
509.284	15.2
509.471	15.3
509.659	15.3
509.846	15.3
510.034	15.4
510.221	15.4
510.409	15.4
510.596	15.4
510.784	15.5
510.971	15.5
511.159	15.5
511.346	15.6
511.534	15.6
511.721	15.6
511.909	15.6
512.096	15.7
512.284	15.7
512.471	15.7
512.659	15.7
512.846	15.8
513.034	15.8
513.221	15.8
513.409	15.9
513.596	15.9
513.784	15.9
513.972	16
514.159	16
514.347	16
514.534	16.1
514.722	16.1
514.909	16.1
515.097	16.1
515.285	16.2
515.472	16.2
515.66	16.2
515.847	16.3
516.035	16.3
516.222	16.3
516.41	16.4
516.598	16.4
516.785	16.4
516.973	16.5
517.161	16.5
517.348	16.5
517.536	16.6
517.723	16.6
517.911	16.6
518.099	16.7
518.286	16.7
518.474	16.8
518.662	16.8
518.849	16.8
519.037	16.9
519.225	16.9
519.412	16.9
519.6	17
519.787	17
519.975	17
520.163	17.1
520.35	17.1
520.538	17.2
520.726	17.2
520.914	17.2
521.101	17.3
521.289	17.3
521.477	17.3
521.664	17.4
521.852	17.4
522.04	17.5
522.227	17.5
522.415	17.5
522.603	17.6
522.79	17.6
522.978	17.6
523.166	17.7
523.354	17.7
523.541	17.8
523.729	17.8
523.917	17.8
524.104	17.9
524.292	17.9
524.48	18
524.668	18
524.855	18
525.043	18.1
525.231	18.1
525.418	18.2
525.606	18.2
525.794	18.2
525.982	18.3
526.169	18.3
526.357	18.4
526.545	18.4
526.733	18.4
526.92	18.5
527.108	18.5
527.296	18.6
527.484	18.6
527.671	18.7
527.859	18.7
528.047	18.8
528.235	18.8
528.422	18.9
528.61	18.9
528.798	19
528.986	19
529.173	19
529.361	19.1
529.549	19.1
529.737	19.2
529.924	19.2
530.112	19.3
530.3	19.3
530.488	19.4
530.675	19.4
530.863	19.4
531.051	19.5
531.239	19.5
531.426	19.6
531.614	19.6
531.802	19.7
531.99	19.7
532.177	19.8
532.365	19.8
532.553	19.9
532.741	19.9
532.928	20
533.116	20
533.304	20.1
533.492	20.1
533.679	20.2
533.867	20.2
534.055	20.3
534.243	20.3
534.431	20.4
534.618	20.4
534.806	20.5
534.994	20.5
535.182	20.6
535.369	20.6
535.557	20.7
535.745	20.7
535.933	20.8
536.12	20.8
536.308	20.9
536.496	20.9
536.684	21
536.871	21
537.059	21.1
537.247	21.1
537.435	21.2
537.622	21.2
537.81	21.3
537.998	21.3
538.186	21.4
538.373	21.5
538.561	21.5
538.749	21.6
538.937	21.6
539.124	21.7
539.312	21.7
539.5	21.8
539.688	21.9
539.875	21.9
540.063	22
540.251	22
540.439	22.1
540.626	22.2
540.814	22.2
541.002	22.3
541.19	22.3
541.377	22.4
541.565	22.4
541.753	22.5
541.941	22.6
542.128	22.6
542.316	22.7
542.504	22.7
542.691	22.8
542.879	22.8
543.067	22.9
543.255	22.9
543.442	23
543.63	23
543.818	23.1
544.005	23.2
544.193	23.2
544.381	23.3
544.568	23.3
544.756	23.4
544.944	23.5
545.132	23.5
545.319	23.6
545.507	23.6
545.695	23.7
545.882	23.8
546.07	23.8
546.258	23.9
546.445	23.9
546.633	24
546.821	24
547.008	24.1
547.196	24.1
547.384	24.2
547.571	24.3
547.759	24.3
547.947	24.4
548.134	24.4
548.322	24.5
548.51	24.5
548.697	24.6
548.885	24.7
549.073	24.7
549.26	24.8
549.448	24.8
549.636	24.9
549.823	25
550.011	25
550.199	25.1
550.386	25.1
550.574	25.2
550.762	25.3
550.949	25.3
551.137	25.4
551.325	25.4
551.512	25.5
551.7	25.6
551.888	25.6
552.075	25.7
552.263	25.8
552.451	25.8
552.639	25.9
552.826	25.9
553.014	26
553.202	26
553.389	26.1
553.577	26.2
553.765	26.2
553.953	26.3
554.14	26.4
554.328	26.4
554.516	26.5
554.704	26.5
554.891	26.6
555.079	26.7
555.267	26.7
555.455	26.8
555.643	26.8
555.83	26.9
556.018	27
556.206	27
556.394	27.1
556.582	27.1
556.77	27.2
556.957	27.3
557.145	27.3
557.333	27.4
557.521	27.4
557.709	27.5
557.897	27.6
558.085	27.6
558.273	27.7
558.461	27.7
558.649	27.8
558.837	27.9
559.025	27.9
559.213	28
559.4	28
559.588	28.1
559.777	28.1
559.965	28.2
560.153	28.3
560.341	28.3
560.529	28.4
560.717	28.4
560.905	28.5
561.093	28.5
561.281	28.6
561.469	28.7
561.657	28.7
561.845	28.8
562.034	28.8
562.222	28.9
562.41	28.9
562.598	29
562.786	29
562.975	29.1
563.163	29.2
563.351	29.2
563.539	29.3
563.728	29.3
563.916	29.4
564.104	29.4
564.293	29.5
564.481	29.5
564.67	29.6
564.858	29.6
565.046	29.7
565.235	29.7
565.423	29.8
565.612	29.8
565.8	29.9
565.989	29.9
566.177	30
566.366	30
566.554	30.1
566.743	30.1
566.932	30.2
567.12	30.2
567.309	30.3
567.497	30.3
567.686	30.4
567.875	30.4
568.064	30.5
568.252	30.5
568.441	30.6
568.63	30.6
568.819	30.7
569.007	30.7
569.196	30.7
569.385	30.8
569.574	30.8
569.763	30.9
569.952	30.9
570.141	31
570.33	31
570.519	31.1
570.708	31.1
570.897	31.1
571.086	31.2
571.275	31.2
571.464	31.3
571.653	31.3
571.843	31.3
572.032	31.4
572.221	31.4
572.41	31.5
572.599	31.5
572.789	31.6
572.978	31.6
573.167	31.6
573.357	31.7
573.546	31.7
573.736	31.8
573.925	31.8
574.115	31.9
574.304	31.9
574.494	31.9
574.683	32
574.873	32
575.062	32
575.252	32.1
575.442	32.1
575.631	32.2
575.821	32.2
576.011	32.2
576.201	32.3
576.39	32.3
576.58	32.3
576.77	32.4
576.96	32.4
577.15	32.5
577.34	32.5
577.53	32.5
577.72	32.6
577.91	32.6
578.1	32.6
578.29	32.7
578.48	32.7
578.67	32.7
578.861	32.8
579.051	32.8
579.241	32.8
579.431	32.9
579.622	32.9
579.812	32.9
580.002	33
580.193	33
580.383	33
580.574	33.1
580.764	33.1
580.955	33.1
581.145	33.2
581.336	33.2
581.526	33.2
581.717	33.3
581.908	33.3
582.098	33.3
582.289	33.3
582.48	33.4
582.671	33.4
582.862	33.4
583.052	33.5
583.243	33.5
583.434	33.5
583.625	33.6
583.816	33.6
584.007	33.6
584.198	33.7
584.389	33.7
584.58	33.7
584.771	33.7
584.962	33.8
585.154	33.8
585.345	33.8
585.536	33.9
585.727	33.9
585.918	33.9
586.11	33.9
586.301	34
586.492	34
586.684	34
586.875	34.1
587.067	34.1
587.258	34.1
587.45	34.1
587.641	34.2
587.833	34.2
588.024	34.2
588.216	34.2
588.408	34.3
588.599	34.3
588.791	34.3
588.983	34.3
589.174	34.4
589.366	34.4
589.558	34.4
589.75	34.4
589.942	34.5
590.134	34.5
590.326	34.5
590.518	34.5
590.71	34.6
590.902	34.6
591.094	34.6
591.286	34.6
591.478	34.6
591.67	34.6
591.862	34.7
592.054	34.7
592.246	34.7
592.439	34.7
592.631	34.7
592.823	34.8
593.016	34.8
593.208	34.8
593.4	34.8
593.593	34.8
593.785	34.9
593.978	34.9
594.17	34.9
594.363	34.9
594.555	34.9
594.748	34.9
594.94	34.9
595.133	34.9
595.326	35
595.518	35
595.711	35
595.904	35
596.096	35
596.289	35
596.482	35
596.675	35.1
596.868	35.1
597.061	35.1
597.254	35.1
597.447	35.1
597.64	35.1
597.833	35.1
598.026	35.1
598.219	35.1
598.412	35.1
598.605	35.2
598.798	35.2
598.991	35.2
599.184	35.2
599.378	35.2
599.571	35.2
599.764	35.2
599.957	35.2
600.151	35.2
600.344	35.2
600.538	35.2
600.731	35.3
600.924	35.3
601.118	35.3
601.311	35.3
601.505	35.3
601.698	35.3
601.892	35.3
602.086	35.3
602.279	35.3
602.473	35.3
602.667	35.3
602.86	35.3
603.054	35.3
603.248	35.3
603.442	35.4
603.635	35.4
603.829	35.4
604.023	35.4
604.217	35.4
604.411	35.4
604.605	35.4
604.799	35.4
604.993	35.4
605.187	35.4
605.381	35.4
605.575	35.4
605.769	35.4
605.963	35.4
606.157	35.4
606.352	35.5
606.546	35.5
606.74	35.5
606.934	35.5
607.129	35.5
607.323	35.5
607.517	35.5
607.712	35.5
607.906	35.5
608.1	35.5
608.295	35.5
608.489	35.5
608.684	35.5
608.878	35.5
609.073	35.5
609.267	35.5
609.462	35.5
609.657	35.5
609.851	35.5
610.046	35.5
610.241	35.5
610.435	35.5
610.63	35.5
610.825	35.5
611.02	35.5
611.215	35.5
611.41	35.5
611.604	35.6
611.799	35.5
611.994	35.5
612.189	35.5
612.384	35.6
612.579	35.6
612.774	35.6
612.969	35.6
613.164	35.6
613.359	35.6
613.555	35.6
613.75	35.6
613.945	35.6
614.14	35.6
614.335	35.6
614.531	35.6
614.726	35.6
614.921	35.6
615.117	35.6
615.312	35.6
615.507	35.6
615.703	35.6
615.898	35.6
616.094	35.6
616.289	35.6
616.485	35.6
616.68	35.6
616.876	35.6
617.071	35.6
617.267	35.6
617.463	35.6
617.658	35.6
617.854	35.6
618.05	35.6
618.245	35.6
618.441	35.6
618.637	35.6
618.833	35.6
619.029	35.6
619.225	35.6
619.42	35.6
619.616	35.6
619.812	35.6
620.008	35.6
620.204	35.6
620.4	35.6
620.596	35.6
620.792	35.6
620.988	35.6
621.184	35.6
621.381	35.6
621.577	35.6
621.773	35.6
621.969	35.6
622.165	35.6
622.362	35.6
622.558	35.6
622.754	35.6
622.951	35.6
623.147	35.6
623.343	35.6
623.54	35.6
623.736	35.6
623.933	35.6
624.129	35.6
624.326	35.6
624.522	35.6
624.719	35.6
624.915	35.6
625.112	35.6
625.308	35.6
625.505	35.6
625.702	35.6
625.898	35.6
626.095	35.6
626.292	35.6
626.489	35.6
626.685	35.6
626.882	35.6
627.079	35.6
627.276	35.6
627.473	35.6
627.67	35.6
627.866	35.6
628.063	35.6
628.26	35.6
628.457	35.6
628.654	35.6
628.851	35.6
629.048	35.6
629.246	35.6
629.443	35.6
629.64	35.6
629.837	35.6
630.034	35.6
630.231	35.6
630.429	35.6
630.626	35.6
630.823	35.6
631.02	35.6
631.218	35.6
631.415	35.6
631.612	35.6
631.81	35.6
632.007	35.6
632.205	35.6
632.402	35.6
632.6	35.6
632.797	35.6
632.995	35.6
633.192	35.6
633.39	35.6
633.587	35.6
633.785	35.6
633.983	35.6
634.18	35.6
634.378	35.6
634.576	35.6
634.773	35.6
634.971	35.6
635.169	35.6
635.367	35.6
635.565	35.6
635.762	35.6
635.96	35.7
636.158	35.7
636.356	35.7
636.554	35.7
636.752	35.7
636.95	35.7
637.148	35.7
637.346	35.7
637.544	35.7
637.742	35.7
637.94	35.7
638.138	35.7
638.337	35.7
638.535	35.7
638.733	35.7
638.931	35.7
639.129	35.7
639.328	35.7
639.526	35.7
639.724	35.7
639.922	35.7
640.121	35.7
640.319	35.7
640.518	35.7
640.716	35.7
640.914	35.7
641.113	35.7
641.311	35.7
641.51	35.7
641.708	35.7
641.907	35.7
642.105	35.7
642.304	35.7
642.503	35.7
642.701	35.7
642.9	35.7
643.098	35.7
643.297	35.7
643.496	35.7
643.695	35.7
643.893	35.7
644.092	35.7
644.291	35.7
644.49	35.7
644.689	35.7
644.887	35.7
645.086	35.7
645.285	35.7
645.484	35.8
645.683	35.8
645.882	35.8
646.081	35.8
646.28	35.8
646.479	35.8
646.678	35.8
646.877	35.8
647.076	35.8
647.276	35.8
647.475	35.8
647.674	35.8
647.873	35.8
648.072	35.8
648.271	35.8
648.471	35.8
648.67	35.8
648.869	35.8
649.069	35.8
649.268	35.8
649.467	35.8
649.667	35.8
649.866	35.8
650.065	35.8
650.265	35.8
650.464	35.8
650.664	35.8
650.863	35.8
651.063	35.8
651.262	35.9
651.462	35.9
651.662	35.9
651.861	35.9
652.061	35.9
652.26	35.9
652.46	35.9
652.66	35.9
652.859	35.9
653.059	35.9
653.259	35.9
653.459	35.9
653.658	35.9
653.858	35.9
654.058	35.9
654.258	35.9
654.458	35.9
654.658	36
654.858	36
655.058	36
655.258	36
655.457	36
655.657	36
655.857	36
656.058	36
656.258	36
656.458	36
656.658	36
656.858	36
657.058	36
657.258	36
657.458	36
657.659	36
657.859	36
658.059	36
658.259	36
658.459	36
658.66	36
658.86	36.1
659.06	36.1
659.261	36.1
659.461	36.1
659.662	36.1
659.862	36.1
660.062	36.1
660.263	36.1
660.463	36.1
660.664	36.1
660.864	36.1
661.065	36.1
661.265	36.1
661.466	36.1
661.667	36.1
661.867	36.1
662.068	36.1
662.268	36.2
662.469	36.2
662.67	36.2
662.87	36.2
663.071	36.2
663.272	36.2
663.473	36.2
663.674	36.2
663.874	36.2
664.075	36.2
664.276	36.2
664.477	36.2
664.678	36.2
664.879	36.2
665.08	36.2
665.28	36.3
665.481	36.3
665.682	36.3
665.883	36.3
666.084	36.3
666.285	36.3
666.486	36.3
666.688	36.3
666.889	36.3
667.09	36.3
667.291	36.3
667.492	36.3
667.693	36.3
667.894	36.4
668.096	36.4
668.297	36.4
668.498	36.4
668.699	36.4
668.901	36.4
669.102	36.4
669.303	36.4
669.505	36.4
669.706	36.4
669.907	36.4
670.109	36.4
670.31	36.4
670.511	36.4
670.713	36.4
670.914	36.4
671.116	36.4
671.317	36.4
671.519	36.4
671.72	36.4
671.922	36.4
672.124	36.5
672.325	36.5
672.527	36.5
672.728	36.5
672.93	36.5
673.132	36.5
673.333	36.5
673.535	36.5
673.737	36.5
673.939	36.5
674.14	36.5
674.342	36.6
674.544	36.6
674.746	36.6
674.948	36.6
675.149	36.6
675.351	36.6
675.553	36.6
675.755	36.6
675.957	36.6
676.159	36.6
676.361	36.6
676.563	36.6
676.765	36.6
676.967	36.6
677.169	36.7
677.371	36.7
677.573	36.7
677.775	36.7
677.977	36.7
678.179	36.7
678.381	36.7
678.583	36.7
678.786	36.8
678.988	36.8
679.19	36.8
679.392	36.8
679.594	36.8
679.797	36.8
679.999	36.8
680.201	36.8
680.404	36.8
680.606	36.8
680.808	36.9
681.011	36.9
681.213	36.9
681.415	36.9
681.618	36.9
681.82	36.9
682.023	36.9
682.225	36.9
682.428	37
682.63	37
682.833	37
683.035	37
683.238	37
683.44	37
683.643	37
683.845	37.1
684.048	37.1
684.251	37.1
684.453	37.1
684.656	37.1
684.859	37.1
685.061	37.2
685.264	37.2
685.467	37.2
685.67	37.2
685.872	37.2
686.075	37.2
686.278	37.3
686.481	37.3
686.684	37.3
686.886	37.3
687.089	37.3
687.292	37.3
687.495	37.4
687.698	37.4
687.901	37.4
688.104	37.4
688.307	37.4
688.51	37.5
688.713	37.5
688.916	37.5
689.119	37.5
689.322	37.5
689.525	37.6
689.728	37.6
689.931	37.6
690.134	37.6
690.337	37.6
690.54	37.6
690.744	37.7
690.947	37.7
691.15	37.7
691.353	37.7
691.556	37.7
691.76	37.7
691.963	37.8
692.166	37.8
692.37	37.8
692.573	37.8
692.776	37.8
692.979	37.8
693.183	37.9
693.386	37.9
693.59	37.9
693.793	37.9
693.996	37.9
694.2	37.9
694.403	38
694.607	38
694.81	38
695.014	38
695.217	38
695.421	38.1
695.624	38.1
695.828	38.1
696.031	38.1
696.235	38.1
696.439	38.1
696.642	38.2
696.846	38.2
697.049	38.2
697.253	38.2
697.457	38.2
697.661	38.2
697.864	38.3
698.068	38.3
698.272	38.3
698.475	38.3
698.679	38.3
698.883	38.4
699.087	38.4
699.291	38.4
699.494	38.4
699.698	38.4
699.902	38.5
700.106	38.5
700.31	38.5
700.514	38.5
700.718	38.5
700.922	38.6
701.126	38.6
701.33	38.6
701.534	38.6
701.738	38.6
701.942	38.7
702.146	38.7
702.35	38.7
702.554	38.7
702.758	38.7
702.962	38.8
703.166	38.8
703.37	38.8
703.574	38.8
703.778	38.8
703.983	38.9
704.187	38.9
704.391	38.9
704.595	38.9
704.799	38.9
705.004	39
705.208	39
705.412	39
705.616	39
705.821	39
706.025	39.1
706.229	39.1
706.434	39.1
706.638	39.1
706.842	39.1
707.047	39.2
707.251	39.2
707.455	39.2
707.66	39.2
707.864	39.2
708.069	39.3
708.273	39.3
708.478	39.3
708.682	39.3
708.887	39.3
709.091	39.4
709.296	39.4
709.5	39.4
709.705	39.4
709.909	39.4
710.114	39.5
710.319	39.5
710.523	39.5
710.728	39.5
710.932	39.6
711.137	39.6
711.342	39.6
711.546	39.6
711.751	39.6
711.956	39.7
712.161	39.7
712.365	39.7
712.57	39.7
712.775	39.7
712.98	39.8
713.184	39.8
713.389	39.8
713.594	39.8
713.799	39.9
714.004	39.9
714.209	39.9
714.413	39.9
714.618	39.9
714.823	40
715.028	40
715.233	40
715.438	40
715.643	40.1
715.848	40.1
716.053	40.1
716.258	40.1
716.463	40.1
716.668	40.2
716.873	40.2
717.078	40.2
717.283	40.2
717.488	40.2
717.693	40.3
717.898	40.3
718.103	40.3
718.308	40.3
718.514	40.4
718.719	40.4
718.924	40.4
719.129	40.4
719.334	40.4
719.539	40.5
719.745	40.5
719.95	40.5
720.155	40.5
720.36	40.6
720.566	40.6
720.771	40.6
720.976	40.6
721.182	40.6
721.387	40.7
721.592	40.7
721.798	40.7
722.003	40.7
722.208	40.7
722.414	40.8
722.619	40.8
722.824	40.8
723.03	40.8
723.235	40.8
723.441	40.8
723.646	40.9
723.852	40.9
724.057	40.9
724.263	40.9
724.468	40.9
724.674	40.9
724.879	41
725.085	41
725.29	41
725.496	41
725.701	41
725.907	41.1
726.112	41.1
726.318	41.1
726.524	41.1
726.729	41.2
726.935	41.2
727.141	41.2
727.346	41.2
727.552	41.2
727.758	41.3
727.963	41.3
728.169	41.3
728.375	41.3
728.581	41.3
728.786	41.3
728.992	41.4
729.198	41.4
729.404	41.4
729.609	41.4
729.815	41.5
730.021	41.5
730.227	41.5
730.433	41.5
730.639	41.5
730.844	41.6
731.05	41.6
731.256	41.6
731.462	41.6
731.668	41.7
731.874	41.7
732.08	41.7
732.286	41.7
732.492	41.7
732.698	41.8
732.904	41.8
733.11	41.8
733.316	41.8
733.522	41.8
733.728	41.9
733.934	41.9
734.14	41.9
734.346	41.9
734.552	42
734.758	42
734.964	42
735.17	42
735.376	42
735.583	42
735.789	42
735.995	42.1
736.201	42.1
736.407	42.1
736.613	42.1
736.819	42.1
737.026	42.2
737.232	42.2
737.438	42.2
737.644	42.2
737.851	42.2
738.057	42.2
738.263	42.2
738.469	42.3
738.676	42.3
738.882	42.3
739.088	42.3
739.295	42.3
739.501	42.3
739.707	42.3
739.914	42.3
740.12	42.3
740.326	42.4
740.533	42.4
740.739	42.4
740.946	42.4
741.152	42.4
741.358	42.4
741.565	42.4
741.771	42.5
741.978	42.5
742.184	42.5
742.391	42.5
742.597	42.5
742.804	42.5
743.01	42.5
743.217	42.6
743.423	42.6
743.63	42.6
743.836	42.6
744.043	42.6
744.249	42.6
744.456	42.6
744.663	42.7
744.869	42.7
745.076	42.7
745.282	42.7
745.489	42.7
745.696	42.7
745.902	42.7
746.109	42.7
746.316	42.7
746.522	42.7
746.729	42.8
746.936	42.8
747.142	42.8
747.349	42.8
747.556	42.8
747.762	42.8
747.969	42.8
748.176	42.8
748.383	42.8
748.589	42.8
748.796	42.9
749.003	42.9
749.21	42.9
749.417	42.9
749.623	42.9
749.83	42.9
750.037	42.9
750.244	42.9
750.451	42.9
750.658	42.9
750.865	42.9
751.071	42.9
751.278	42.9
751.485	42.9
751.692	42.9
751.899	43
752.106	43
752.313	43
752.52	43
752.727	43
752.934	43
753.141	43
753.348	43
753.555	43
753.762	43
753.969	43
754.176	43
754.383	43
754.59	43
754.797	43
755.004	43
755.211	43
755.418	43
755.625	43.1
755.832	43.1
756.039	43.1
756.246	43.1
756.453	43.1
756.66	43.1
756.868	43.1
757.075	43.1
757.282	43.1
757.489	43.1
757.696	43.1
757.903	43.1
758.111	43.1
758.318	43.1
758.525	43.1
758.732	43.1
758.939	43.1
759.147	43.1
759.354	43.1
759.561	43.1
759.768	43.1
759.976	43.1
760.183	43.1
760.39	43.1
760.597	43.1
760.805	43.1
761.012	43.1
761.219	43.1
761.426	43.1
761.634	43.1
761.841	43.1
762.048	43.1
762.256	43.1
762.463	43.1
762.67	43.1
762.878	43.1
763.085	43.1
763.293	43.1
763.5	43.1
763.707	43.1
763.915	43.1
764.122	43.1
764.33	43.1
764.537	43.1
764.744	43.1
764.952	43.1
765.159	43.1
765.367	43.1
765.574	43.1
765.782	43.1
765.989	43.1
766.197	43.1
766.404	43.1
766.612	43.1
766.819	43.1
767.027	43.1
767.234	43.1
767.442	43.1
767.649	43.1
767.857	43.1
768.064	43.1
768.272	43.1
768.479	43.1
768.687	43.1
768.895	43.1
769.102	43.1
769.31	43.1
769.517	43.1
769.725	43.1
769.933	43.1
770.14	43
770.348	43
770.555	43
770.763	43
770.971	43
771.178	43
771.386	43
771.594	43
771.801	43
772.009	43
772.217	43
772.424	43
772.632	43
772.84	43
773.047	43
773.255	43
773.463	43
773.671	42.9
773.878	42.9
774.086	42.9
774.294	42.9
774.502	42.9
774.709	42.9
774.917	42.9
775.125	42.9
775.333	42.9
775.54	42.9
775.748	42.9
775.956	42.9
776.164	42.9
776.371	42.9
776.579	42.9
776.787	42.8
776.995	42.8
777.203	42.8
777.41	42.8
777.618	42.8
777.826	42.8
778.034	42.8
778.242	42.8
778.45	42.8
778.657	42.8
778.865	42.8
779.073	42.8
779.281	42.8
779.489	42.8
779.697	42.8
779.905	42.8
780.112	42.8
780.32	42.7
780.528	42.7
780.736	42.7
780.944	42.7
781.152	42.7
781.36	42.7
781.568	42.7
781.776	42.7
781.984	42.7
782.191	42.7
782.399	42.7
782.607	42.7
782.815	42.7
783.023	42.6
783.231	42.6
783.439	42.6
783.647	42.6
783.855	42.6
784.063	42.6
784.271	42.6
784.479	42.6
784.687	42.5
784.895	42.5
785.103	42.5
785.311	42.5
785.519	42.5
785.727	42.5
785.935	42.5
786.143	42.5
786.351	42.5
786.559	42.5
786.767	42.4
786.975	42.4
787.183	42.4
787.391	42.4
787.599	42.4
787.807	42.4
788.015	42.3
788.223	42.3
788.431	42.3
788.639	42.3
788.847	42.3
789.055	42.3
789.263	42.3
789.471	42.3
789.679	42.3
789.887	42.3
790.095	42.2
790.303	42.2
790.511	42.2
790.719	42.2
790.927	42.2
791.135	42.2
791.343	42.2
791.551	42.2
791.76	42.2
791.968	42.2
792.176	42.2
792.384	42.1
792.592	42.1
792.8	42.1
793.008	42.1
793.216	42.1
793.424	42.1
793.632	42.1
793.84	42.1
794.048	42
794.256	42
794.465	42
794.673	42
794.881	42
795.089	42
795.297	42
795.505	42
795.713	42
795.921	42
796.129	42
796.337	42
796.546	42
796.754	41.9
796.962	41.9
797.17	41.9
797.378	41.9
797.586	41.9
797.794	41.9
798.002	41.9
798.21	41.9
798.419	41.9
798.627	41.8
798.835	41.8
799.043	41.8
799.251	41.8
799.459	41.8
799.667	41.8
799.875	41.7
800.083	41.7
800.292	41.7
800.5	41.7
800.708	41.7
800.916	41.7
801.124	41.6
801.332	41.6
801.54	41.6
801.748	41.6
801.957	41.6
802.165	41.6
802.373	41.6
802.581	41.5
802.789	41.5
802.997	41.5
803.205	41.5
803.414	41.5
803.622	41.4
803.83	41.4
804.038	41.4
804.246	41.4
804.454	41.4
804.662	41.3
804.87	41.3
805.079	41.3
805.287	41.3
805.495	41.2
805.703	41.2
805.911	41.2
806.119	41.2
806.327	41.2
806.535	41.2
806.743	41.1
806.952	41.1
807.16	41.1
807.368	41.1
807.576	41.1
807.784	41.1
807.992	41.1
808.2	41.1
808.408	41
808.617	41
808.825	41
809.033	41
809.241	41
809.449	41
809.657	41
809.865	40.9
810.073	40.9
810.281	40.9
810.49	40.9
810.698	40.9
810.906	40.9
811.114	40.9
811.322	40.8
811.53	40.8
811.738	40.8
811.946	40.8
812.154	40.8
812.362	40.8
812.57	40.7
812.779	40.7
812.987	40.7
813.195	40.7
813.403	40.7
813.611	40.7
813.819	40.7
814.027	40.7
814.235	40.6
814.443	40.6
814.651	40.6
814.859	40.6
815.067	40.6
815.275	40.6
815.484	40.5
815.692	40.5
815.9	40.5
816.108	40.5
816.316	40.5
816.524	40.5
816.732	40.4
816.94	40.4
817.148	40.4
817.356	40.4
817.564	40.4
817.772	40.4
817.98	40.3
818.188	40.3
818.397	40.3
818.605	40.3
818.813	40.3
819.021	40.3
819.229	40.3
819.437	40.3
819.645	40.2
819.853	40.2
820.061	40.2
820.269	40.2
820.477	40.2
820.685	40.2
820.893	40.2
821.102	40.2
821.31	40.2
821.518	40.1
821.726	40.1
821.934	40.1
822.142	40.1
822.35	40.1
822.558	40.1
822.766	40.1
822.974	40.1
823.182	40
823.39	40
823.599	40
823.807	40
824.015	40
824.223	40
824.431	40
824.639	40
824.847	40
825.055	40
825.263	40
825.472	40
825.68	40
825.888	39.9
826.096	39.9
826.304	39.9
826.512	39.9
826.72	39.9
826.928	39.9
827.137	39.9
827.345	39.8
827.553	39.8
827.761	39.8
827.969	39.8
828.177	39.8
828.385	39.8
828.594	39.8
828.802	39.8
829.01	39.7
829.218	39.7
829.426	39.7
829.634	39.7
829.843	39.7
830.051	39.7
830.259	39.7
830.467	39.7
830.675	39.7
830.883	39.6
831.092	39.6
831.3	39.6
831.508	39.6
831.716	39.6
831.924	39.6
832.133	39.6
832.341	39.6
832.549	39.5
832.757	39.5
832.966	39.5
833.174	39.5
833.382	39.5
833.59	39.4
833.799	39.4
834.007	39.4
834.215	39.4
834.423	39.4
834.632	39.4
834.84	39.4
835.048	39.4
835.256	39.3
835.465	39.3
835.673	39.3
835.881	39.3
836.09	39.3
836.298	39.3
836.506	39.2
836.715	39.2
836.923	39.2
837.131	39.2
837.34	39.2
837.548	39.1
837.756	39.1
837.965	39.1
838.173	39.1
838.381	39.1
838.59	39.1
838.798	39.1
839.006	39.1
839.215	39
839.423	39
839.632	39
839.84	39
840.048	39
840.257	39
840.465	38.9
840.674	38.9
840.882	38.9
841.091	38.9
841.299	38.9
841.508	38.9
841.716	38.9
841.924	38.9
842.133	38.9
842.341	38.8
842.55	38.8
842.758	38.8
842.967	38.8
843.175	38.8
843.384	38.8
843.593	38.8
843.801	38.8
844.01	38.8
844.218	38.8
844.427	38.8
844.635	38.8
844.844	38.7
845.052	38.7
845.261	38.7
845.47	38.7
845.678	38.7
845.887	38.7
846.095	38.7
846.304	38.7
846.513	38.7
846.721	38.7
846.93	38.6
847.139	38.6
847.347	38.6
847.556	38.6
847.765	38.6
847.973	38.6
848.182	38.6
848.391	38.6
848.6	38.6
848.808	38.6
849.017	38.6
849.226	38.6
849.435	38.6
849.643	38.6
849.852	38.6
850.061	38.5
850.27	38.5
850.478	38.5
850.687	38.5
850.896	38.5
851.105	38.5
851.314	38.5
851.523	38.5
851.731	38.5
851.94	38.5
852.149	38.5
852.358	38.5
852.567	38.5
852.776	38.5
852.985	38.5
853.194	38.5
853.403	38.4
853.612	38.4
853.821	38.4
854.03	38.4
854.239	38.4
854.447	38.4
854.656	38.4
854.865	38.4
855.075	38.4
855.284	38.3
855.493	38.3
855.702	38.3
855.911	38.3
856.12	38.3
856.329	38.3
856.538	38.3
856.747	38.3
856.956	38.2
857.165	38.2
857.374	38.2
857.584	38.2
857.793	38.2
858.002	38.2
858.211	38.2
858.42	38.2
858.629	38.2
858.839	38.2
859.048	38.2
859.257	38.2
859.466	38.1
859.676	38.1
859.885	38.1
860.094	38.1
860.304	38.1
860.513	38.1
860.722	38.1
860.932	38
861.141	38
861.35	38
861.56	38
861.769	38
861.978	38
862.188	38
862.397	38
862.607	38
862.816	38
863.026	38
863.235	38
863.445	38
863.654	38
863.864	38
864.073	38
864.283	38
864.492	37.9
864.702	37.9
864.911	37.9
865.121	37.9
865.33	37.9
865.54	37.9
865.75	37.9
865.959	37.9
866.169	37.9
866.379	37.9
866.588	37.9
866.798	37.9
867.008	37.9
867.218	37.9
867.427	37.9
867.637	37.9
867.847	37.9
868.057	37.9
868.266	37.9
868.476	37.9
868.686	37.9
868.896	37.9
869.106	37.9
869.316	37.9
869.525	37.9
869.735	37.9
869.945	37.9
870.155	37.9
870.365	37.9
870.575	37.9
870.785	37.9
870.995	37.9
871.205	37.9
871.415	37.9
871.625	37.9
871.835	37.9
872.045	37.9
872.255	37.9
872.465	37.9
872.675	37.9
872.886	37.9
873.096	37.9
873.306	37.9
873.516	37.9
873.726	37.9
873.936	37.9
874.147	37.9
874.357	37.9
874.567	37.9
874.777	37.9
874.988	37.9
875.198	37.9
875.408	37.9
875.619	37.9
875.829	37.9
876.039	37.9
876.25	37.9
876.46	37.9
876.67	37.9
876.881	37.9
877.091	37.8
877.302	37.9
877.512	37.9
877.723	37.8
877.933	37.8
878.144	37.8
878.354	37.8
878.565	37.8
878.775	37.7
878.986	37.7
879.197	37.7
879.407	37.7
879.618	37.6
879.829	37.6
880.039	37.6
880.25	37.6
880.461	37.5
880.671	37.5
880.882	37.5
881.093	37.5
881.304	37.5
881.515	37.5
881.725	37.5
881.936	37.5
882.147	37.5
882.358	37.5
882.569	37.5
882.78	37.5
882.991	37.5
883.202	37.5
883.413	37.5
883.624	37.5
883.835	37.5
884.046	37.5
884.257	37.4
884.468	37.4
884.679	37.5
884.89	37.5
885.101	37.5
885.312	37.5
885.523	37.5
885.735	37.5
885.946	37.5
886.157	37.5
886.368	37.5
886.579	37.5
886.791	37.5
887.002	37.5
887.213	37.5
887.425	37.5
887.636	37.6
887.847	37.6
888.059	37.6
888.27	37.6
888.481	37.6
888.693	37.6
888.904	37.6
889.116	37.6
889.327	37.7
889.539	37.7
889.75	37.7
889.962	37.7
890.174	37.7
890.385	37.7
890.597	37.7
890.808	37.7
891.02	37.7
891.232	37.7
891.444	37.7
891.655	37.7
891.867	37.7
892.079	37.7
892.291	37.7
892.502	37.7
892.714	37.7
892.926	37.7
893.138	37.7
893.35	37.7
893.562	37.7
893.774	37.7
893.986	37.6
894.198	37.7
894.41	37.7
894.622	37.7
894.834	37.7
895.046	37.7
895.258	37.7
895.47	37.7
895.682	37.6
895.894	37.6
896.106	37.6
896.319	37.6
896.531	37.6
896.743	37.6
896.955	37.6
897.168	37.6
897.38	37.6
897.592	37.7
897.805	37.7
898.017	37.7
898.229	37.7
898.442	37.7
898.654	37.7
898.867	37.7
899.079	37.7
899.292	37.7
899.504	37.7
899.717	37.7
899.929	37.7
900.142	37.7
900.355	37.7
900.567	37.7
900.78	37.6
900.993	37.7
901.205	37.7
901.418	37.7
901.631	37.7
901.844	37.7
902.056	37.7
902.269	37.6
902.482	37.6
902.695	37.6
902.908	37.6
903.121	37.6
903.334	37.6
903.547	37.6
903.76	37.7
903.973	37.7
904.186	37.7
904.399	37.6
904.612	37.6
904.825	37.6
905.038	37.6
905.251	37.7
905.465	37.7
905.678	37.7
905.891	37.6
906.104	37.6
906.318	37.6
906.531	37.6
906.744	37.6
906.958	37.5
907.171	37.5
907.384	37.5
907.598	37.5
907.811	37.5
908.025	37.5
908.238	37.5
908.452	37.5
908.665	37.5
908.879	37.5
909.093	37.5
909.306	37.5
909.52	37.6
909.734	37.5
909.947	37.5
910.161	37.5
910.375	37.5
910.589	37.5
910.803	37.5
911.016	37.5
911.23	37.5
911.444	37.5
911.658	37.5
911.872	37.5
912.086	37.5
912.3	37.5
912.514	37.5
912.728	37.5
912.942	37.5
913.156	37.5
913.37	37.5
913.585	37.5
913.799	37.5
914.013	37.5
914.227	37.4
914.442	37.4
914.656	37.4
914.87	37.4
915.084	37.5
915.299	37.5
915.513	37.5
915.728	37.5
915.942	37.5
916.157	37.5
916.371	37.5
916.586	37.5
916.8	37.5
917.015	37.4
917.229	37.4
917.444	37.4
917.659	37.4
917.874	37.5
918.088	37.5
918.303	37.5
918.518	37.5
918.733	37.5
918.947	37.5
919.162	37.5
919.377	37.5
919.592	37.4
919.807	37.5
920.022	37.5
920.237	37.5
920.452	37.4
920.667	37.4
920.882	37.4
921.097	37.4
921.313	37.4
921.528	37.4
921.743	37.5
921.958	37.5
922.174	37.5
922.389	37.5
922.604	37.5
922.82	37.5
923.035	37.5
923.25	37.5
923.466	37.5
923.681	37.5
923.897	37.5
924.112	37.5
924.328	37.5
924.544	37.5
924.759	37.5
924.975	37.5
925.19	37.5
925.406	37.6
925.622	37.6
925.838	37.6
926.054	37.6
926.269	37.7
926.485	37.7
926.701	37.7
926.917	37.6
927.133	37.6
927.349	37.6
927.565	37.7
927.781	37.7
927.997	37.7
928.213	37.7
928.429	37.7
928.646	37.7
928.862	37.8
929.078	37.8
929.294	37.8
929.511	37.9
929.727	37.9
929.943	38
930.16	38
930.376	38
930.592	38
930.809	38.1
931.025	38.1
931.242	38.1
931.459	38.2
931.675	38.2
931.892	38.2
932.108	38.3
932.325	38.3
932.542	38.4
932.759	38.4
932.975	38.4
933.192	38.3
933.409	38.4
933.626	38.4
933.843	38.4
934.06	38.4
934.277	38.4
934.494	38.3
934.711	38.4
934.928	38.3
935.145	38.2
935.362	38.2
935.58	38.2
935.797	38.1
936.014	38
936.231	38
936.449	37.9
936.666	37.9
936.883	37.8
937.101	37.8
937.318	37.7
937.536	37.7
937.753	37.6
937.971	37.6
938.188	37.5
938.406	37.5
938.624	37.4
938.841	37.4
939.059	37.3
939.277	37.3
939.494	37.3
939.712	37.3
939.93	37.2
