360.161	18.9
360.333	18.9
360.504	18.8
360.676	18.8
360.847	18.7
361.019	18.7
361.19	18.6
361.361	18.6
361.533	18.6
361.704	18.5
361.876	18.4
362.047	18.4
362.219	18.3
362.391	18.3
362.562	18.3
362.734	18.2
362.905	18.2
363.077	18.2
363.248	18.1
363.42	18.1
363.592	18.1
363.763	18
363.935	17.9
364.106	17.8
364.278	17.8
364.45	17.7
364.621	17.7
364.793	17.6
364.965	17.6
365.137	17.6
365.308	17.5
365.48	17.5
365.652	17.5
365.824	17.4
365.995	17.3
366.167	17.3
366.339	17.3
366.511	17.3
366.683	17.3
366.854	17.2
367.026	17.2
367.198	17.2
367.37	17.1
367.542	17.1
367.714	17
367.886	17
368.058	17
368.23	16.9
368.402	16.9
368.574	16.8
368.746	16.8
368.918	16.8
369.09	16.7
369.262	16.7
369.434	16.6
369.606	16.6
369.778	16.6
369.95	16.5
370.122	16.5
370.294	16.5
370.467	16.5
370.639	16.4
370.811	16.4
370.983	16.4
371.155	16.4
371.328	16.4
371.5	16.4
371.672	16.4
371.844	16.4
372.017	16.4
372.189	16.4
372.361	16.4
372.534	16.4
372.706	16.3
372.878	16.3
373.051	16.3
373.223	16.2
373.396	16.1
373.568	16.1
373.741	16.1
373.913	16.1
374.086	16.1
374.258	16
374.431	16
374.603	16.1
374.776	16
374.949	16
375.121	16.1
375.294	16.1
375.467	16
375.639	16
375.812	16
375.985	16
376.157	16
376.33	16
376.503	16
376.676	16
376.849	15.9
377.021	15.9
377.194	15.9
377.367	15.8
377.54	15.8
377.713	15.8
377.886	15.8
378.059	15.7
378.232	15.7
378.405	15.8
378.578	15.8
378.751	15.7
378.924	15.7
379.097	15.6
379.27	15.6
379.444	15.6
379.617	15.6
379.79	15.6
379.963	15.6
380.136	15.6
380.31	15.6
380.483	15.6
380.656	15.6
380.829	15.6
381.003	15.6
381.176	15.5
381.35	15.5
381.523	15.5
381.696	15.5
381.87	15.5
382.043	15.5
382.217	15.5
382.39	15.4
382.564	15.4
382.738	15.4
382.911	15.3
383.085	15.3
383.258	15.3
383.432	15.3
383.606	15.3
383.779	15.4
383.953	15.4
384.127	15.4
384.301	15.3
384.475	15.3
384.648	15.3
384.822	15.3
384.996	15.3
385.17	15.3
385.344	15.3
385.518	15.3
385.692	15.2
385.866	15.2
386.04	15.2
386.214	15.2
386.388	15.2
386.562	15.2
386.737	15.2
386.911	15.2
387.085	15.2
387.259	15.2
387.434	15.1
387.608	15.1
387.782	15.1
387.956	15.1
388.131	15.2
388.305	15.2
388.48	15.2
388.654	15.2
388.829	15.1
389.003	15.1
389.178	15.1
389.352	15.1
389.527	15.1
389.701	15.1
389.876	15.1
390.051	15.1
390.226	15.1
390.4	15.2
390.575	15.2
390.75	15.2
390.925	15.2
391.099	15.2
391.274	15.2
391.449	15.2
391.624	15.3
391.799	15.3
391.974	15.3
392.149	15.3
392.324	15.2
392.499	15.2
392.675	15.3
392.85	15.3
393.025	15.3
393.2	15.3
393.375	15.3
393.551	15.3
393.726	15.3
393.901	15.3
394.077	15.3
394.252	15.3
394.427	15.3
394.603	15.3
394.778	15.3
394.954	15.3
395.129	15.3
395.305	15.3
395.481	15.3
395.656	15.3
395.832	15.3
396.008	15.3
396.184	15.3
396.359	15.3
396.535	15.3
396.711	15.3
396.887	15.3
397.063	15.4
397.239	15.4
397.415	15.4
397.591	15.3
397.767	15.3
397.943	15.3
398.119	15.3
398.295	15.3
398.471	15.3
398.648	15.3
398.824	15.3
399	15.3
399.176	15.3
399.353	15.3
399.529	15.4
399.706	15.4
399.882	15.4
400.058	15.4
400.235	15.4
400.412	15.5
400.588	15.5
400.765	15.5
400.942	15.5
401.118	15.5
401.295	15.5
401.472	15.5
401.649	15.5
401.825	15.5
402.002	15.5
402.179	15.5
402.356	15.5
402.533	15.5
402.71	15.5
402.887	15.5
403.064	15.5
403.242	15.6
403.419	15.6
403.596	15.6
403.773	15.6
403.95	15.6
404.128	15.6
404.305	15.6
404.483	15.6
404.66	15.6
404.837	15.6
405.015	15.6
405.193	15.6
405.37	15.7
405.548	15.7
405.725	15.7
405.903	15.7
406.081	15.7
406.259	15.7
406.437	15.7
406.614	15.7
406.792	15.7
406.97	15.8
407.148	15.8
407.326	15.8
407.504	15.8
407.682	15.8
407.86	15.8
408.039	15.8
408.217	15.8
408.395	15.8
408.573	15.8
408.751	15.8
408.93	15.8
409.108	15.9
409.287	15.9
409.465	15.9
409.643	15.9
409.822	15.9
410	15.9
410.179	15.9
410.358	15.9
410.536	15.9
410.715	15.9
410.894	15.9
411.072	15.9
411.251	16
411.43	16
411.609	16
411.788	16
411.967	16
412.146	16
412.325	16
412.504	16
412.683	16.1
412.862	16.1
413.041	16.1
413.22	16.1
413.399	16.1
413.578	16.1
413.758	16.1
413.937	16.1
414.116	16.1
414.296	16.1
414.475	16.1
414.654	16.1
414.834	16.1
415.013	16.1
415.193	16.1
415.372	16.1
415.552	16.1
415.732	16.1
415.911	16.1
416.091	16.1
416.271	16.1
416.45	16.1
416.63	16.1
416.81	16.1
416.99	16.1
417.169	16.1
417.349	16.1
417.529	16.1
417.709	16.2
417.889	16.2
418.069	16.2
418.249	16.2
418.429	16.2
418.609	16.2
418.789	16.2
418.97	16.2
419.15	16.2
419.33	16.2
419.51	16.2
419.691	16.2
419.871	16.2
420.051	16.2
420.232	16.1
420.412	16.2
420.592	16.2
420.773	16.2
420.953	16.2
421.134	16.2
421.314	16.2
421.495	16.2
421.675	16.2
421.856	16.2
422.037	16.2
422.217	16.2
422.398	16.2
422.579	16.2
422.76	16.2
422.94	16.2
423.121	16.2
423.302	16.2
423.483	16.2
423.664	16.2
423.845	16.2
424.026	16.2
424.207	16.2
424.388	16.2
424.569	16.2
424.75	16.2
424.931	16.2
425.112	16.2
425.293	16.2
425.474	16.2
425.655	16.2
425.837	16.2
426.018	16.2
426.199	16.2
426.38	16.2
426.562	16.2
426.743	16.2
426.924	16.3
427.106	16.3
427.287	16.3
427.469	16.3
427.65	16.3
427.832	16.3
428.013	16.3
428.195	16.3
428.376	16.3
428.558	16.3
428.739	16.3
428.921	16.3
429.103	16.3
429.284	16.3
429.466	16.3
429.648	16.3
429.83	16.4
430.011	16.4
430.193	16.3
430.375	16.3
430.557	16.4
430.739	16.4
430.921	16.4
431.102	16.4
431.284	16.4
431.466	16.4
431.648	16.4
431.83	16.4
432.012	16.4
432.194	16.4
432.377	16.4
432.559	16.4
432.741	16.4
432.923	16.4
433.105	16.4
433.287	16.4
433.469	16.4
433.652	16.4
433.834	16.4
434.016	16.4
434.198	16.4
434.381	16.4
434.563	16.5
434.745	16.5
434.928	16.5
435.11	16.5
435.293	16.5
435.475	16.5
435.658	16.5
435.84	16.5
436.022	16.5
436.205	16.5
436.388	16.5
436.57	16.5
436.753	16.5
436.935	16.5
437.118	16.5
437.301	16.5
437.483	16.5
437.666	16.5
437.849	16.5
438.031	16.5
438.214	16.6
438.397	16.6
438.58	16.6
438.762	16.6
438.945	16.6
439.128	16.6
439.311	16.6
439.494	16.6
439.677	16.6
439.859	16.6
440.042	16.6
440.225	16.6
440.408	16.7
440.591	16.7
440.774	16.7
440.957	16.7
441.14	16.7
441.323	16.7
441.507	16.7
441.69	16.7
441.873	16.7
442.056	16.7
442.239	16.7
442.422	16.7
442.605	16.7
442.789	16.7
442.972	16.7
443.155	16.7
443.338	16.7
443.522	16.7
443.705	16.7
443.888	16.7
444.072	16.7
444.255	16.7
444.438	16.7
444.622	16.7
444.805	16.7
444.989	16.7
445.172	16.7
445.356	16.7
445.539	16.7
445.723	16.7
445.906	16.8
446.09	16.8
446.273	16.8
446.457	16.8
446.64	16.8
446.824	16.8
447.008	16.8
447.191	16.8
447.375	16.8
447.559	16.8
447.742	16.8
447.926	16.8
448.11	16.8
448.293	16.8
448.477	16.8
448.661	16.8
448.845	16.8
449.029	16.8
449.212	16.8
449.396	16.8
449.58	16.8
449.764	16.8
449.948	16.8
450.132	16.8
450.316	16.8
450.5	16.8
450.684	16.9
450.868	16.9
451.052	16.9
451.236	16.9
451.42	16.9
451.604	16.9
451.788	16.9
451.972	16.9
452.156	16.9
452.34	16.9
452.525	16.9
452.709	16.9
452.893	16.9
453.077	16.9
453.261	16.9
453.446	16.9
453.63	16.9
453.814	16.9
453.998	16.9
454.183	16.9
454.367	16.9
454.551	16.9
454.736	16.9
454.92	16.9
455.104	16.9
455.289	16.9
455.473	16.9
455.658	16.9
455.842	16.9
456.026	17
456.211	17
456.395	17
456.58	17
456.764	17
456.949	17
457.134	17
457.318	17
457.503	17
457.687	17
457.872	17
458.057	17
458.241	17
458.426	17
458.611	17
458.795	17
458.98	17
459.165	17
459.349	17
459.534	17
459.719	17
459.904	17
460.088	17
460.273	17.1
460.458	17.1
460.643	17.1
460.828	17.1
461.013	17.1
461.198	17.1
461.382	17.1
461.567	17.1
461.752	17.1
461.937	17.1
462.122	17.1
462.307	17.1
462.492	17.1
462.677	17.1
462.862	17.1
463.047	17.1
463.232	17.1
463.417	17.1
463.602	17.1
463.788	17.1
463.973	17.1
464.158	17.1
464.343	17.1
464.528	17.1
464.713	17.1
464.898	17.1
465.084	17.1
465.269	17.1
465.454	17.1
465.639	17.1
465.824	17.1
466.01	17.1
466.195	17.2
466.38	17.2
466.566	17.2
466.751	17.2
466.936	17.2
467.122	17.2
467.307	17.2
467.492	17.2
467.678	17.2
467.863	17.2
468.048	17.2
468.234	17.2
468.419	17.2
468.605	17.2
468.79	17.2
468.976	17.2
469.161	17.2
469.347	17.2
469.532	17.2
469.718	17.2
469.903	17.2
470.089	17.2
470.274	17.2
470.46	17.2
470.646	17.2
470.831	17.2
471.017	17.2
471.202	17.2
471.388	17.2
471.574	17.2
471.759	17.2
471.945	17.2
472.131	17.2
472.317	17.2
472.502	17.2
472.688	17.2
472.874	17.2
473.059	17.2
473.245	17.2
473.431	17.2
473.617	17.3
473.803	17.3
473.988	17.3
474.174	17.3
474.36	17.3
474.546	17.3
474.732	17.3
474.918	17.3
475.104	17.3
475.29	17.3
475.475	17.3
475.661	17.3
475.847	17.3
476.033	17.3
476.219	17.3
476.405	17.3
476.591	17.3
476.777	17.3
476.963	17.3
477.149	17.3
477.335	17.3
477.521	17.3
477.707	17.3
477.893	17.3
478.08	17.3
478.266	17.3
478.452	17.3
478.638	17.3
478.824	17.3
479.01	17.3
479.196	17.3
479.382	17.3
479.569	17.3
479.755	17.3
479.941	17.3
480.127	17.3
480.313	17.3
480.5	17.3
480.686	17.3
480.872	17.3
481.058	17.3
481.245	17.3
481.431	17.3
481.617	17.3
481.803	17.3
481.99	17.3
482.176	17.3
482.362	17.3
482.549	17.3
482.735	17.3
482.921	17.3
483.108	17.3
483.294	17.3
483.481	17.3
483.667	17.3
483.853	17.4
484.04	17.3
484.226	17.3
484.413	17.3
484.599	17.3
484.786	17.3
484.972	17.4
485.159	17.4
485.345	17.4
485.532	17.4
485.718	17.4
485.905	17.4
486.091	17.4
486.278	17.4
486.464	17.4
486.651	17.4
486.837	17.4
487.024	17.4
487.211	17.4
487.397	17.4
487.584	17.5
487.77	17.5
487.957	17.5
488.144	17.5
488.33	17.5
488.517	17.5
488.704	17.5
488.89	17.5
489.077	17.5
489.264	17.5
489.45	17.5
489.637	17.5
489.824	17.5
490.01	17.5
490.197	17.5
490.384	17.6
490.571	17.6
490.757	17.6
490.944	17.6
491.131	17.6
491.318	17.6
491.505	17.6
491.691	17.6
491.878	17.6
492.065	17.6
492.252	17.6
492.439	17.6
492.626	17.7
492.812	17.7
492.999	17.7
493.186	17.7
493.373	17.7
493.56	17.7
493.747	17.7
493.934	17.7
494.121	17.7
494.308	17.7
494.494	17.8
494.681	17.8
494.868	17.8
495.055	17.8
495.242	17.8
495.429	17.8
495.616	17.8
495.803	17.8
495.99	17.8
496.177	17.8
496.364	17.8
496.551	17.8
496.738	17.9
496.925	17.9
497.112	17.9
497.299	17.9
497.486	17.9
497.673	17.9
497.861	17.9
498.048	17.9
498.235	17.9
498.422	17.9
498.609	17.9
498.796	18
498.983	18
499.17	18
499.357	18
499.544	18
499.732	18
499.919	18
500.106	18
500.293	18
500.48	18
500.667	18
500.855	18
501.042	18.1
501.229	18.1
501.416	18.1
501.603	18.1
501.791	18.1
501.978	18.1
502.165	18.1
502.352	18.1
502.54	18.1
502.727	18.1
502.914	18.1
503.101	18.1
503.289	18.1
503.476	18.1
503.663	18.2
503.85	18.2
504.038	18.2
504.225	18.2
504.412	18.2
504.6	18.2
504.787	18.2
504.974	18.2
505.161	18.2
505.349	18.2
505.536	18.2
505.723	18.2
505.911	18.3
506.098	18.3
506.286	18.3
506.473	18.3
506.66	18.3
506.848	18.3
507.035	18.3
507.222	18.3
507.41	18.3
507.597	18.3
507.785	18.3
507.972	18.3
508.159	18.4
508.347	18.4
508.534	18.4
508.722	18.4
508.909	18.4
509.097	18.4
509.284	18.4
509.471	18.4
509.659	18.4
509.846	18.5
510.034	18.5
510.221	18.5
510.409	18.5
510.596	18.5
510.784	18.5
510.971	18.5
511.159	18.5
511.346	18.5
511.534	18.5
511.721	18.5
511.909	18.6
512.096	18.6
512.284	18.6
512.471	18.6
512.659	18.6
512.846	18.6
513.034	18.6
513.221	18.6
513.409	18.6
513.596	18.7
513.784	18.7
513.972	18.7
514.159	18.7
514.347	18.7
514.534	18.7
514.722	18.7
514.909	18.7
515.097	18.7
515.285	18.8
515.472	18.8
515.66	18.8
515.847	18.8
516.035	18.8
516.222	18.8
516.41	18.8
516.598	18.8
516.785	18.9
516.973	18.9
517.161	18.9
517.348	18.9
517.536	18.9
517.723	18.9
517.911	18.9
518.099	19
518.286	19
518.474	19
518.662	19
518.849	19
519.037	19
519.225	19
519.412	19
519.6	19.1
519.787	19.1
519.975	19.1
520.163	19.1
520.35	19.1
520.538	19.1
520.726	19.1
520.914	19.1
521.101	19.2
521.289	19.2
521.477	19.2
521.664	19.2
521.852	19.2
522.04	19.2
522.227	19.2
522.415	19.2
522.603	19.3
522.79	19.3
522.978	19.3
523.166	19.3
523.354	19.3
523.541	19.3
523.729	19.3
523.917	19.3
524.104	19.3
524.292	19.3
524.48	19.4
524.668	19.4
524.855	19.4
525.043	19.4
525.231	19.4
525.418	19.4
525.606	19.4
525.794	19.4
525.982	19.4
526.169	19.5
526.357	19.5
526.545	19.5
526.733	19.5
526.92	19.5
527.108	19.5
527.296	19.5
527.484	19.5
527.671	19.6
527.859	19.6
528.047	19.6
528.235	19.6
528.422	19.6
528.61	19.6
528.798	19.6
528.986	19.6
529.173	19.6
529.361	19.7
529.549	19.7
529.737	19.7
529.924	19.7
530.112	19.7
530.3	19.7
530.488	19.7
530.675	19.7
530.863	19.7
531.051	19.7
531.239	19.8
531.426	19.8
531.614	19.8
531.802	19.8
531.99	19.8
532.177	19.8
532.365	19.8
532.553	19.8
532.741	19.8
532.928	19.8
533.116	19.9
533.304	19.9
533.492	19.9
533.679	19.9
533.867	19.9
534.055	19.9
534.243	19.9
534.431	19.9
534.618	19.9
534.806	19.9
534.994	20
535.182	20
535.369	20
535.557	20
535.745	20
535.933	20
536.12	20
536.308	20
536.496	20
536.684	20.1
536.871	20.1
537.059	20.1
537.247	20.1
537.435	20.1
537.622	20.1
537.81	20.1
537.998	20.1
538.186	20.1
538.373	20.2
538.561	20.2
538.749	20.2
538.937	20.2
539.124	20.2
539.312	20.2
539.5	20.2
539.688	20.3
539.875	20.3
540.063	20.3
540.251	20.3
540.439	20.3
540.626	20.3
540.814	20.3
541.002	20.3
541.19	20.4
541.377	20.4
541.565	20.4
541.753	20.4
541.941	20.4
542.128	20.4
542.316	20.4
542.504	20.4
542.691	20.4
542.879	20.5
543.067	20.5
543.255	20.5
543.442	20.5
543.63	20.5
543.818	20.5
544.005	20.5
544.193	20.5
544.381	20.5
544.568	20.6
544.756	20.6
544.944	20.6
545.132	20.6
545.319	20.6
545.507	20.6
545.695	20.6
545.882	20.7
546.07	20.7
546.258	20.7
546.445	20.7
546.633	20.7
546.821	20.7
547.008	20.7
547.196	20.7
547.384	20.7
547.571	20.7
547.759	20.8
547.947	20.8
548.134	20.8
548.322	20.8
548.51	20.8
548.697	20.8
548.885	20.8
549.073	20.8
549.26	20.8
549.448	20.9
549.636	20.9
549.823	20.9
550.011	20.9
550.199	20.9
550.386	20.9
550.574	20.9
550.762	21
550.949	21
551.137	21
551.325	21
551.512	21
551.7	21
551.888	21
552.075	21.1
552.263	21.1
552.451	21.1
552.639	21.1
552.826	21.1
553.014	21.1
553.202	21.1
553.389	21.1
553.577	21.1
553.765	21.2
553.953	21.2
554.14	21.2
554.328	21.2
554.516	21.2
554.704	21.2
554.891	21.2
555.079	21.3
555.267	21.3
555.455	21.3
555.643	21.3
555.83	21.3
556.018	21.3
556.206	21.3
556.394	21.3
556.582	21.4
556.77	21.4
556.957	21.4
557.145	21.4
557.333	21.4
557.521	21.4
557.709	21.4
557.897	21.4
558.085	21.5
558.273	21.5
558.461	21.5
558.649	21.5
558.837	21.5
559.025	21.5
559.213	21.5
559.4	21.5
559.588	21.6
559.777	21.6
559.965	21.6
560.153	21.6
560.341	21.6
560.529	21.6
560.717	21.6
560.905	21.6
561.093	21.6
561.281	21.7
561.469	21.7
561.657	21.7
561.845	21.7
562.034	21.7
562.222	21.7
562.41	21.7
562.598	21.7
562.786	21.7
562.975	21.8
563.163	21.8
563.351	21.8
563.539	21.8
563.728	21.8
563.916	21.8
564.104	21.8
564.293	21.8
564.481	21.8
564.67	21.9
564.858	21.9
565.046	21.9
565.235	21.9
565.423	21.9
565.612	21.9
565.8	21.9
565.989	21.9
566.177	21.9
566.366	21.9
566.554	21.9
566.743	22
566.932	22
567.12	22
567.309	22
567.497	22
567.686	22
567.875	22
568.064	22
568.252	22
568.441	22
568.63	22.1
568.819	22.1
569.007	22.1
569.196	22.1
569.385	22.1
569.574	22.1
569.763	22.1
569.952	22.1
570.141	22.1
570.33	22.1
570.519	22.1
570.708	22.2
570.897	22.2
571.086	22.2
571.275	22.2
571.464	22.2
571.653	22.2
571.843	22.2
572.032	22.2
572.221	22.2
572.41	22.2
572.599	22.2
572.789	22.2
572.978	22.2
573.167	22.2
573.357	22.3
573.546	22.3
573.736	22.3
573.925	22.3
574.115	22.3
574.304	22.3
574.494	22.3
574.683	22.3
574.873	22.3
575.062	22.3
575.252	22.3
575.442	22.3
575.631	22.3
575.821	22.3
576.011	22.3
576.201	22.4
576.39	22.4
576.58	22.4
576.77	22.4
576.96	22.4
577.15	22.4
577.34	22.4
577.53	22.4
577.72	22.4
577.91	22.4
578.1	22.4
578.29	22.4
578.48	22.4
578.67	22.4
578.861	22.4
579.051	22.4
579.241	22.5
579.431	22.5
579.622	22.5
579.812	22.5
580.002	22.5
580.193	22.5
580.383	22.5
580.574	22.5
580.764	22.5
580.955	22.5
581.145	22.5
581.336	22.5
581.526	22.5
581.717	22.5
581.908	22.6
582.098	22.6
582.289	22.6
582.48	22.6
582.671	22.6
582.862	22.6
583.052	22.6
583.243	22.6
583.434	22.6
583.625	22.6
583.816	22.6
584.007	22.6
584.198	22.6
584.389	22.6
584.58	22.7
584.771	22.7
584.962	22.7
585.154	22.7
585.345	22.7
585.536	22.7
585.727	22.7
585.918	22.7
586.11	22.7
586.301	22.7
586.492	22.8
586.684	22.8
586.875	22.8
587.067	22.8
587.258	22.8
587.45	22.8
587.641	22.8
587.833	22.8
588.024	22.8
588.216	22.8
588.408	22.8
588.599	22.8
588.791	22.8
588.983	22.8
589.174	22.9
589.366	22.9
589.558	22.9
589.75	22.9
589.942	22.9
590.134	22.9
590.326	22.9
590.518	22.9
590.71	22.9
590.902	22.9
591.094	22.9
591.286	22.9
591.478	22.9
591.67	23
591.862	23
592.054	23
592.246	23
592.439	23
592.631	23
592.823	23
593.016	23
593.208	23
593.4	23
593.593	23
593.785	23
593.978	23.1
594.17	23.1
594.363	23.1
594.555	23.1
594.748	23.1
594.94	23.1
595.133	23.1
595.326	23.1
595.518	23.1
595.711	23.1
595.904	23.1
596.096	23.1
596.289	23.1
596.482	23.2
596.675	23.2
596.868	23.2
597.061	23.2
597.254	23.2
597.447	23.2
597.64	23.2
597.833	23.2
598.026	23.2
598.219	23.2
598.412	23.2
598.605	23.2
598.798	23.2
598.991	23.3
599.184	23.3
599.378	23.3
599.571	23.3
599.764	23.3
599.957	23.3
600.151	23.3
600.344	23.3
600.538	23.3
600.731	23.3
600.924	23.3
601.118	23.3
601.311	23.3
601.505	23.3
601.698	23.3
601.892	23.3
602.086	23.3
602.279	23.3
602.473	23.3
602.667	23.4
602.86	23.4
603.054	23.4
603.248	23.4
603.442	23.4
603.635	23.4
603.829	23.4
604.023	23.4
604.217	23.4
604.411	23.4
604.605	23.4
604.799	23.4
604.993	23.4
605.187	23.4
605.381	23.4
605.575	23.4
605.769	23.4
605.963	23.4
606.157	23.5
606.352	23.5
606.546	23.5
606.74	23.5
606.934	23.5
607.129	23.5
607.323	23.5
607.517	23.5
607.712	23.5
607.906	23.5
608.1	23.5
608.295	23.5
608.489	23.5
608.684	23.5
608.878	23.5
609.073	23.5
609.267	23.5
609.462	23.5
609.657	23.5
609.851	23.5
610.046	23.5
610.241	23.5
610.435	23.6
610.63	23.6
610.825	23.6
611.02	23.6
611.215	23.6
611.41	23.6
611.604	23.6
611.799	23.6
611.994	23.6
612.189	23.6
612.384	23.6
612.579	23.6
612.774	23.6
612.969	23.6
613.164	23.6
613.359	23.6
613.555	23.6
613.75	23.7
613.945	23.7
614.14	23.7
614.335	23.7
614.531	23.7
614.726	23.7
614.921	23.7
615.117	23.7
615.312	23.7
615.507	23.7
615.703	23.7
615.898	23.7
616.094	23.7
616.289	23.7
616.485	23.7
616.68	23.7
616.876	23.7
617.071	23.7
617.267	23.7
617.463	23.7
617.658	23.8
617.854	23.8
618.05	23.8
618.245	23.8
618.441	23.8
618.637	23.8
618.833	23.8
619.029	23.8
619.225	23.8
619.42	23.8
619.616	23.8
619.812	23.8
620.008	23.8
620.204	23.8
620.4	23.8
620.596	23.8
620.792	23.8
620.988	23.8
621.184	23.8
621.381	23.9
621.577	23.9
621.773	23.9
621.969	23.9
622.165	23.9
622.362	23.9
622.558	23.9
622.754	23.9
622.951	23.9
623.147	23.9
623.343	23.9
623.54	23.9
623.736	23.9
623.933	23.9
624.129	23.9
624.326	23.9
624.522	23.9
624.719	23.9
624.915	23.9
625.112	23.9
625.308	24
625.505	24
625.702	24
625.898	24
626.095	24
626.292	24
626.489	24
626.685	24
626.882	24
627.079	24
627.276	24
627.473	24
627.67	24
627.866	24
628.063	24
628.26	24
628.457	24
628.654	24
628.851	24
629.048	24
629.246	24
629.443	24
629.64	24
629.837	24
630.034	24.1
630.231	24.1
630.429	24.1
630.626	24.1
630.823	24.1
631.02	24.1
631.218	24.1
631.415	24.1
631.612	24.1
631.81	24.1
632.007	24.1
632.205	24.1
632.402	24.1
632.6	24.1
632.797	24.1
632.995	24.1
633.192	24.1
633.39	24.1
633.587	24.1
633.785	24.1
633.983	24.2
634.18	24.2
634.378	24.2
634.576	24.2
634.773	24.2
634.971	24.2
635.169	24.2
635.367	24.2
635.565	24.2
635.762	24.2
635.96	24.2
636.158	24.2
636.356	24.2
636.554	24.2
636.752	24.2
636.95	24.3
637.148	24.3
637.346	24.3
637.544	24.3
637.742	24.3
637.94	24.3
638.138	24.3
638.337	24.3
638.535	24.3
638.733	24.3
638.931	24.3
639.129	24.3
639.328	24.3
639.526	24.3
639.724	24.3
639.922	24.3
640.121	24.3
640.319	24.3
640.518	24.3
640.716	24.4
640.914	24.4
641.113	24.4
641.311	24.4
641.51	24.4
641.708	24.4
641.907	24.4
642.105	24.4
642.304	24.4
642.503	24.4
642.701	24.4
642.9	24.4
643.098	24.4
643.297	24.5
643.496	24.5
643.695	24.5
643.893	24.5
644.092	24.5
644.291	24.5
644.49	24.5
644.689	24.5
644.887	24.5
645.086	24.5
645.285	24.5
645.484	24.5
645.683	24.5
645.882	24.5
646.081	24.6
646.28	24.6
646.479	24.6
646.678	24.6
646.877	24.6
647.076	24.6
647.276	24.6
647.475	24.6
647.674	24.6
647.873	24.6
648.072	24.6
648.271	24.6
648.471	24.6
648.67	24.6
648.869	24.6
649.069	24.7
649.268	24.7
649.467	24.7
649.667	24.7
649.866	24.7
650.065	24.7
650.265	24.7
650.464	24.7
650.664	24.7
650.863	24.7
651.063	24.7
651.262	24.7
651.462	24.7
651.662	24.7
651.861	24.7
652.061	24.7
652.26	24.7
652.46	24.7
652.66	24.7
652.859	24.7
653.059	24.8
653.259	24.8
653.459	24.8
653.658	24.8
653.858	24.8
654.058	24.8
654.258	24.8
654.458	24.8
654.658	24.8
654.858	24.8
655.058	24.8
655.258	24.8
655.457	24.8
655.657	24.8
655.857	24.8
656.058	24.8
656.258	24.8
656.458	24.8
656.658	24.8
656.858	24.8
657.058	24.9
657.258	24.9
657.458	24.9
657.659	24.9
657.859	24.9
658.059	24.9
658.259	24.9
658.459	24.9
658.66	24.9
658.86	24.9
659.06	24.9
659.261	24.9
659.461	24.9
659.662	24.9
659.862	24.9
660.062	24.9
660.263	24.9
660.463	24.9
660.664	25
660.864	25
661.065	25
661.265	25
661.466	25
661.667	25
661.867	25
662.068	25
662.268	25
662.469	25
662.67	25
662.87	25
663.071	25
663.272	25
663.473	25
663.674	25
663.874	25
664.075	25
664.276	25
664.477	25.1
664.678	25.1
664.879	25.1
665.08	25.1
665.28	25.1
665.481	25.1
665.682	25.1
665.883	25.1
666.084	25.1
666.285	25.1
666.486	25.1
666.688	25.1
666.889	25.1
667.09	25.1
667.291	25.1
667.492	25.1
667.693	25.1
667.894	25.1
668.096	25.1
668.297	25.1
668.498	25.1
668.699	25.1
668.901	25.1
669.102	25.1
669.303	25.1
669.505	25.1
669.706	25.1
669.907	25.1
670.109	25.1
670.31	25.1
670.511	25.1
670.713	25.1
670.914	25.1
671.116	25.1
671.317	25.1
671.519	25.1
671.72	25.1
671.922	25.1
672.124	25.1
672.325	25.1
672.527	25.2
672.728	25.2
672.93	25.2
673.132	25.2
673.333	25.2
673.535	25.2
673.737	25.2
673.939	25.2
674.14	25.2
674.342	25.2
674.544	25.2
674.746	25.2
674.948	25.2
675.149	25.2
675.351	25.2
675.553	25.2
675.755	25.2
675.957	25.2
676.159	25.2
676.361	25.2
676.563	25.2
676.765	25.2
676.967	25.2
677.169	25.3
677.371	25.3
677.573	25.3
677.775	25.3
677.977	25.3
678.179	25.3
678.381	25.3
678.583	25.3
678.786	25.3
678.988	25.3
679.19	25.3
679.392	25.3
679.594	25.3
679.797	25.4
679.999	25.4
680.201	25.4
680.404	25.4
680.606	25.4
680.808	25.4
681.011	25.4
681.213	25.4
681.415	25.4
681.618	25.4
681.82	25.4
682.023	25.4
682.225	25.4
682.428	25.4
682.63	25.4
682.833	25.4
683.035	25.4
683.238	25.4
683.44	25.5
683.643	25.5
683.845	25.5
684.048	25.5
684.251	25.5
684.453	25.5
684.656	25.5
684.859	25.5
685.061	25.5
685.264	25.5
685.467	25.5
685.67	25.5
685.872	25.5
686.075	25.5
686.278	25.5
686.481	25.5
686.684	25.5
686.886	25.5
687.089	25.5
687.292	25.5
687.495	25.5
687.698	25.5
687.901	25.6
688.104	25.6
688.307	25.6
688.51	25.6
688.713	25.6
688.916	25.6
689.119	25.6
689.322	25.6
689.525	25.6
689.728	25.6
689.931	25.6
690.134	25.6
690.337	25.6
690.54	25.6
690.744	25.6
690.947	25.6
691.15	25.6
691.353	25.6
691.556	25.6
691.76	25.6
691.963	25.6
692.166	25.7
692.37	25.7
692.573	25.7
692.776	25.7
692.979	25.7
693.183	25.7
693.386	25.7
693.59	25.7
693.793	25.7
693.996	25.7
694.2	25.7
694.403	25.7
694.607	25.7
694.81	25.7
695.014	25.7
695.217	25.7
695.421	25.7
695.624	25.8
695.828	25.8
696.031	25.8
696.235	25.8
696.439	25.8
696.642	25.8
696.846	25.8
697.049	25.8
697.253	25.8
697.457	25.8
697.661	25.8
697.864	25.8
698.068	25.8
698.272	25.8
698.475	25.8
698.679	25.8
698.883	25.8
699.087	25.9
699.291	25.9
699.494	25.9
699.698	25.9
699.902	25.9
700.106	25.9
700.31	25.9
700.514	25.9
700.718	25.9
700.922	25.9
701.126	25.9
701.33	25.9
701.534	25.9
701.738	25.9
701.942	25.9
702.146	25.9
702.35	25.9
702.554	25.9
702.758	25.9
702.962	25.9
703.166	25.9
703.37	25.9
703.574	25.9
703.778	25.9
703.983	25.9
704.187	26
704.391	26
704.595	26
704.799	26
705.004	26
705.208	26
705.412	26
705.616	26
705.821	26
706.025	26
706.229	26
706.434	26
706.638	26
706.842	26
707.047	26
707.251	26
707.455	26
707.66	26
707.864	26
708.069	26
708.273	26
708.478	26.1
708.682	26.1
708.887	26.1
709.091	26.1
709.296	26.1
709.5	26.1
709.705	26.1
709.909	26.1
710.114	26.1
710.319	26.1
710.523	26.2
710.728	26.2
710.932	26.2
711.137	26.2
711.342	26.2
711.546	26.2
711.751	26.2
711.956	26.2
712.161	26.2
712.365	26.2
712.57	26.2
712.775	26.2
712.98	26.2
713.184	26.2
713.389	26.2
713.594	26.2
713.799	26.3
714.004	26.3
714.209	26.3
714.413	26.3
714.618	26.3
714.823	26.3
715.028	26.3
715.233	26.3
715.438	26.3
715.643	26.3
715.848	26.4
716.053	26.4
716.258	26.4
716.463	26.4
716.668	26.4
716.873	26.4
717.078	26.4
717.283	26.4
717.488	26.4
717.693	26.4
717.898	26.4
718.103	26.4
718.308	26.4
718.514	26.4
718.719	26.4
718.924	26.4
719.129	26.4
719.334	26.4
719.539	26.4
719.745	26.4
719.95	26.5
720.155	26.5
720.36	26.5
720.566	26.5
720.771	26.5
720.976	26.5
721.182	26.5
721.387	26.5
721.592	26.5
721.798	26.5
722.003	26.6
722.208	26.6
722.414	26.6
722.619	26.6
722.824	26.6
723.03	26.6
723.235	26.6
723.441	26.6
723.646	26.6
723.852	26.6
724.057	26.6
724.263	26.6
724.468	26.6
724.674	26.7
724.879	26.7
725.085	26.7
725.29	26.7
725.496	26.7
725.701	26.7
725.907	26.7
726.112	26.7
726.318	26.7
726.524	26.7
726.729	26.8
726.935	26.8
727.141	26.8
727.346	26.8
727.552	26.8
727.758	26.8
727.963	26.8
728.169	26.8
728.375	26.8
728.581	26.8
728.786	26.8
728.992	26.8
729.198	26.8
729.404	26.8
729.609	26.9
729.815	26.9
730.021	26.9
730.227	26.9
730.433	26.9
730.639	26.9
730.844	26.9
731.05	26.9
731.256	26.9
731.462	26.9
731.668	26.9
731.874	26.9
732.08	27
732.286	27
732.492	27
732.698	27
732.904	27
733.11	27
733.316	27
733.522	27
733.728	27
733.934	27
734.14	27
734.346	27
734.552	27
734.758	27
734.964	27
735.17	27.1
735.376	27.1
735.583	27.1
735.789	27.1
735.995	27.1
736.201	27.1
736.407	27.1
736.613	27.1
736.819	27.1
737.026	27.2
737.232	27.2
737.438	27.2
737.644	27.2
737.851	27.2
738.057	27.2
738.263	27.2
738.469	27.2
738.676	27.2
738.882	27.2
739.088	27.3
739.295	27.3
739.501	27.3
739.707	27.3
739.914	27.3
740.12	27.3
740.326	27.3
740.533	27.3
740.739	27.3
740.946	27.3
741.152	27.3
741.358	27.3
741.565	27.3
741.771	27.3
741.978	27.3
742.184	27.3
742.391	27.3
742.597	27.3
742.804	27.4
743.01	27.4
743.217	27.4
743.423	27.4
743.63	27.4
743.836	27.4
744.043	27.4
744.249	27.4
744.456	27.5
744.663	27.5
744.869	27.5
745.076	27.5
745.282	27.5
745.489	27.5
745.696	27.5
745.902	27.5
746.109	27.5
746.316	27.5
746.522	27.5
746.729	27.5
746.936	27.5
747.142	27.5
747.349	27.5
747.556	27.5
747.762	27.5
747.969	27.5
748.176	27.5
748.383	27.6
748.589	27.6
748.796	27.6
749.003	27.6
749.21	27.6
749.417	27.6
749.623	27.6
749.83	27.6
750.037	27.6
750.244	27.6
750.451	27.6
750.658	27.7
750.865	27.7
751.071	27.7
751.278	27.7
751.485	27.7
751.692	27.7
751.899	27.7
752.106	27.7
752.313	27.7
752.52	27.7
752.727	27.7
752.934	27.7
753.141	27.7
753.348	27.7
753.555	27.7
753.762	27.8
753.969	27.8
754.176	27.8
754.383	27.8
754.59	27.8
754.797	27.8
755.004	27.8
755.211	27.8
755.418	27.9
755.625	27.9
755.832	27.9
756.039	27.9
756.246	27.9
756.453	27.9
756.66	27.9
756.868	27.9
757.075	27.9
757.282	27.9
757.489	28
757.696	28
757.903	28
758.111	28
758.318	28
758.525	28
758.732	28
758.939	28
759.147	28
759.354	28
759.561	28
759.768	28
759.976	28
760.183	28.1
760.39	28.1
760.597	28.1
760.805	28.1
761.012	28.1
761.219	28.1
761.426	28.1
761.634	28.1
761.841	28.1
762.048	28.1
762.256	28.1
762.463	28.1
762.67	28.1
762.878	28.2
763.085	28.2
763.293	28.2
763.5	28.2
763.707	28.2
763.915	28.2
764.122	28.2
764.33	28.2
764.537	28.2
764.744	28.3
764.952	28.3
765.159	28.3
765.367	28.3
765.574	28.3
765.782	28.3
765.989	28.3
766.197	28.3
766.404	28.3
766.612	28.3
766.819	28.4
767.027	28.4
767.234	28.4
767.442	28.4
767.649	28.4
767.857	28.4
768.064	28.4
768.272	28.4
768.479	28.4
768.687	28.4
768.895	28.4
769.102	28.4
769.31	28.4
769.517	28.4
769.725	28.5
769.933	28.5
770.14	28.5
770.348	28.5
770.555	28.5
770.763	28.5
770.971	28.5
771.178	28.5
771.386	28.5
771.594	28.5
771.801	28.5
772.009	28.6
772.217	28.6
772.424	28.6
772.632	28.6
772.84	28.6
773.047	28.6
773.255	28.6
773.463	28.6
773.671	28.6
773.878	28.6
774.086	28.6
774.294	28.6
774.502	28.6
774.709	28.6
774.917	28.6
775.125	28.7
775.333	28.7
775.54	28.7
775.748	28.7
775.956	28.7
776.164	28.7
776.371	28.7
776.579	28.7
776.787	28.7
776.995	28.8
777.203	28.8
777.41	28.8
777.618	28.8
777.826	28.8
778.034	28.8
778.242	28.8
778.45	28.8
778.657	28.8
778.865	28.8
779.073	28.8
779.281	28.8
779.489	28.9
779.697	28.9
779.905	28.9
780.112	28.9
780.32	28.9
780.528	28.9
780.736	28.9
780.944	28.9
781.152	28.9
781.36	29
781.568	29
781.776	29
781.984	29
782.191	29
782.399	29
782.607	29
782.815	29
783.023	29
783.231	29
783.439	29
783.647	29
783.855	29
784.063	29
784.271	29.1
784.479	29.1
784.687	29.1
784.895	29.1
785.103	29.1
785.311	29.1
785.519	29.1
785.727	29.1
785.935	29.1
786.143	29.1
786.351	29.2
786.559	29.2
786.767	29.2
786.975	29.2
787.183	29.2
787.391	29.2
787.599	29.2
787.807	29.2
788.015	29.3
788.223	29.3
788.431	29.3
788.639	29.3
788.847	29.3
789.055	29.3
789.263	29.3
789.471	29.3
789.679	29.3
789.887	29.3
790.095	29.3
790.303	29.4
790.511	29.4
790.719	29.4
790.927	29.4
791.135	29.4
791.343	29.4
791.551	29.4
791.76	29.4
791.968	29.4
792.176	29.4
792.384	29.4
792.592	29.4
792.8	29.4
793.008	29.5
793.216	29.5
793.424	29.5
793.632	29.5
793.84	29.5
794.048	29.5
794.256	29.5
794.465	29.5
794.673	29.5
794.881	29.5
795.089	29.5
795.297	29.5
795.505	29.5
795.713	29.5
795.921	29.6
796.129	29.6
796.337	29.6
796.546	29.6
796.754	29.6
796.962	29.6
797.17	29.6
797.378	29.6
797.586	29.7
797.794	29.7
798.002	29.7
798.21	29.7
798.419	29.7
798.627	29.7
798.835	29.7
799.043	29.7
799.251	29.7
799.459	29.7
799.667	29.7
799.875	29.7
800.083	29.7
800.292	29.7
800.5	29.8
800.708	29.8
800.916	29.8
801.124	29.8
801.332	29.8
801.54	29.8
801.748	29.8
801.957	29.8
802.165	29.8
802.373	29.8
802.581	29.8
802.789	29.8
802.997	29.8
803.205	29.9
803.414	29.9
803.622	29.9
803.83	29.9
804.038	29.9
804.246	29.9
804.454	29.9
804.662	29.9
804.87	29.9
805.079	29.9
805.287	29.9
805.495	29.9
805.703	29.9
805.911	29.9
806.119	29.9
806.327	29.9
806.535	29.9
806.743	29.9
806.952	29.9
807.16	29.9
807.368	30
807.576	30
807.784	30
807.992	30
808.2	30
808.408	30
808.617	30
808.825	30
809.033	30
809.241	30.1
809.449	30.1
809.657	30.1
809.865	30.1
810.073	30.1
810.281	30.1
810.49	30.1
810.698	30.1
810.906	30.1
811.114	30.1
811.322	30.1
811.53	30.1
811.738	30.1
811.946	30.1
812.154	30.1
812.362	30.1
812.57	30.1
812.779	30.1
812.987	30.2
813.195	30.2
813.403	30.2
813.611	30.2
813.819	30.2
814.027	30.2
814.235	30.2
814.443	30.2
814.651	30.2
814.859	30.2
815.067	30.2
815.275	30.2
815.484	30.2
815.692	30.2
815.9	30.2
816.108	30.2
816.316	30.2
816.524	30.2
816.732	30.2
816.94	30.2
817.148	30.2
817.356	30.2
817.564	30.2
817.772	30.2
817.98	30.2
818.188	30.3
818.397	30.3
818.605	30.3
818.813	30.3
819.021	30.3
819.229	30.3
819.437	30.3
819.645	30.3
819.853	30.3
820.061	30.3
820.269	30.3
820.477	30.3
820.685	30.4
820.893	30.4
821.102	30.4
821.31	30.4
821.518	30.4
821.726	30.4
821.934	30.4
822.142	30.4
822.35	30.4
822.558	30.5
822.766	30.5
822.974	30.5
823.182	30.5
823.39	30.5
823.599	30.5
823.807	30.5
824.015	30.5
824.223	30.5
824.431	30.5
824.639	30.5
824.847	30.6
825.055	30.6
825.263	30.6
825.472	30.6
825.68	30.6
825.888	30.6
826.096	30.6
826.304	30.6
826.512	30.6
826.72	30.6
826.928	30.6
827.137	30.6
827.345	30.6
827.553	30.6
827.761	30.7
827.969	30.7
828.177	30.7
828.385	30.7
828.594	30.7
828.802	30.7
829.01	30.7
829.218	30.7
829.426	30.7
829.634	30.7
829.843	30.7
830.051	30.7
830.259	30.7
830.467	30.8
830.675	30.8
830.883	30.8
831.092	30.8
831.3	30.8
831.508	30.8
831.716	30.8
831.924	30.8
832.133	30.8
832.341	30.8
832.549	30.9
832.757	30.9
832.966	30.9
833.174	30.9
833.382	30.9
833.59	30.9
833.799	30.9
834.007	30.9
834.215	30.9
834.423	30.9
834.632	30.9
834.84	30.9
835.048	30.9
835.256	30.9
835.465	30.9
835.673	31
835.881	31
836.09	31
836.298	31
836.506	31
836.715	31
836.923	31
837.131	31
837.34	31
837.548	31
837.756	31
837.965	31
838.173	31
838.381	31
838.59	31
838.798	31
839.006	31.1
839.215	31.1
839.423	31.1
839.632	31.1
839.84	31.1
840.048	31.1
840.257	31.1
840.465	31.1
840.674	31.1
840.882	31.1
841.091	31.1
841.299	31.1
841.508	31.1
841.716	31.1
841.924	31.1
842.133	31.2
842.341	31.2
842.55	31.2
842.758	31.2
842.967	31.2
843.175	31.2
843.384	31.2
843.593	31.2
843.801	31.2
844.01	31.2
844.218	31.2
844.427	31.2
844.635	31.2
844.844	31.2
845.052	31.2
845.261	31.2
845.47	31.2
845.678	31.2
845.887	31.3
846.095	31.3
846.304	31.3
846.513	31.3
846.721	31.3
846.93	31.3
847.139	31.3
847.347	31.3
847.556	31.3
847.765	31.3
847.973	31.3
848.182	31.3
848.391	31.3
848.6	31.3
848.808	31.4
849.017	31.4
849.226	31.4
849.435	31.4
849.643	31.4
849.852	31.4
850.061	31.4
850.27	31.4
850.478	31.4
850.687	31.4
850.896	31.4
851.105	31.4
851.314	31.5
851.523	31.5
851.731	31.5
851.94	31.5
852.149	31.5
852.358	31.6
852.567	31.6
852.776	31.6
852.985	31.6
853.194	31.6
853.403	31.6
853.612	31.6
853.821	31.6
854.03	31.7
854.239	31.7
854.447	31.7
854.656	31.7
854.865	31.7
855.075	31.7
855.284	31.7
855.493	31.7
855.702	31.7
855.911	31.7
856.12	31.7
856.329	31.7
856.538	31.7
856.747	31.7
856.956	31.7
857.165	31.7
857.374	31.7
857.584	31.7
857.793	31.7
858.002	31.7
858.211	31.7
858.42	31.7
858.629	31.8
858.839	31.8
859.048	31.8
859.257	31.8
859.466	31.8
859.676	31.8
859.885	31.8
860.094	31.8
860.304	31.8
860.513	31.8
860.722	31.8
860.932	31.8
861.141	31.8
861.35	31.8
861.56	31.9
861.769	31.9
861.978	31.9
862.188	31.9
862.397	31.9
862.607	31.9
862.816	31.9
863.026	31.9
863.235	31.9
863.445	31.9
863.654	31.9
863.864	31.9
864.073	32
864.283	32
864.492	32
864.702	32
864.911	32
865.121	32
865.33	32
865.54	32
865.75	32
865.959	32
866.169	32
866.379	32
866.588	32
866.798	32.1
867.008	32.1
867.218	32.1
867.427	32.1
867.637	32.1
867.847	32.1
868.057	32.1
868.266	32.1
868.476	32.1
868.686	32.1
868.896	32.1
869.106	32.2
869.316	32.2
869.525	32.2
869.735	32.2
869.945	32.2
870.155	32.2
870.365	32.2
870.575	32.2
870.785	32.2
870.995	32.2
871.205	32.2
871.415	32.2
871.625	32.2
871.835	32.2
872.045	32.2
872.255	32.2
872.465	32.2
872.675	32.2
872.886	32.2
873.096	32.2
873.306	32.2
873.516	32.3
873.726	32.3
873.936	32.3
874.147	32.3
874.357	32.3
874.567	32.3
874.777	32.3
874.988	32.3
875.198	32.3
875.408	32.3
875.619	32.3
875.829	32.3
876.039	32.3
876.25	32.3
876.46	32.3
876.67	32.3
876.881	32.3
877.091	32.3
877.302	32.3
877.512	32.3
877.723	32.3
877.933	32.3
878.144	32.3
878.354	32.3
878.565	32.3
878.775	32.3
878.986	32.3
879.197	32.3
879.407	32.2
879.618	32.2
879.829	32.2
880.039	32.2
880.25	32.3
880.461	32.3
880.671	32.3
880.882	32.3
881.093	32.3
881.304	32.3
881.515	32.3
881.725	32.2
881.936	32.2
882.147	32.2
882.358	32.2
882.569	32.2
882.78	32.2
882.991	32.2
883.202	32.2
883.413	32.3
883.624	32.3
883.835	32.3
884.046	32.3
884.257	32.3
884.468	32.3
884.679	32.3
884.89	32.3
885.101	32.3
885.312	32.3
885.523	32.3
885.735	32.3
885.946	32.3
886.157	32.3
886.368	32.4
886.579	32.4
886.791	32.4
887.002	32.4
887.213	32.4
887.425	32.4
887.636	32.4
887.847	32.4
888.059	32.5
888.27	32.5
888.481	32.5
888.693	32.5
888.904	32.5
889.116	32.5
889.327	32.5
889.539	32.5
889.75	32.5
889.962	32.5
890.174	32.5
890.385	32.5
890.597	32.6
890.808	32.6
891.02	32.6
891.232	32.6
891.444	32.6
891.655	32.6
891.867	32.6
892.079	32.6
892.291	32.6
892.502	32.6
892.714	32.6
892.926	32.6
893.138	32.6
893.35	32.6
893.562	32.6
893.774	32.6
893.986	32.6
894.198	32.6
894.41	32.6
894.622	32.6
894.834	32.6
895.046	32.6
895.258	32.6
895.47	32.6
895.682	32.6
895.894	32.6
896.106	32.6
896.319	32.6
896.531	32.6
896.743	32.7
896.955	32.7
897.168	32.7
897.38	32.6
897.592	32.7
897.805	32.7
898.017	32.7
898.229	32.8
898.442	32.8
898.654	32.8
898.867	32.8
899.079	32.8
899.292	32.8
899.504	32.8
899.717	32.8
899.929	32.8
900.142	32.8
900.355	32.9
900.567	32.9
900.78	32.9
900.993	32.9
901.205	32.9
901.418	32.9
901.631	32.9
901.844	32.9
902.056	32.9
902.269	32.9
902.482	32.9
902.695	33
902.908	32.9
903.121	33
903.334	32.9
903.547	33
903.76	33
903.973	33
904.186	33
904.399	33
904.612	33
904.825	33
905.038	33
905.251	33
905.465	33
905.678	33
905.891	33
906.104	33.1
906.318	33
906.531	33
906.744	33
906.958	33
907.171	33
907.384	33
907.598	33
907.811	33
908.025	33
908.238	33
908.452	33
908.665	33
908.879	33
909.093	33
909.306	33
909.52	33
909.734	33
909.947	33.1
910.161	33.1
910.375	33
910.589	33
910.803	33
911.016	33
911.23	33
911.444	33
911.658	33
911.872	33
912.086	33
912.3	33
912.514	33
912.728	33
912.942	32.9
913.156	33
913.37	33
913.585	32.9
913.799	32.9
914.013	32.9
914.227	32.9
914.442	33
914.656	33
914.87	33
915.084	33
915.299	33
915.513	33
915.728	33
915.942	33
916.157	33
916.371	33
916.586	33
916.8	33
917.015	33
917.229	33
917.444	33
917.659	33.1
917.874	33.1
918.088	33.1
918.303	33.2
918.518	33.2
918.733	33.1
918.947	33.1
919.162	33.2
919.377	33.2
919.592	33.2
919.807	33.3
920.022	33.3
920.237	33.3
920.452	33.3
920.667	33.3
920.882	33.4
921.097	33.4
921.313	33.4
921.528	33.4
921.743	33.4
921.958	33.4
922.174	33.5
922.389	33.5
922.604	33.5
922.82	33.6
923.035	33.6
923.25	33.6
923.466	33.6
923.681	33.6
923.897	33.6
924.112	33.6
924.328	33.7
924.544	33.7
924.759	33.7
924.975	33.7
925.19	33.7
925.406	33.7
925.622	33.7
925.838	33.7
926.054	33.8
926.269	33.8
926.485	33.8
926.701	33.8
926.917	33.8
927.133	33.8
927.349	33.8
927.565	33.8
927.781	33.8
927.997	33.8
928.213	33.8
928.429	33.8
928.646	33.8
928.862	33.8
929.078	33.9
929.294	33.9
929.511	33.9
929.727	34
929.943	34
930.16	34
930.376	34
930.592	34
930.809	34
931.025	34
931.242	34
931.459	34
931.675	34.1
931.892	34.1
932.108	34.1
932.325	34.1
932.542	34.2
932.759	34.2
932.975	34.2
933.192	34.2
933.409	34.3
933.626	34.3
933.843	34.3
934.06	34.3
934.277	34.2
934.494	34.2
934.711	34.2
934.928	34.2
935.145	34.2
935.362	34.2
935.58	34.2
935.797	34.2
936.014	34.1
936.231	34.1
936.449	34.1
936.666	34.1
936.883	34.1
937.101	34
937.318	34
937.536	33.9
937.753	33.9
937.971	33.9
938.188	33.9
938.406	33.8
938.624	33.8
938.841	33.7
939.059	33.7
939.277	33.7
939.494	33.7
939.712	33.7
939.93	33.7
