360.161	17
360.333	16.9
360.504	16.8
360.676	16.7
360.847	16.7
361.019	16.7
361.19	16.8
361.361	16.8
361.533	16.8
361.704	16.7
361.876	16.7
362.047	16.6
362.219	16.6
362.391	16.6
362.562	16.6
362.734	16.5
362.905	16.5
363.077	16.5
363.248	16.4
363.42	16.3
363.592	16.3
363.763	16.3
363.935	16.2
364.106	16.2
364.278	16.2
364.45	16.1
364.621	16.1
364.793	16.1
364.965	16.1
365.137	16
365.308	16
365.48	15.9
365.652	15.9
365.824	15.9
365.995	15.8
366.167	15.8
366.339	15.8
366.511	15.7
366.683	15.7
366.854	15.7
367.026	15.6
367.198	15.6
367.37	15.7
367.542	15.7
367.714	15.6
367.886	15.6
368.058	15.6
368.23	15.6
368.402	15.6
368.574	15.6
368.746	15.5
368.918	15.5
369.09	15.5
369.262	15.4
369.434	15.4
369.606	15.3
369.778	15.3
369.95	15.2
370.122	15.1
370.294	15.1
370.467	15
370.639	15
370.811	15
370.983	15
371.155	15
371.328	15
371.5	15
371.672	15
371.844	14.9
372.017	14.9
372.189	14.9
372.361	14.8
372.534	14.8
372.706	14.7
372.878	14.7
373.051	14.7
373.223	14.6
373.396	14.6
373.568	14.5
373.741	14.5
373.913	14.5
374.086	14.5
374.258	14.5
374.431	14.4
374.603	14.4
374.776	14.4
374.949	14.3
375.121	14.3
375.294	14.3
375.467	14.2
375.639	14.2
375.812	14.1
375.985	14
376.157	14
376.33	14
376.503	14
376.676	13.9
376.849	13.9
377.021	13.9
377.194	13.9
377.367	13.9
377.54	13.8
377.713	13.8
377.886	13.8
378.059	13.7
378.232	13.7
378.405	13.6
378.578	13.6
378.751	13.6
378.924	13.6
379.097	13.6
379.27	13.5
379.444	13.5
379.617	13.5
379.79	13.5
379.963	13.5
380.136	13.5
380.31	13.4
380.483	13.4
380.656	13.4
380.829	13.4
381.003	13.4
381.176	13.3
381.35	13.3
381.523	13.3
381.696	13.2
381.87	13.2
382.043	13.2
382.217	13.2
382.39	13.2
382.564	13.1
382.738	13.1
382.911	13.1
383.085	13.1
383.258	13.1
383.432	13.1
383.606	13.1
383.779	13.1
383.953	13.1
384.127	13.1
384.301	13
384.475	13
384.648	13
384.822	13
384.996	13
385.17	13
385.344	13
385.518	13
385.692	13
385.866	12.9
386.04	12.9
386.214	12.9
386.388	12.9
386.562	12.9
386.737	12.9
386.911	12.9
387.085	12.9
387.259	12.9
387.434	12.9
387.608	12.8
387.782	12.8
387.956	12.8
388.131	12.8
388.305	12.8
388.48	12.8
388.654	12.8
388.829	12.8
389.003	12.8
389.178	12.8
389.352	12.8
389.527	12.8
389.701	12.8
389.876	12.8
390.051	12.7
390.226	12.7
390.4	12.7
390.575	12.7
390.75	12.8
390.925	12.8
391.099	12.7
391.274	12.7
391.449	12.7
391.624	12.7
391.799	12.7
391.974	12.7
392.149	12.7
392.324	12.7
392.499	12.6
392.675	12.6
392.85	12.6
393.025	12.6
393.2	12.6
393.375	12.6
393.551	12.6
393.726	12.5
393.901	12.5
394.077	12.5
394.252	12.5
394.427	12.5
394.603	12.5
394.778	12.5
394.954	12.5
395.129	12.4
395.305	12.4
395.481	12.4
395.656	12.4
395.832	12.4
396.008	12.4
396.184	12.4
396.359	12.4
396.535	12.4
396.711	12.4
396.887	12.4
397.063	12.4
397.239	12.4
397.415	12.3
397.591	12.3
397.767	12.3
397.943	12.3
398.119	12.2
398.295	12.2
398.471	12.2
398.648	12.2
398.824	12.2
399	12.2
399.176	12.2
399.353	12.2
399.529	12.2
399.706	12.2
399.882	12.2
400.058	12.1
400.235	12.1
400.412	12.2
400.588	12.2
400.765	12.2
400.942	12.2
401.118	12.1
401.295	12.1
401.472	12.1
401.649	12.2
401.825	12.2
402.002	12.2
402.179	12.2
402.356	12.2
402.533	12.1
402.71	12.1
402.887	12.1
403.064	12.1
403.242	12.1
403.419	12.1
403.596	12.1
403.773	12.1
403.95	12.1
404.128	12.1
404.305	12.1
404.483	12.1
404.66	12.1
404.837	12
405.015	12.1
405.193	12.1
405.37	12.1
405.548	12.1
405.725	12.1
405.903	12.1
406.081	12.1
406.259	12.1
406.437	12.1
406.614	12.1
406.792	12.1
406.97	12.1
407.148	12.1
407.326	12
407.504	12
407.682	12
407.86	12
408.039	12
408.217	12
408.395	12
408.573	12
408.751	12
408.93	12
409.108	12
409.287	12
409.465	12
409.643	12
409.822	12
410	12
410.179	12
410.358	12
410.536	12
410.715	12
410.894	12
411.072	12
411.251	12
411.43	12
411.609	12
411.788	12
411.967	12
412.146	12
412.325	12
412.504	11.9
412.683	11.9
412.862	11.9
413.041	11.9
413.22	11.9
413.399	11.9
413.578	11.9
413.758	11.9
413.937	11.7
414.116	11.7
414.296	11.7
414.475	11.7
414.654	11.8
414.834	11.8
415.013	11.8
415.193	11.8
415.372	11.8
415.552	11.8
415.732	11.8
415.911	11.8
416.091	11.8
416.271	11.8
416.45	11.8
416.63	11.8
416.81	11.8
416.99	11.8
417.169	11.8
417.349	11.8
417.529	11.8
417.709	11.8
417.889	11.8
418.069	11.8
418.249	11.8
418.429	11.8
418.609	11.8
418.789	11.8
418.97	11.8
419.15	11.8
419.33	11.8
419.51	11.8
419.691	11.8
419.871	11.8
420.051	11.8
420.232	11.8
420.412	11.8
420.592	11.8
420.773	11.8
420.953	11.8
421.134	11.8
421.314	11.8
421.495	11.8
421.675	11.8
421.856	11.8
422.037	11.8
422.217	11.8
422.398	11.8
422.579	11.8
422.76	11.8
422.94	11.8
423.121	11.7
423.302	11.7
423.483	11.7
423.664	11.7
423.845	11.7
424.026	11.7
424.207	11.7
424.388	11.7
424.569	11.7
424.75	11.7
424.931	11.7
425.112	11.7
425.293	11.7
425.474	11.7
425.655	11.7
425.837	11.7
426.018	11.7
426.199	11.7
426.38	11.7
426.562	11.7
426.743	11.7
426.924	11.7
427.106	11.7
427.287	11.7
427.469	11.7
427.65	11.7
427.832	11.7
428.013	11.6
428.195	11.6
428.376	11.6
428.558	11.6
428.739	11.6
428.921	11.6
429.103	11.6
429.284	11.6
429.466	11.6
429.648	11.6
429.83	11.6
430.011	11.6
430.193	11.6
430.375	11.6
430.557	11.6
430.739	11.6
430.921	11.6
431.102	11.6
431.284	11.6
431.466	11.6
431.648	11.6
431.83	11.6
432.012	11.6
432.194	11.6
432.377	11.6
432.559	11.6
432.741	11.6
432.923	11.6
433.105	11.6
433.287	11.6
433.469	11.6
433.652	11.6
433.834	11.6
434.016	11.6
434.198	11.6
434.381	11.6
434.563	11.6
434.745	11.6
434.928	11.6
435.11	11.6
435.293	11.6
435.475	11.6
435.658	11.6
435.84	11.6
436.022	11.6
436.205	11.6
436.388	11.6
436.57	11.6
436.753	11.6
436.935	11.6
437.118	11.6
437.301	11.6
437.483	11.6
437.666	11.6
437.849	11.6
438.031	11.6
438.214	11.6
438.397	11.5
438.58	11.5
438.762	11.5
438.945	11.6
439.128	11.6
439.311	11.6
439.494	11.6
439.677	11.6
439.859	11.6
440.042	11.6
440.225	11.6
440.408	11.6
440.591	11.6
440.774	11.6
440.957	11.6
441.14	11.6
441.323	11.6
441.507	11.6
441.69	11.6
441.873	11.6
442.056	11.6
442.239	11.6
442.422	11.6
442.605	11.5
442.789	11.5
442.972	11.5
443.155	11.5
443.338	11.5
443.522	11.5
443.705	11.5
443.888	11.5
444.072	11.5
444.255	11.5
444.438	11.6
444.622	11.5
444.805	11.6
444.989	11.6
445.172	11.6
445.356	11.6
445.539	11.6
445.723	11.6
445.906	11.6
446.09	11.6
446.273	11.6
446.457	11.6
446.64	11.6
446.824	11.6
447.008	11.6
447.191	11.6
447.375	11.6
447.559	11.6
447.742	11.6
447.926	11.6
448.11	11.6
448.293	11.6
448.477	11.6
448.661	11.6
448.845	11.6
449.029	11.6
449.212	11.6
449.396	11.6
449.58	11.6
449.764	11.6
449.948	11.6
450.132	11.6
450.316	11.6
450.5	11.6
450.684	11.6
450.868	11.6
451.052	11.6
451.236	11.6
451.42	11.6
451.604	11.6
451.788	11.6
451.972	11.6
452.156	11.6
452.34	11.6
452.525	11.6
452.709	11.6
452.893	11.6
453.077	11.6
453.261	11.6
453.446	11.6
453.63	11.6
453.814	11.6
453.998	11.6
454.183	11.6
454.367	11.6
454.551	11.7
454.736	11.7
454.92	11.7
455.104	11.7
455.289	11.7
455.473	11.7
455.658	11.7
455.842	11.7
456.026	11.7
456.211	11.7
456.395	11.7
456.58	11.7
456.764	11.7
456.949	11.7
457.134	11.7
457.318	11.7
457.503	11.7
457.687	11.7
457.872	11.7
458.057	11.7
458.241	11.7
458.426	11.7
458.611	11.7
458.795	11.8
458.98	11.8
459.165	11.8
459.349	11.8
459.534	11.8
459.719	11.8
459.904	11.8
460.088	11.8
460.273	11.8
460.458	11.8
460.643	11.8
460.828	11.8
461.013	11.8
461.198	11.9
461.382	11.9
461.567	11.9
461.752	11.9
461.937	11.9
462.122	11.9
462.307	11.9
462.492	11.9
462.677	11.9
462.862	11.9
463.047	12
463.232	12
463.417	12
463.602	12
463.788	12
463.973	12
464.158	12
464.343	12
464.528	12
464.713	12
464.898	12.1
465.084	12.1
465.269	12.1
465.454	12.1
465.639	12.1
465.824	12.1
466.01	12.1
466.195	12.1
466.38	12.1
466.566	12.2
466.751	12.2
466.936	12.2
467.122	12.2
467.307	12.2
467.492	12.2
467.678	12.2
467.863	12.2
468.048	12.2
468.234	12.3
468.419	12.3
468.605	12.3
468.79	12.3
468.976	12.3
469.161	12.3
469.347	12.3
469.532	12.3
469.718	12.3
469.903	12.3
470.089	12.3
470.274	12.4
470.46	12.4
470.646	12.4
470.831	12.4
471.017	12.4
471.202	12.4
471.388	12.4
471.574	12.4
471.759	12.4
471.945	12.5
472.131	12.5
472.317	12.5
472.502	12.5
472.688	12.5
472.874	12.5
473.059	12.5
473.245	12.6
473.431	12.6
473.617	12.6
473.803	12.6
473.988	12.6
474.174	12.7
474.36	12.7
474.546	12.7
474.732	12.7
474.918	12.7
475.104	12.7
475.29	12.8
475.475	12.8
475.661	12.8
475.847	12.8
476.033	12.8
476.219	12.9
476.405	12.9
476.591	12.9
476.777	12.9
476.963	12.9
477.149	13
477.335	13
477.521	13
477.707	13
477.893	13
478.08	13.1
478.266	13.1
478.452	13.1
478.638	13.2
478.824	13.2
479.01	13.2
479.196	13.2
479.382	13.2
479.569	13.3
479.755	13.3
479.941	13.3
480.127	13.3
480.313	13.4
480.5	13.4
480.686	13.4
480.872	13.4
481.058	13.5
481.245	13.5
481.431	13.5
481.617	13.6
481.803	13.6
481.99	13.6
482.176	13.6
482.362	13.7
482.549	13.7
482.735	13.7
482.921	13.8
483.108	13.8
483.294	13.8
483.481	13.8
483.667	13.9
483.853	13.9
484.04	13.9
484.226	13.9
484.413	14
484.599	14
484.786	14
484.972	14.1
485.159	14.1
485.345	14.1
485.532	14.1
485.718	14.2
485.905	14.2
486.091	14.2
486.278	14.3
486.464	14.3
486.651	14.3
486.837	14.4
487.024	14.4
487.211	14.4
487.397	14.5
487.584	14.5
487.77	14.5
487.957	14.6
488.144	14.6
488.33	14.6
488.517	14.7
488.704	14.7
488.89	14.7
489.077	14.8
489.264	14.8
489.45	14.8
489.637	14.9
489.824	14.9
490.01	14.9
490.197	14.9
490.384	15
490.571	15
490.757	15
490.944	15.1
491.131	15.1
491.318	15.1
491.505	15.2
491.691	15.2
491.878	15.3
492.065	15.3
492.252	15.3
492.439	15.4
492.626	15.4
492.812	15.5
492.999	15.5
493.186	15.6
493.373	15.6
493.56	15.6
493.747	15.7
493.934	15.7
494.121	15.7
494.308	15.8
494.494	15.8
494.681	15.9
494.868	15.9
495.055	15.9
495.242	16
495.429	16
495.616	16.1
495.803	16.1
495.99	16.1
496.177	16.2
496.364	16.2
496.551	16.3
496.738	16.3
496.925	16.3
497.112	16.4
497.299	16.4
497.486	16.5
497.673	16.5
497.861	16.6
498.048	16.6
498.235	16.6
498.422	16.7
498.609	16.7
498.796	16.8
498.983	16.8
499.17	16.9
499.357	16.9
499.544	16.9
499.732	17
499.919	17
500.106	17.1
500.293	17.1
500.48	17.1
500.667	17.2
500.855	17.2
501.042	17.3
501.229	17.3
501.416	17.4
501.603	17.4
501.791	17.5
501.978	17.5
502.165	17.6
502.352	17.6
502.54	17.6
502.727	17.7
502.914	17.7
503.101	17.8
503.289	17.8
503.476	17.9
503.663	17.9
503.85	18
504.038	18
504.225	18.1
504.412	18.1
504.6	18.2
504.787	18.2
504.974	18.3
505.161	18.3
505.349	18.4
505.536	18.4
505.723	18.5
505.911	18.5
506.098	18.6
506.286	18.6
506.473	18.7
506.66	18.7
506.848	18.8
507.035	18.9
507.222	18.9
507.41	19
507.597	19
507.785	19.1
507.972	19.1
508.159	19.2
508.347	19.2
508.534	19.3
508.722	19.3
508.909	19.4
509.097	19.4
509.284	19.5
509.471	19.5
509.659	19.6
509.846	19.6
510.034	19.7
510.221	19.8
510.409	19.8
510.596	19.9
510.784	19.9
510.971	20
511.159	20
511.346	20.1
511.534	20.2
511.721	20.2
511.909	20.3
512.096	20.3
512.284	20.4
512.471	20.4
512.659	20.5
512.846	20.5
513.034	20.6
513.221	20.7
513.409	20.7
513.596	20.8
513.784	20.8
513.972	20.9
514.159	21
514.347	21
514.534	21.1
514.722	21.1
514.909	21.2
515.097	21.3
515.285	21.3
515.472	21.4
515.66	21.4
515.847	21.5
516.035	21.6
516.222	21.6
516.41	21.7
516.598	21.7
516.785	21.8
516.973	21.9
517.161	21.9
517.348	22
517.536	22
517.723	22.1
517.911	22.2
518.099	22.2
518.286	22.3
518.474	22.3
518.662	22.4
518.849	22.4
519.037	22.5
519.225	22.6
519.412	22.6
519.6	22.7
519.787	22.8
519.975	22.8
520.163	22.9
520.35	22.9
520.538	23
520.726	23.1
520.914	23.1
521.101	23.2
521.289	23.2
521.477	23.3
521.664	23.4
521.852	23.4
522.04	23.5
522.227	23.5
522.415	23.6
522.603	23.7
522.79	23.7
522.978	23.8
523.166	23.9
523.354	23.9
523.541	24
523.729	24
523.917	24.1
524.104	24.2
524.292	24.2
524.48	24.3
524.668	24.4
524.855	24.4
525.043	24.5
525.231	24.5
525.418	24.6
525.606	24.7
525.794	24.7
525.982	24.8
526.169	24.9
526.357	24.9
526.545	25
526.733	25.1
526.92	25.1
527.108	25.2
527.296	25.3
527.484	25.3
527.671	25.4
527.859	25.5
528.047	25.5
528.235	25.6
528.422	25.7
528.61	25.7
528.798	25.8
528.986	25.9
529.173	25.9
529.361	26
529.549	26.1
529.737	26.1
529.924	26.2
530.112	26.3
530.3	26.3
530.488	26.4
530.675	26.4
530.863	26.5
531.051	26.6
531.239	26.6
531.426	26.7
531.614	26.8
531.802	26.8
531.99	26.9
532.177	27
532.365	27
532.553	27.1
532.741	27.2
532.928	27.2
533.116	27.3
533.304	27.4
533.492	27.4
533.679	27.5
533.867	27.5
534.055	27.6
534.243	27.7
534.431	27.7
534.618	27.8
534.806	27.9
534.994	27.9
535.182	28
535.369	28.1
535.557	28.1
535.745	28.2
535.933	28.3
536.12	28.3
536.308	28.4
536.496	28.5
536.684	28.5
536.871	28.6
537.059	28.7
537.247	28.7
537.435	28.8
537.622	28.9
537.81	28.9
537.998	29
538.186	29.1
538.373	29.1
538.561	29.2
538.749	29.3
538.937	29.3
539.124	29.4
539.312	29.5
539.5	29.5
539.688	29.6
539.875	29.7
540.063	29.8
540.251	29.8
540.439	29.9
540.626	30
540.814	30.1
541.002	30.1
541.19	30.2
541.377	30.3
541.565	30.3
541.753	30.4
541.941	30.5
542.128	30.6
542.316	30.6
542.504	30.7
542.691	30.8
542.879	30.8
543.067	30.9
543.255	31
543.442	31.1
543.63	31.1
543.818	31.2
544.005	31.3
544.193	31.3
544.381	31.4
544.568	31.5
544.756	31.6
544.944	31.6
545.132	31.7
545.319	31.8
545.507	31.8
545.695	31.9
545.882	32
546.07	32.1
546.258	32.2
546.445	32.2
546.633	32.3
546.821	32.4
547.008	32.4
547.196	32.5
547.384	32.6
547.571	32.7
547.759	32.8
547.947	32.8
548.134	32.9
548.322	33
548.51	33.1
548.697	33.1
548.885	33.2
549.073	33.3
549.26	33.4
549.448	33.4
549.636	33.5
549.823	33.6
550.011	33.7
550.199	33.8
550.386	33.8
550.574	33.9
550.762	34
550.949	34.1
551.137	34.2
551.325	34.2
551.512	34.3
551.7	34.4
551.888	34.5
552.075	34.6
552.263	34.7
552.451	34.7
552.639	34.8
552.826	34.9
553.014	35
553.202	35.1
553.389	35.2
553.577	35.2
553.765	35.3
553.953	35.4
554.14	35.5
554.328	35.6
554.516	35.7
554.704	35.8
554.891	35.8
555.079	35.9
555.267	36
555.455	36.1
555.643	36.2
555.83	36.3
556.018	36.4
556.206	36.5
556.394	36.5
556.582	36.6
556.77	36.7
556.957	36.8
557.145	36.9
557.333	37
557.521	37.1
557.709	37.2
557.897	37.2
558.085	37.3
558.273	37.4
558.461	37.5
558.649	37.6
558.837	37.7
559.025	37.8
559.213	37.9
559.4	38
559.588	38.1
559.777	38.2
559.965	38.3
560.153	38.4
560.341	38.5
560.529	38.6
560.717	38.7
560.905	38.7
561.093	38.8
561.281	38.9
561.469	39
561.657	39.1
561.845	39.2
562.034	39.3
562.222	39.4
562.41	39.5
562.598	39.6
562.786	39.7
562.975	39.8
563.163	39.9
563.351	39.9
563.539	40
563.728	40.1
563.916	40.2
564.104	40.3
564.293	40.4
564.481	40.5
564.67	40.6
564.858	40.7
565.046	40.8
565.235	40.9
565.423	41
565.612	41.1
565.8	41.2
565.989	41.3
566.177	41.4
566.366	41.5
566.554	41.6
566.743	41.7
566.932	41.7
567.12	41.8
567.309	41.9
567.497	42
567.686	42.1
567.875	42.2
568.064	42.3
568.252	42.4
568.441	42.5
568.63	42.6
568.819	42.7
569.007	42.8
569.196	42.8
569.385	42.9
569.574	43
569.763	43.1
569.952	43.2
570.141	43.3
570.33	43.4
570.519	43.5
570.708	43.6
570.897	43.7
571.086	43.8
571.275	43.9
571.464	44
571.653	44
571.843	44.1
572.032	44.2
572.221	44.3
572.41	44.4
572.599	44.5
572.789	44.6
572.978	44.6
573.167	44.7
573.357	44.8
573.546	44.9
573.736	45
573.925	45.1
574.115	45.2
574.304	45.2
574.494	45.3
574.683	45.4
574.873	45.5
575.062	45.6
575.252	45.7
575.442	45.7
575.631	45.8
575.821	45.9
576.011	46
576.201	46.1
576.39	46.2
576.58	46.2
576.77	46.3
576.96	46.4
577.15	46.5
577.34	46.6
577.53	46.6
577.72	46.7
577.91	46.8
578.1	46.9
578.29	46.9
578.48	47
578.67	47.1
578.861	47.2
579.051	47.3
579.241	47.3
579.431	47.4
579.622	47.5
579.812	47.6
580.002	47.6
580.193	47.7
580.383	47.8
580.574	47.9
580.764	47.9
580.955	48
581.145	48.1
581.336	48.1
581.526	48.2
581.717	48.3
581.908	48.3
582.098	48.4
582.289	48.5
582.48	48.5
582.671	48.6
582.862	48.7
583.052	48.7
583.243	48.8
583.434	48.9
583.625	48.9
583.816	49
584.007	49
584.198	49.1
584.389	49.2
584.58	49.2
584.771	49.3
584.962	49.3
585.154	49.4
585.345	49.5
585.536	49.5
585.727	49.6
585.918	49.6
586.11	49.7
586.301	49.8
586.492	49.8
586.684	49.9
586.875	49.9
587.067	50
587.258	50
587.45	50.1
587.641	50.1
587.833	50.2
588.024	50.2
588.216	50.3
588.408	50.3
588.599	50.4
588.791	50.5
588.983	50.5
589.174	50.6
589.366	50.6
589.558	50.6
589.75	50.7
589.942	50.7
590.134	50.8
590.326	50.8
590.518	50.9
590.71	50.9
590.902	51
591.094	51
591.286	51.1
591.478	51.1
591.67	51.2
591.862	51.2
592.054	51.2
592.246	51.3
592.439	51.3
592.631	51.4
592.823	51.4
593.016	51.4
593.208	51.5
593.4	51.5
593.593	51.6
593.785	51.6
593.978	51.6
594.17	51.7
594.363	51.7
594.555	51.7
594.748	51.8
594.94	51.8
595.133	51.8
595.326	51.9
595.518	51.9
595.711	51.9
595.904	51.9
596.096	52
596.289	52
596.482	52
596.675	52.1
596.868	52.1
597.061	52.1
597.254	52.2
597.447	52.2
597.64	52.2
597.833	52.2
598.026	52.3
598.219	52.3
598.412	52.3
598.605	52.4
598.798	52.4
598.991	52.4
599.184	52.4
599.378	52.5
599.571	52.5
599.764	52.5
599.957	52.5
600.151	52.6
600.344	52.6
600.538	52.6
600.731	52.6
600.924	52.6
601.118	52.7
601.311	52.7
601.505	52.7
601.698	52.7
601.892	52.7
602.086	52.8
602.279	52.8
602.473	52.8
602.667	52.8
602.86	52.8
603.054	52.9
603.248	52.9
603.442	52.9
603.635	52.9
603.829	52.9
604.023	52.9
604.217	53
604.411	53
604.605	53
604.799	53
604.993	53
605.187	53
605.381	53
605.575	53.1
605.769	53.1
605.963	53.1
606.157	53.1
606.352	53.1
606.546	53.1
606.74	53.1
606.934	53.1
607.129	53.2
607.323	53.2
607.517	53.2
607.712	53.2
607.906	53.2
608.1	53.2
608.295	53.3
608.489	53.3
608.684	53.3
608.878	53.3
609.073	53.3
609.267	53.3
609.462	53.3
609.657	53.4
609.851	53.4
610.046	53.4
610.241	53.4
610.435	53.4
610.63	53.4
610.825	53.4
611.02	53.4
611.215	53.5
611.41	53.5
611.604	53.5
611.799	53.5
611.994	53.5
612.189	53.5
612.384	53.5
612.579	53.5
612.774	53.5
612.969	53.6
613.164	53.6
613.359	53.6
613.555	53.6
613.75	53.6
613.945	53.6
614.14	53.6
614.335	53.6
614.531	53.6
614.726	53.6
614.921	53.7
615.117	53.7
615.312	53.7
615.507	53.7
615.703	53.7
615.898	53.7
616.094	53.7
616.289	53.7
616.485	53.7
616.68	53.7
616.876	53.7
617.071	53.7
617.267	53.7
617.463	53.7
617.658	53.7
617.854	53.7
618.05	53.7
618.245	53.7
618.441	53.7
618.637	53.7
618.833	53.7
619.029	53.7
619.225	53.7
619.42	53.7
619.616	53.7
619.812	53.7
620.008	53.7
620.204	53.7
620.4	53.7
620.596	53.7
620.792	53.8
620.988	53.7
621.184	53.7
621.381	53.8
621.577	53.8
621.773	53.8
621.969	53.8
622.165	53.8
622.362	53.8
622.558	53.8
622.754	53.8
622.951	53.8
623.147	53.8
623.343	53.8
623.54	53.8
623.736	53.8
623.933	53.8
624.129	53.8
624.326	53.8
624.522	53.8
624.719	53.8
624.915	53.8
625.112	53.8
625.308	53.8
625.505	53.8
625.702	53.8
625.898	53.8
626.095	53.8
626.292	53.8
626.489	53.8
626.685	53.8
626.882	53.8
627.079	53.8
627.276	53.8
627.473	53.8
627.67	53.8
627.866	53.9
628.063	53.9
628.26	53.9
628.457	53.9
628.654	53.9
628.851	53.9
629.048	53.9
629.246	53.9
629.443	53.9
629.64	53.9
629.837	53.9
630.034	53.9
630.231	53.9
630.429	53.9
630.626	53.9
630.823	53.9
631.02	53.9
631.218	53.9
631.415	53.9
631.612	53.9
631.81	53.9
632.007	53.9
632.205	53.9
632.402	53.9
632.6	54
632.797	54
632.995	54
633.192	54
633.39	54
633.587	54
633.785	54
633.983	54
634.18	54
634.378	54
634.576	54
634.773	54
634.971	54
635.169	54
635.367	54
635.565	54
635.762	54
635.96	54
636.158	54
636.356	54
636.554	54
636.752	54
636.95	54
637.148	54
637.346	54
637.544	54
637.742	54
637.94	54.1
638.138	54.1
638.337	54.1
638.535	54.1
638.733	54.1
638.931	54.1
639.129	54.1
639.328	54.1
639.526	54.1
639.724	54.1
639.922	54.1
640.121	54.1
640.319	54.1
640.518	54.1
640.716	54.1
640.914	54.1
641.113	54.1
641.311	54.1
641.51	54.1
641.708	54.1
641.907	54.2
642.105	54.2
642.304	54.2
642.503	54.2
642.701	54.2
642.9	54.2
643.098	54.2
643.297	54.2
643.496	54.2
643.695	54.2
643.893	54.2
644.092	54.3
644.291	54.3
644.49	54.3
644.689	54.3
644.887	54.3
645.086	54.3
645.285	54.3
645.484	54.3
645.683	54.3
645.882	54.3
646.081	54.3
646.28	54.3
646.479	54.3
646.678	54.3
646.877	54.3
647.076	54.3
647.276	54.4
647.475	54.4
647.674	54.4
647.873	54.4
648.072	54.4
648.271	54.4
648.471	54.4
648.67	54.4
648.869	54.4
649.069	54.4
649.268	54.4
649.467	54.4
649.667	54.4
649.866	54.4
650.065	54.4
650.265	54.4
650.464	54.4
650.664	54.4
650.863	54.4
651.063	54.4
651.262	54.4
651.462	54.4
651.662	54.4
651.861	54.4
652.061	54.4
652.26	54.4
652.46	54.4
652.66	54.4
652.859	54.4
653.059	54.4
653.259	54.4
653.459	54.5
653.658	54.4
653.858	54.4
654.058	54.5
654.258	54.4
654.458	54.4
654.658	54.5
654.858	54.5
655.058	54.5
655.258	54.5
655.457	54.5
655.657	54.5
655.857	54.5
656.058	54.5
656.258	54.5
656.458	54.5
656.658	54.5
656.858	54.5
657.058	54.5
657.258	54.5
657.458	54.5
657.659	54.5
657.859	54.5
658.059	54.5
658.259	54.5
658.459	54.5
658.66	54.5
658.86	54.5
659.06	54.5
659.261	54.5
659.461	54.5
659.662	54.5
659.862	54.5
660.062	54.6
660.263	54.6
660.463	54.6
660.664	54.6
660.864	54.6
661.065	54.6
661.265	54.6
661.466	54.6
661.667	54.6
661.867	54.6
662.068	54.6
662.268	54.6
662.469	54.6
662.67	54.6
662.87	54.6
663.071	54.6
663.272	54.6
663.473	54.6
663.674	54.6
663.874	54.6
664.075	54.6
664.276	54.6
664.477	54.6
664.678	54.6
664.879	54.6
665.08	54.6
665.28	54.6
665.481	54.6
665.682	54.6
665.883	54.6
666.084	54.6
666.285	54.6
666.486	54.6
666.688	54.7
666.889	54.7
667.09	54.7
667.291	54.7
667.492	54.7
667.693	54.7
667.894	54.7
668.096	54.7
668.297	54.7
668.498	54.7
668.699	54.7
668.901	54.7
669.102	54.7
669.303	54.7
669.505	54.7
669.706	54.7
669.907	54.7
670.109	54.7
670.31	54.7
670.511	54.7
670.713	54.7
670.914	54.7
671.116	54.7
671.317	54.7
671.519	54.7
671.72	54.7
671.922	54.7
672.124	54.8
672.325	54.8
672.527	54.8
672.728	54.8
672.93	54.8
673.132	54.8
673.333	54.8
673.535	54.8
673.737	54.8
673.939	54.8
674.14	54.8
674.342	54.8
674.544	54.8
674.746	54.8
674.948	54.8
675.149	54.8
675.351	54.8
675.553	54.8
675.755	54.8
675.957	54.8
676.159	54.8
676.361	54.8
676.563	54.8
676.765	54.8
676.967	54.8
677.169	54.8
677.371	54.8
677.573	54.8
677.775	54.8
677.977	54.9
678.179	54.9
678.381	54.9
678.583	54.9
678.786	54.9
678.988	54.9
679.19	54.9
679.392	54.9
679.594	54.9
679.797	54.9
679.999	54.9
680.201	54.9
680.404	54.9
680.606	54.9
680.808	54.9
681.011	54.9
681.213	54.9
681.415	54.9
681.618	54.9
681.82	54.9
682.023	54.9
682.225	54.9
682.428	55
682.63	55
682.833	55
683.035	55
683.238	55
683.44	55
683.643	55
683.845	55
684.048	55
684.251	55
684.453	55.1
684.656	55.1
684.859	55.1
685.061	55.1
685.264	55.1
685.467	55.1
685.67	55.1
685.872	55.1
686.075	55.1
686.278	55.1
686.481	55.1
686.684	55.2
686.886	55.2
687.089	55.2
687.292	55.2
687.495	55.2
687.698	55.2
687.901	55.2
688.104	55.2
688.307	55.3
688.51	55.3
688.713	55.3
688.916	55.3
689.119	55.3
689.322	55.3
689.525	55.3
689.728	55.4
689.931	55.4
690.134	55.4
690.337	55.4
690.54	55.4
690.744	55.4
690.947	55.4
691.15	55.5
691.353	55.5
691.556	55.5
691.76	55.5
691.963	55.5
692.166	55.5
692.37	55.5
692.573	55.5
692.776	55.5
692.979	55.6
693.183	55.6
693.386	55.6
693.59	55.6
693.793	55.6
693.996	55.6
694.2	55.6
694.403	55.6
694.607	55.7
694.81	55.7
695.014	55.7
695.217	55.7
695.421	55.7
695.624	55.7
695.828	55.7
696.031	55.8
696.235	55.8
696.439	55.8
696.642	55.8
696.846	55.8
697.049	55.9
697.253	55.9
697.457	55.9
697.661	55.9
697.864	55.9
698.068	55.9
698.272	55.9
698.475	55.9
698.679	55.9
698.883	56
699.087	56
699.291	56
699.494	56
699.698	56
699.902	56
700.106	56.1
700.31	56.1
700.514	56.1
700.718	56.1
700.922	56.1
701.126	56.1
701.33	56.1
701.534	56.2
701.738	56.2
701.942	56.2
702.146	56.2
702.35	56.2
702.554	56.2
702.758	56.2
702.962	56.3
703.166	56.3
703.37	56.3
703.574	56.3
703.778	56.3
703.983	56.3
704.187	56.3
704.391	56.4
704.595	56.4
704.799	56.4
705.004	56.4
705.208	56.4
705.412	56.4
705.616	56.5
705.821	56.5
706.025	56.5
706.229	56.5
706.434	56.5
706.638	56.5
706.842	56.5
707.047	56.6
707.251	56.6
707.455	56.6
707.66	56.6
707.864	56.6
708.069	56.7
708.273	56.7
708.478	56.7
708.682	56.7
708.887	56.7
709.091	56.7
709.296	56.8
709.5	56.8
709.705	56.8
709.909	56.8
710.114	56.8
710.319	56.9
710.523	56.9
710.728	56.9
710.932	56.9
711.137	56.9
711.342	57
711.546	57
711.751	57
711.956	57
712.161	57
712.365	57.1
712.57	57.1
712.775	57.1
712.98	57.1
713.184	57.2
713.389	57.2
713.594	57.2
713.799	57.2
714.004	57.2
714.209	57.3
714.413	57.3
714.618	57.3
714.823	57.3
715.028	57.4
715.233	57.4
715.438	57.4
715.643	57.4
715.848	57.5
716.053	57.5
716.258	57.5
716.463	57.5
716.668	57.6
716.873	57.6
717.078	57.6
717.283	57.6
717.488	57.7
717.693	57.7
717.898	57.7
718.103	57.7
718.308	57.7
718.514	57.8
718.719	57.8
718.924	57.8
719.129	57.8
719.334	57.9
719.539	57.9
719.745	57.9
719.95	57.9
720.155	57.9
720.36	58
720.566	58
720.771	58
720.976	58.1
721.182	58.1
721.387	58.1
721.592	58.1
721.798	58.2
722.003	58.2
722.208	58.2
722.414	58.2
722.619	58.2
722.824	58.3
723.03	58.3
723.235	58.3
723.441	58.3
723.646	58.3
723.852	58.4
724.057	58.4
724.263	58.4
724.468	58.4
724.674	58.5
724.879	58.5
725.085	58.5
725.29	58.6
725.496	58.6
725.701	58.6
725.907	58.6
726.112	58.7
726.318	58.7
726.524	58.7
726.729	58.8
726.935	58.8
727.141	58.8
727.346	58.9
727.552	58.9
727.758	58.9
727.963	59
728.169	59
728.375	59
728.581	59.1
728.786	59.1
728.992	59.1
729.198	59.2
729.404	59.2
729.609	59.2
729.815	59.3
730.021	59.3
730.227	59.3
730.433	59.4
730.639	59.4
730.844	59.4
731.05	59.5
731.256	59.5
731.462	59.6
731.668	59.6
731.874	59.6
732.08	59.7
732.286	59.7
732.492	59.7
732.698	59.8
732.904	59.8
733.11	59.8
733.316	59.9
733.522	59.9
733.728	59.9
733.934	60
734.14	60
734.346	60
734.552	60
734.758	60.1
734.964	60.1
735.17	60.2
735.376	60.2
735.583	60.2
735.789	60.3
735.995	60.3
736.201	60.3
736.407	60.4
736.613	60.4
736.819	60.4
737.026	60.4
737.232	60.5
737.438	60.5
737.644	60.5
737.851	60.6
738.057	60.6
738.263	60.6
738.469	60.7
738.676	60.7
738.882	60.7
739.088	60.8
739.295	60.8
739.501	60.8
739.707	60.9
739.914	60.9
740.12	60.9
740.326	60.9
740.533	61
740.739	61
740.946	61
741.152	61.1
741.358	61.1
741.565	61.1
741.771	61.2
741.978	61.2
742.184	61.2
742.391	61.3
742.597	61.3
742.804	61.3
743.01	61.4
743.217	61.4
743.423	61.4
743.63	61.4
743.836	61.5
744.043	61.5
744.249	61.6
744.456	61.6
744.663	61.6
744.869	61.7
745.076	61.7
745.282	61.7
745.489	61.7
745.696	61.8
745.902	61.8
746.109	61.8
746.316	61.9
746.522	61.9
746.729	61.9
746.936	62
747.142	62
747.349	62
747.556	62.1
747.762	62.1
747.969	62.1
748.176	62.1
748.383	62.1
748.589	62.2
748.796	62.2
749.003	62.2
749.21	62.2
749.417	62.3
749.623	62.3
749.83	62.3
750.037	62.3
750.244	62.4
750.451	62.4
750.658	62.4
750.865	62.5
751.071	62.5
751.278	62.5
751.485	62.6
751.692	62.6
751.899	62.6
752.106	62.6
752.313	62.6
752.52	62.6
752.727	62.7
752.934	62.7
753.141	62.7
753.348	62.7
753.555	62.8
753.762	62.8
753.969	62.8
754.176	62.8
754.383	62.9
754.59	62.9
754.797	62.9
755.004	63
755.211	63
755.418	63
755.625	63.1
755.832	63.1
756.039	63.1
756.246	63.1
756.453	63.2
756.66	63.2
756.868	63.2
757.075	63.3
757.282	63.3
757.489	63.3
757.696	63.3
757.903	63.4
758.111	63.4
758.318	63.4
758.525	63.5
758.732	63.5
758.939	63.5
759.147	63.5
759.354	63.6
759.561	63.6
759.768	63.6
759.976	63.6
760.183	63.7
760.39	63.7
760.597	63.7
760.805	63.8
761.012	63.8
761.219	63.8
761.426	63.9
761.634	63.9
761.841	63.9
762.048	63.9
762.256	64
762.463	64
762.67	64
762.878	64
763.085	64.1
763.293	64.1
763.5	64.1
763.707	64.1
763.915	64.2
764.122	64.2
764.33	64.2
764.537	64.2
764.744	64.3
764.952	64.3
765.159	64.3
765.367	64.3
765.574	64.3
765.782	64.3
765.989	64.4
766.197	64.4
766.404	64.4
766.612	64.4
766.819	64.5
767.027	64.5
767.234	64.5
767.442	64.5
767.649	64.6
767.857	64.6
768.064	64.6
768.272	64.6
768.479	64.6
768.687	64.7
768.895	64.7
769.102	64.7
769.31	64.7
769.517	64.8
769.725	64.8
769.933	64.8
770.14	64.8
770.348	64.8
770.555	64.9
770.763	64.9
770.971	64.9
771.178	64.9
771.386	64.9
771.594	64.9
771.801	65
772.009	65
772.217	65
772.424	65
772.632	65
772.84	65
773.047	65.1
773.255	65.1
773.463	65.1
773.671	65.1
773.878	65.1
774.086	65.2
774.294	65.2
774.502	65.2
774.709	65.2
774.917	65.3
775.125	65.3
775.333	65.3
775.54	65.3
775.748	65.3
775.956	65.3
776.164	65.3
776.371	65.4
776.579	65.4
776.787	65.4
776.995	65.4
777.203	65.5
777.41	65.5
777.618	65.5
777.826	65.5
778.034	65.5
778.242	65.5
778.45	65.5
778.657	65.5
778.865	65.5
779.073	65.5
779.281	65.5
779.489	65.6
779.697	65.6
779.905	65.6
780.112	65.6
780.32	65.6
780.528	65.6
780.736	65.7
780.944	65.7
781.152	65.7
781.36	65.7
781.568	65.7
781.776	65.7
781.984	65.7
782.191	65.7
782.399	65.7
782.607	65.7
782.815	65.7
783.023	65.7
783.231	65.7
783.439	65.7
783.647	65.7
783.855	65.8
784.063	65.8
784.271	65.8
784.479	65.8
784.687	65.8
784.895	65.8
785.103	65.9
785.311	65.9
785.519	65.9
785.727	65.9
785.935	65.9
786.143	65.9
786.351	65.9
786.559	65.9
786.767	65.9
786.975	66
787.183	66
787.391	66
787.599	66
787.807	66
788.015	66
788.223	66
788.431	66
788.639	66.1
788.847	66.1
789.055	66.1
789.263	66.1
789.471	66.1
789.679	66.1
789.887	66.1
790.095	66.1
790.303	66.1
790.511	66.1
790.719	66.2
790.927	66.2
791.135	66.2
791.343	66.2
791.551	66.2
791.76	66.3
791.968	66.3
792.176	66.3
792.384	66.3
792.592	66.3
792.8	66.3
793.008	66.3
793.216	66.3
793.424	66.3
793.632	66.3
793.84	66.3
794.048	66.3
794.256	66.4
794.465	66.4
794.673	66.4
794.881	66.4
795.089	66.4
795.297	66.4
795.505	66.4
795.713	66.4
795.921	66.4
796.129	66.4
796.337	66.4
796.546	66.5
796.754	66.5
796.962	66.5
797.17	66.5
797.378	66.5
797.586	66.5
797.794	66.5
798.002	66.5
798.21	66.5
798.419	66.5
798.627	66.6
798.835	66.6
799.043	66.6
799.251	66.6
799.459	66.6
799.667	66.6
799.875	66.6
800.083	66.6
800.292	66.6
800.5	66.6
800.708	66.6
800.916	66.6
801.124	66.6
801.332	66.6
801.54	66.7
801.748	66.7
801.957	66.7
802.165	66.7
802.373	66.7
802.581	66.7
802.789	66.7
802.997	66.7
803.205	66.7
803.414	66.7
803.622	66.8
803.83	66.8
804.038	66.8
804.246	66.8
804.454	66.8
804.662	66.8
804.87	66.8
805.079	66.8
805.287	66.8
805.495	66.8
805.703	66.8
805.911	66.8
806.119	66.8
806.327	66.9
806.535	66.9
806.743	66.9
806.952	66.9
807.16	66.9
807.368	66.9
807.576	66.9
807.784	66.9
807.992	66.9
808.2	66.9
808.408	66.9
808.617	66.9
808.825	67
809.033	67
809.241	67
809.449	67
809.657	67
809.865	67
810.073	67
810.281	67
810.49	67
810.698	67
810.906	67
811.114	67
811.322	67
811.53	67
811.738	67
811.946	67
812.154	67
812.362	67
812.57	67
812.779	67
812.987	67
813.195	67
813.403	67.1
813.611	67.1
813.819	67.1
814.027	67.1
814.235	67.1
814.443	67.1
814.651	67.1
814.859	67.1
815.067	67.1
815.275	67.2
815.484	67.2
815.692	67.2
815.9	67.2
816.108	67.2
816.316	67.2
816.524	67.2
816.732	67.2
816.94	67.3
817.148	67.3
817.356	67.3
817.564	67.3
817.772	67.3
817.98	67.3
818.188	67.3
818.397	67.3
818.605	67.3
818.813	67.4
819.021	67.4
819.229	67.4
819.437	67.4
819.645	67.4
819.853	67.4
820.061	67.5
820.269	67.5
820.477	67.5
820.685	67.5
820.893	67.5
821.102	67.6
821.31	67.6
821.518	67.6
821.726	67.6
821.934	67.6
822.142	67.6
822.35	67.6
822.558	67.7
822.766	67.7
822.974	67.7
823.182	67.7
823.39	67.7
823.599	67.7
823.807	67.7
824.015	67.7
824.223	67.7
824.431	67.8
824.639	67.8
824.847	67.8
825.055	67.8
825.263	67.8
825.472	67.8
825.68	67.8
825.888	67.8
826.096	67.8
826.304	67.8
826.512	67.8
826.72	67.9
826.928	67.9
827.137	67.9
827.345	67.9
827.553	67.9
827.761	67.9
827.969	67.9
828.177	67.9
828.385	67.9
828.594	67.9
828.802	67.9
829.01	67.9
829.218	67.9
829.426	67.9
829.634	67.9
829.843	67.9
830.051	67.9
830.259	67.9
830.467	67.9
830.675	67.9
830.883	67.9
831.092	67.9
831.3	67.9
831.508	67.9
831.716	68
831.924	68
832.133	68
832.341	68
832.549	68
832.757	68
832.966	68
833.174	68
833.382	68
833.59	68
833.799	68
834.007	68
834.215	68
834.423	68
834.632	68
834.84	68
835.048	68.1
835.256	68.1
835.465	68.1
835.673	68.1
835.881	68.1
836.09	68.1
836.298	68.1
836.506	68.2
836.715	68.2
836.923	68.2
837.131	68.2
837.34	68.2
837.548	68.2
837.756	68.2
837.965	68.2
838.173	68.3
838.381	68.3
838.59	68.3
838.798	68.3
839.006	68.3
839.215	68.3
839.423	68.3
839.632	68.3
839.84	68.3
840.048	68.3
840.257	68.3
840.465	68.3
840.674	68.3
840.882	68.4
841.091	68.4
841.299	68.4
841.508	68.4
841.716	68.5
841.924	68.5
842.133	68.5
842.341	68.5
842.55	68.5
842.758	68.5
842.967	68.5
843.175	68.6
843.384	68.6
843.593	68.6
843.801	68.6
844.01	68.6
844.218	68.6
844.427	68.6
844.635	68.6
844.844	68.6
845.052	68.6
845.261	68.7
845.47	68.7
845.678	68.7
845.887	68.7
846.095	68.7
846.304	68.7
846.513	68.7
846.721	68.7
846.93	68.7
847.139	68.7
847.347	68.8
847.556	68.8
847.765	68.8
847.973	68.8
848.182	68.8
848.391	68.8
848.6	68.8
848.808	68.8
849.017	68.9
849.226	68.8
849.435	68.8
849.643	68.8
849.852	68.8
850.061	68.8
850.27	68.8
850.478	68.8
850.687	68.8
850.896	68.8
851.105	68.8
851.314	68.8
851.523	68.8
851.731	68.8
851.94	68.8
852.149	68.8
852.358	68.8
852.567	68.9
852.776	68.9
852.985	68.9
853.194	68.9
853.403	68.9
853.612	68.9
853.821	68.9
854.03	68.9
854.239	68.9
854.447	68.9
854.656	69
854.865	69
855.075	69
855.284	69
855.493	69
855.702	69
855.911	69
856.12	69
856.329	69
856.538	69
856.747	69.1
856.956	69.1
857.165	69.1
857.374	69.1
857.584	69.1
857.793	69.2
858.002	69.2
858.211	69.2
858.42	69.2
858.629	69.2
858.839	69.2
859.048	69.2
859.257	69.2
859.466	69.2
859.676	69.3
859.885	69.3
860.094	69.3
860.304	69.3
860.513	69.3
860.722	69.3
860.932	69.3
861.141	69.3
861.35	69.3
861.56	69.3
861.769	69.3
861.978	69.3
862.188	69.4
862.397	69.4
862.607	69.4
862.816	69.4
863.026	69.4
863.235	69.4
863.445	69.4
863.654	69.4
863.864	69.4
864.073	69.5
864.283	69.5
864.492	69.5
864.702	69.5
864.911	69.5
865.121	69.5
865.33	69.5
865.54	69.5
865.75	69.5
865.959	69.5
866.169	69.5
866.379	69.5
866.588	69.5
866.798	69.5
867.008	69.5
867.218	69.6
867.427	69.6
867.637	69.6
867.847	69.6
868.057	69.6
868.266	69.6
868.476	69.6
868.686	69.7
868.896	69.7
869.106	69.7
869.316	69.8
869.525	69.8
869.735	69.8
869.945	69.8
870.155	69.8
870.365	69.8
870.575	69.8
870.785	69.8
870.995	69.8
871.205	69.8
871.415	69.9
871.625	69.9
871.835	69.9
872.045	69.9
872.255	69.9
872.465	69.9
872.675	69.9
872.886	69.9
873.096	69.9
873.306	69.9
873.516	70
873.726	70
873.936	70
874.147	70
874.357	70
874.567	70
874.777	70
874.988	70
875.198	70
875.408	70
875.619	70.1
875.829	70.1
876.039	70.1
876.25	70.1
876.46	70.1
876.67	70.1
876.881	70.1
877.091	70.1
877.302	70.1
877.512	70.1
877.723	70.1
877.933	70
878.144	70
878.354	70
878.565	70
878.775	70
878.986	70
879.197	69.9
879.407	69.9
879.618	69.9
879.829	69.9
880.039	69.9
880.25	69.9
880.461	69.8
880.671	69.8
880.882	69.8
881.093	69.8
881.304	69.8
881.515	69.8
881.725	69.8
881.936	69.8
882.147	69.8
882.358	69.8
882.569	69.8
882.78	69.8
882.991	69.8
883.202	69.9
883.413	69.9
883.624	69.9
883.835	69.9
884.046	69.9
884.257	69.9
884.468	69.9
884.679	69.9
884.89	69.9
885.101	70
885.312	70
885.523	70
885.735	70
885.946	70
886.157	70.1
886.368	70.1
886.579	70.2
886.791	70.2
887.002	70.2
887.213	70.3
887.425	70.3
887.636	70.3
887.847	70.4
888.059	70.4
888.27	70.4
888.481	70.5
888.693	70.5
888.904	70.5
889.116	70.5
889.327	70.6
889.539	70.6
889.75	70.6
889.962	70.6
890.174	70.7
890.385	70.7
890.597	70.7
890.808	70.7
891.02	70.7
891.232	70.7
891.444	70.7
891.655	70.7
891.867	70.7
892.079	70.7
892.291	70.7
892.502	70.7
892.714	70.7
892.926	70.7
893.138	70.7
893.35	70.7
893.562	70.7
893.774	70.7
893.986	70.7
894.198	70.7
894.41	70.7
894.622	70.6
894.834	70.6
895.046	70.6
895.258	70.6
895.47	70.6
895.682	70.6
895.894	70.6
896.106	70.6
896.319	70.6
896.531	70.6
896.743	70.6
896.955	70.6
897.168	70.7
897.38	70.7
897.592	70.7
897.805	70.7
898.017	70.7
898.229	70.7
898.442	70.7
898.654	70.8
898.867	70.8
899.079	70.8
899.292	70.8
899.504	70.8
899.717	70.9
899.929	70.9
900.142	70.9
900.355	70.9
900.567	70.9
900.78	70.9
900.993	70.9
901.205	71
901.418	71
901.631	71
901.844	71
902.056	71
902.269	71
902.482	71
902.695	71.1
902.908	71.1
903.121	71.1
903.334	71.1
903.547	71.1
903.76	71.2
903.973	71.2
904.186	71.2
904.399	71.2
904.612	71.1
904.825	71.1
905.038	71.1
905.251	71.1
905.465	71.1
905.678	71.1
905.891	71.1
906.104	71.1
906.318	71.1
906.531	71.1
906.744	71.1
906.958	71.1
907.171	71.1
907.384	71.1
907.598	71.1
907.811	71.1
908.025	71.1
908.238	71.1
908.452	71.1
908.665	71.1
908.879	71
909.093	71
909.306	71
909.52	71
909.734	71
909.947	71
910.161	71
910.375	71
910.589	71
910.803	70.9
911.016	70.9
911.23	71
911.444	71
911.658	70.9
911.872	70.9
912.086	70.9
912.3	70.9
912.514	70.9
912.728	70.9
912.942	70.9
913.156	71
913.37	71
913.585	71
913.799	71
914.013	71
914.227	71
914.442	71
914.656	71
914.87	71.1
915.084	71.1
915.299	71.1
915.513	71.1
915.728	71.1
915.942	71.1
916.157	71.1
916.371	71.1
916.586	71.1
916.8	71
917.015	71
917.229	71
917.444	71
917.659	71
917.874	71
918.088	71
918.303	71
918.518	71
918.733	71
918.947	71.1
919.162	71.1
919.377	71.1
919.592	71.1
919.807	71.1
920.022	71.1
920.237	71.1
920.452	71.1
920.667	71.1
920.882	71.1
921.097	71.1
921.313	71.1
921.528	71
921.743	71
921.958	71
922.174	71
922.389	71
922.604	71
922.82	71
923.035	71
923.25	71
923.466	71
923.681	71
923.897	71
924.112	70.9
924.328	70.9
924.544	70.9
924.759	70.9
924.975	71
925.19	71
925.406	71.1
925.622	71.1
925.838	71.1
926.054	71.1
926.269	71.2
926.485	71.2
926.701	71.2
926.917	71.2
927.133	71.2
927.349	71.2
927.565	71.2
927.781	71.2
927.997	71.2
928.213	71.2
928.429	71.2
928.646	71.2
928.862	71.3
929.078	71.3
929.294	71.4
929.511	71.4
929.727	71.4
929.943	71.5
930.16	71.5
930.376	71.6
930.592	71.6
930.809	71.7
931.025	71.7
931.242	71.7
931.459	71.7
931.675	71.7
931.892	71.8
932.108	71.8
932.325	71.9
932.542	71.9
932.759	71.9
932.975	71.9
933.192	71.9
933.409	71.8
933.626	71.8
933.843	71.8
934.06	71.8
934.277	71.7
934.494	71.6
934.711	71.7
934.928	71.6
935.145	71.5
935.362	71.5
935.58	71.4
935.797	71.3
936.014	71.3
936.231	71.2
936.449	71.1
936.666	71
936.883	70.9
937.101	70.8
937.318	70.7
937.536	70.6
937.753	70.5
937.971	70.4
938.188	70.3
938.406	70.2
938.624	70.2
938.841	70.1
939.059	69.9
939.277	69.8
939.494	69.8
939.712	69.8
939.93	69.7
