360.161	12
360.333	11.9
360.504	11.9
360.676	11.8
360.847	11.8
361.019	11.8
361.19	11.7
361.361	11.7
361.533	11.7
361.704	11.5
361.876	11.4
362.047	11.4
362.219	11.3
362.391	11.3
362.562	11.3
362.734	11.3
362.905	11.3
363.077	11.3
363.248	11.3
363.42	11.3
363.592	11.3
363.763	11.3
363.935	11.3
364.106	11.4
364.278	11.4
364.45	11.3
364.621	11.3
364.793	11.3
364.965	11.3
365.137	11.3
365.308	11.2
365.48	11.2
365.652	11.2
365.824	11.2
365.995	11.1
366.167	11.1
366.339	11
366.511	11
366.683	10.9
366.854	10.8
367.026	10.7
367.198	10.6
367.37	10.6
367.542	10.6
367.714	10.5
367.886	10.5
368.058	10.4
368.23	10.4
368.402	10.4
368.574	10.4
368.746	10.4
368.918	10.3
369.09	10.3
369.262	10.3
369.434	10.3
369.606	10.2
369.778	10.2
369.95	10.1
370.122	10
370.294	9.9
370.467	9.9
370.639	9.8
370.811	9.8
370.983	9.7
371.155	9.5
371.328	9.5
371.5	9.4
371.672	9.4
371.844	9.3
372.017	9.3
372.189	9.3
372.361	9.3
372.534	9.2
372.706	9.1
372.878	9.1
373.051	9
373.223	9
373.396	8.9
373.568	8.9
373.741	8.9
373.913	8.9
374.086	8.9
374.258	8.9
374.431	8.9
374.603	8.9
374.776	8.9
374.949	8.8
375.121	8.8
375.294	8.8
375.467	8.7
375.639	8.7
375.812	8.6
375.985	8.6
376.157	8.6
376.33	8.6
376.503	8.5
376.676	8.5
376.849	8.5
377.021	8.4
377.194	8.4
377.367	8.4
377.54	8.4
377.713	8.3
377.886	8.3
378.059	8.3
378.232	8.3
378.405	8.3
378.578	8.3
378.751	8.3
378.924	8.2
379.097	8.2
379.27	8.2
379.444	8.2
379.617	8.1
379.79	8.1
379.963	8.1
380.136	8.1
380.31	8
380.483	8
380.656	8
380.829	8
381.003	7.9
381.176	7.9
381.35	7.8
381.523	7.8
381.696	7.7
381.87	7.7
382.043	7.7
382.217	7.6
382.39	7.6
382.564	7.6
382.738	7.6
382.911	7.6
383.085	7.6
383.258	7.5
383.432	7.5
383.606	7.5
383.779	7.5
383.953	7.5
384.127	7.5
384.301	7.5
384.475	7.5
384.648	7.5
384.822	7.4
384.996	7.4
385.17	7.4
385.344	7.3
385.518	7.3
385.692	7.3
385.866	7.3
386.04	7.2
386.214	7.2
386.388	7.2
386.562	7.2
386.737	7.1
386.911	7.1
387.085	7.1
387.259	7.1
387.434	7.1
387.608	7
387.782	7
387.956	7
388.131	7
388.305	7
388.48	7
388.654	7
388.829	7
389.003	7
389.178	7
389.352	7
389.527	7
389.701	7
389.876	6.9
390.051	6.9
390.226	6.9
390.4	6.9
390.575	6.9
390.75	6.8
390.925	6.8
391.099	6.8
391.274	6.8
391.449	6.8
391.624	6.8
391.799	6.8
391.974	6.8
392.149	6.8
392.324	6.8
392.499	6.8
392.675	6.7
392.85	6.7
393.025	6.7
393.2	6.7
393.375	6.7
393.551	6.7
393.726	6.7
393.901	6.7
394.077	6.7
394.252	6.7
394.427	6.7
394.603	6.7
394.778	6.7
394.954	6.7
395.129	6.6
395.305	6.6
395.481	6.6
395.656	6.6
395.832	6.6
396.008	6.6
396.184	6.6
396.359	6.6
396.535	6.6
396.711	6.6
396.887	6.5
397.063	6.5
397.239	6.6
397.415	6.6
397.591	6.6
397.767	6.6
397.943	6.5
398.119	6.5
398.295	6.5
398.471	6.5
398.648	6.5
398.824	6.5
399	6.5
399.176	6.5
399.353	6.5
399.529	6.5
399.706	6.5
399.882	6.4
400.058	6.4
400.235	6.4
400.412	6.4
400.588	6.4
400.765	6.4
400.942	6.4
401.118	6.4
401.295	6.4
401.472	6.4
401.649	6.4
401.825	6.4
402.002	6.4
402.179	6.4
402.356	6.4
402.533	6.4
402.71	6.4
402.887	6.4
403.064	6.4
403.242	6.4
403.419	6.4
403.596	6.4
403.773	6.4
403.95	6.4
404.128	6.4
404.305	6.4
404.483	6.4
404.66	6.3
404.837	6.3
405.015	6.3
405.193	6.3
405.37	6.3
405.548	6.3
405.725	6.3
405.903	6.3
406.081	6.3
406.259	6.3
406.437	6.3
406.614	6.3
406.792	6.3
406.97	6.3
407.148	6.3
407.326	6.3
407.504	6.3
407.682	6.3
407.86	6.3
408.039	6.3
408.217	6.3
408.395	6.3
408.573	6.3
408.751	6.2
408.93	6.2
409.108	6.2
409.287	6.2
409.465	6.2
409.643	6.2
409.822	6.2
410	6.2
410.179	6.2
410.358	6.2
410.536	6.1
410.715	6.1
410.894	6.1
411.072	6.1
411.251	6.2
411.43	6.1
411.609	6.1
411.788	6.1
411.967	6.1
412.146	6.1
412.325	6.1
412.504	6.1
412.683	6.1
412.862	6.1
413.041	6.1
413.22	6.1
413.399	6.1
413.578	6.1
413.758	6.1
413.937	6.1
414.116	6.1
414.296	6.1
414.475	6.1
414.654	6.1
414.834	6.1
415.013	6.1
415.193	6.1
415.372	6.1
415.552	6.1
415.732	6.1
415.911	6.1
416.091	6.1
416.271	6.1
416.45	6.1
416.63	6.1
416.81	6.1
416.99	6.1
417.169	6.1
417.349	6.1
417.529	6.1
417.709	6.1
417.889	6.1
418.069	6.1
418.249	6.1
418.429	6.1
418.609	6.1
418.789	6
418.97	6
419.15	6
419.33	6
419.51	6
419.691	6
419.871	6
420.051	6
420.232	6
420.412	6
420.592	6
420.773	6
420.953	6
421.134	6
421.314	6
421.495	5.9
421.675	5.9
421.856	5.9
422.037	5.9
422.217	5.9
422.398	5.9
422.579	5.9
422.76	5.9
422.94	5.9
423.121	5.9
423.302	5.9
423.483	5.9
423.664	5.9
423.845	5.9
424.026	5.9
424.207	5.9
424.388	5.9
424.569	5.9
424.75	5.9
424.931	5.9
425.112	5.9
425.293	5.9
425.474	5.9
425.655	5.9
425.837	5.8
426.018	5.8
426.199	5.8
426.38	5.8
426.562	5.8
426.743	5.8
426.924	5.8
427.106	5.8
427.287	5.8
427.469	5.8
427.65	5.8
427.832	5.8
428.013	5.8
428.195	5.8
428.376	5.8
428.558	5.8
428.739	5.8
428.921	5.8
429.103	5.8
429.284	5.8
429.466	5.8
429.648	5.7
429.83	5.7
430.011	5.7
430.193	5.7
430.375	5.7
430.557	5.7
430.739	5.7
430.921	5.7
431.102	5.7
431.284	5.7
431.466	5.7
431.648	5.7
431.83	5.7
432.012	5.7
432.194	5.7
432.377	5.7
432.559	5.6
432.741	5.6
432.923	5.6
433.105	5.6
433.287	5.6
433.469	5.6
433.652	5.6
433.834	5.6
434.016	5.6
434.198	5.6
434.381	5.6
434.563	5.6
434.745	5.6
434.928	5.6
435.11	5.6
435.293	5.6
435.475	5.6
435.658	5.6
435.84	5.6
436.022	5.6
436.205	5.6
436.388	5.6
436.57	5.6
436.753	5.6
436.935	5.6
437.118	5.6
437.301	5.6
437.483	5.6
437.666	5.6
437.849	5.6
438.031	5.6
438.214	5.6
438.397	5.6
438.58	5.6
438.762	5.6
438.945	5.6
439.128	5.6
439.311	5.6
439.494	5.6
439.677	5.6
439.859	5.6
440.042	5.6
440.225	5.6
440.408	5.6
440.591	5.6
440.774	5.6
440.957	5.6
441.14	5.6
441.323	5.6
441.507	5.6
441.69	5.6
441.873	5.5
442.056	5.5
442.239	5.5
442.422	5.5
442.605	5.5
442.789	5.5
442.972	5.5
443.155	5.5
443.338	5.5
443.522	5.5
443.705	5.5
443.888	5.5
444.072	5.5
444.255	5.5
444.438	5.5
444.622	5.5
444.805	5.5
444.989	5.5
445.172	5.5
445.356	5.5
445.539	5.5
445.723	5.5
445.906	5.5
446.09	5.5
446.273	5.5
446.457	5.5
446.64	5.5
446.824	5.5
447.008	5.5
447.191	5.5
447.375	5.5
447.559	5.5
447.742	5.5
447.926	5.5
448.11	5.5
448.293	5.5
448.477	5.5
448.661	5.5
448.845	5.5
449.029	5.5
449.212	5.4
449.396	5.4
449.58	5.4
449.764	5.4
449.948	5.4
450.132	5.4
450.316	5.4
450.5	5.4
450.684	5.4
450.868	5.4
451.052	5.4
451.236	5.4
451.42	5.4
451.604	5.4
451.788	5.4
451.972	5.4
452.156	5.4
452.34	5.4
452.525	5.4
452.709	5.4
452.893	5.4
453.077	5.4
453.261	5.4
453.446	5.4
453.63	5.4
453.814	5.4
453.998	5.4
454.183	5.4
454.367	5.4
454.551	5.4
454.736	5.4
454.92	5.4
455.104	5.4
455.289	5.3
455.473	5.3
455.658	5.3
455.842	5.3
456.026	5.3
456.211	5.3
456.395	5.3
456.58	5.3
456.764	5.3
456.949	5.3
457.134	5.3
457.318	5.3
457.503	5.3
457.687	5.3
457.872	5.3
458.057	5.3
458.241	5.3
458.426	5.3
458.611	5.3
458.795	5.3
458.98	5.3
459.165	5.3
459.349	5.3
459.534	5.3
459.719	5.3
459.904	5.3
460.088	5.3
460.273	5.3
460.458	5.3
460.643	5.3
460.828	5.3
461.013	5.3
461.198	5.3
461.382	5.3
461.567	5.3
461.752	5.3
461.937	5.3
462.122	5.3
462.307	5.3
462.492	5.3
462.677	5.3
462.862	5.3
463.047	5.3
463.232	5.3
463.417	5.3
463.602	5.3
463.788	5.3
463.973	5.3
464.158	5.3
464.343	5.3
464.528	5.3
464.713	5.3
464.898	5.3
465.084	5.3
465.269	5.3
465.454	5.3
465.639	5.3
465.824	5.3
466.01	5.3
466.195	5.3
466.38	5.3
466.566	5.3
466.751	5.3
466.936	5.3
467.122	5.3
467.307	5.3
467.492	5.3
467.678	5.3
467.863	5.3
468.048	5.3
468.234	5.3
468.419	5.3
468.605	5.3
468.79	5.3
468.976	5.3
469.161	5.3
469.347	5.3
469.532	5.3
469.718	5.3
469.903	5.3
470.089	5.3
470.274	5.3
470.46	5.3
470.646	5.2
470.831	5.2
471.017	5.2
471.202	5.2
471.388	5.2
471.574	5.3
471.759	5.2
471.945	5.2
472.131	5.2
472.317	5.2
472.502	5.2
472.688	5.2
472.874	5.2
473.059	5.2
473.245	5.2
473.431	5.2
473.617	5.2
473.803	5.2
473.988	5.2
474.174	5.2
474.36	5.2
474.546	5.2
474.732	5.2
474.918	5.2
475.104	5.2
475.29	5.2
475.475	5.2
475.661	5.2
475.847	5.2
476.033	5.2
476.219	5.2
476.405	5.2
476.591	5.2
476.777	5.2
476.963	5.2
477.149	5.2
477.335	5.2
477.521	5.2
477.707	5.2
477.893	5.2
478.08	5.2
478.266	5.2
478.452	5.2
478.638	5.2
478.824	5.2
479.01	5.2
479.196	5.2
479.382	5.2
479.569	5.2
479.755	5.2
479.941	5.2
480.127	5.2
480.313	5.2
480.5	5.2
480.686	5.2
480.872	5.2
481.058	5.2
481.245	5.2
481.431	5.2
481.617	5.2
481.803	5.2
481.99	5.2
482.176	5.2
482.362	5.2
482.549	5.2
482.735	5.2
482.921	5.2
483.108	5.2
483.294	5.2
483.481	5.2
483.667	5.2
483.853	5.2
484.04	5.2
484.226	5.2
484.413	5.2
484.599	5.2
484.786	5.2
484.972	5.2
485.159	5.2
485.345	5.2
485.532	5.2
485.718	5.2
485.905	5.2
486.091	5.2
486.278	5.2
486.464	5.2
486.651	5.2
486.837	5.2
487.024	5.2
487.211	5.2
487.397	5.2
487.584	5.2
487.77	5.2
487.957	5.2
488.144	5.2
488.33	5.2
488.517	5.2
488.704	5.2
488.89	5.2
489.077	5.2
489.264	5.2
489.45	5.2
489.637	5.2
489.824	5.2
490.01	5.2
490.197	5.2
490.384	5.2
490.571	5.2
490.757	5.2
490.944	5.2
491.131	5.2
491.318	5.2
491.505	5.2
491.691	5.1
491.878	5.1
492.065	5.2
492.252	5.1
492.439	5.1
492.626	5.1
492.812	5.1
492.999	5.1
493.186	5.1
493.373	5.1
493.56	5.1
493.747	5.1
493.934	5.1
494.121	5.1
494.308	5.1
494.494	5.1
494.681	5.1
494.868	5.1
495.055	5.1
495.242	5.1
495.429	5.1
495.616	5.1
495.803	5.1
495.99	5.1
496.177	5.1
496.364	5.1
496.551	5.1
496.738	5.1
496.925	5.1
497.112	5.1
497.299	5.1
497.486	5.1
497.673	5.1
497.861	5.1
498.048	5.1
498.235	5.1
498.422	5.1
498.609	5.1
498.796	5.1
498.983	5.1
499.17	5.1
499.357	5.1
499.544	5.1
499.732	5.1
499.919	5.1
500.106	5.1
500.293	5.1
500.48	5.1
500.667	5.1
500.855	5.1
501.042	5.1
501.229	5.1
501.416	5.1
501.603	5.1
501.791	5.1
501.978	5.1
502.165	5.1
502.352	5.1
502.54	5.1
502.727	5.1
502.914	5.1
503.101	5.1
503.289	5.1
503.476	5.1
503.663	5.1
503.85	5.1
504.038	5.1
504.225	5.1
504.412	5.1
504.6	5.1
504.787	5.1
504.974	5.1
505.161	5.1
505.349	5.1
505.536	5.1
505.723	5.1
505.911	5.1
506.098	5.1
506.286	5.1
506.473	5.1
506.66	5.1
506.848	5.1
507.035	5.1
507.222	5.1
507.41	5.1
507.597	5.1
507.785	5.1
507.972	5.1
508.159	5.1
508.347	5.2
508.534	5.2
508.722	5.2
508.909	5.2
509.097	5.2
509.284	5.2
509.471	5.2
509.659	5.2
509.846	5.2
510.034	5.2
510.221	5.2
510.409	5.2
510.596	5.2
510.784	5.2
510.971	5.2
511.159	5.2
511.346	5.2
511.534	5.2
511.721	5.2
511.909	5.2
512.096	5.2
512.284	5.2
512.471	5.2
512.659	5.2
512.846	5.2
513.034	5.2
513.221	5.2
513.409	5.2
513.596	5.2
513.784	5.2
513.972	5.2
514.159	5.2
514.347	5.2
514.534	5.2
514.722	5.2
514.909	5.2
515.097	5.2
515.285	5.2
515.472	5.2
515.66	5.2
515.847	5.2
516.035	5.2
516.222	5.2
516.41	5.2
516.598	5.2
516.785	5.2
516.973	5.2
517.161	5.2
517.348	5.3
517.536	5.3
517.723	5.3
517.911	5.3
518.099	5.3
518.286	5.3
518.474	5.3
518.662	5.3
518.849	5.3
519.037	5.3
519.225	5.3
519.412	5.3
519.6	5.3
519.787	5.3
519.975	5.3
520.163	5.3
520.35	5.3
520.538	5.3
520.726	5.3
520.914	5.3
521.101	5.3
521.289	5.3
521.477	5.3
521.664	5.3
521.852	5.3
522.04	5.3
522.227	5.3
522.415	5.4
522.603	5.4
522.79	5.4
522.978	5.4
523.166	5.4
523.354	5.4
523.541	5.4
523.729	5.4
523.917	5.4
524.104	5.4
524.292	5.4
524.48	5.4
524.668	5.4
524.855	5.4
525.043	5.4
525.231	5.4
525.418	5.4
525.606	5.5
525.794	5.5
525.982	5.5
526.169	5.5
526.357	5.5
526.545	5.5
526.733	5.5
526.92	5.5
527.108	5.5
527.296	5.5
527.484	5.5
527.671	5.5
527.859	5.5
528.047	5.5
528.235	5.5
528.422	5.6
528.61	5.6
528.798	5.6
528.986	5.6
529.173	5.6
529.361	5.6
529.549	5.6
529.737	5.6
529.924	5.6
530.112	5.6
530.3	5.6
530.488	5.7
530.675	5.7
530.863	5.7
531.051	5.7
531.239	5.7
531.426	5.7
531.614	5.7
531.802	5.7
531.99	5.7
532.177	5.8
532.365	5.8
532.553	5.8
532.741	5.8
532.928	5.8
533.116	5.8
533.304	5.8
533.492	5.9
533.679	5.9
533.867	5.9
534.055	5.9
534.243	5.9
534.431	5.9
534.618	6
534.806	6
534.994	6
535.182	6
535.369	6
535.557	6.1
535.745	6.1
535.933	6.1
536.12	6.1
536.308	6.1
536.496	6.2
536.684	6.2
536.871	6.2
537.059	6.2
537.247	6.2
537.435	6.3
537.622	6.3
537.81	6.3
537.998	6.3
538.186	6.4
538.373	6.4
538.561	6.4
538.749	6.4
538.937	6.5
539.124	6.5
539.312	6.5
539.5	6.6
539.688	6.6
539.875	6.6
540.063	6.7
540.251	6.7
540.439	6.7
540.626	6.8
540.814	6.8
541.002	6.8
541.19	6.9
541.377	6.9
541.565	7
541.753	7
541.941	7
542.128	7.1
542.316	7.1
542.504	7.2
542.691	7.2
542.879	7.3
543.067	7.3
543.255	7.4
543.442	7.4
543.63	7.5
543.818	7.5
544.005	7.6
544.193	7.6
544.381	7.7
544.568	7.7
544.756	7.8
544.944	7.9
545.132	7.9
545.319	8
545.507	8.1
545.695	8.1
545.882	8.2
546.07	8.3
546.258	8.4
546.445	8.4
546.633	8.5
546.821	8.6
547.008	8.7
547.196	8.7
547.384	8.8
547.571	8.9
547.759	9
547.947	9.1
548.134	9.2
548.322	9.3
548.51	9.4
548.697	9.5
548.885	9.6
549.073	9.7
549.26	9.8
549.448	9.9
549.636	10
549.823	10.1
550.011	10.2
550.199	10.3
550.386	10.4
550.574	10.6
550.762	10.7
550.949	10.8
551.137	10.9
551.325	11.1
551.512	11.2
551.7	11.3
551.888	11.5
552.075	11.6
552.263	11.7
552.451	11.9
552.639	12
552.826	12.2
553.014	12.3
553.202	12.5
553.389	12.6
553.577	12.8
553.765	12.9
553.953	13.1
554.14	13.3
554.328	13.4
554.516	13.6
554.704	13.8
554.891	14
555.079	14.1
555.267	14.3
555.455	14.5
555.643	14.7
555.83	14.9
556.018	15.1
556.206	15.3
556.394	15.5
556.582	15.6
556.77	15.8
556.957	16.1
557.145	16.3
557.333	16.5
557.521	16.7
557.709	16.9
557.897	17.1
558.085	17.3
558.273	17.5
558.461	17.8
558.649	18
558.837	18.2
559.025	18.4
559.213	18.7
559.4	18.9
559.588	19.1
559.777	19.4
559.965	19.6
560.153	19.9
560.341	20.1
560.529	20.4
560.717	20.6
560.905	20.9
561.093	21.1
561.281	21.4
561.469	21.7
561.657	21.9
561.845	22.2
562.034	22.5
562.222	22.7
562.41	23
562.598	23.3
562.786	23.5
562.975	23.8
563.163	24.1
563.351	24.4
563.539	24.6
563.728	24.9
563.916	25.2
564.104	25.5
564.293	25.8
564.481	26.1
564.67	26.4
564.858	26.7
565.046	26.9
565.235	27.2
565.423	27.5
565.612	27.8
565.8	28.1
565.989	28.4
566.177	28.7
566.366	29
566.554	29.3
566.743	29.6
566.932	29.9
567.12	30.2
567.309	30.5
567.497	30.8
567.686	31.1
567.875	31.4
568.064	31.7
568.252	32
568.441	32.3
568.63	32.7
568.819	33
569.007	33.3
569.196	33.6
569.385	33.9
569.574	34.2
569.763	34.5
569.952	34.8
570.141	35.1
570.33	35.4
570.519	35.7
570.708	36
570.897	36.3
571.086	36.6
571.275	36.9
571.464	37.2
571.653	37.5
571.843	37.8
572.032	38.1
572.221	38.4
572.41	38.7
572.599	39
572.789	39.3
572.978	39.6
573.167	39.9
573.357	40.2
573.546	40.5
573.736	40.8
573.925	41
574.115	41.3
574.304	41.6
574.494	41.9
574.683	42.2
574.873	42.5
575.062	42.8
575.252	43.1
575.442	43.3
575.631	43.6
575.821	43.9
576.011	44.2
576.201	44.5
576.39	44.7
576.58	45
576.77	45.3
576.96	45.5
577.15	45.8
577.34	46.1
577.53	46.3
577.72	46.6
577.91	46.9
578.1	47.1
578.29	47.4
578.48	47.6
578.67	47.9
578.861	48.1
579.051	48.4
579.241	48.6
579.431	48.9
579.622	49.1
579.812	49.4
580.002	49.6
580.193	49.9
580.383	50.1
580.574	50.3
580.764	50.6
580.955	50.8
581.145	51
581.336	51.3
581.526	51.5
581.717	51.7
581.908	51.9
582.098	52.2
582.289	52.4
582.48	52.6
582.671	52.8
582.862	53
583.052	53.2
583.243	53.4
583.434	53.6
583.625	53.8
583.816	54
584.007	54.2
584.198	54.4
584.389	54.6
584.58	54.8
584.771	55
584.962	55.2
585.154	55.4
585.345	55.5
585.536	55.7
585.727	55.9
585.918	56.1
586.11	56.3
586.301	56.4
586.492	56.6
586.684	56.8
586.875	56.9
587.067	57.1
587.258	57.3
587.45	57.4
587.641	57.6
587.833	57.7
588.024	57.9
588.216	58
588.408	58.2
588.599	58.3
588.791	58.5
588.983	58.6
589.174	58.8
589.366	58.9
589.558	59
589.75	59.2
589.942	59.3
590.134	59.4
590.326	59.6
590.518	59.7
590.71	59.8
590.902	59.9
591.094	60.1
591.286	60.2
591.478	60.3
591.67	60.4
591.862	60.5
592.054	60.6
592.246	60.8
592.439	60.9
592.631	61
592.823	61.1
593.016	61.2
593.208	61.3
593.4	61.4
593.593	61.5
593.785	61.6
593.978	61.7
594.17	61.8
594.363	61.9
594.555	62
594.748	62.1
594.94	62.2
595.133	62.2
595.326	62.3
595.518	62.4
595.711	62.5
595.904	62.6
596.096	62.6
596.289	62.7
596.482	62.8
596.675	62.9
596.868	63
597.061	63
597.254	63.1
597.447	63.2
597.64	63.2
597.833	63.3
598.026	63.4
598.219	63.5
598.412	63.5
598.605	63.6
598.798	63.7
598.991	63.7
599.184	63.8
599.378	63.9
599.571	63.9
599.764	64
599.957	64
600.151	64.1
600.344	64.1
600.538	64.2
600.731	64.2
600.924	64.3
601.118	64.3
601.311	64.4
601.505	64.4
601.698	64.5
601.892	64.5
602.086	64.6
602.279	64.6
602.473	64.7
602.667	64.7
602.86	64.8
603.054	64.8
603.248	64.8
603.442	64.9
603.635	64.9
603.829	65
604.023	65
604.217	65
604.411	65.1
604.605	65.1
604.799	65.2
604.993	65.2
605.187	65.2
605.381	65.3
605.575	65.3
605.769	65.4
605.963	65.4
606.157	65.4
606.352	65.5
606.546	65.5
606.74	65.5
606.934	65.6
607.129	65.6
607.323	65.6
607.517	65.6
607.712	65.7
607.906	65.7
608.1	65.7
608.295	65.8
608.489	65.8
608.684	65.8
608.878	65.9
609.073	65.9
609.267	65.9
609.462	65.9
609.657	66
609.851	66
610.046	66
610.241	66
610.435	66.1
610.63	66.1
610.825	66.1
611.02	66.1
611.215	66.2
611.41	66.2
611.604	66.2
611.799	66.2
611.994	66.3
612.189	66.3
612.384	66.3
612.579	66.3
612.774	66.3
612.969	66.4
613.164	66.4
613.359	66.4
613.555	66.4
613.75	66.4
613.945	66.4
614.14	66.5
614.335	66.5
614.531	66.5
614.726	66.5
614.921	66.5
615.117	66.6
615.312	66.6
615.507	66.6
615.703	66.6
615.898	66.6
616.094	66.6
616.289	66.7
616.485	66.7
616.68	66.7
616.876	66.7
617.071	66.7
617.267	66.7
617.463	66.7
617.658	66.7
617.854	66.7
618.05	66.8
618.245	66.8
618.441	66.8
618.637	66.8
618.833	66.8
619.029	66.8
619.225	66.8
619.42	66.8
619.616	66.9
619.812	66.9
620.008	66.9
620.204	66.9
620.4	66.9
620.596	66.9
620.792	66.9
620.988	66.9
621.184	66.9
621.381	66.9
621.577	66.9
621.773	67
621.969	67
622.165	67
622.362	67
622.558	67
622.754	67
622.951	67
623.147	67
623.343	67
623.54	67
623.736	67
623.933	67
624.129	67.1
624.326	67.1
624.522	67.1
624.719	67.1
624.915	67.1
625.112	67.1
625.308	67.1
625.505	67.1
625.702	67.1
625.898	67.2
626.095	67.2
626.292	67.2
626.489	67.2
626.685	67.2
626.882	67.2
627.079	67.2
627.276	67.2
627.473	67.2
627.67	67.2
627.866	67.2
628.063	67.2
628.26	67.2
628.457	67.2
628.654	67.2
628.851	67.3
629.048	67.3
629.246	67.3
629.443	67.3
629.64	67.3
629.837	67.3
630.034	67.3
630.231	67.3
630.429	67.3
630.626	67.3
630.823	67.3
631.02	67.3
631.218	67.3
631.415	67.3
631.612	67.3
631.81	67.4
632.007	67.4
632.205	67.4
632.402	67.4
632.6	67.4
632.797	67.4
632.995	67.4
633.192	67.4
633.39	67.4
633.587	67.4
633.785	67.4
633.983	67.4
634.18	67.4
634.378	67.4
634.576	67.5
634.773	67.5
634.971	67.5
635.169	67.5
635.367	67.5
635.565	67.5
635.762	67.5
635.96	67.5
636.158	67.6
636.356	67.6
636.554	67.6
636.752	67.6
636.95	67.6
637.148	67.6
637.346	67.6
637.544	67.7
637.742	67.7
637.94	67.7
638.138	67.7
638.337	67.7
638.535	67.7
638.733	67.7
638.931	67.7
639.129	67.8
639.328	67.8
639.526	67.8
639.724	67.8
639.922	67.8
640.121	67.8
640.319	67.8
640.518	67.8
640.716	67.9
640.914	67.9
641.113	67.9
641.311	67.9
641.51	67.9
641.708	67.9
641.907	67.9
642.105	68
642.304	68
642.503	68
642.701	68
642.9	68
643.098	68
643.297	68
643.496	68
643.695	68.1
643.893	68.1
644.092	68.1
644.291	68.1
644.49	68.1
644.689	68.1
644.887	68.1
645.086	68.1
645.285	68.1
645.484	68.1
645.683	68.1
645.882	68.1
646.081	68.2
646.28	68.2
646.479	68.2
646.678	68.2
646.877	68.2
647.076	68.2
647.276	68.2
647.475	68.2
647.674	68.2
647.873	68.2
648.072	68.2
648.271	68.2
648.471	68.2
648.67	68.3
648.869	68.3
649.069	68.3
649.268	68.3
649.467	68.3
649.667	68.3
649.866	68.3
650.065	68.3
650.265	68.3
650.464	68.3
650.664	68.3
650.863	68.3
651.063	68.4
651.262	68.4
651.462	68.4
651.662	68.4
651.861	68.4
652.061	68.4
652.26	68.4
652.46	68.4
652.66	68.4
652.859	68.4
653.059	68.4
653.259	68.4
653.459	68.5
653.658	68.5
653.858	68.5
654.058	68.5
654.258	68.5
654.458	68.5
654.658	68.5
654.858	68.5
655.058	68.5
655.258	68.5
655.457	68.5
655.657	68.6
655.857	68.6
656.058	68.6
656.258	68.6
656.458	68.6
656.658	68.6
656.858	68.6
657.058	68.6
657.258	68.6
657.458	68.6
657.659	68.6
657.859	68.6
658.059	68.6
658.259	68.7
658.459	68.7
658.66	68.7
658.86	68.7
659.06	68.7
659.261	68.7
659.461	68.7
659.662	68.7
659.862	68.7
660.062	68.7
660.263	68.7
660.463	68.7
660.664	68.7
660.864	68.7
661.065	68.7
661.265	68.7
661.466	68.7
661.667	68.8
661.867	68.8
662.068	68.8
662.268	68.8
662.469	68.8
662.67	68.8
662.87	68.8
663.071	68.8
663.272	68.8
663.473	68.8
663.674	68.8
663.874	68.8
664.075	68.8
664.276	68.8
664.477	68.8
664.678	68.8
664.879	68.8
665.08	68.8
665.28	68.8
665.481	68.8
665.682	68.8
665.883	68.8
666.084	68.8
666.285	68.8
666.486	68.8
666.688	68.8
666.889	68.8
667.09	68.8
667.291	68.8
667.492	68.8
667.693	68.8
667.894	68.8
668.096	68.8
668.297	68.8
668.498	68.8
668.699	68.8
668.901	68.8
669.102	68.8
669.303	68.9
669.505	68.9
669.706	68.9
669.907	68.9
670.109	68.9
670.31	68.9
670.511	68.8
670.713	68.8
670.914	68.8
671.116	68.8
671.317	68.8
671.519	68.8
671.72	68.8
671.922	68.9
672.124	68.9
672.325	68.9
672.527	68.9
672.728	68.9
672.93	68.9
673.132	68.9
673.333	68.9
673.535	68.9
673.737	68.9
673.939	68.9
674.14	68.9
674.342	68.9
674.544	68.9
674.746	68.9
674.948	68.9
675.149	68.9
675.351	68.9
675.553	68.9
675.755	68.9
675.957	68.9
676.159	68.9
676.361	68.9
676.563	68.9
676.765	68.9
676.967	68.9
677.169	68.9
677.371	69
677.573	69
677.775	69
677.977	69
678.179	69
678.381	69
678.583	69
678.786	69
678.988	69
679.19	69
679.392	69
679.594	69
679.797	69
679.999	69
680.201	69
680.404	69.1
680.606	69
680.808	69
681.011	69.1
681.213	69.1
681.415	69.1
681.618	69.1
681.82	69.1
682.023	69.1
682.225	69.1
682.428	69.1
682.63	69.1
682.833	69.1
683.035	69.2
683.238	69.2
683.44	69.2
683.643	69.2
683.845	69.2
684.048	69.2
684.251	69.2
684.453	69.2
684.656	69.2
684.859	69.2
685.061	69.2
685.264	69.3
685.467	69.3
685.67	69.3
685.872	69.3
686.075	69.3
686.278	69.3
686.481	69.3
686.684	69.3
686.886	69.3
687.089	69.3
687.292	69.3
687.495	69.3
687.698	69.3
687.901	69.3
688.104	69.3
688.307	69.4
688.51	69.4
688.713	69.4
688.916	69.4
689.119	69.4
689.322	69.4
689.525	69.4
689.728	69.4
689.931	69.4
690.134	69.4
690.337	69.5
690.54	69.5
690.744	69.5
690.947	69.5
691.15	69.5
691.353	69.5
691.556	69.5
691.76	69.5
691.963	69.5
692.166	69.5
692.37	69.5
692.573	69.5
692.776	69.5
692.979	69.5
693.183	69.5
693.386	69.5
693.59	69.5
693.793	69.5
693.996	69.5
694.2	69.6
694.403	69.6
694.607	69.6
694.81	69.6
695.014	69.6
695.217	69.6
695.421	69.6
695.624	69.6
695.828	69.7
696.031	69.7
696.235	69.7
696.439	69.7
696.642	69.7
696.846	69.7
697.049	69.7
697.253	69.7
697.457	69.7
697.661	69.7
697.864	69.7
698.068	69.8
698.272	69.8
698.475	69.8
698.679	69.8
698.883	69.8
699.087	69.8
699.291	69.8
699.494	69.8
699.698	69.8
699.902	69.8
700.106	69.8
700.31	69.8
700.514	69.9
700.718	69.9
700.922	69.9
701.126	69.9
701.33	69.9
701.534	69.9
701.738	69.9
701.942	69.9
702.146	69.9
702.35	69.9
702.554	69.9
702.758	69.9
702.962	69.9
703.166	69.9
703.37	69.9
703.574	69.9
703.778	69.9
703.983	69.9
704.187	69.9
704.391	69.9
704.595	69.9
704.799	69.9
705.004	69.9
705.208	69.9
705.412	69.9
705.616	69.9
705.821	69.9
706.025	69.9
706.229	69.9
706.434	69.9
706.638	69.9
706.842	69.9
707.047	70
707.251	70
707.455	70
707.66	70
707.864	70
708.069	70
708.273	70
708.478	70
708.682	70
708.887	70
709.091	70
709.296	70
709.5	70
709.705	70
709.909	70
710.114	70
710.319	70
710.523	70
710.728	70.1
710.932	70.1
711.137	70.1
711.342	70.1
711.546	70.1
711.751	70.1
711.956	70.1
712.161	70.1
712.365	70.1
712.57	70.1
712.775	70.1
712.98	70.1
713.184	70.2
713.389	70.2
713.594	70.2
713.799	70.2
714.004	70.2
714.209	70.2
714.413	70.2
714.618	70.2
714.823	70.2
715.028	70.2
715.233	70.2
715.438	70.2
715.643	70.2
715.848	70.2
716.053	70.3
716.258	70.3
716.463	70.3
716.668	70.3
716.873	70.3
717.078	70.3
717.283	70.3
717.488	70.3
717.693	70.3
717.898	70.3
718.103	70.3
718.308	70.3
718.514	70.3
718.719	70.3
718.924	70.3
719.129	70.4
719.334	70.4
719.539	70.4
719.745	70.4
719.95	70.4
720.155	70.4
720.36	70.4
720.566	70.4
720.771	70.4
720.976	70.4
721.182	70.4
721.387	70.4
721.592	70.4
721.798	70.4
722.003	70.5
722.208	70.5
722.414	70.5
722.619	70.5
722.824	70.5
723.03	70.5
723.235	70.5
723.441	70.5
723.646	70.5
723.852	70.5
724.057	70.5
724.263	70.5
724.468	70.5
724.674	70.5
724.879	70.5
725.085	70.5
725.29	70.5
725.496	70.5
725.701	70.6
725.907	70.6
726.112	70.6
726.318	70.6
726.524	70.6
726.729	70.6
726.935	70.6
727.141	70.6
727.346	70.6
727.552	70.6
727.758	70.6
727.963	70.6
728.169	70.6
728.375	70.6
728.581	70.6
728.786	70.6
728.992	70.6
729.198	70.6
729.404	70.6
729.609	70.6
729.815	70.6
730.021	70.6
730.227	70.6
730.433	70.6
730.639	70.6
730.844	70.6
731.05	70.7
731.256	70.7
731.462	70.7
731.668	70.7
731.874	70.7
732.08	70.7
732.286	70.7
732.492	70.8
732.698	70.8
732.904	70.8
733.11	70.8
733.316	70.8
733.522	70.8
733.728	70.8
733.934	70.8
734.14	70.8
734.346	70.8
734.552	70.8
734.758	70.8
734.964	70.8
735.17	70.8
735.376	70.8
735.583	70.8
735.789	70.8
735.995	70.8
736.201	70.8
736.407	70.8
736.613	70.8
736.819	70.9
737.026	70.9
737.232	70.9
737.438	70.9
737.644	70.9
737.851	70.9
738.057	70.9
738.263	70.9
738.469	70.9
738.676	70.9
738.882	70.9
739.088	70.9
739.295	71
739.501	71
739.707	71
739.914	71
740.12	71
740.326	71
740.533	71
740.739	70.9
740.946	70.9
741.152	70.9
741.358	70.9
741.565	70.9
741.771	71
741.978	71
742.184	71
742.391	71
742.597	71
742.804	71
743.01	71
743.217	71
743.423	71
743.63	71
743.836	71
744.043	71
744.249	71
744.456	71
744.663	71.1
744.869	71.1
745.076	71.1
745.282	71.1
745.489	71.1
745.696	71.1
745.902	71.1
746.109	71.1
746.316	71.1
746.522	71.1
746.729	71.2
746.936	71.2
747.142	71.2
747.349	71.2
747.556	71.2
747.762	71.2
747.969	71.2
748.176	71.2
748.383	71.2
748.589	71.2
748.796	71.2
749.003	71.2
749.21	71.2
749.417	71.2
749.623	71.2
749.83	71.2
750.037	71.2
750.244	71.3
750.451	71.3
750.658	71.3
750.865	71.3
751.071	71.3
751.278	71.3
751.485	71.3
751.692	71.3
751.899	71.3
752.106	71.3
752.313	71.3
752.52	71.3
752.727	71.3
752.934	71.3
753.141	71.3
753.348	71.3
753.555	71.3
753.762	71.3
753.969	71.3
754.176	71.3
754.383	71.3
754.59	71.3
754.797	71.3
755.004	71.3
755.211	71.3
755.418	71.4
755.625	71.4
755.832	71.4
756.039	71.4
756.246	71.4
756.453	71.4
756.66	71.4
756.868	71.4
757.075	71.4
757.282	71.4
757.489	71.4
757.696	71.4
757.903	71.5
758.111	71.5
758.318	71.5
758.525	71.5
758.732	71.5
758.939	71.5
759.147	71.5
759.354	71.5
759.561	71.5
759.768	71.5
759.976	71.5
760.183	71.5
760.39	71.5
760.597	71.6
760.805	71.6
761.012	71.6
761.219	71.6
761.426	71.6
761.634	71.6
761.841	71.6
762.048	71.6
762.256	71.6
762.463	71.6
762.67	71.6
762.878	71.6
763.085	71.6
763.293	71.6
763.5	71.6
763.707	71.6
763.915	71.6
764.122	71.6
764.33	71.6
764.537	71.6
764.744	71.6
764.952	71.6
765.159	71.7
765.367	71.7
765.574	71.7
765.782	71.7
765.989	71.7
766.197	71.7
766.404	71.7
766.612	71.7
766.819	71.7
767.027	71.7
767.234	71.7
767.442	71.7
767.649	71.7
767.857	71.7
768.064	71.7
768.272	71.7
768.479	71.7
768.687	71.8
768.895	71.8
769.102	71.8
769.31	71.8
769.517	71.8
769.725	71.8
769.933	71.8
770.14	71.8
770.348	71.8
770.555	71.8
770.763	71.8
770.971	71.8
771.178	71.8
771.386	71.8
771.594	71.9
771.801	71.9
772.009	71.9
772.217	71.9
772.424	71.9
772.632	72
772.84	72
773.047	72
773.255	72
773.463	72
773.671	72
773.878	72
774.086	72
774.294	72
774.502	72
774.709	72
774.917	72.1
775.125	72.1
775.333	72.1
775.54	72.1
775.748	72.1
775.956	72.1
776.164	72.1
776.371	72.1
776.579	72.2
776.787	72.2
776.995	72.2
777.203	72.2
777.41	72.2
777.618	72.2
777.826	72.2
778.034	72.2
778.242	72.2
778.45	72.2
778.657	72.2
778.865	72.3
779.073	72.3
779.281	72.3
779.489	72.3
779.697	72.3
779.905	72.3
780.112	72.3
780.32	72.3
780.528	72.3
780.736	72.3
780.944	72.3
781.152	72.3
781.36	72.3
781.568	72.3
781.776	72.3
781.984	72.3
782.191	72.4
782.399	72.4
782.607	72.4
782.815	72.4
783.023	72.4
783.231	72.4
783.439	72.4
783.647	72.4
783.855	72.4
784.063	72.4
784.271	72.4
784.479	72.4
784.687	72.4
784.895	72.4
785.103	72.5
785.311	72.5
785.519	72.5
785.727	72.5
785.935	72.5
786.143	72.5
786.351	72.5
786.559	72.5
786.767	72.6
786.975	72.6
787.183	72.6
787.391	72.6
787.599	72.6
787.807	72.6
788.015	72.6
788.223	72.6
788.431	72.6
788.639	72.6
788.847	72.6
789.055	72.7
789.263	72.7
789.471	72.7
789.679	72.7
789.887	72.7
790.095	72.7
790.303	72.7
790.511	72.7
790.719	72.8
790.927	72.8
791.135	72.8
791.343	72.8
791.551	72.8
791.76	72.8
791.968	72.8
792.176	72.8
792.384	72.8
792.592	72.8
792.8	72.8
793.008	72.8
793.216	72.8
793.424	72.8
793.632	72.8
793.84	72.8
794.048	72.9
794.256	72.9
794.465	72.9
794.673	72.9
794.881	72.9
795.089	72.9
795.297	72.9
795.505	72.9
795.713	72.9
795.921	72.9
796.129	72.9
796.337	72.9
796.546	72.9
796.754	72.9
796.962	73
797.17	73
797.378	73
797.586	73
797.794	73
798.002	73
798.21	73
798.419	73
798.627	73.1
798.835	73.1
799.043	73.1
799.251	73.1
799.459	73.1
799.667	73.1
799.875	73.1
800.083	73.1
800.292	73.1
800.5	73.1
800.708	73.1
800.916	73.1
801.124	73.1
801.332	73.2
801.54	73.2
801.748	73.2
801.957	73.2
802.165	73.2
802.373	73.2
802.581	73.2
802.789	73.2
802.997	73.2
803.205	73.2
803.414	73.2
803.622	73.3
803.83	73.3
804.038	73.3
804.246	73.3
804.454	73.3
804.662	73.3
804.87	73.3
805.079	73.3
805.287	73.3
805.495	73.2
805.703	73.2
805.911	73.2
806.119	73.2
806.327	73.2
806.535	73.2
806.743	73.3
806.952	73.3
807.16	73.3
807.368	73.3
807.576	73.3
807.784	73.3
807.992	73.3
808.2	73.4
808.408	73.4
808.617	73.4
808.825	73.4
809.033	73.4
809.241	73.4
809.449	73.4
809.657	73.4
809.865	73.4
810.073	73.4
810.281	73.5
810.49	73.5
810.698	73.5
810.906	73.5
811.114	73.5
811.322	73.5
811.53	73.5
811.738	73.5
811.946	73.5
812.154	73.5
812.362	73.5
812.57	73.5
812.779	73.6
812.987	73.6
813.195	73.6
813.403	73.6
813.611	73.6
813.819	73.6
814.027	73.6
814.235	73.7
814.443	73.7
814.651	73.7
814.859	73.7
815.067	73.7
815.275	73.7
815.484	73.7
815.692	73.7
815.9	73.7
816.108	73.7
816.316	73.7
816.524	73.7
816.732	73.7
816.94	73.7
817.148	73.7
817.356	73.7
817.564	73.7
817.772	73.8
817.98	73.8
818.188	73.8
818.397	73.8
818.605	73.8
818.813	73.8
819.021	73.8
819.229	73.8
819.437	73.8
819.645	73.8
819.853	73.8
820.061	73.9
820.269	73.9
820.477	73.9
820.685	73.9
820.893	74
821.102	74
821.31	74
821.518	74
821.726	74
821.934	74
822.142	74
822.35	74
822.558	74
822.766	74.1
822.974	74.1
823.182	74.1
823.39	74.1
823.599	74.1
823.807	74.1
824.015	74.2
824.223	74.2
824.431	74.2
824.639	74.2
824.847	74.2
825.055	74.2
825.263	74.2
825.472	74.2
825.68	74.3
825.888	74.3
826.096	74.3
826.304	74.3
826.512	74.4
826.72	74.4
826.928	74.4
827.137	74.4
827.345	74.4
827.553	74.4
827.761	74.4
827.969	74.4
828.177	74.4
828.385	74.4
828.594	74.4
828.802	74.4
829.01	74.4
829.218	74.4
829.426	74.4
829.634	74.4
829.843	74.4
830.051	74.4
830.259	74.4
830.467	74.4
830.675	74.4
830.883	74.4
831.092	74.5
831.3	74.5
831.508	74.5
831.716	74.5
831.924	74.5
832.133	74.5
832.341	74.5
832.549	74.5
832.757	74.5
832.966	74.5
833.174	74.5
833.382	74.5
833.59	74.5
833.799	74.5
834.007	74.5
834.215	74.5
834.423	74.5
834.632	74.5
834.84	74.5
835.048	74.5
835.256	74.5
835.465	74.5
835.673	74.5
835.881	74.5
836.09	74.5
836.298	74.5
836.506	74.5
836.715	74.6
836.923	74.6
837.131	74.6
837.34	74.6
837.548	74.6
837.756	74.6
837.965	74.6
838.173	74.6
838.381	74.6
838.59	74.6
838.798	74.6
839.006	74.6
839.215	74.6
839.423	74.6
839.632	74.7
839.84	74.7
840.048	74.6
840.257	74.6
840.465	74.6
840.674	74.6
840.882	74.7
841.091	74.7
841.299	74.7
841.508	74.7
841.716	74.7
841.924	74.7
842.133	74.7
842.341	74.7
842.55	74.7
842.758	74.8
842.967	74.8
843.175	74.8
843.384	74.8
843.593	74.8
843.801	74.9
844.01	74.9
844.218	74.9
844.427	74.9
844.635	74.9
844.844	74.9
845.052	74.9
845.261	74.9
845.47	74.9
845.678	74.9
845.887	75
846.095	75
846.304	75
846.513	75
846.721	75
846.93	75
847.139	75
847.347	75
847.556	75
847.765	75.1
847.973	75.1
848.182	75.1
848.391	75.1
848.6	75.2
848.808	75.2
849.017	75.2
849.226	75.2
849.435	75.2
849.643	75.2
849.852	75.2
850.061	75.2
850.27	75.3
850.478	75.3
850.687	75.3
850.896	75.3
851.105	75.3
851.314	75.4
851.523	75.4
851.731	75.4
851.94	75.4
852.149	75.4
852.358	75.4
852.567	75.4
852.776	75.5
852.985	75.5
853.194	75.5
853.403	75.5
853.612	75.5
853.821	75.6
854.03	75.6
854.239	75.6
854.447	75.6
854.656	75.6
854.865	75.6
855.075	75.7
855.284	75.7
855.493	75.7
855.702	75.7
855.911	75.7
856.12	75.7
856.329	75.7
856.538	75.7
856.747	75.7
856.956	75.7
857.165	75.7
857.374	75.7
857.584	75.7
857.793	75.7
858.002	75.7
858.211	75.8
858.42	75.8
858.629	75.7
858.839	75.8
859.048	75.8
859.257	75.8
859.466	75.8
859.676	75.8
859.885	75.8
860.094	75.8
860.304	75.8
860.513	75.8
860.722	75.8
860.932	75.8
861.141	75.8
861.35	75.8
861.56	75.8
861.769	75.8
861.978	75.8
862.188	75.8
862.397	75.8
862.607	75.8
862.816	75.8
863.026	75.8
863.235	75.8
863.445	75.8
863.654	75.8
863.864	75.8
864.073	75.8
864.283	75.8
864.492	75.8
864.702	75.8
864.911	75.8
865.121	75.9
865.33	75.9
865.54	75.9
865.75	75.9
865.959	75.9
866.169	75.9
866.379	75.9
866.588	75.9
866.798	75.9
867.008	75.9
867.218	75.9
867.427	75.9
867.637	75.9
867.847	75.9
868.057	76
868.266	76
868.476	76
868.686	76
868.896	76
869.106	76.1
869.316	76.1
869.525	76.1
869.735	76.1
869.945	76.1
870.155	76.1
870.365	76.1
870.575	76.1
870.785	76.1
870.995	76.1
871.205	76.2
871.415	76.2
871.625	76.2
871.835	76.2
872.045	76.2
872.255	76.2
872.465	76.3
872.675	76.3
872.886	76.3
873.096	76.3
873.306	76.3
873.516	76.3
873.726	76.3
873.936	76.4
874.147	76.4
874.357	76.4
874.567	76.4
874.777	76.4
874.988	76.4
875.198	76.4
875.408	76.4
875.619	76.4
875.829	76.5
876.039	76.5
876.25	76.5
876.46	76.5
876.67	76.5
876.881	76.5
877.091	76.4
877.302	76.4
877.512	76.4
877.723	76.4
877.933	76.4
878.144	76.4
878.354	76.4
878.565	76.4
878.775	76.4
878.986	76.4
879.197	76.4
879.407	76.4
879.618	76.3
879.829	76.3
880.039	76.3
880.25	76.2
880.461	76.2
880.671	76.2
880.882	76.2
881.093	76.2
881.304	76.2
881.515	76.2
881.725	76.2
881.936	76.2
882.147	76.2
882.358	76.1
882.569	76.1
882.78	76.1
882.991	76.1
883.202	76.1
883.413	76.2
883.624	76.2
883.835	76.2
884.046	76.1
884.257	76.1
884.468	76.1
884.679	76.2
884.89	76.2
885.101	76.2
885.312	76.3
885.523	76.3
885.735	76.3
885.946	76.3
886.157	76.3
886.368	76.3
886.579	76.4
886.791	76.4
887.002	76.4
887.213	76.4
887.425	76.5
887.636	76.5
887.847	76.5
888.059	76.6
888.27	76.6
888.481	76.7
888.693	76.7
888.904	76.7
889.116	76.8
889.327	76.8
889.539	76.8
889.75	76.8
889.962	76.8
890.174	76.9
890.385	76.9
890.597	77
890.808	77
891.02	77
891.232	77
891.444	77
891.655	77.1
891.867	77.1
892.079	77.1
892.291	77.2
892.502	77.2
892.714	77.2
892.926	77.2
893.138	77.2
893.35	77.2
893.562	77.2
893.774	77.2
893.986	77.2
894.198	77.2
894.41	77.3
894.622	77.3
894.834	77.3
895.046	77.3
895.258	77.3
895.47	77.3
895.682	77.3
895.894	77.2
896.106	77.2
896.319	77.2
896.531	77.2
896.743	77.3
896.955	77.3
897.168	77.2
897.38	77.3
897.592	77.3
897.805	77.3
898.017	77.3
898.229	77.4
898.442	77.4
898.654	77.4
898.867	77.4
899.079	77.4
899.292	77.4
899.504	77.4
899.717	77.4
899.929	77.4
900.142	77.4
900.355	77.4
900.567	77.3
900.78	77.3
900.993	77.3
901.205	77.4
901.418	77.4
901.631	77.4
901.844	77.4
902.056	77.4
902.269	77.4
902.482	77.5
902.695	77.5
902.908	77.5
903.121	77.5
903.334	77.5
903.547	77.5
903.76	77.5
903.973	77.5
904.186	77.5
904.399	77.5
904.612	77.5
904.825	77.5
905.038	77.5
905.251	77.6
905.465	77.6
905.678	77.6
905.891	77.6
906.104	77.6
906.318	77.6
906.531	77.6
906.744	77.6
906.958	77.6
907.171	77.6
907.384	77.6
907.598	77.6
907.811	77.6
908.025	77.6
908.238	77.6
908.452	77.6
908.665	77.6
908.879	77.6
909.093	77.6
909.306	77.6
909.52	77.6
909.734	77.6
909.947	77.6
910.161	77.5
910.375	77.5
910.589	77.5
910.803	77.6
911.016	77.5
911.23	77.5
911.444	77.5
911.658	77.5
911.872	77.5
912.086	77.5
912.3	77.5
912.514	77.4
912.728	77.4
912.942	77.4
913.156	77.5
913.37	77.4
913.585	77.5
913.799	77.5
914.013	77.4
914.227	77.4
914.442	77.4
914.656	77.4
914.87	77.4
915.084	77.4
915.299	77.4
915.513	77.4
915.728	77.3
915.942	77.3
916.157	77.3
916.371	77.3
916.586	77.3
916.8	77.3
917.015	77.3
917.229	77.3
917.444	77.3
917.659	77.3
917.874	77.4
918.088	77.4
918.303	77.4
918.518	77.4
918.733	77.4
918.947	77.4
919.162	77.5
919.377	77.5
919.592	77.5
919.807	77.5
920.022	77.5
920.237	77.5
920.452	77.5
920.667	77.5
920.882	77.5
921.097	77.5
921.313	77.5
921.528	77.5
921.743	77.5
921.958	77.5
922.174	77.5
922.389	77.5
922.604	77.5
922.82	77.6
923.035	77.6
923.25	77.5
923.466	77.5
923.681	77.6
923.897	77.6
924.112	77.6
924.328	77.6
924.544	77.6
924.759	77.6
924.975	77.6
925.19	77.6
925.406	77.7
925.622	77.7
925.838	77.7
926.054	77.6
926.269	77.6
926.485	77.6
926.701	77.6
926.917	77.6
927.133	77.6
927.349	77.6
927.565	77.6
927.781	77.6
927.997	77.6
928.213	77.6
928.429	77.6
928.646	77.6
928.862	77.6
929.078	77.7
929.294	77.7
929.511	77.7
929.727	77.7
929.943	77.7
930.16	77.8
930.376	77.8
930.592	77.8
930.809	77.8
931.025	77.8
931.242	77.8
931.459	77.9
931.675	77.9
931.892	78
932.108	78
932.325	78.1
932.542	78.1
932.759	78.1
932.975	78.1
933.192	78.1
933.409	78.1
933.626	78.1
933.843	78
934.06	78
934.277	78
934.494	77.9
934.711	77.8
934.928	77.8
935.145	77.7
935.362	77.7
935.58	77.6
935.797	77.5
936.014	77.4
936.231	77.3
936.449	77.3
936.666	77.2
936.883	77.2
937.101	77.1
937.318	77
937.536	76.9
937.753	76.8
937.971	76.7
938.188	76.6
938.406	76.4
938.624	76.4
938.841	76.3
939.059	76.2
939.277	76
939.494	75.9
939.712	75.8
939.93	75.8
