360.161	12.9
360.333	12.7
360.504	12.7
360.676	12.7
360.847	12.7
361.019	12.7
361.19	12.7
361.361	12.6
361.533	12.6
361.704	12.5
361.876	12.5
362.047	12.4
362.219	12.3
362.391	12.3
362.562	12.3
362.734	12.3
362.905	12.3
363.077	12.3
363.248	12.2
363.42	12.1
363.592	12
363.763	11.9
363.935	11.9
364.106	11.9
364.278	11.9
364.45	11.9
364.621	11.9
364.793	11.8
364.965	11.8
365.137	11.8
365.308	11.7
365.48	11.7
365.652	11.7
365.824	11.6
365.995	11.6
366.167	11.5
366.339	11.5
366.511	11.4
366.683	11.4
366.854	11.3
367.026	11.2
367.198	11.2
367.37	11.2
367.542	11.1
367.714	11.1
367.886	11
368.058	10.9
368.23	10.8
368.402	10.8
368.574	10.8
368.746	10.8
368.918	10.7
369.09	10.7
369.262	10.7
369.434	10.6
369.606	10.5
369.778	10.4
369.95	10.4
370.122	10.3
370.294	10.3
370.467	10.3
370.639	10.3
370.811	10.3
370.983	10.3
371.155	10.2
371.328	10.2
371.5	10.2
371.672	10.2
371.844	10.1
372.017	10.2
372.189	10.1
372.361	10.1
372.534	10.1
372.706	10
372.878	10
373.051	10
373.223	9.9
373.396	9.9
373.568	9.8
373.741	9.8
373.913	9.8
374.086	9.7
374.258	9.7
374.431	9.6
374.603	9.6
374.776	9.6
374.949	9.5
375.121	9.6
375.294	9.6
375.467	9.5
375.639	9.4
375.812	9.4
375.985	9.4
376.157	9.4
376.33	9.3
376.503	9.3
376.676	9.3
376.849	9.3
377.021	9.3
377.194	9.2
377.367	9.2
377.54	9.2
377.713	9.2
377.886	9.1
378.059	9
378.232	9
378.405	9
378.578	9
378.751	8.9
378.924	8.9
379.097	8.9
379.27	8.8
379.444	8.8
379.617	8.8
379.79	8.8
379.963	8.8
380.136	8.7
380.31	8.7
380.483	8.7
380.656	8.7
380.829	8.7
381.003	8.7
381.176	8.7
381.35	8.7
381.523	8.7
381.696	8.7
381.87	8.7
382.043	8.7
382.217	8.7
382.39	8.6
382.564	8.6
382.738	8.6
382.911	8.6
383.085	8.6
383.258	8.6
383.432	8.5
383.606	8.5
383.779	8.5
383.953	8.5
384.127	8.5
384.301	8.5
384.475	8.4
384.648	8.4
384.822	8.4
384.996	8.4
385.17	8.4
385.344	8.4
385.518	8.4
385.692	8.3
385.866	8.3
386.04	8.3
386.214	8.2
386.388	8.2
386.562	8.2
386.737	8.1
386.911	8.1
387.085	8.2
387.259	8.1
387.434	8.1
387.608	8.1
387.782	8.1
387.956	8.1
388.131	8.1
388.305	8
388.48	8
388.654	8
388.829	8
389.003	8
389.178	8
389.352	8
389.527	8
389.701	8
389.876	8
390.051	8
390.226	7.9
390.4	7.9
390.575	8
390.75	7.9
390.925	7.9
391.099	7.9
391.274	7.9
391.449	7.9
391.624	7.9
391.799	7.9
391.974	7.9
392.149	7.9
392.324	7.9
392.499	7.9
392.675	7.9
392.85	7.9
393.025	7.9
393.2	7.9
393.375	7.9
393.551	7.9
393.726	7.9
393.901	7.9
394.077	7.9
394.252	7.9
394.427	7.9
394.603	7.9
394.778	7.8
394.954	7.8
395.129	7.8
395.305	7.8
395.481	7.8
395.656	7.8
395.832	7.8
396.008	7.8
396.184	7.8
396.359	7.7
396.535	7.7
396.711	7.7
396.887	7.7
397.063	7.7
397.239	7.7
397.415	7.7
397.591	7.7
397.767	7.7
397.943	7.6
398.119	7.6
398.295	7.6
398.471	7.6
398.648	7.6
398.824	7.6
399	7.6
399.176	7.6
399.353	7.6
399.529	7.6
399.706	7.6
399.882	7.6
400.058	7.6
400.235	7.6
400.412	7.6
400.588	7.6
400.765	7.6
400.942	7.6
401.118	7.6
401.295	7.6
401.472	7.6
401.649	7.6
401.825	7.6
402.002	7.6
402.179	7.6
402.356	7.6
402.533	7.6
402.71	7.6
402.887	7.6
403.064	7.6
403.242	7.6
403.419	7.6
403.596	7.6
403.773	7.6
403.95	7.6
404.128	7.6
404.305	7.6
404.483	7.6
404.66	7.6
404.837	7.6
405.015	7.6
405.193	7.6
405.37	7.6
405.548	7.6
405.725	7.6
405.903	7.6
406.081	7.6
406.259	7.6
406.437	7.6
406.614	7.5
406.792	7.5
406.97	7.5
407.148	7.5
407.326	7.5
407.504	7.5
407.682	7.5
407.86	7.5
408.039	7.5
408.217	7.5
408.395	7.5
408.573	7.5
408.751	7.5
408.93	7.5
409.108	7.5
409.287	7.5
409.465	7.5
409.643	7.5
409.822	7.5
410	7.5
410.179	7.5
410.358	7.4
410.536	7.4
410.715	7.4
410.894	7.4
411.072	7.4
411.251	7.4
411.43	7.4
411.609	7.4
411.788	7.4
411.967	7.4
412.146	7.4
412.325	7.4
412.504	7.4
412.683	7.4
412.862	7.4
413.041	7.4
413.22	7.4
413.399	7.4
413.578	7.4
413.758	7.4
413.937	7.4
414.116	7.4
414.296	7.4
414.475	7.4
414.654	7.4
414.834	7.4
415.013	7.4
415.193	7.4
415.372	7.4
415.552	7.4
415.732	7.4
415.911	7.4
416.091	7.4
416.271	7.4
416.45	7.4
416.63	7.4
416.81	7.4
416.99	7.4
417.169	7.4
417.349	7.4
417.529	7.5
417.709	7.5
417.889	7.5
418.069	7.5
418.249	7.5
418.429	7.5
418.609	7.4
418.789	7.5
418.97	7.5
419.15	7.5
419.33	7.5
419.51	7.5
419.691	7.5
419.871	7.5
420.051	7.5
420.232	7.5
420.412	7.5
420.592	7.5
420.773	7.5
420.953	7.5
421.134	7.5
421.314	7.5
421.495	7.5
421.675	7.5
421.856	7.5
422.037	7.5
422.217	7.4
422.398	7.4
422.579	7.4
422.76	7.5
422.94	7.5
423.121	7.5
423.302	7.5
423.483	7.5
423.664	7.4
423.845	7.4
424.026	7.4
424.207	7.4
424.388	7.4
424.569	7.4
424.75	7.4
424.931	7.4
425.112	7.4
425.293	7.4
425.474	7.5
425.655	7.5
425.837	7.5
426.018	7.4
426.199	7.4
426.38	7.4
426.562	7.4
426.743	7.4
426.924	7.4
427.106	7.4
427.287	7.4
427.469	7.4
427.65	7.4
427.832	7.4
428.013	7.4
428.195	7.4
428.376	7.4
428.558	7.4
428.739	7.4
428.921	7.4
429.103	7.4
429.284	7.4
429.466	7.4
429.648	7.4
429.83	7.5
430.011	7.5
430.193	7.5
430.375	7.4
430.557	7.5
430.739	7.5
430.921	7.5
431.102	7.5
431.284	7.5
431.466	7.5
431.648	7.5
431.83	7.5
432.012	7.5
432.194	7.5
432.377	7.5
432.559	7.5
432.741	7.5
432.923	7.5
433.105	7.5
433.287	7.5
433.469	7.5
433.652	7.5
433.834	7.5
434.016	7.5
434.198	7.5
434.381	7.5
434.563	7.5
434.745	7.5
434.928	7.5
435.11	7.5
435.293	7.5
435.475	7.5
435.658	7.5
435.84	7.5
436.022	7.5
436.205	7.5
436.388	7.5
436.57	7.5
436.753	7.5
436.935	7.5
437.118	7.5
437.301	7.6
437.483	7.6
437.666	7.6
437.849	7.6
438.031	7.6
438.214	7.6
438.397	7.6
438.58	7.6
438.762	7.6
438.945	7.6
439.128	7.6
439.311	7.6
439.494	7.6
439.677	7.6
439.859	7.6
440.042	7.6
440.225	7.6
440.408	7.6
440.591	7.6
440.774	7.6
440.957	7.6
441.14	7.6
441.323	7.6
441.507	7.6
441.69	7.6
441.873	7.6
442.056	7.6
442.239	7.6
442.422	7.6
442.605	7.6
442.789	7.7
442.972	7.7
443.155	7.7
443.338	7.7
443.522	7.7
443.705	7.7
443.888	7.7
444.072	7.7
444.255	7.7
444.438	7.7
444.622	7.7
444.805	7.7
444.989	7.7
445.172	7.7
445.356	7.7
445.539	7.7
445.723	7.7
445.906	7.7
446.09	7.7
446.273	7.7
446.457	7.7
446.64	7.7
446.824	7.7
447.008	7.7
447.191	7.7
447.375	7.7
447.559	7.7
447.742	7.7
447.926	7.8
448.11	7.8
448.293	7.8
448.477	7.8
448.661	7.8
448.845	7.8
449.029	7.8
449.212	7.8
449.396	7.8
449.58	7.8
449.764	7.8
449.948	7.8
450.132	7.8
450.316	7.8
450.5	7.8
450.684	7.8
450.868	7.8
451.052	7.8
451.236	7.8
451.42	7.8
451.604	7.8
451.788	7.8
451.972	7.8
452.156	7.8
452.34	7.8
452.525	7.8
452.709	7.8
452.893	7.8
453.077	7.8
453.261	7.8
453.446	7.8
453.63	7.8
453.814	7.8
453.998	7.8
454.183	7.8
454.367	7.8
454.551	7.8
454.736	7.8
454.92	7.8
455.104	7.8
455.289	7.8
455.473	7.8
455.658	7.8
455.842	7.8
456.026	7.8
456.211	7.8
456.395	7.8
456.58	7.8
456.764	7.8
456.949	7.8
457.134	7.8
457.318	7.8
457.503	7.9
457.687	7.8
457.872	7.9
458.057	7.9
458.241	7.9
458.426	7.9
458.611	7.9
458.795	7.8
458.98	7.9
459.165	7.9
459.349	7.9
459.534	7.9
459.719	7.9
459.904	7.9
460.088	7.9
460.273	7.9
460.458	7.9
460.643	7.9
460.828	7.9
461.013	7.9
461.198	7.9
461.382	7.9
461.567	7.9
461.752	7.9
461.937	7.9
462.122	7.9
462.307	7.9
462.492	7.9
462.677	7.9
462.862	7.9
463.047	7.9
463.232	7.9
463.417	7.9
463.602	7.9
463.788	7.9
463.973	7.9
464.158	7.9
464.343	7.9
464.528	7.9
464.713	7.9
464.898	7.9
465.084	7.9
465.269	7.9
465.454	7.9
465.639	7.9
465.824	7.9
466.01	7.9
466.195	7.9
466.38	7.9
466.566	7.9
466.751	7.9
466.936	7.9
467.122	7.9
467.307	7.9
467.492	7.9
467.678	7.9
467.863	7.9
468.048	7.9
468.234	7.9
468.419	7.9
468.605	7.9
468.79	7.9
468.976	7.9
469.161	7.9
469.347	7.9
469.532	7.9
469.718	7.9
469.903	7.9
470.089	7.9
470.274	7.9
470.46	7.9
470.646	7.9
470.831	7.9
471.017	7.9
471.202	7.9
471.388	7.9
471.574	7.9
471.759	7.9
471.945	7.9
472.131	7.9
472.317	7.9
472.502	7.9
472.688	7.9
472.874	7.9
473.059	7.9
473.245	7.9
473.431	8
473.617	8
473.803	8
473.988	8
474.174	8
474.36	8
474.546	8
474.732	8
474.918	8
475.104	8
475.29	8
475.475	8
475.661	8
475.847	8
476.033	8
476.219	8
476.405	8
476.591	8
476.777	8
476.963	8
477.149	8
477.335	8
477.521	8
477.707	8
477.893	8
478.08	8
478.266	8
478.452	8
478.638	8
478.824	8
479.01	8
479.196	8
479.382	8
479.569	8
479.755	8
479.941	8
480.127	8
480.313	8
480.5	8
480.686	8
480.872	8.1
481.058	8.1
481.245	8.1
481.431	8.1
481.617	8.1
481.803	8.1
481.99	8.1
482.176	8.1
482.362	8.1
482.549	8.1
482.735	8.1
482.921	8.1
483.108	8.1
483.294	8.1
483.481	8.1
483.667	8.1
483.853	8.1
484.04	8.1
484.226	8.1
484.413	8.1
484.599	8.1
484.786	8.1
484.972	8.1
485.159	8.1
485.345	8.1
485.532	8.1
485.718	8.1
485.905	8.1
486.091	8.1
486.278	8.2
486.464	8.2
486.651	8.2
486.837	8.2
487.024	8.2
487.211	8.2
487.397	8.2
487.584	8.2
487.77	8.2
487.957	8.2
488.144	8.2
488.33	8.2
488.517	8.2
488.704	8.2
488.89	8.2
489.077	8.2
489.264	8.2
489.45	8.2
489.637	8.2
489.824	8.2
490.01	8.2
490.197	8.2
490.384	8.2
490.571	8.2
490.757	8.2
490.944	8.2
491.131	8.2
491.318	8.2
491.505	8.2
491.691	8.2
491.878	8.2
492.065	8.2
492.252	8.2
492.439	8.2
492.626	8.2
492.812	8.2
492.999	8.2
493.186	8.2
493.373	8.2
493.56	8.2
493.747	8.2
493.934	8.2
494.121	8.2
494.308	8.2
494.494	8.3
494.681	8.3
494.868	8.3
495.055	8.3
495.242	8.3
495.429	8.3
495.616	8.3
495.803	8.3
495.99	8.3
496.177	8.3
496.364	8.3
496.551	8.3
496.738	8.3
496.925	8.3
497.112	8.3
497.299	8.3
497.486	8.3
497.673	8.3
497.861	8.3
498.048	8.3
498.235	8.3
498.422	8.3
498.609	8.3
498.796	8.3
498.983	8.3
499.17	8.3
499.357	8.3
499.544	8.3
499.732	8.3
499.919	8.4
500.106	8.4
500.293	8.4
500.48	8.4
500.667	8.4
500.855	8.4
501.042	8.4
501.229	8.4
501.416	8.4
501.603	8.4
501.791	8.4
501.978	8.4
502.165	8.4
502.352	8.4
502.54	8.4
502.727	8.4
502.914	8.4
503.101	8.4
503.289	8.4
503.476	8.4
503.663	8.4
503.85	8.4
504.038	8.4
504.225	8.4
504.412	8.4
504.6	8.4
504.787	8.4
504.974	8.4
505.161	8.4
505.349	8.4
505.536	8.4
505.723	8.4
505.911	8.4
506.098	8.4
506.286	8.4
506.473	8.4
506.66	8.4
506.848	8.4
507.035	8.4
507.222	8.4
507.41	8.4
507.597	8.4
507.785	8.4
507.972	8.4
508.159	8.5
508.347	8.5
508.534	8.5
508.722	8.5
508.909	8.5
509.097	8.5
509.284	8.5
509.471	8.5
509.659	8.5
509.846	8.5
510.034	8.5
510.221	8.5
510.409	8.5
510.596	8.5
510.784	8.5
510.971	8.5
511.159	8.5
511.346	8.5
511.534	8.5
511.721	8.5
511.909	8.5
512.096	8.5
512.284	8.5
512.471	8.5
512.659	8.5
512.846	8.5
513.034	8.5
513.221	8.5
513.409	8.5
513.596	8.5
513.784	8.5
513.972	8.5
514.159	8.5
514.347	8.5
514.534	8.5
514.722	8.5
514.909	8.5
515.097	8.5
515.285	8.6
515.472	8.6
515.66	8.6
515.847	8.6
516.035	8.6
516.222	8.6
516.41	8.6
516.598	8.6
516.785	8.6
516.973	8.6
517.161	8.6
517.348	8.6
517.536	8.6
517.723	8.6
517.911	8.6
518.099	8.6
518.286	8.6
518.474	8.6
518.662	8.6
518.849	8.6
519.037	8.6
519.225	8.6
519.412	8.6
519.6	8.6
519.787	8.6
519.975	8.6
520.163	8.6
520.35	8.6
520.538	8.6
520.726	8.7
520.914	8.7
521.101	8.7
521.289	8.7
521.477	8.7
521.664	8.7
521.852	8.7
522.04	8.7
522.227	8.7
522.415	8.7
522.603	8.7
522.79	8.7
522.978	8.7
523.166	8.7
523.354	8.7
523.541	8.7
523.729	8.7
523.917	8.7
524.104	8.7
524.292	8.7
524.48	8.7
524.668	8.7
524.855	8.7
525.043	8.7
525.231	8.8
525.418	8.8
525.606	8.8
525.794	8.8
525.982	8.8
526.169	8.8
526.357	8.8
526.545	8.8
526.733	8.8
526.92	8.8
527.108	8.8
527.296	8.8
527.484	8.8
527.671	8.8
527.859	8.8
528.047	8.8
528.235	8.8
528.422	8.8
528.61	8.8
528.798	8.9
528.986	8.9
529.173	8.9
529.361	8.9
529.549	8.9
529.737	8.9
529.924	8.9
530.112	8.9
530.3	8.9
530.488	8.9
530.675	8.9
530.863	8.9
531.051	8.9
531.239	9
531.426	9
531.614	9
531.802	9
531.99	9
532.177	9
532.365	9
532.553	9
532.741	9
532.928	9
533.116	9
533.304	9
533.492	9
533.679	9
533.867	9
534.055	9.1
534.243	9.1
534.431	9.1
534.618	9.1
534.806	9.1
534.994	9.1
535.182	9.1
535.369	9.1
535.557	9.1
535.745	9.1
535.933	9.1
536.12	9.2
536.308	9.2
536.496	9.2
536.684	9.2
536.871	9.2
537.059	9.2
537.247	9.2
537.435	9.2
537.622	9.2
537.81	9.2
537.998	9.2
538.186	9.2
538.373	9.3
538.561	9.3
538.749	9.3
538.937	9.3
539.124	9.3
539.312	9.3
539.5	9.3
539.688	9.3
539.875	9.3
540.063	9.4
540.251	9.4
540.439	9.4
540.626	9.4
540.814	9.4
541.002	9.4
541.19	9.4
541.377	9.4
541.565	9.5
541.753	9.5
541.941	9.5
542.128	9.5
542.316	9.5
542.504	9.5
542.691	9.5
542.879	9.5
543.067	9.6
543.255	9.6
543.442	9.6
543.63	9.6
543.818	9.6
544.005	9.6
544.193	9.6
544.381	9.6
544.568	9.7
544.756	9.7
544.944	9.7
545.132	9.7
545.319	9.7
545.507	9.7
545.695	9.7
545.882	9.7
546.07	9.8
546.258	9.8
546.445	9.8
546.633	9.8
546.821	9.8
547.008	9.8
547.196	9.8
547.384	9.9
547.571	9.9
547.759	9.9
547.947	9.9
548.134	9.9
548.322	9.9
548.51	9.9
548.697	9.9
548.885	10
549.073	10
549.26	10
549.448	10
549.636	10
549.823	10
550.011	10
550.199	10.1
550.386	10.1
550.574	10.1
550.762	10.1
550.949	10.1
551.137	10.1
551.325	10.1
551.512	10.2
551.7	10.2
551.888	10.2
552.075	10.2
552.263	10.2
552.451	10.2
552.639	10.3
552.826	10.3
553.014	10.3
553.202	10.3
553.389	10.3
553.577	10.3
553.765	10.4
553.953	10.4
554.14	10.4
554.328	10.4
554.516	10.4
554.704	10.4
554.891	10.5
555.079	10.5
555.267	10.5
555.455	10.5
555.643	10.6
555.83	10.6
556.018	10.6
556.206	10.6
556.394	10.6
556.582	10.7
556.77	10.7
556.957	10.7
557.145	10.7
557.333	10.8
557.521	10.8
557.709	10.8
557.897	10.8
558.085	10.8
558.273	10.9
558.461	10.9
558.649	10.9
558.837	10.9
559.025	11
559.213	11
559.4	11
559.588	11
559.777	11.1
559.965	11.1
560.153	11.1
560.341	11.1
560.529	11.2
560.717	11.2
560.905	11.2
561.093	11.2
561.281	11.3
561.469	11.3
561.657	11.3
561.845	11.4
562.034	11.4
562.222	11.4
562.41	11.4
562.598	11.5
562.786	11.5
562.975	11.5
563.163	11.6
563.351	11.6
563.539	11.6
563.728	11.6
563.916	11.7
564.104	11.7
564.293	11.7
564.481	11.8
564.67	11.8
564.858	11.8
565.046	11.8
565.235	11.9
565.423	11.9
565.612	11.9
565.8	12
565.989	12
566.177	12
566.366	12.1
566.554	12.1
566.743	12.1
566.932	12.2
567.12	12.2
567.309	12.2
567.497	12.3
567.686	12.3
567.875	12.3
568.064	12.4
568.252	12.4
568.441	12.4
568.63	12.5
568.819	12.5
569.007	12.5
569.196	12.6
569.385	12.6
569.574	12.6
569.763	12.7
569.952	12.7
570.141	12.7
570.33	12.8
570.519	12.8
570.708	12.8
570.897	12.9
571.086	12.9
571.275	13
571.464	13
571.653	13
571.843	13.1
572.032	13.1
572.221	13.1
572.41	13.2
572.599	13.2
572.789	13.3
572.978	13.3
573.167	13.3
573.357	13.4
573.546	13.4
573.736	13.5
573.925	13.5
574.115	13.5
574.304	13.6
574.494	13.6
574.683	13.7
574.873	13.7
575.062	13.7
575.252	13.8
575.442	13.8
575.631	13.9
575.821	13.9
576.011	13.9
576.201	14
576.39	14
576.58	14.1
576.77	14.1
576.96	14.1
577.15	14.2
577.34	14.2
577.53	14.3
577.72	14.3
577.91	14.3
578.1	14.4
578.29	14.4
578.48	14.5
578.67	14.5
578.861	14.6
579.051	14.6
579.241	14.6
579.431	14.7
579.622	14.7
579.812	14.8
580.002	14.8
580.193	14.9
580.383	14.9
580.574	15
580.764	15
580.955	15
581.145	15.1
581.336	15.1
581.526	15.2
581.717	15.2
581.908	15.3
582.098	15.3
582.289	15.4
582.48	15.4
582.671	15.5
582.862	15.5
583.052	15.5
583.243	15.6
583.434	15.6
583.625	15.7
583.816	15.7
584.007	15.8
584.198	15.8
584.389	15.9
584.58	15.9
584.771	15.9
584.962	16
585.154	16
585.345	16.1
585.536	16.1
585.727	16.2
585.918	16.2
586.11	16.3
586.301	16.3
586.492	16.4
586.684	16.4
586.875	16.5
587.067	16.5
587.258	16.6
587.45	16.6
587.641	16.7
587.833	16.7
588.024	16.7
588.216	16.8
588.408	16.8
588.599	16.9
588.791	16.9
588.983	17
589.174	17
589.366	17.1
589.558	17.1
589.75	17.2
589.942	17.2
590.134	17.2
590.326	17.3
590.518	17.3
590.71	17.4
590.902	17.4
591.094	17.5
591.286	17.5
591.478	17.5
591.67	17.6
591.862	17.6
592.054	17.7
592.246	17.7
592.439	17.8
592.631	17.8
592.823	17.9
593.016	17.9
593.208	18
593.4	18
593.593	18
593.785	18.1
593.978	18.1
594.17	18.2
594.363	18.2
594.555	18.2
594.748	18.3
594.94	18.3
595.133	18.4
595.326	18.4
595.518	18.5
595.711	18.5
595.904	18.5
596.096	18.6
596.289	18.6
596.482	18.7
596.675	18.7
596.868	18.7
597.061	18.8
597.254	18.8
597.447	18.9
597.64	18.9
597.833	18.9
598.026	19
598.219	19
598.412	19.1
598.605	19.1
598.798	19.1
598.991	19.2
599.184	19.2
599.378	19.3
599.571	19.3
599.764	19.3
599.957	19.4
600.151	19.4
600.344	19.5
600.538	19.5
600.731	19.5
600.924	19.6
601.118	19.6
601.311	19.7
601.505	19.7
601.698	19.7
601.892	19.8
602.086	19.8
602.279	19.9
602.473	19.9
602.667	19.9
602.86	20
603.054	20
603.248	20
603.442	20.1
603.635	20.1
603.829	20.1
604.023	20.2
604.217	20.2
604.411	20.3
604.605	20.3
604.799	20.3
604.993	20.4
605.187	20.4
605.381	20.4
605.575	20.5
605.769	20.5
605.963	20.5
606.157	20.6
606.352	20.6
606.546	20.6
606.74	20.7
606.934	20.7
607.129	20.7
607.323	20.8
607.517	20.8
607.712	20.8
607.906	20.9
608.1	20.9
608.295	20.9
608.489	21
608.684	21
608.878	21
609.073	21.1
609.267	21.1
609.462	21.1
609.657	21.1
609.851	21.2
610.046	21.2
610.241	21.2
610.435	21.3
610.63	21.3
610.825	21.3
611.02	21.3
611.215	21.4
611.41	21.4
611.604	21.4
611.799	21.5
611.994	21.5
612.189	21.5
612.384	21.5
612.579	21.6
612.774	21.6
612.969	21.6
613.164	21.7
613.359	21.7
613.555	21.7
613.75	21.7
613.945	21.8
614.14	21.8
614.335	21.8
614.531	21.8
614.726	21.9
614.921	21.9
615.117	21.9
615.312	21.9
615.507	22
615.703	22
615.898	22
616.094	22
616.289	22.1
616.485	22.1
616.68	22.1
616.876	22.1
617.071	22.2
617.267	22.2
617.463	22.2
617.658	22.2
617.854	22.3
618.05	22.3
618.245	22.3
618.441	22.3
618.637	22.3
618.833	22.4
619.029	22.4
619.225	22.4
619.42	22.4
619.616	22.5
619.812	22.5
620.008	22.5
620.204	22.5
620.4	22.5
620.596	22.6
620.792	22.6
620.988	22.6
621.184	22.6
621.381	22.6
621.577	22.7
621.773	22.7
621.969	22.7
622.165	22.7
622.362	22.7
622.558	22.8
622.754	22.8
622.951	22.8
623.147	22.8
623.343	22.8
623.54	22.9
623.736	22.9
623.933	22.9
624.129	22.9
624.326	22.9
624.522	23
624.719	23
624.915	23
625.112	23
625.308	23
625.505	23.1
625.702	23.1
625.898	23.1
626.095	23.1
626.292	23.1
626.489	23.1
626.685	23.2
626.882	23.2
627.079	23.2
627.276	23.2
627.473	23.2
627.67	23.2
627.866	23.3
628.063	23.3
628.26	23.3
628.457	23.3
628.654	23.3
628.851	23.4
629.048	23.4
629.246	23.4
629.443	23.4
629.64	23.4
629.837	23.4
630.034	23.5
630.231	23.5
630.429	23.5
630.626	23.5
630.823	23.5
631.02	23.6
631.218	23.6
631.415	23.6
631.612	23.6
631.81	23.6
632.007	23.6
632.205	23.7
632.402	23.7
632.6	23.7
632.797	23.7
632.995	23.7
633.192	23.7
633.39	23.8
633.587	23.8
633.785	23.8
633.983	23.8
634.18	23.8
634.378	23.8
634.576	23.9
634.773	23.9
634.971	23.9
635.169	23.9
635.367	23.9
635.565	23.9
635.762	23.9
635.96	24
636.158	24
636.356	24
636.554	24
636.752	24
636.95	24.1
637.148	24.1
637.346	24.1
637.544	24.1
637.742	24.1
637.94	24.1
638.138	24.2
638.337	24.2
638.535	24.2
638.733	24.2
638.931	24.2
639.129	24.2
639.328	24.2
639.526	24.3
639.724	24.3
639.922	24.3
640.121	24.3
640.319	24.3
640.518	24.3
640.716	24.4
640.914	24.4
641.113	24.4
641.311	24.4
641.51	24.4
641.708	24.4
641.907	24.5
642.105	24.5
642.304	24.5
642.503	24.5
642.701	24.5
642.9	24.5
643.098	24.6
643.297	24.6
643.496	24.6
643.695	24.6
643.893	24.6
644.092	24.6
644.291	24.6
644.49	24.7
644.689	24.7
644.887	24.7
645.086	24.7
645.285	24.7
645.484	24.7
645.683	24.7
645.882	24.8
646.081	24.8
646.28	24.8
646.479	24.8
646.678	24.8
646.877	24.8
647.076	24.8
647.276	24.9
647.475	24.9
647.674	24.9
647.873	24.9
648.072	24.9
648.271	24.9
648.471	24.9
648.67	25
648.869	25
649.069	25
649.268	25
649.467	25
649.667	25
649.866	25.1
650.065	25.1
650.265	25.1
650.464	25.1
650.664	25.1
650.863	25.2
651.063	25.2
651.262	25.2
651.462	25.2
651.662	25.2
651.861	25.2
652.061	25.3
652.26	25.3
652.46	25.3
652.66	25.3
652.859	25.3
653.059	25.3
653.259	25.4
653.459	25.4
653.658	25.4
653.858	25.4
654.058	25.4
654.258	25.5
654.458	25.5
654.658	25.5
654.858	25.5
655.058	25.5
655.258	25.5
655.457	25.6
655.657	25.6
655.857	25.6
656.058	25.6
656.258	25.6
656.458	25.6
656.658	25.6
656.858	25.6
657.058	25.7
657.258	25.7
657.458	25.7
657.659	25.7
657.859	25.7
658.059	25.7
658.259	25.7
658.459	25.7
658.66	25.8
658.86	25.8
659.06	25.8
659.261	25.8
659.461	25.8
659.662	25.8
659.862	25.8
660.062	25.8
660.263	25.9
660.463	25.9
660.664	25.9
660.864	25.9
661.065	25.9
661.265	25.9
661.466	25.9
661.667	26
661.867	26
662.068	26
662.268	26
662.469	26
662.67	26
662.87	26
663.071	26.1
663.272	26.1
663.473	26.1
663.674	26.1
663.874	26.1
664.075	26.1
664.276	26.2
664.477	26.2
664.678	26.2
664.879	26.2
665.08	26.2
665.28	26.2
665.481	26.2
665.682	26.3
665.883	26.3
666.084	26.3
666.285	26.3
666.486	26.3
666.688	26.4
666.889	26.4
667.09	26.4
667.291	26.4
667.492	26.4
667.693	26.4
667.894	26.5
668.096	26.5
668.297	26.5
668.498	26.5
668.699	26.5
668.901	26.5
669.102	26.5
669.303	26.5
669.505	26.6
669.706	26.6
669.907	26.6
670.109	26.6
670.31	26.6
670.511	26.6
670.713	26.6
670.914	26.7
671.116	26.7
671.317	26.7
671.519	26.7
671.72	26.7
671.922	26.7
672.124	26.7
672.325	26.8
672.527	26.8
672.728	26.8
672.93	26.8
673.132	26.8
673.333	26.8
673.535	26.9
673.737	26.9
673.939	26.9
674.14	26.9
674.342	26.9
674.544	26.9
674.746	27
674.948	27
675.149	27
675.351	27
675.553	27
675.755	27
675.957	27.1
676.159	27.1
676.361	27.1
676.563	27.1
676.765	27.1
676.967	27.1
677.169	27.1
677.371	27.2
677.573	27.2
677.775	27.2
677.977	27.2
678.179	27.2
678.381	27.3
678.583	27.3
678.786	27.3
678.988	27.3
679.19	27.3
679.392	27.3
679.594	27.4
679.797	27.4
679.999	27.4
680.201	27.4
680.404	27.4
680.606	27.4
680.808	27.4
681.011	27.5
681.213	27.5
681.415	27.5
681.618	27.5
681.82	27.5
682.023	27.5
682.225	27.6
682.428	27.6
682.63	27.6
682.833	27.6
683.035	27.6
683.238	27.6
683.44	27.7
683.643	27.7
683.845	27.7
684.048	27.7
684.251	27.7
684.453	27.8
684.656	27.8
684.859	27.8
685.061	27.8
685.264	27.8
685.467	27.9
685.67	27.9
685.872	27.9
686.075	27.9
686.278	27.9
686.481	28
686.684	28
686.886	28
687.089	28
687.292	28
687.495	28.1
687.698	28.1
687.901	28.1
688.104	28.1
688.307	28.1
688.51	28.2
688.713	28.2
688.916	28.2
689.119	28.2
689.322	28.2
689.525	28.3
689.728	28.3
689.931	28.3
690.134	28.3
690.337	28.4
690.54	28.4
690.744	28.4
690.947	28.4
691.15	28.4
691.353	28.5
691.556	28.5
691.76	28.5
691.963	28.5
692.166	28.5
692.37	28.6
692.573	28.6
692.776	28.6
692.979	28.6
693.183	28.6
693.386	28.6
693.59	28.7
693.793	28.7
693.996	28.7
694.2	28.7
694.403	28.7
694.607	28.7
694.81	28.8
695.014	28.8
695.217	28.8
695.421	28.8
695.624	28.8
695.828	28.9
696.031	28.9
696.235	28.9
696.439	28.9
696.642	28.9
696.846	29
697.049	29
697.253	29
697.457	29
697.661	29
697.864	29
698.068	29.1
698.272	29.1
698.475	29.1
698.679	29.1
698.883	29.1
699.087	29.2
699.291	29.2
699.494	29.2
699.698	29.2
699.902	29.2
700.106	29.2
700.31	29.2
700.514	29.3
700.718	29.3
700.922	29.3
701.126	29.3
701.33	29.3
701.534	29.3
701.738	29.4
701.942	29.4
702.146	29.4
702.35	29.4
702.554	29.4
702.758	29.5
702.962	29.5
703.166	29.5
703.37	29.5
703.574	29.5
703.778	29.5
703.983	29.5
704.187	29.6
704.391	29.6
704.595	29.6
704.799	29.6
705.004	29.6
705.208	29.7
705.412	29.7
705.616	29.7
705.821	29.7
706.025	29.7
706.229	29.8
706.434	29.8
706.638	29.8
706.842	29.8
707.047	29.8
707.251	29.8
707.455	29.9
707.66	29.9
707.864	29.9
708.069	29.9
708.273	30
708.478	30
708.682	30
708.887	30
709.091	30
709.296	30.1
709.5	30.1
709.705	30.1
709.909	30.1
710.114	30.1
710.319	30.2
710.523	30.2
710.728	30.2
710.932	30.2
711.137	30.2
711.342	30.3
711.546	30.3
711.751	30.3
711.956	30.3
712.161	30.4
712.365	30.4
712.57	30.4
712.775	30.4
712.98	30.4
713.184	30.4
713.389	30.4
713.594	30.5
713.799	30.5
714.004	30.5
714.209	30.5
714.413	30.5
714.618	30.6
714.823	30.6
715.028	30.6
715.233	30.6
715.438	30.6
715.643	30.7
715.848	30.7
716.053	30.7
716.258	30.7
716.463	30.7
716.668	30.7
716.873	30.7
717.078	30.8
717.283	30.8
717.488	30.8
717.693	30.8
717.898	30.8
718.103	30.8
718.308	30.8
718.514	30.9
718.719	30.9
718.924	30.9
719.129	30.9
719.334	30.9
719.539	30.9
719.745	30.9
719.95	30.9
720.155	31
720.36	31
720.566	31
720.771	31
720.976	31
721.182	31
721.387	31
721.592	31.1
721.798	31.1
722.003	31.1
722.208	31.1
722.414	31.1
722.619	31.1
722.824	31.1
723.03	31.1
723.235	31.1
723.441	31.2
723.646	31.2
723.852	31.2
724.057	31.2
724.263	31.2
724.468	31.2
724.674	31.2
724.879	31.3
725.085	31.3
725.29	31.3
725.496	31.3
725.701	31.3
725.907	31.3
726.112	31.3
726.318	31.4
726.524	31.4
726.729	31.4
726.935	31.4
727.141	31.4
727.346	31.4
727.552	31.4
727.758	31.4
727.963	31.5
728.169	31.5
728.375	31.5
728.581	31.5
728.786	31.5
728.992	31.5
729.198	31.5
729.404	31.5
729.609	31.5
729.815	31.6
730.021	31.6
730.227	31.6
730.433	31.6
730.639	31.6
730.844	31.6
731.05	31.6
731.256	31.6
731.462	31.6
731.668	31.6
731.874	31.7
732.08	31.7
732.286	31.7
732.492	31.7
732.698	31.7
732.904	31.7
733.11	31.7
733.316	31.7
733.522	31.7
733.728	31.7
733.934	31.8
734.14	31.8
734.346	31.8
734.552	31.8
734.758	31.8
734.964	31.8
735.17	31.8
735.376	31.8
735.583	31.8
735.789	31.8
735.995	31.8
736.201	31.8
736.407	31.8
736.613	31.8
736.819	31.9
737.026	31.9
737.232	31.9
737.438	31.9
737.644	31.9
737.851	31.9
738.057	31.9
738.263	31.9
738.469	31.9
738.676	31.9
738.882	31.9
739.088	31.9
739.295	31.9
739.501	31.9
739.707	31.9
739.914	32
740.12	32
740.326	32
740.533	32
740.739	32
740.946	32
741.152	32
741.358	32
741.565	32
741.771	32
741.978	32
742.184	32
742.391	32
742.597	32
742.804	32
743.01	32
743.217	32
743.423	32
743.63	32
743.836	32
744.043	32
744.249	32
744.456	32
744.663	32
744.869	32
745.076	32.1
745.282	32.1
745.489	32.1
745.696	32.1
745.902	32.1
746.109	32.1
746.316	32.1
746.522	32.1
746.729	32.1
746.936	32.1
747.142	32.1
747.349	32.1
747.556	32.1
747.762	32.1
747.969	32.1
748.176	32.1
748.383	32.1
748.589	32.1
748.796	32.1
749.003	32.1
749.21	32.1
749.417	32.1
749.623	32.1
749.83	32.1
750.037	32.1
750.244	32.1
750.451	32.1
750.658	32.1
750.865	32.1
751.071	32.1
751.278	32.1
751.485	32.1
751.692	32.1
751.899	32.1
752.106	32.1
752.313	32.1
752.52	32.1
752.727	32.1
752.934	32.1
753.141	32.1
753.348	32.1
753.555	32.1
753.762	32.1
753.969	32.1
754.176	32.1
754.383	32.1
754.59	32
754.797	32
755.004	32
755.211	32
755.418	32
755.625	32
755.832	32
756.039	32
756.246	32
756.453	32
756.66	32
756.868	32
757.075	32
757.282	32
757.489	32
757.696	32
757.903	32
758.111	32
758.318	32
758.525	32
758.732	32
758.939	32
759.147	32
759.354	32
759.561	32
759.768	32
759.976	32
760.183	32
760.39	32
760.597	32
760.805	32
761.012	31.9
761.219	31.9
761.426	32
761.634	31.9
761.841	31.9
762.048	31.9
762.256	31.9
762.463	31.9
762.67	31.9
762.878	31.9
763.085	31.9
763.293	31.9
763.5	31.9
763.707	31.9
763.915	31.9
764.122	31.9
764.33	31.9
764.537	31.9
764.744	31.9
764.952	31.9
765.159	31.9
765.367	31.9
765.574	31.9
765.782	31.9
765.989	31.9
766.197	31.9
766.404	31.9
766.612	31.9
766.819	31.9
767.027	31.9
767.234	31.9
767.442	31.9
767.649	31.9
767.857	31.9
768.064	31.9
768.272	31.9
768.479	31.9
768.687	31.8
768.895	31.8
769.102	31.8
769.31	31.8
769.517	31.8
769.725	31.8
769.933	31.8
770.14	31.8
770.348	31.8
770.555	31.8
770.763	31.8
770.971	31.8
771.178	31.8
771.386	31.8
771.594	31.8
771.801	31.7
772.009	31.7
772.217	31.7
772.424	31.7
772.632	31.7
772.84	31.7
773.047	31.7
773.255	31.7
773.463	31.7
773.671	31.7
773.878	31.7
774.086	31.7
774.294	31.7
774.502	31.7
774.709	31.7
774.917	31.7
775.125	31.7
775.333	31.6
775.54	31.6
775.748	31.6
775.956	31.6
776.164	31.6
776.371	31.6
776.579	31.6
776.787	31.6
776.995	31.6
777.203	31.6
777.41	31.6
777.618	31.6
777.826	31.6
778.034	31.6
778.242	31.6
778.45	31.6
778.657	31.6
778.865	31.6
779.073	31.6
779.281	31.6
779.489	31.6
779.697	31.5
779.905	31.5
780.112	31.5
780.32	31.5
780.528	31.5
780.736	31.5
780.944	31.5
781.152	31.5
781.36	31.5
781.568	31.5
781.776	31.5
781.984	31.5
782.191	31.4
782.399	31.4
782.607	31.4
782.815	31.4
783.023	31.4
783.231	31.4
783.439	31.4
783.647	31.4
783.855	31.4
784.063	31.4
784.271	31.4
784.479	31.4
784.687	31.4
784.895	31.4
785.103	31.3
785.311	31.3
785.519	31.3
785.727	31.3
785.935	31.3
786.143	31.3
786.351	31.3
786.559	31.3
786.767	31.3
786.975	31.3
787.183	31.3
787.391	31.3
787.599	31.2
787.807	31.2
788.015	31.2
788.223	31.2
788.431	31.2
788.639	31.2
788.847	31.2
789.055	31.2
789.263	31.2
789.471	31.2
789.679	31.2
789.887	31.2
790.095	31.2
790.303	31.2
790.511	31.2
790.719	31.2
790.927	31.2
791.135	31.2
791.343	31.2
791.551	31.2
791.76	31.2
791.968	31.2
792.176	31.2
792.384	31.2
792.592	31.2
792.8	31.2
793.008	31.2
793.216	31.2
793.424	31.2
793.632	31.2
793.84	31.2
794.048	31.2
794.256	31.2
794.465	31.1
794.673	31.1
794.881	31.1
795.089	31.1
795.297	31.1
795.505	31.1
795.713	31.1
795.921	31.1
796.129	31.1
796.337	31.1
796.546	31.1
796.754	31.1
796.962	31.1
797.17	31.1
797.378	31.1
797.586	31.1
797.794	31
798.002	31
798.21	31
798.419	31
798.627	31
798.835	31
799.043	31
799.251	31
799.459	31
799.667	31
799.875	31
800.083	31
800.292	31
800.5	31
800.708	31
800.916	31
801.124	31
801.332	30.9
801.54	30.9
801.748	30.9
801.957	30.9
802.165	30.9
802.373	30.9
802.581	30.9
802.789	30.9
802.997	30.9
803.205	30.9
803.414	30.9
803.622	30.9
803.83	30.9
804.038	30.9
804.246	30.9
804.454	30.9
804.662	30.8
804.87	30.8
805.079	30.8
805.287	30.8
805.495	30.8
805.703	30.8
805.911	30.8
806.119	30.8
806.327	30.8
806.535	30.8
806.743	30.8
806.952	30.7
807.16	30.7
807.368	30.7
807.576	30.7
807.784	30.7
807.992	30.7
808.2	30.7
808.408	30.7
808.617	30.7
808.825	30.7
809.033	30.6
809.241	30.6
809.449	30.6
809.657	30.6
809.865	30.6
810.073	30.6
810.281	30.6
810.49	30.6
810.698	30.6
810.906	30.6
811.114	30.6
811.322	30.6
811.53	30.6
811.738	30.6
811.946	30.6
812.154	30.6
812.362	30.5
812.57	30.5
812.779	30.5
812.987	30.5
813.195	30.5
813.403	30.5
813.611	30.5
813.819	30.5
814.027	30.5
814.235	30.4
814.443	30.4
814.651	30.4
814.859	30.4
815.067	30.4
815.275	30.4
815.484	30.4
815.692	30.4
815.9	30.4
816.108	30.4
816.316	30.4
816.524	30.4
816.732	30.4
816.94	30.4
817.148	30.4
817.356	30.4
817.564	30.4
817.772	30.4
817.98	30.4
818.188	30.4
818.397	30.4
818.605	30.4
818.813	30.4
819.021	30.4
819.229	30.3
819.437	30.3
819.645	30.3
819.853	30.3
820.061	30.3
820.269	30.3
820.477	30.3
820.685	30.3
820.893	30.3
821.102	30.3
821.31	30.3
821.518	30.3
821.726	30.3
821.934	30.3
822.142	30.3
822.35	30.3
822.558	30.3
822.766	30.3
822.974	30.3
823.182	30.3
823.39	30.3
823.599	30.3
823.807	30.3
824.015	30.3
824.223	30.3
824.431	30.3
824.639	30.3
824.847	30.3
825.055	30.3
825.263	30.3
825.472	30.3
825.68	30.3
825.888	30.3
826.096	30.3
826.304	30.3
826.512	30.3
826.72	30.3
826.928	30.3
827.137	30.3
827.345	30.3
827.553	30.3
827.761	30.3
827.969	30.3
828.177	30.3
828.385	30.3
828.594	30.3
828.802	30.3
829.01	30.3
829.218	30.3
829.426	30.3
829.634	30.3
829.843	30.3
830.051	30.3
830.259	30.3
830.467	30.3
830.675	30.3
830.883	30.3
831.092	30.4
831.3	30.4
831.508	30.4
831.716	30.4
831.924	30.4
832.133	30.4
832.341	30.4
832.549	30.4
832.757	30.4
832.966	30.4
833.174	30.4
833.382	30.4
833.59	30.4
833.799	30.4
834.007	30.4
834.215	30.4
834.423	30.4
834.632	30.3
834.84	30.3
835.048	30.3
835.256	30.3
835.465	30.3
835.673	30.3
835.881	30.3
836.09	30.3
836.298	30.3
836.506	30.3
836.715	30.3
836.923	30.3
837.131	30.3
837.34	30.3
837.548	30.3
837.756	30.3
837.965	30.3
838.173	30.3
838.381	30.3
838.59	30.3
838.798	30.3
839.006	30.3
839.215	30.2
839.423	30.3
839.632	30.2
839.84	30.2
840.048	30.2
840.257	30.2
840.465	30.2
840.674	30.2
840.882	30.2
841.091	30.2
841.299	30.2
841.508	30.2
841.716	30.2
841.924	30.2
842.133	30.2
842.341	30.2
842.55	30.2
842.758	30.2
842.967	30.2
843.175	30.2
843.384	30.2
843.593	30.2
843.801	30.2
844.01	30.2
844.218	30.2
844.427	30.2
844.635	30.2
844.844	30.2
845.052	30.2
845.261	30.2
845.47	30.2
845.678	30.2
845.887	30.2
846.095	30.2
846.304	30.2
846.513	30.2
846.721	30.2
846.93	30.2
847.139	30.2
847.347	30.2
847.556	30.2
847.765	30.3
847.973	30.3
848.182	30.3
848.391	30.3
848.6	30.3
848.808	30.3
849.017	30.3
849.226	30.3
849.435	30.3
849.643	30.3
849.852	30.3
850.061	30.3
850.27	30.3
850.478	30.3
850.687	30.3
850.896	30.3
851.105	30.3
851.314	30.3
851.523	30.3
851.731	30.4
851.94	30.4
852.149	30.4
852.358	30.4
852.567	30.4
852.776	30.5
852.985	30.5
853.194	30.4
853.403	30.4
853.612	30.4
853.821	30.4
854.03	30.5
854.239	30.5
854.447	30.5
854.656	30.5
854.865	30.5
855.075	30.5
855.284	30.5
855.493	30.5
855.702	30.5
855.911	30.5
856.12	30.5
856.329	30.5
856.538	30.5
856.747	30.5
856.956	30.5
857.165	30.5
857.374	30.5
857.584	30.5
857.793	30.5
858.002	30.5
858.211	30.5
858.42	30.5
858.629	30.5
858.839	30.5
859.048	30.6
859.257	30.6
859.466	30.6
859.676	30.6
859.885	30.6
860.094	30.6
860.304	30.6
860.513	30.6
860.722	30.6
860.932	30.6
861.141	30.5
861.35	30.5
861.56	30.5
861.769	30.6
861.978	30.6
862.188	30.6
862.397	30.6
862.607	30.6
862.816	30.6
863.026	30.6
863.235	30.6
863.445	30.6
863.654	30.6
863.864	30.6
864.073	30.6
864.283	30.6
864.492	30.6
864.702	30.6
864.911	30.6
865.121	30.6
865.33	30.6
865.54	30.6
865.75	30.6
865.959	30.6
866.169	30.7
866.379	30.7
866.588	30.7
866.798	30.7
867.008	30.7
867.218	30.7
867.427	30.7
867.637	30.7
867.847	30.7
868.057	30.7
868.266	30.7
868.476	30.7
868.686	30.7
868.896	30.7
869.106	30.8
869.316	30.8
869.525	30.8
869.735	30.8
869.945	30.8
870.155	30.8
870.365	30.8
870.575	30.8
870.785	30.8
870.995	30.8
871.205	30.8
871.415	30.8
871.625	30.8
871.835	30.9
872.045	30.9
872.255	30.9
872.465	30.9
872.675	30.9
872.886	30.9
873.096	30.9
873.306	30.9
873.516	30.9
873.726	30.9
873.936	30.9
874.147	31
874.357	31
874.567	31
874.777	31
874.988	31
875.198	31
875.408	31
875.619	31
875.829	31
876.039	31
876.25	31
876.46	31
876.67	31
876.881	31
877.091	31
877.302	31
877.512	31
877.723	30.9
877.933	30.9
878.144	31
878.354	31
878.565	31
878.775	31
878.986	30.9
879.197	30.9
879.407	30.9
879.618	30.9
879.829	30.9
880.039	30.9
880.25	30.9
880.461	30.9
880.671	30.9
880.882	30.9
881.093	30.9
881.304	30.9
881.515	30.9
881.725	30.9
881.936	30.9
882.147	30.9
882.358	30.9
882.569	30.9
882.78	30.9
882.991	30.9
883.202	30.9
883.413	31
883.624	31
883.835	31
884.046	31
884.257	31
884.468	31
884.679	31.1
884.89	31.1
885.101	31.1
885.312	31.1
885.523	31.1
885.735	31.1
885.946	31.1
886.157	31.2
886.368	31.2
886.579	31.2
886.791	31.2
887.002	31.2
887.213	31.2
887.425	31.3
887.636	31.3
887.847	31.3
888.059	31.4
888.27	31.4
888.481	31.4
888.693	31.4
888.904	31.4
889.116	31.4
889.327	31.4
889.539	31.5
889.75	31.5
889.962	31.5
890.174	31.5
890.385	31.5
890.597	31.5
890.808	31.5
891.02	31.6
891.232	31.6
891.444	31.6
891.655	31.6
891.867	31.6
892.079	31.6
892.291	31.7
892.502	31.7
892.714	31.7
892.926	31.7
893.138	31.7
893.35	31.7
893.562	31.7
893.774	31.7
893.986	31.7
894.198	31.7
894.41	31.8
894.622	31.8
894.834	31.8
895.046	31.8
895.258	31.8
895.47	31.8
895.682	31.8
895.894	31.8
896.106	31.8
896.319	31.8
896.531	31.8
896.743	31.8
896.955	31.8
897.168	31.8
897.38	31.9
897.592	31.9
897.805	31.9
898.017	31.9
898.229	31.9
898.442	32
898.654	32
898.867	32
899.079	32
899.292	32.1
899.504	32.1
899.717	32.1
899.929	32.1
900.142	32.1
900.355	32.2
900.567	32.2
900.78	32.1
900.993	32.1
901.205	32.1
901.418	32.2
901.631	32.2
901.844	32.2
902.056	32.2
902.269	32.2
902.482	32.2
902.695	32.2
902.908	32.2
903.121	32.2
903.334	32.3
903.547	32.3
903.76	32.3
903.973	32.3
904.186	32.4
904.399	32.4
904.612	32.4
904.825	32.4
905.038	32.4
905.251	32.4
905.465	32.4
905.678	32.4
905.891	32.4
906.104	32.4
906.318	32.4
906.531	32.4
906.744	32.5
906.958	32.5
907.171	32.5
907.384	32.5
907.598	32.5
907.811	32.5
908.025	32.5
908.238	32.5
908.452	32.5
908.665	32.6
908.879	32.5
909.093	32.5
909.306	32.6
909.52	32.6
909.734	32.6
909.947	32.6
910.161	32.6
910.375	32.7
910.589	32.7
910.803	32.7
911.016	32.7
911.23	32.7
911.444	32.7
911.658	32.7
911.872	32.7
912.086	32.7
912.3	32.8
912.514	32.8
912.728	32.8
912.942	32.8
913.156	32.8
913.37	32.8
913.585	32.8
913.799	32.9
914.013	32.9
914.227	32.9
914.442	32.9
914.656	33
914.87	33
915.084	33
915.299	33
915.513	33
915.728	33
915.942	33
916.157	33
916.371	33
916.586	33
916.8	33.1
917.015	33.1
917.229	33.1
917.444	33.1
917.659	33.1
917.874	33.1
918.088	33.1
918.303	33.1
918.518	33.2
918.733	33.2
918.947	33.2
919.162	33.2
919.377	33.2
919.592	33.3
919.807	33.3
920.022	33.3
920.237	33.3
920.452	33.3
920.667	33.3
920.882	33.4
921.097	33.4
921.313	33.5
921.528	33.5
921.743	33.5
921.958	33.5
922.174	33.6
922.389	33.6
922.604	33.6
922.82	33.6
923.035	33.7
923.25	33.7
923.466	33.7
923.681	33.7
923.897	33.7
924.112	33.8
924.328	33.8
924.544	33.8
924.759	33.8
924.975	33.9
925.19	33.9
925.406	34
925.622	34
925.838	34.1
926.054	34.1
926.269	34.1
926.485	34.2
926.701	34.2
926.917	34.2
927.133	34.2
927.349	34.2
927.565	34.3
927.781	34.3
927.997	34.3
928.213	34.3
928.429	34.3
928.646	34.3
928.862	34.4
929.078	34.5
929.294	34.5
929.511	34.6
929.727	34.6
929.943	34.6
930.16	34.7
930.376	34.7
930.592	34.8
930.809	34.8
931.025	34.9
931.242	34.9
931.459	35
931.675	35
931.892	35
932.108	35.1
932.325	35.1
932.542	35.1
932.759	35.1
932.975	35.1
933.192	35.2
933.409	35.2
933.626	35.2
933.843	35.2
934.06	35.2
934.277	35.2
934.494	35.2
934.711	35.2
934.928	35.2
935.145	35.2
935.362	35.2
935.58	35.2
935.797	35.2
936.014	35.2
936.231	35.1
936.449	35.1
936.666	35.1
936.883	35
937.101	35
937.318	35
937.536	35
937.753	35
937.971	35
938.188	35
938.406	34.9
938.624	34.9
938.841	34.9
939.059	34.9
939.277	34.8
939.494	34.8
939.712	34.8
939.93	34.7
