360.161	14.1
360.333	14.1
360.504	14
360.676	14
360.847	14
361.019	14
361.19	14.1
361.361	14.1
361.533	14.1
361.704	14
361.876	13.9
362.047	14
362.219	14
362.391	13.9
362.562	13.8
362.734	13.8
362.905	13.8
363.077	13.8
363.248	13.7
363.42	13.6
363.592	13.6
363.763	13.5
363.935	13.5
364.106	13.5
364.278	13.6
364.45	13.5
364.621	13.4
364.793	13.4
364.965	13.4
365.137	13.4
365.308	13.3
365.48	13.3
365.652	13.3
365.824	13.2
365.995	13.2
366.167	13.2
366.339	13.2
366.511	13.1
366.683	13.1
366.854	13
367.026	12.8
367.198	12.8
367.37	12.7
367.542	12.7
367.714	12.7
367.886	12.6
368.058	12.6
368.23	12.5
368.402	12.5
368.574	12.5
368.746	12.5
368.918	12.5
369.09	12.4
369.262	12.4
369.434	12.4
369.606	12.4
369.778	12.4
369.95	12.3
370.122	12.2
370.294	12.3
370.467	12.2
370.639	12.2
370.811	12.2
370.983	12.2
371.155	12.1
371.328	12.1
371.5	12.1
371.672	12.1
371.844	12.1
372.017	12.1
372.189	12.1
372.361	12.1
372.534	12
372.706	12
372.878	11.9
373.051	11.8
373.223	11.8
373.396	11.7
373.568	11.7
373.741	11.7
373.913	11.7
374.086	11.7
374.258	11.7
374.431	11.8
374.603	11.8
374.776	11.7
374.949	11.7
375.121	11.7
375.294	11.6
375.467	11.6
375.639	11.6
375.812	11.5
375.985	11.5
376.157	11.5
376.33	11.5
376.503	11.4
376.676	11.4
376.849	11.3
377.021	11.3
377.194	11.3
377.367	11.3
377.54	11.3
377.713	11.2
377.886	11.2
378.059	11.2
378.232	11.1
378.405	11.1
378.578	11.1
378.751	11.1
378.924	11.1
379.097	11.1
379.27	11
379.444	11
379.617	11
379.79	11
379.963	10.9
380.136	10.9
380.31	10.9
380.483	10.9
380.656	10.9
380.829	10.9
381.003	10.8
381.176	10.8
381.35	10.8
381.523	10.8
381.696	10.7
381.87	10.7
382.043	10.7
382.217	10.7
382.39	10.6
382.564	10.6
382.738	10.6
382.911	10.6
383.085	10.6
383.258	10.6
383.432	10.6
383.606	10.6
383.779	10.6
383.953	10.6
384.127	10.6
384.301	10.5
384.475	10.5
384.648	10.5
384.822	10.5
384.996	10.4
385.17	10.4
385.344	10.4
385.518	10.4
385.692	10.4
385.866	10.4
386.04	10.3
386.214	10.3
386.388	10.3
386.562	10.3
386.737	10.2
386.911	10.2
387.085	10.2
387.259	10.2
387.434	10.2
387.608	10.2
387.782	10.2
387.956	10.2
388.131	10.2
388.305	10.2
388.48	10.2
388.654	10.2
388.829	10.1
389.003	10.1
389.178	10.1
389.352	10.1
389.527	10.1
389.701	10.1
389.876	10.1
390.051	10.1
390.226	10.1
390.4	10
390.575	10
390.75	10
390.925	10
391.099	10
391.274	10
391.449	10
391.624	10
391.799	10
391.974	10
392.149	10
392.324	9.9
392.499	9.9
392.675	10
392.85	10
393.025	9.9
393.2	9.9
393.375	9.9
393.551	9.9
393.726	9.9
393.901	9.9
394.077	9.8
394.252	9.8
394.427	9.8
394.603	9.8
394.778	9.8
394.954	9.7
395.129	9.7
395.305	9.7
395.481	9.7
395.656	9.7
395.832	9.7
396.008	9.6
396.184	9.6
396.359	9.6
396.535	9.6
396.711	9.6
396.887	9.6
397.063	9.6
397.239	9.5
397.415	9.5
397.591	9.5
397.767	9.5
397.943	9.5
398.119	9.4
398.295	9.4
398.471	9.4
398.648	9.4
398.824	9.4
399	9.4
399.176	9.4
399.353	9.4
399.529	9.4
399.706	9.3
399.882	9.3
400.058	9.3
400.235	9.3
400.412	9.3
400.588	9.3
400.765	9.3
400.942	9.3
401.118	9.3
401.295	9.3
401.472	9.3
401.649	9.3
401.825	9.3
402.002	9.3
402.179	9.3
402.356	9.2
402.533	9.2
402.71	9.2
402.887	9.2
403.064	9.2
403.242	9.2
403.419	9.2
403.596	9.2
403.773	9.2
403.95	9.2
404.128	9.2
404.305	9.2
404.483	9.2
404.66	9.2
404.837	9.2
405.015	9.1
405.193	9.2
405.37	9.2
405.548	9.2
405.725	9.1
405.903	9.1
406.081	9.1
406.259	9.1
406.437	9.1
406.614	9.1
406.792	9.1
406.97	9.1
407.148	9.1
407.326	9.1
407.504	9.1
407.682	9.1
407.86	9.1
408.039	9.1
408.217	9.1
408.395	9
408.573	9
408.751	9
408.93	9
409.108	9
409.287	9
409.465	9
409.643	9
409.822	8.9
410	8.9
410.179	8.9
410.358	8.9
410.536	8.9
410.715	8.9
410.894	8.9
411.072	8.9
411.251	8.9
411.43	8.8
411.609	8.8
411.788	8.8
411.967	8.8
412.146	8.8
412.325	8.8
412.504	8.8
412.683	8.8
412.862	8.8
413.041	8.8
413.22	8.8
413.399	8.8
413.578	8.7
413.758	8.7
413.937	8.7
414.116	8.7
414.296	8.7
414.475	8.7
414.654	8.7
414.834	8.7
415.013	8.6
415.193	8.6
415.372	8.6
415.552	8.6
415.732	8.6
415.911	8.6
416.091	8.5
416.271	8.5
416.45	8.5
416.63	8.5
416.81	8.5
416.99	8.5
417.169	8.5
417.349	8.5
417.529	8.5
417.709	8.5
417.889	8.5
418.069	8.5
418.249	8.5
418.429	8.4
418.609	8.4
418.789	8.4
418.97	8.4
419.15	8.4
419.33	8.4
419.51	8.4
419.691	8.3
419.871	8.3
420.051	8.3
420.232	8.3
420.412	8.3
420.592	8.3
420.773	8.3
420.953	8.3
421.134	8.2
421.314	8.2
421.495	8.2
421.675	8.2
421.856	8.2
422.037	8.2
422.217	8.2
422.398	8.2
422.579	8.2
422.76	8.2
422.94	8.2
423.121	8.2
423.302	8.2
423.483	8.2
423.664	8.2
423.845	8.1
424.026	8.1
424.207	8.1
424.388	8.1
424.569	8.1
424.75	8.1
424.931	8.1
425.112	8.1
425.293	8.1
425.474	8
425.655	8
425.837	8
426.018	8
426.199	8
426.38	8
426.562	8
426.743	8
426.924	8
427.106	8
427.287	8
427.469	8
427.65	8
427.832	8
428.013	7.9
428.195	7.9
428.376	7.9
428.558	7.9
428.739	7.9
428.921	7.9
429.103	7.9
429.284	7.9
429.466	7.9
429.648	7.9
429.83	7.9
430.011	7.9
430.193	7.9
430.375	7.9
430.557	7.8
430.739	7.8
430.921	7.8
431.102	7.8
431.284	7.8
431.466	7.8
431.648	7.8
431.83	7.8
432.012	7.8
432.194	7.8
432.377	7.8
432.559	7.8
432.741	7.8
432.923	7.7
433.105	7.7
433.287	7.7
433.469	7.7
433.652	7.7
433.834	7.7
434.016	7.7
434.198	7.7
434.381	7.7
434.563	7.7
434.745	7.7
434.928	7.7
435.11	7.7
435.293	7.7
435.475	7.7
435.658	7.6
435.84	7.6
436.022	7.6
436.205	7.6
436.388	7.6
436.57	7.6
436.753	7.6
436.935	7.6
437.118	7.6
437.301	7.6
437.483	7.6
437.666	7.6
437.849	7.6
438.031	7.6
438.214	7.6
438.397	7.6
438.58	7.6
438.762	7.6
438.945	7.6
439.128	7.6
439.311	7.5
439.494	7.5
439.677	7.5
439.859	7.5
440.042	7.5
440.225	7.5
440.408	7.5
440.591	7.5
440.774	7.5
440.957	7.5
441.14	7.5
441.323	7.5
441.507	7.5
441.69	7.5
441.873	7.4
442.056	7.4
442.239	7.4
442.422	7.4
442.605	7.4
442.789	7.4
442.972	7.4
443.155	7.4
443.338	7.4
443.522	7.4
443.705	7.4
443.888	7.4
444.072	7.4
444.255	7.4
444.438	7.4
444.622	7.3
444.805	7.3
444.989	7.3
445.172	7.3
445.356	7.3
445.539	7.3
445.723	7.3
445.906	7.3
446.09	7.3
446.273	7.3
446.457	7.3
446.64	7.3
446.824	7.3
447.008	7.3
447.191	7.3
447.375	7.3
447.559	7.3
447.742	7.3
447.926	7.3
448.11	7.3
448.293	7.3
448.477	7.3
448.661	7.2
448.845	7.2
449.029	7.2
449.212	7.2
449.396	7.2
449.58	7.2
449.764	7.2
449.948	7.2
450.132	7.2
450.316	7.2
450.5	7.2
450.684	7.2
450.868	7.2
451.052	7.2
451.236	7.2
451.42	7.2
451.604	7.2
451.788	7.2
451.972	7.2
452.156	7.2
452.34	7.2
452.525	7.2
452.709	7.3
452.893	7.3
453.077	7.3
453.261	7.3
453.446	7.3
453.63	7.3
453.814	7.3
453.998	7.3
454.183	7.3
454.367	7.3
454.551	7.3
454.736	7.3
454.92	7.3
455.104	7.3
455.289	7.3
455.473	7.3
455.658	7.3
455.842	7.4
456.026	7.4
456.211	7.4
456.395	7.4
456.58	7.4
456.764	7.4
456.949	7.4
457.134	7.4
457.318	7.4
457.503	7.5
457.687	7.5
457.872	7.5
458.057	7.5
458.241	7.5
458.426	7.5
458.611	7.5
458.795	7.5
458.98	7.6
459.165	7.6
459.349	7.6
459.534	7.6
459.719	7.6
459.904	7.6
460.088	7.6
460.273	7.7
460.458	7.7
460.643	7.7
460.828	7.7
461.013	7.7
461.198	7.7
461.382	7.7
461.567	7.7
461.752	7.7
461.937	7.8
462.122	7.8
462.307	7.8
462.492	7.8
462.677	7.8
462.862	7.8
463.047	7.8
463.232	7.9
463.417	7.9
463.602	7.9
463.788	7.9
463.973	7.9
464.158	7.9
464.343	7.9
464.528	8
464.713	8
464.898	8
465.084	8
465.269	8
465.454	8
465.639	8
465.824	8
466.01	8.1
466.195	8.1
466.38	8.1
466.566	8.1
466.751	8.1
466.936	8.1
467.122	8.1
467.307	8.1
467.492	8.1
467.678	8.2
467.863	8.2
468.048	8.2
468.234	8.2
468.419	8.2
468.605	8.2
468.79	8.2
468.976	8.2
469.161	8.2
469.347	8.2
469.532	8.3
469.718	8.3
469.903	8.3
470.089	8.3
470.274	8.3
470.46	8.3
470.646	8.3
470.831	8.3
471.017	8.3
471.202	8.3
471.388	8.3
471.574	8.3
471.759	8.3
471.945	8.3
472.131	8.3
472.317	8.3
472.502	8.4
472.688	8.4
472.874	8.4
473.059	8.4
473.245	8.4
473.431	8.4
473.617	8.4
473.803	8.4
473.988	8.4
474.174	8.4
474.36	8.4
474.546	8.4
474.732	8.4
474.918	8.5
475.104	8.5
475.29	8.5
475.475	8.5
475.661	8.5
475.847	8.5
476.033	8.5
476.219	8.5
476.405	8.5
476.591	8.5
476.777	8.5
476.963	8.6
477.149	8.6
477.335	8.6
477.521	8.6
477.707	8.6
477.893	8.6
478.08	8.6
478.266	8.6
478.452	8.6
478.638	8.6
478.824	8.7
479.01	8.7
479.196	8.7
479.382	8.7
479.569	8.7
479.755	8.7
479.941	8.7
480.127	8.8
480.313	8.8
480.5	8.8
480.686	8.8
480.872	8.8
481.058	8.8
481.245	8.8
481.431	8.9
481.617	8.9
481.803	8.9
481.99	8.9
482.176	8.9
482.362	8.9
482.549	9
482.735	9
482.921	9
483.108	9
483.294	9
483.481	9.1
483.667	9.1
483.853	9.1
484.04	9.1
484.226	9.2
484.413	9.2
484.599	9.2
484.786	9.2
484.972	9.3
485.159	9.3
485.345	9.3
485.532	9.3
485.718	9.4
485.905	9.4
486.091	9.4
486.278	9.4
486.464	9.5
486.651	9.5
486.837	9.5
487.024	9.6
487.211	9.6
487.397	9.6
487.584	9.7
487.77	9.7
487.957	9.7
488.144	9.8
488.33	9.8
488.517	9.9
488.704	9.9
488.89	9.9
489.077	10
489.264	10
489.45	10.1
489.637	10.1
489.824	10.1
490.01	10.2
490.197	10.2
490.384	10.3
490.571	10.3
490.757	10.4
490.944	10.4
491.131	10.5
491.318	10.5
491.505	10.6
491.691	10.6
491.878	10.7
492.065	10.7
492.252	10.8
492.439	10.8
492.626	10.9
492.812	10.9
492.999	11
493.186	11.1
493.373	11.1
493.56	11.2
493.747	11.2
493.934	11.3
494.121	11.4
494.308	11.4
494.494	11.5
494.681	11.5
494.868	11.6
495.055	11.7
495.242	11.8
495.429	11.8
495.616	11.9
495.803	12
495.99	12
496.177	12.1
496.364	12.2
496.551	12.2
496.738	12.3
496.925	12.4
497.112	12.5
497.299	12.5
497.486	12.6
497.673	12.7
497.861	12.8
498.048	12.9
498.235	12.9
498.422	13
498.609	13.1
498.796	13.2
498.983	13.3
499.17	13.4
499.357	13.4
499.544	13.5
499.732	13.6
499.919	13.7
500.106	13.8
500.293	13.9
500.48	14
500.667	14.1
500.855	14.2
501.042	14.2
501.229	14.3
501.416	14.4
501.603	14.5
501.791	14.6
501.978	14.7
502.165	14.8
502.352	14.9
502.54	15
502.727	15.1
502.914	15.2
503.101	15.3
503.289	15.4
503.476	15.5
503.663	15.6
503.85	15.8
504.038	15.9
504.225	16
504.412	16.1
504.6	16.2
504.787	16.3
504.974	16.4
505.161	16.5
505.349	16.6
505.536	16.7
505.723	16.8
505.911	17
506.098	17.1
506.286	17.2
506.473	17.3
506.66	17.4
506.848	17.5
507.035	17.6
507.222	17.8
507.41	17.9
507.597	18
507.785	18.1
507.972	18.2
508.159	18.3
508.347	18.5
508.534	18.6
508.722	18.7
508.909	18.8
509.097	18.9
509.284	19
509.471	19.2
509.659	19.3
509.846	19.4
510.034	19.5
510.221	19.6
510.409	19.8
510.596	19.9
510.784	20
510.971	20.1
511.159	20.2
511.346	20.3
511.534	20.5
511.721	20.6
511.909	20.7
512.096	20.8
512.284	20.9
512.471	21
512.659	21.2
512.846	21.3
513.034	21.4
513.221	21.5
513.409	21.6
513.596	21.7
513.784	21.8
513.972	22
514.159	22.1
514.347	22.2
514.534	22.3
514.722	22.4
514.909	22.5
515.097	22.6
515.285	22.7
515.472	22.9
515.66	23
515.847	23.1
516.035	23.2
516.222	23.3
516.41	23.4
516.598	23.5
516.785	23.6
516.973	23.7
517.161	23.8
517.348	24
517.536	24.1
517.723	24.2
517.911	24.3
518.099	24.4
518.286	24.5
518.474	24.6
518.662	24.7
518.849	24.8
519.037	24.9
519.225	25
519.412	25.1
519.6	25.2
519.787	25.3
519.975	25.4
520.163	25.5
520.35	25.6
520.538	25.7
520.726	25.8
520.914	25.8
521.101	25.9
521.289	26
521.477	26.1
521.664	26.2
521.852	26.3
522.04	26.4
522.227	26.5
522.415	26.6
522.603	26.6
522.79	26.7
522.978	26.8
523.166	26.9
523.354	27
523.541	27.1
523.729	27.2
523.917	27.2
524.104	27.3
524.292	27.4
524.48	27.5
524.668	27.5
524.855	27.6
525.043	27.7
525.231	27.8
525.418	27.9
525.606	27.9
525.794	28
525.982	28.1
526.169	28.2
526.357	28.2
526.545	28.3
526.733	28.4
526.92	28.5
527.108	28.5
527.296	28.6
527.484	28.7
527.671	28.8
527.859	28.8
528.047	28.9
528.235	28.9
528.422	29
528.61	29.1
528.798	29.1
528.986	29.2
529.173	29.3
529.361	29.3
529.549	29.4
529.737	29.5
529.924	29.5
530.112	29.6
530.3	29.6
530.488	29.7
530.675	29.8
530.863	29.8
531.051	29.9
531.239	29.9
531.426	30
531.614	30
531.802	30.1
531.99	30.1
532.177	30.2
532.365	30.3
532.553	30.3
532.741	30.4
532.928	30.4
533.116	30.5
533.304	30.5
533.492	30.6
533.679	30.6
533.867	30.7
534.055	30.7
534.243	30.8
534.431	30.8
534.618	30.9
534.806	30.9
534.994	30.9
535.182	31
535.369	31
535.557	31.1
535.745	31.1
535.933	31.2
536.12	31.2
536.308	31.3
536.496	31.3
536.684	31.3
536.871	31.4
537.059	31.4
537.247	31.5
537.435	31.5
537.622	31.6
537.81	31.6
537.998	31.7
538.186	31.7
538.373	31.7
538.561	31.8
538.749	31.8
538.937	31.9
539.124	31.9
539.312	32
539.5	32
539.688	32.1
539.875	32.1
540.063	32.1
540.251	32.2
540.439	32.2
540.626	32.3
540.814	32.3
541.002	32.3
541.19	32.4
541.377	32.4
541.565	32.4
541.753	32.5
541.941	32.5
542.128	32.6
542.316	32.6
542.504	32.6
542.691	32.7
542.879	32.7
543.067	32.7
543.255	32.8
543.442	32.8
543.63	32.8
543.818	32.9
544.005	32.9
544.193	32.9
544.381	33
544.568	33
544.756	33
544.944	33.1
545.132	33.1
545.319	33.1
545.507	33.2
545.695	33.2
545.882	33.2
546.07	33.2
546.258	33.3
546.445	33.3
546.633	33.3
546.821	33.4
547.008	33.4
547.196	33.4
547.384	33.4
547.571	33.5
547.759	33.5
547.947	33.5
548.134	33.6
548.322	33.6
548.51	33.6
548.697	33.6
548.885	33.7
549.073	33.7
549.26	33.7
549.448	33.8
549.636	33.8
549.823	33.8
550.011	33.8
550.199	33.9
550.386	33.9
550.574	33.9
550.762	33.9
550.949	34
551.137	34
551.325	34
551.512	34
551.7	34.1
551.888	34.1
552.075	34.1
552.263	34.1
552.451	34.2
552.639	34.2
552.826	34.2
553.014	34.2
553.202	34.3
553.389	34.3
553.577	34.3
553.765	34.3
553.953	34.4
554.14	34.4
554.328	34.4
554.516	34.4
554.704	34.5
554.891	34.5
555.079	34.5
555.267	34.5
555.455	34.5
555.643	34.6
555.83	34.6
556.018	34.6
556.206	34.6
556.394	34.7
556.582	34.7
556.77	34.7
556.957	34.7
557.145	34.7
557.333	34.8
557.521	34.8
557.709	34.8
557.897	34.8
558.085	34.9
558.273	34.9
558.461	34.9
558.649	34.9
558.837	35
559.025	35
559.213	35
559.4	35
559.588	35.1
559.777	35.1
559.965	35.1
560.153	35.1
560.341	35.1
560.529	35.2
560.717	35.2
560.905	35.2
561.093	35.2
561.281	35.3
561.469	35.3
561.657	35.3
561.845	35.3
562.034	35.3
562.222	35.3
562.41	35.4
562.598	35.4
562.786	35.4
562.975	35.4
563.163	35.4
563.351	35.5
563.539	35.5
563.728	35.5
563.916	35.5
564.104	35.5
564.293	35.6
564.481	35.6
564.67	35.6
564.858	35.6
565.046	35.6
565.235	35.7
565.423	35.7
565.612	35.7
565.8	35.7
565.989	35.7
566.177	35.7
566.366	35.7
566.554	35.7
566.743	35.8
566.932	35.8
567.12	35.8
567.309	35.8
567.497	35.8
567.686	35.8
567.875	35.8
568.064	35.9
568.252	35.9
568.441	35.9
568.63	35.9
568.819	35.9
569.007	35.9
569.196	35.9
569.385	36
569.574	36
569.763	36
569.952	36
570.141	36
570.33	36
570.519	36
570.708	36.1
570.897	36.1
571.086	36.1
571.275	36.1
571.464	36.1
571.653	36.1
571.843	36.1
572.032	36.1
572.221	36.2
572.41	36.2
572.599	36.2
572.789	36.2
572.978	36.2
573.167	36.2
573.357	36.2
573.546	36.2
573.736	36.2
573.925	36.3
574.115	36.3
574.304	36.3
574.494	36.3
574.683	36.3
574.873	36.3
575.062	36.3
575.252	36.3
575.442	36.3
575.631	36.4
575.821	36.4
576.011	36.4
576.201	36.4
576.39	36.4
576.58	36.4
576.77	36.4
576.96	36.4
577.15	36.4
577.34	36.5
577.53	36.5
577.72	36.5
577.91	36.5
578.1	36.5
578.29	36.5
578.48	36.5
578.67	36.5
578.861	36.5
579.051	36.5
579.241	36.5
579.431	36.5
579.622	36.5
579.812	36.6
580.002	36.6
580.193	36.6
580.383	36.6
580.574	36.6
580.764	36.6
580.955	36.6
581.145	36.6
581.336	36.6
581.526	36.6
581.717	36.7
581.908	36.7
582.098	36.7
582.289	36.7
582.48	36.7
582.671	36.7
582.862	36.7
583.052	36.7
583.243	36.7
583.434	36.7
583.625	36.7
583.816	36.7
584.007	36.7
584.198	36.8
584.389	36.8
584.58	36.8
584.771	36.8
584.962	36.8
585.154	36.8
585.345	36.8
585.536	36.8
585.727	36.8
585.918	36.8
586.11	36.9
586.301	36.9
586.492	36.9
586.684	36.9
586.875	36.9
587.067	36.9
587.258	36.9
587.45	36.9
587.641	36.9
587.833	36.9
588.024	36.9
588.216	36.9
588.408	36.9
588.599	36.9
588.791	37
588.983	37
589.174	37
589.366	37
589.558	37
589.75	37
589.942	37
590.134	37
590.326	37
590.518	37
590.71	37
590.902	37
591.094	37
591.286	37
591.478	37.1
591.67	37.1
591.862	37.1
592.054	37.1
592.246	37.1
592.439	37.1
592.631	37.1
592.823	37.1
593.016	37.1
593.208	37.1
593.4	37.1
593.593	37.1
593.785	37.1
593.978	37.1
594.17	37.1
594.363	37.1
594.555	37.1
594.748	37.1
594.94	37.1
595.133	37.1
595.326	37.1
595.518	37.1
595.711	37.1
595.904	37.1
596.096	37.1
596.289	37.1
596.482	37.1
596.675	37.2
596.868	37.2
597.061	37.2
597.254	37.2
597.447	37.2
597.64	37.2
597.833	37.2
598.026	37.2
598.219	37.2
598.412	37.2
598.605	37.2
598.798	37.2
598.991	37.2
599.184	37.2
599.378	37.2
599.571	37.2
599.764	37.2
599.957	37.2
600.151	37.2
600.344	37.2
600.538	37.2
600.731	37.2
600.924	37.2
601.118	37.2
601.311	37.2
601.505	37.2
601.698	37.2
601.892	37.2
602.086	37.2
602.279	37.2
602.473	37.2
602.667	37.2
602.86	37.2
603.054	37.2
603.248	37.2
603.442	37.2
603.635	37.2
603.829	37.2
604.023	37.3
604.217	37.3
604.411	37.3
604.605	37.3
604.799	37.2
604.993	37.2
605.187	37.2
605.381	37.2
605.575	37.2
605.769	37.2
605.963	37.3
606.157	37.3
606.352	37.3
606.546	37.3
606.74	37.3
606.934	37.3
607.129	37.3
607.323	37.3
607.517	37.3
607.712	37.3
607.906	37.3
608.1	37.2
608.295	37.2
608.489	37.2
608.684	37.2
608.878	37.2
609.073	37.2
609.267	37.2
609.462	37.2
609.657	37.2
609.851	37.2
610.046	37.2
610.241	37.2
610.435	37.2
610.63	37.2
610.825	37.2
611.02	37.2
611.215	37.2
611.41	37.2
611.604	37.2
611.799	37.2
611.994	37.2
612.189	37.2
612.384	37.2
612.579	37.2
612.774	37.2
612.969	37.2
613.164	37.2
613.359	37.2
613.555	37.2
613.75	37.2
613.945	37.2
614.14	37.2
614.335	37.2
614.531	37.2
614.726	37.2
614.921	37.2
615.117	37.2
615.312	37.2
615.507	37.2
615.703	37.2
615.898	37.2
616.094	37.1
616.289	37.1
616.485	37.1
616.68	37.1
616.876	37.1
617.071	37.1
617.267	37.1
617.463	37.1
617.658	37.1
617.854	37.1
618.05	37.1
618.245	37.1
618.441	37.1
618.637	37.1
618.833	37.1
619.029	37.1
619.225	37.1
619.42	37.1
619.616	37.1
619.812	37.1
620.008	37.1
620.204	37.1
620.4	37.1
620.596	37
620.792	37
620.988	37
621.184	37
621.381	37
621.577	37
621.773	37
621.969	37
622.165	37
622.362	37
622.558	37
622.754	37
622.951	37
623.147	37
623.343	37
623.54	37
623.736	37
623.933	37
624.129	37
624.326	37
624.522	37
624.719	37
624.915	37
625.112	36.9
625.308	36.9
625.505	36.9
625.702	36.9
625.898	36.9
626.095	36.9
626.292	36.9
626.489	36.9
626.685	36.9
626.882	36.9
627.079	36.9
627.276	36.9
627.473	36.9
627.67	36.9
627.866	36.9
628.063	36.9
628.26	36.9
628.457	36.9
628.654	36.9
628.851	36.9
629.048	36.9
629.246	36.9
629.443	36.9
629.64	36.9
629.837	36.9
630.034	36.9
630.231	36.9
630.429	36.9
630.626	36.9
630.823	36.9
631.02	36.9
631.218	36.9
631.415	36.9
631.612	36.9
631.81	36.9
632.007	36.9
632.205	36.9
632.402	36.9
632.6	36.9
632.797	36.9
632.995	36.9
633.192	36.9
633.39	36.9
633.587	36.9
633.785	36.9
633.983	36.9
634.18	36.9
634.378	36.9
634.576	36.9
634.773	36.9
634.971	36.9
635.169	36.9
635.367	36.9
635.565	36.9
635.762	36.9
635.96	36.9
636.158	36.9
636.356	36.9
636.554	36.9
636.752	36.9
636.95	36.9
637.148	36.9
637.346	36.9
637.544	36.9
637.742	36.9
637.94	36.9
638.138	36.9
638.337	36.9
638.535	36.9
638.733	36.9
638.931	36.9
639.129	36.9
639.328	36.9
639.526	36.9
639.724	36.9
639.922	36.9
640.121	36.9
640.319	36.9
640.518	37
640.716	37
640.914	37
641.113	37
641.311	37
641.51	37
641.708	37
641.907	37
642.105	37
642.304	37
642.503	37
642.701	37
642.9	37
643.098	37.1
643.297	37.1
643.496	37.1
643.695	37.1
643.893	37.1
644.092	37.1
644.291	37.1
644.49	37.1
644.689	37.1
644.887	37.1
645.086	37.1
645.285	37.1
645.484	37.1
645.683	37.1
645.882	37.1
646.081	37.1
646.28	37.2
646.479	37.2
646.678	37.2
646.877	37.2
647.076	37.2
647.276	37.2
647.475	37.2
647.674	37.2
647.873	37.2
648.072	37.2
648.271	37.2
648.471	37.2
648.67	37.2
648.869	37.2
649.069	37.2
649.268	37.2
649.467	37.2
649.667	37.3
649.866	37.3
650.065	37.3
650.265	37.3
650.464	37.3
650.664	37.3
650.863	37.3
651.063	37.3
651.262	37.3
651.462	37.3
651.662	37.3
651.861	37.3
652.061	37.3
652.26	37.3
652.46	37.3
652.66	37.3
652.859	37.3
653.059	37.3
653.259	37.3
653.459	37.3
653.658	37.3
653.858	37.3
654.058	37.3
654.258	37.3
654.458	37.3
654.658	37.3
654.858	37.3
655.058	37.3
655.258	37.3
655.457	37.3
655.657	37.4
655.857	37.4
656.058	37.4
656.258	37.4
656.458	37.4
656.658	37.4
656.858	37.4
657.058	37.4
657.258	37.4
657.458	37.4
657.659	37.4
657.859	37.4
658.059	37.4
658.259	37.4
658.459	37.4
658.66	37.4
658.86	37.4
659.06	37.4
659.261	37.4
659.461	37.4
659.662	37.4
659.862	37.4
660.062	37.4
660.263	37.4
660.463	37.4
660.664	37.4
660.864	37.4
661.065	37.4
661.265	37.4
661.466	37.4
661.667	37.4
661.867	37.4
662.068	37.4
662.268	37.4
662.469	37.4
662.67	37.4
662.87	37.4
663.071	37.4
663.272	37.4
663.473	37.4
663.674	37.4
663.874	37.3
664.075	37.3
664.276	37.3
664.477	37.3
664.678	37.3
664.879	37.3
665.08	37.3
665.28	37.3
665.481	37.3
665.682	37.3
665.883	37.3
666.084	37.3
666.285	37.3
666.486	37.3
666.688	37.3
666.889	37.3
667.09	37.3
667.291	37.3
667.492	37.3
667.693	37.3
667.894	37.3
668.096	37.3
668.297	37.3
668.498	37.3
668.699	37.3
668.901	37.3
669.102	37.3
669.303	37.3
669.505	37.3
669.706	37.3
669.907	37.3
670.109	37.3
670.31	37.2
670.511	37.2
670.713	37.2
670.914	37.2
671.116	37.2
671.317	37.2
671.519	37.2
671.72	37.2
671.922	37.2
672.124	37.2
672.325	37.2
672.527	37.2
672.728	37.2
672.93	37.2
673.132	37.2
673.333	37.2
673.535	37.2
673.737	37.2
673.939	37.2
674.14	37.2
674.342	37.2
674.544	37.2
674.746	37.2
674.948	37.2
675.149	37.2
675.351	37.2
675.553	37.2
675.755	37.2
675.957	37.2
676.159	37.2
676.361	37.2
676.563	37.2
676.765	37.2
676.967	37.2
677.169	37.2
677.371	37.2
677.573	37.2
677.775	37.2
677.977	37.2
678.179	37.2
678.381	37.2
678.583	37.2
678.786	37.2
678.988	37.2
679.19	37.2
679.392	37.2
679.594	37.2
679.797	37.2
679.999	37.3
680.201	37.3
680.404	37.3
680.606	37.3
680.808	37.3
681.011	37.3
681.213	37.3
681.415	37.3
681.618	37.3
681.82	37.3
682.023	37.3
682.225	37.3
682.428	37.3
682.63	37.3
682.833	37.3
683.035	37.3
683.238	37.3
683.44	37.3
683.643	37.3
683.845	37.3
684.048	37.3
684.251	37.3
684.453	37.3
684.656	37.3
684.859	37.3
685.061	37.3
685.264	37.3
685.467	37.3
685.67	37.4
685.872	37.4
686.075	37.4
686.278	37.4
686.481	37.4
686.684	37.4
686.886	37.4
687.089	37.4
687.292	37.4
687.495	37.4
687.698	37.4
687.901	37.4
688.104	37.4
688.307	37.4
688.51	37.4
688.713	37.5
688.916	37.5
689.119	37.5
689.322	37.5
689.525	37.5
689.728	37.5
689.931	37.5
690.134	37.5
690.337	37.5
690.54	37.5
690.744	37.5
690.947	37.5
691.15	37.5
691.353	37.6
691.556	37.6
691.76	37.6
691.963	37.6
692.166	37.6
692.37	37.6
692.573	37.6
692.776	37.6
692.979	37.6
693.183	37.6
693.386	37.6
693.59	37.6
693.793	37.6
693.996	37.6
694.2	37.6
694.403	37.6
694.607	37.6
694.81	37.7
695.014	37.7
695.217	37.7
695.421	37.7
695.624	37.7
695.828	37.7
696.031	37.7
696.235	37.7
696.439	37.7
696.642	37.7
696.846	37.7
697.049	37.7
697.253	37.7
697.457	37.7
697.661	37.7
697.864	37.7
698.068	37.7
698.272	37.7
698.475	37.8
698.679	37.8
698.883	37.8
699.087	37.8
699.291	37.8
699.494	37.8
699.698	37.8
699.902	37.8
700.106	37.8
700.31	37.8
700.514	37.8
700.718	37.8
700.922	37.8
701.126	37.8
701.33	37.8
701.534	37.8
701.738	37.8
701.942	37.8
702.146	37.8
702.35	37.8
702.554	37.8
702.758	37.8
702.962	37.8
703.166	37.8
703.37	37.8
703.574	37.8
703.778	37.8
703.983	37.8
704.187	37.8
704.391	37.8
704.595	37.8
704.799	37.8
705.004	37.8
705.208	37.8
705.412	37.8
705.616	37.8
705.821	37.8
706.025	37.8
706.229	37.8
706.434	37.8
706.638	37.8
706.842	37.8
707.047	37.8
707.251	37.8
707.455	37.8
707.66	37.9
707.864	37.9
708.069	37.9
708.273	37.9
708.478	37.9
708.682	37.9
708.887	37.9
709.091	37.9
709.296	37.9
709.5	37.9
709.705	37.9
709.909	37.9
710.114	37.9
710.319	37.9
710.523	37.9
710.728	37.9
710.932	37.9
711.137	37.9
711.342	37.9
711.546	37.9
711.751	37.9
711.956	37.9
712.161	37.9
712.365	37.9
712.57	37.9
712.775	37.9
712.98	37.9
713.184	37.9
713.389	37.9
713.594	37.9
713.799	37.9
714.004	37.9
714.209	37.9
714.413	37.9
714.618	37.9
714.823	38
715.028	38
715.233	38
715.438	38
715.643	38
715.848	38
716.053	38
716.258	38
716.463	38
716.668	38
716.873	37.9
717.078	37.9
717.283	37.9
717.488	37.9
717.693	37.9
717.898	37.9
718.103	38
718.308	38
718.514	38
718.719	38
718.924	38
719.129	38
719.334	38
719.539	38
719.745	38
719.95	38
720.155	38
720.36	38
720.566	38
720.771	38
720.976	38
721.182	38
721.387	38
721.592	38
721.798	38
722.003	38
722.208	38
722.414	38
722.619	38
722.824	38
723.03	38
723.235	38
723.441	38
723.646	38
723.852	38
724.057	38
724.263	38
724.468	38
724.674	38
724.879	38
725.085	38
725.29	38
725.496	38
725.701	38
725.907	38
726.112	38
726.318	38
726.524	38
726.729	38
726.935	38
727.141	38
727.346	38
727.552	38
727.758	38
727.963	38
728.169	38
728.375	38
728.581	38
728.786	38
728.992	38
729.198	38
729.404	38.1
729.609	38.1
729.815	38.1
730.021	38.1
730.227	38.1
730.433	38.1
730.639	38.1
730.844	38.1
731.05	38.1
731.256	38.1
731.462	38.1
731.668	38.1
731.874	38.1
732.08	38.1
732.286	38.1
732.492	38.1
732.698	38.1
732.904	38.1
733.11	38.1
733.316	38.1
733.522	38.1
733.728	38.1
733.934	38.1
734.14	38.1
734.346	38.1
734.552	38.1
734.758	38.1
734.964	38.1
735.17	38.1
735.376	38.1
735.583	38.1
735.789	38.1
735.995	38.1
736.201	38.1
736.407	38.1
736.613	38.1
736.819	38.1
737.026	38.1
737.232	38.1
737.438	38.1
737.644	38.1
737.851	38.1
738.057	38.1
738.263	38.1
738.469	38.1
738.676	38.1
738.882	38.1
739.088	38.1
739.295	38.1
739.501	38.1
739.707	38.1
739.914	38.1
740.12	38.1
740.326	38.1
740.533	38.1
740.739	38.1
740.946	38.1
741.152	38.1
741.358	38.1
741.565	38.1
741.771	38.1
741.978	38.2
742.184	38.2
742.391	38.2
742.597	38.2
742.804	38.2
743.01	38.2
743.217	38.2
743.423	38.2
743.63	38.2
743.836	38.2
744.043	38.2
744.249	38.2
744.456	38.2
744.663	38.2
744.869	38.2
745.076	38.2
745.282	38.2
745.489	38.2
745.696	38.2
745.902	38.2
746.109	38.2
746.316	38.2
746.522	38.2
746.729	38.2
746.936	38.2
747.142	38.2
747.349	38.2
747.556	38.2
747.762	38.2
747.969	38.2
748.176	38.2
748.383	38.2
748.589	38.2
748.796	38.2
749.003	38.2
749.21	38.2
749.417	38.2
749.623	38.2
749.83	38.2
750.037	38.2
750.244	38.2
750.451	38.2
750.658	38.2
750.865	38.3
751.071	38.3
751.278	38.3
751.485	38.3
751.692	38.3
751.899	38.3
752.106	38.3
752.313	38.3
752.52	38.3
752.727	38.3
752.934	38.3
753.141	38.3
753.348	38.3
753.555	38.3
753.762	38.3
753.969	38.3
754.176	38.3
754.383	38.3
754.59	38.3
754.797	38.3
755.004	38.3
755.211	38.3
755.418	38.3
755.625	38.3
755.832	38.3
756.039	38.3
756.246	38.3
756.453	38.3
756.66	38.3
756.868	38.3
757.075	38.3
757.282	38.3
757.489	38.3
757.696	38.3
757.903	38.3
758.111	38.3
758.318	38.3
758.525	38.3
758.732	38.3
758.939	38.3
759.147	38.3
759.354	38.3
759.561	38.3
759.768	38.3
759.976	38.3
760.183	38.3
760.39	38.3
760.597	38.3
760.805	38.3
761.012	38.3
761.219	38.3
761.426	38.3
761.634	38.3
761.841	38.3
762.048	38.3
762.256	38.3
762.463	38.3
762.67	38.3
762.878	38.3
763.085	38.3
763.293	38.3
763.5	38.3
763.707	38.4
763.915	38.4
764.122	38.4
764.33	38.4
764.537	38.4
764.744	38.4
764.952	38.4
765.159	38.4
765.367	38.4
765.574	38.4
765.782	38.5
765.989	38.5
766.197	38.5
766.404	38.5
766.612	38.5
766.819	38.5
767.027	38.5
767.234	38.5
767.442	38.5
767.649	38.5
767.857	38.5
768.064	38.5
768.272	38.5
768.479	38.5
768.687	38.5
768.895	38.5
769.102	38.5
769.31	38.5
769.517	38.5
769.725	38.6
769.933	38.6
770.14	38.6
770.348	38.6
770.555	38.6
770.763	38.6
770.971	38.6
771.178	38.6
771.386	38.6
771.594	38.6
771.801	38.6
772.009	38.6
772.217	38.6
772.424	38.6
772.632	38.6
772.84	38.6
773.047	38.6
773.255	38.6
773.463	38.6
773.671	38.6
773.878	38.6
774.086	38.6
774.294	38.6
774.502	38.6
774.709	38.6
774.917	38.6
775.125	38.6
775.333	38.6
775.54	38.6
775.748	38.6
775.956	38.6
776.164	38.6
776.371	38.6
776.579	38.6
776.787	38.6
776.995	38.6
777.203	38.6
777.41	38.6
777.618	38.6
777.826	38.6
778.034	38.7
778.242	38.7
778.45	38.7
778.657	38.7
778.865	38.7
779.073	38.7
779.281	38.7
779.489	38.7
779.697	38.7
779.905	38.7
780.112	38.7
780.32	38.7
780.528	38.7
780.736	38.7
780.944	38.7
781.152	38.7
781.36	38.7
781.568	38.7
781.776	38.7
781.984	38.7
782.191	38.7
782.399	38.7
782.607	38.7
782.815	38.7
783.023	38.7
783.231	38.7
783.439	38.7
783.647	38.7
783.855	38.7
784.063	38.7
784.271	38.7
784.479	38.7
784.687	38.8
784.895	38.8
785.103	38.8
785.311	38.8
785.519	38.8
785.727	38.8
785.935	38.8
786.143	38.8
786.351	38.8
786.559	38.8
786.767	38.8
786.975	38.8
787.183	38.8
787.391	38.8
787.599	38.8
787.807	38.8
788.015	38.8
788.223	38.9
788.431	38.9
788.639	38.9
788.847	38.9
789.055	38.9
789.263	38.9
789.471	38.9
789.679	38.9
789.887	38.9
790.095	38.9
790.303	38.9
790.511	38.9
790.719	38.9
790.927	39
791.135	39
791.343	39
791.551	39
791.76	39
791.968	39
792.176	39
792.384	39
792.592	39
792.8	39
793.008	39
793.216	39
793.424	39
793.632	39
793.84	39
794.048	39.1
794.256	39.1
794.465	39.1
794.673	39.1
794.881	39.1
795.089	39.1
795.297	39.1
795.505	39.1
795.713	39.1
795.921	39.1
796.129	39.1
796.337	39.1
796.546	39.1
796.754	39.1
796.962	39.1
797.17	39.1
797.378	39.1
797.586	39.1
797.794	39.1
798.002	39.1
798.21	39.1
798.419	39.1
798.627	39.1
798.835	39.2
799.043	39.2
799.251	39.2
799.459	39.2
799.667	39.2
799.875	39.2
800.083	39.2
800.292	39.2
800.5	39.2
800.708	39.2
800.916	39.2
801.124	39.2
801.332	39.2
801.54	39.2
801.748	39.2
801.957	39.2
802.165	39.2
802.373	39.2
802.581	39.2
802.789	39.2
802.997	39.2
803.205	39.2
803.414	39.2
803.622	39.2
803.83	39.2
804.038	39.2
804.246	39.2
804.454	39.2
804.662	39.2
804.87	39.2
805.079	39.2
805.287	39.2
805.495	39.2
805.703	39.2
805.911	39.2
806.119	39.2
806.327	39.2
806.535	39.2
806.743	39.2
806.952	39.2
807.16	39.2
807.368	39.2
807.576	39.2
807.784	39.2
807.992	39.2
808.2	39.2
808.408	39.3
808.617	39.3
808.825	39.3
809.033	39.3
809.241	39.3
809.449	39.3
809.657	39.3
809.865	39.3
810.073	39.3
810.281	39.3
810.49	39.3
810.698	39.3
810.906	39.3
811.114	39.3
811.322	39.3
811.53	39.3
811.738	39.3
811.946	39.3
812.154	39.3
812.362	39.3
812.57	39.3
812.779	39.3
812.987	39.3
813.195	39.3
813.403	39.3
813.611	39.3
813.819	39.3
814.027	39.3
814.235	39.3
814.443	39.3
814.651	39.3
814.859	39.3
815.067	39.3
815.275	39.3
815.484	39.3
815.692	39.3
815.9	39.3
816.108	39.3
816.316	39.3
816.524	39.3
816.732	39.3
816.94	39.3
817.148	39.3
817.356	39.3
817.564	39.3
817.772	39.3
817.98	39.4
818.188	39.4
818.397	39.4
818.605	39.4
818.813	39.4
819.021	39.4
819.229	39.4
819.437	39.4
819.645	39.4
819.853	39.4
820.061	39.4
820.269	39.4
820.477	39.4
820.685	39.4
820.893	39.5
821.102	39.5
821.31	39.5
821.518	39.5
821.726	39.5
821.934	39.5
822.142	39.5
822.35	39.5
822.558	39.5
822.766	39.5
822.974	39.6
823.182	39.6
823.39	39.6
823.599	39.6
823.807	39.6
824.015	39.6
824.223	39.6
824.431	39.6
824.639	39.6
824.847	39.6
825.055	39.6
825.263	39.6
825.472	39.6
825.68	39.6
825.888	39.6
826.096	39.7
826.304	39.7
826.512	39.7
826.72	39.7
826.928	39.7
827.137	39.7
827.345	39.7
827.553	39.7
827.761	39.7
827.969	39.7
828.177	39.7
828.385	39.7
828.594	39.7
828.802	39.7
829.01	39.7
829.218	39.7
829.426	39.7
829.634	39.7
829.843	39.7
830.051	39.7
830.259	39.7
830.467	39.7
830.675	39.7
830.883	39.7
831.092	39.7
831.3	39.7
831.508	39.7
831.716	39.7
831.924	39.8
832.133	39.8
832.341	39.8
832.549	39.8
832.757	39.8
832.966	39.8
833.174	39.8
833.382	39.8
833.59	39.8
833.799	39.9
834.007	39.9
834.215	39.9
834.423	39.9
834.632	39.9
834.84	39.9
835.048	39.9
835.256	39.9
835.465	39.9
835.673	39.9
835.881	39.9
836.09	39.9
836.298	39.9
836.506	39.9
836.715	39.9
836.923	39.9
837.131	39.9
837.34	39.9
837.548	39.9
837.756	40
837.965	40
838.173	40
838.381	40
838.59	40
838.798	40
839.006	40
839.215	40
839.423	40
839.632	40
839.84	40
840.048	40.1
840.257	40
840.465	40
840.674	40
840.882	40
841.091	40
841.299	40
841.508	40
841.716	40
841.924	40
842.133	40
842.341	40
842.55	40
842.758	40
842.967	40.1
843.175	40.1
843.384	40.1
843.593	40.1
843.801	40.1
844.01	40.1
844.218	40.1
844.427	40.1
844.635	40.1
844.844	40
845.052	40
845.261	40.1
845.47	40.1
845.678	40.1
845.887	40.1
846.095	40.1
846.304	40.1
846.513	40.1
846.721	40.1
846.93	40.1
847.139	40.1
847.347	40.1
847.556	40.1
847.765	40.1
847.973	40.1
848.182	40.1
848.391	40.1
848.6	40.1
848.808	40.1
849.017	40.1
849.226	40.1
849.435	40.2
849.643	40.2
849.852	40.2
850.061	40.2
850.27	40.2
850.478	40.2
850.687	40.2
850.896	40.2
851.105	40.2
851.314	40.2
851.523	40.2
851.731	40.2
851.94	40.2
852.149	40.3
852.358	40.3
852.567	40.3
852.776	40.3
852.985	40.4
853.194	40.4
853.403	40.4
853.612	40.4
853.821	40.4
854.03	40.4
854.239	40.4
854.447	40.4
854.656	40.4
854.865	40.4
855.075	40.5
855.284	40.5
855.493	40.5
855.702	40.5
855.911	40.5
856.12	40.5
856.329	40.5
856.538	40.5
856.747	40.5
856.956	40.5
857.165	40.5
857.374	40.5
857.584	40.5
857.793	40.5
858.002	40.5
858.211	40.5
858.42	40.5
858.629	40.5
858.839	40.5
859.048	40.5
859.257	40.5
859.466	40.5
859.676	40.5
859.885	40.5
860.094	40.5
860.304	40.5
860.513	40.5
860.722	40.5
860.932	40.5
861.141	40.5
861.35	40.5
861.56	40.5
861.769	40.5
861.978	40.5
862.188	40.5
862.397	40.5
862.607	40.5
862.816	40.5
863.026	40.5
863.235	40.5
863.445	40.5
863.654	40.5
863.864	40.5
864.073	40.5
864.283	40.6
864.492	40.6
864.702	40.6
864.911	40.6
865.121	40.6
865.33	40.6
865.54	40.6
865.75	40.7
865.959	40.7
866.169	40.7
866.379	40.7
866.588	40.7
866.798	40.7
867.008	40.7
867.218	40.7
867.427	40.7
867.637	40.7
867.847	40.7
868.057	40.8
868.266	40.7
868.476	40.8
868.686	40.8
868.896	40.8
869.106	40.8
869.316	40.8
869.525	40.8
869.735	40.8
869.945	40.8
870.155	40.8
870.365	40.8
870.575	40.8
870.785	40.8
870.995	40.8
871.205	40.8
871.415	40.8
871.625	40.8
871.835	40.8
872.045	40.8
872.255	40.8
872.465	40.8
872.675	40.8
872.886	40.8
873.096	40.8
873.306	40.8
873.516	40.8
873.726	40.9
873.936	40.8
874.147	40.8
874.357	40.8
874.567	40.8
874.777	40.9
874.988	40.9
875.198	40.9
875.408	40.9
875.619	40.9
875.829	40.9
876.039	40.9
876.25	40.9
876.46	40.9
876.67	40.9
876.881	41
877.091	41
877.302	40.9
877.512	40.9
877.723	40.9
877.933	40.9
878.144	41
878.354	41
878.565	41
878.775	41
878.986	40.9
879.197	40.9
879.407	40.9
879.618	40.9
879.829	40.9
880.039	40.9
880.25	40.9
880.461	40.9
880.671	40.9
880.882	40.9
881.093	40.9
881.304	40.9
881.515	40.9
881.725	40.9
881.936	40.8
882.147	40.8
882.358	40.8
882.569	40.9
882.78	40.9
882.991	40.9
883.202	40.9
883.413	40.9
883.624	40.9
883.835	40.9
884.046	40.9
884.257	40.9
884.468	40.9
884.679	41
884.89	41
885.101	41
885.312	41
885.523	41
885.735	41
885.946	41
886.157	41
886.368	41
886.579	41
886.791	41
887.002	41
887.213	41.1
887.425	41.1
887.636	41.1
887.847	41.2
888.059	41.2
888.27	41.2
888.481	41.2
888.693	41.2
888.904	41.2
889.116	41.2
889.327	41.2
889.539	41.3
889.75	41.3
889.962	41.3
890.174	41.3
890.385	41.4
890.597	41.4
890.808	41.4
891.02	41.4
891.232	41.4
891.444	41.4
891.655	41.4
891.867	41.4
892.079	41.4
892.291	41.4
892.502	41.4
892.714	41.4
892.926	41.4
893.138	41.3
893.35	41.3
893.562	41.3
893.774	41.3
893.986	41.3
894.198	41.3
894.41	41.3
894.622	41.4
894.834	41.4
895.046	41.4
895.258	41.4
895.47	41.4
895.682	41.4
895.894	41.4
896.106	41.4
896.319	41.4
896.531	41.4
896.743	41.4
896.955	41.4
897.168	41.4
897.38	41.5
897.592	41.5
897.805	41.5
898.017	41.5
898.229	41.5
898.442	41.5
898.654	41.5
898.867	41.5
899.079	41.4
899.292	41.4
899.504	41.5
899.717	41.5
899.929	41.5
900.142	41.5
900.355	41.5
900.567	41.5
900.78	41.5
900.993	41.5
901.205	41.5
901.418	41.5
901.631	41.5
901.844	41.5
902.056	41.5
902.269	41.5
902.482	41.5
902.695	41.5
902.908	41.5
903.121	41.5
903.334	41.5
903.547	41.5
903.76	41.5
903.973	41.5
904.186	41.5
904.399	41.5
904.612	41.5
904.825	41.5
905.038	41.5
905.251	41.5
905.465	41.5
905.678	41.5
905.891	41.5
906.104	41.5
906.318	41.5
906.531	41.5
906.744	41.5
906.958	41.5
907.171	41.6
907.384	41.6
907.598	41.5
907.811	41.6
908.025	41.6
908.238	41.6
908.452	41.6
908.665	41.6
908.879	41.6
909.093	41.6
909.306	41.6
909.52	41.6
909.734	41.6
909.947	41.6
910.161	41.6
910.375	41.6
910.589	41.6
910.803	41.6
911.016	41.6
911.23	41.6
911.444	41.6
911.658	41.6
911.872	41.6
912.086	41.7
912.3	41.7
912.514	41.6
912.728	41.6
912.942	41.6
913.156	41.6
913.37	41.7
913.585	41.7
913.799	41.7
914.013	41.7
914.227	41.7
914.442	41.7
914.656	41.7
914.87	41.8
915.084	41.8
915.299	41.8
915.513	41.8
915.728	41.8
915.942	41.8
916.157	41.8
916.371	41.8
916.586	41.8
916.8	41.9
917.015	41.9
917.229	41.9
917.444	41.9
917.659	41.9
917.874	41.9
918.088	42
918.303	42
918.518	42
918.733	42
918.947	42
919.162	42
919.377	42
919.592	42
919.807	42
920.022	42
920.237	42
920.452	42.1
920.667	42
920.882	42
921.097	42.1
921.313	42.1
921.528	42.1
921.743	42.1
921.958	42.1
922.174	42.1
922.389	42.1
922.604	42.1
922.82	42.1
923.035	42.2
923.25	42.2
923.466	42.1
923.681	42.1
923.897	42.1
924.112	42.2
924.328	42.2
924.544	42.2
924.759	42.1
924.975	42.1
925.19	42.2
925.406	42.2
925.622	42.2
925.838	42.2
926.054	42.1
926.269	42.2
926.485	42.2
926.701	42.2
926.917	42.2
927.133	42.3
927.349	42.3
927.565	42.3
927.781	42.3
927.997	42.4
928.213	42.4
928.429	42.4
928.646	42.4
928.862	42.4
929.078	42.5
929.294	42.5
929.511	42.5
929.727	42.5
929.943	42.5
930.16	42.5
930.376	42.5
930.592	42.6
930.809	42.6
931.025	42.6
931.242	42.7
931.459	42.7
931.675	42.7
931.892	42.8
932.108	42.8
932.325	42.9
932.542	42.9
932.759	42.9
932.975	42.9
933.192	42.9
933.409	42.9
933.626	42.9
933.843	43
934.06	43
934.277	43
934.494	42.9
934.711	42.9
934.928	42.9
935.145	42.8
935.362	42.8
935.58	42.8
935.797	42.8
936.014	42.7
936.231	42.7
936.449	42.6
936.666	42.5
936.883	42.5
937.101	42.5
937.318	42.5
937.536	42.4
937.753	42.4
937.971	42.4
938.188	42.3
938.406	42.3
938.624	42.4
938.841	42.4
939.059	42.3
939.277	42.3
939.494	42.3
939.712	42.3
939.93	42.3
