360.161	7.7
360.333	7.6
360.504	7.6
360.676	7.6
360.847	7.5
361.019	7.6
361.19	7.5
361.361	7.5
361.533	7.5
361.704	7.4
361.876	7.3
362.047	7.3
362.219	7.2
362.391	7.1
362.562	7.1
362.734	7.1
362.905	7
363.077	7
363.248	6.9
363.42	6.8
363.592	6.7
363.763	6.7
363.935	6.7
364.106	6.7
364.278	6.7
364.45	6.7
364.621	6.5
364.793	6.5
364.965	6.4
365.137	6.4
365.308	6.3
365.48	6.3
365.652	6.4
365.824	6.4
365.995	6.3
366.167	6.3
366.339	6.2
366.511	6.2
366.683	6.1
366.854	6
367.026	6
367.198	5.9
367.37	5.9
367.542	5.9
367.714	5.9
367.886	5.9
368.058	5.8
368.23	5.8
368.402	5.7
368.574	5.6
368.746	5.6
368.918	5.5
369.09	5.5
369.262	5.4
369.434	5.4
369.606	5.3
369.778	5.3
369.95	5.3
370.122	5.2
370.294	5.2
370.467	5.2
370.639	5.2
370.811	5.2
370.983	5.2
371.155	5.2
371.328	5.1
371.5	5.1
371.672	5.1
371.844	5.1
372.017	5.1
372.189	5.1
372.361	5.1
372.534	5
372.706	5
372.878	5
373.051	4.9
373.223	4.9
373.396	4.9
373.568	4.8
373.741	4.7
373.913	4.7
374.086	4.7
374.258	4.7
374.431	4.7
374.603	4.7
374.776	4.7
374.949	4.6
375.121	4.6
375.294	4.6
375.467	4.5
375.639	4.6
375.812	4.5
375.985	4.5
376.157	4.6
376.33	4.6
376.503	4.5
376.676	4.5
376.849	4.5
377.021	4.4
377.194	4.4
377.367	4.5
377.54	4.4
377.713	4.4
377.886	4.4
378.059	4.3
378.232	4.2
378.405	4.2
378.578	4.2
378.751	4.1
378.924	4.1
379.097	4.1
379.27	4
379.444	4
379.617	4
379.79	3.9
379.963	3.9
380.136	3.8
380.31	3.8
380.483	3.8
380.656	3.8
380.829	3.8
381.003	3.8
381.176	3.7
381.35	3.7
381.523	3.7
381.696	3.7
381.87	3.6
382.043	3.6
382.217	3.6
382.39	3.5
382.564	3.5
382.738	3.5
382.911	3.4
383.085	3.4
383.258	3.4
383.432	3.4
383.606	3.3
383.779	3.3
383.953	3.3
384.127	3.3
384.301	3.2
384.475	3.2
384.648	3.2
384.822	3.2
384.996	3.1
385.17	3.1
385.344	3.1
385.518	3.1
385.692	3.1
385.866	3.1
386.04	3.1
386.214	3.1
386.388	3.1
386.562	3
386.737	3
386.911	3
387.085	3
387.259	3
387.434	3
387.608	3
387.782	3
387.956	3
388.131	3
388.305	3
388.48	3
388.654	3
388.829	3
389.003	2.9
389.178	2.9
389.352	3
389.527	3
389.701	3
389.876	3
390.051	3
390.226	2.9
390.4	2.9
390.575	3
390.75	3
390.925	3
391.099	3
391.274	3
391.449	3
391.624	2.9
391.799	2.9
391.974	2.9
392.149	2.9
392.324	2.9
392.499	2.9
392.675	2.9
392.85	2.9
393.025	2.9
393.2	2.9
393.375	2.9
393.551	2.8
393.726	2.8
393.901	2.8
394.077	2.8
394.252	2.8
394.427	2.8
394.603	2.8
394.778	2.8
394.954	2.8
395.129	2.7
395.305	2.7
395.481	2.7
395.656	2.7
395.832	2.7
396.008	2.7
396.184	2.6
396.359	2.6
396.535	2.6
396.711	2.6
396.887	2.6
397.063	2.5
397.239	2.5
397.415	2.5
397.591	2.5
397.767	2.5
397.943	2.5
398.119	2.5
398.295	2.5
398.471	2.5
398.648	2.5
398.824	2.5
399	2.5
399.176	2.5
399.353	2.5
399.529	2.5
399.706	2.5
399.882	2.5
400.058	2.4
400.235	2.4
400.412	2.4
400.588	2.4
400.765	2.4
400.942	2.4
401.118	2.4
401.295	2.4
401.472	2.4
401.649	2.4
401.825	2.4
402.002	2.4
402.179	2.4
402.356	2.4
402.533	2.4
402.71	2.4
402.887	2.4
403.064	2.4
403.242	2.4
403.419	2.4
403.596	2.4
403.773	2.4
403.95	2.4
404.128	2.4
404.305	2.4
404.483	2.4
404.66	2.4
404.837	2.4
405.015	2.3
405.193	2.3
405.37	2.3
405.548	2.3
405.725	2.3
405.903	2.3
406.081	2.3
406.259	2.3
406.437	2.3
406.614	2.3
406.792	2.3
406.97	2.3
407.148	2.2
407.326	2.2
407.504	2.2
407.682	2.2
407.86	2.2
408.039	2.2
408.217	2.2
408.395	2.2
408.573	2.2
408.751	2.2
408.93	2.2
409.108	2.2
409.287	2.2
409.465	2.2
409.643	2.2
409.822	2.2
410	2.1
410.179	2.1
410.358	2.1
410.536	2.1
410.715	2.1
410.894	2.1
411.072	2.1
411.251	2.1
411.43	2.1
411.609	2.1
411.788	2.1
411.967	2.1
412.146	2.1
412.325	2.1
412.504	2.1
412.683	2.1
412.862	2.1
413.041	2.1
413.22	2.1
413.399	2.1
413.578	2.1
413.758	2.1
413.937	2.1
414.116	2.1
414.296	2.1
414.475	2.1
414.654	2.1
414.834	2.1
415.013	2.1
415.193	2.1
415.372	2.1
415.552	2.1
415.732	2.1
415.911	2.1
416.091	2
416.271	2
416.45	2
416.63	2
416.81	2
416.99	2
417.169	2
417.349	2
417.529	2
417.709	2
417.889	2
418.069	2
418.249	2
418.429	2
418.609	2
418.789	2
418.97	2
419.15	2
419.33	2
419.51	2
419.691	2
419.871	2
420.051	2
420.232	2
420.412	2
420.592	2
420.773	1.9
420.953	1.9
421.134	1.9
421.314	1.9
421.495	1.9
421.675	1.9
421.856	1.9
422.037	1.9
422.217	1.9
422.398	1.9
422.579	1.9
422.76	1.9
422.94	1.9
423.121	1.9
423.302	1.9
423.483	1.9
423.664	1.9
423.845	1.9
424.026	1.9
424.207	1.9
424.388	1.9
424.569	1.9
424.75	1.9
424.931	1.9
425.112	1.9
425.293	1.9
425.474	1.9
425.655	1.9
425.837	1.9
426.018	1.9
426.199	1.9
426.38	1.9
426.562	1.9
426.743	1.9
426.924	1.9
427.106	1.9
427.287	1.9
427.469	1.9
427.65	1.9
427.832	1.9
428.013	1.9
428.195	1.8
428.376	1.8
428.558	1.8
428.739	1.8
428.921	1.8
429.103	1.8
429.284	1.8
429.466	1.8
429.648	1.8
429.83	1.8
430.011	1.8
430.193	1.8
430.375	1.8
430.557	1.8
430.739	1.8
430.921	1.8
431.102	1.8
431.284	1.8
431.466	1.8
431.648	1.8
431.83	1.8
432.012	1.8
432.194	1.8
432.377	1.8
432.559	1.8
432.741	1.8
432.923	1.8
433.105	1.8
433.287	1.8
433.469	1.8
433.652	1.8
433.834	1.8
434.016	1.8
434.198	1.8
434.381	1.8
434.563	1.8
434.745	1.8
434.928	1.8
435.11	1.7
435.293	1.7
435.475	1.7
435.658	1.7
435.84	1.7
436.022	1.7
436.205	1.7
436.388	1.7
436.57	1.7
436.753	1.7
436.935	1.7
437.118	1.7
437.301	1.7
437.483	1.7
437.666	1.7
437.849	1.7
438.031	1.7
438.214	1.7
438.397	1.7
438.58	1.7
438.762	1.7
438.945	1.7
439.128	1.7
439.311	1.7
439.494	1.7
439.677	1.7
439.859	1.7
440.042	1.7
440.225	1.7
440.408	1.7
440.591	1.7
440.774	1.7
440.957	1.7
441.14	1.7
441.323	1.7
441.507	1.7
441.69	1.7
441.873	1.7
442.056	1.7
442.239	1.7
442.422	1.7
442.605	1.7
442.789	1.7
442.972	1.7
443.155	1.7
443.338	1.7
443.522	1.7
443.705	1.7
443.888	1.7
444.072	1.7
444.255	1.7
444.438	1.7
444.622	1.7
444.805	1.7
444.989	1.7
445.172	1.7
445.356	1.7
445.539	1.7
445.723	1.7
445.906	1.7
446.09	1.7
446.273	1.7
446.457	1.7
446.64	1.7
446.824	1.7
447.008	1.7
447.191	1.7
447.375	1.7
447.559	1.7
447.742	1.7
447.926	1.7
448.11	1.7
448.293	1.7
448.477	1.7
448.661	1.7
448.845	1.7
449.029	1.6
449.212	1.6
449.396	1.6
449.58	1.6
449.764	1.6
449.948	1.6
450.132	1.6
450.316	1.7
450.5	1.7
450.684	1.7
450.868	1.7
451.052	1.7
451.236	1.7
451.42	1.7
451.604	1.7
451.788	1.7
451.972	1.7
452.156	1.7
452.34	1.7
452.525	1.7
452.709	1.7
452.893	1.7
453.077	1.7
453.261	1.7
453.446	1.7
453.63	1.7
453.814	1.7
453.998	1.7
454.183	1.6
454.367	1.6
454.551	1.6
454.736	1.6
454.92	1.6
455.104	1.6
455.289	1.6
455.473	1.6
455.658	1.6
455.842	1.6
456.026	1.6
456.211	1.6
456.395	1.6
456.58	1.6
456.764	1.6
456.949	1.6
457.134	1.6
457.318	1.6
457.503	1.6
457.687	1.6
457.872	1.6
458.057	1.6
458.241	1.6
458.426	1.6
458.611	1.6
458.795	1.6
458.98	1.6
459.165	1.6
459.349	1.6
459.534	1.6
459.719	1.6
459.904	1.6
460.088	1.6
460.273	1.6
460.458	1.6
460.643	1.6
460.828	1.6
461.013	1.6
461.198	1.6
461.382	1.6
461.567	1.6
461.752	1.6
461.937	1.6
462.122	1.6
462.307	1.6
462.492	1.6
462.677	1.6
462.862	1.6
463.047	1.6
463.232	1.6
463.417	1.6
463.602	1.6
463.788	1.6
463.973	1.6
464.158	1.6
464.343	1.6
464.528	1.6
464.713	1.6
464.898	1.6
465.084	1.6
465.269	1.6
465.454	1.6
465.639	1.6
465.824	1.6
466.01	1.6
466.195	1.6
466.38	1.6
466.566	1.6
466.751	1.6
466.936	1.6
467.122	1.6
467.307	1.6
467.492	1.6
467.678	1.6
467.863	1.6
468.048	1.6
468.234	1.6
468.419	1.6
468.605	1.6
468.79	1.6
468.976	1.6
469.161	1.6
469.347	1.6
469.532	1.6
469.718	1.6
469.903	1.6
470.089	1.6
470.274	1.6
470.46	1.6
470.646	1.6
470.831	1.6
471.017	1.6
471.202	1.6
471.388	1.6
471.574	1.6
471.759	1.6
471.945	1.6
472.131	1.6
472.317	1.6
472.502	1.6
472.688	1.6
472.874	1.6
473.059	1.6
473.245	1.6
473.431	1.6
473.617	1.6
473.803	1.6
473.988	1.6
474.174	1.6
474.36	1.6
474.546	1.6
474.732	1.6
474.918	1.6
475.104	1.6
475.29	1.6
475.475	1.6
475.661	1.6
475.847	1.6
476.033	1.6
476.219	1.6
476.405	1.6
476.591	1.6
476.777	1.6
476.963	1.6
477.149	1.6
477.335	1.6
477.521	1.6
477.707	1.6
477.893	1.6
478.08	1.6
478.266	1.6
478.452	1.6
478.638	1.6
478.824	1.6
479.01	1.6
479.196	1.6
479.382	1.6
479.569	1.6
479.755	1.6
479.941	1.6
480.127	1.6
480.313	1.6
480.5	1.6
480.686	1.6
480.872	1.6
481.058	1.6
481.245	1.6
481.431	1.6
481.617	1.6
481.803	1.6
481.99	1.6
482.176	1.6
482.362	1.6
482.549	1.6
482.735	1.6
482.921	1.6
483.108	1.6
483.294	1.6
483.481	1.6
483.667	1.6
483.853	1.6
484.04	1.6
484.226	1.6
484.413	1.6
484.599	1.6
484.786	1.6
484.972	1.6
485.159	1.6
485.345	1.6
485.532	1.6
485.718	1.6
485.905	1.6
486.091	1.6
486.278	1.6
486.464	1.6
486.651	1.6
486.837	1.6
487.024	1.6
487.211	1.6
487.397	1.6
487.584	1.6
487.77	1.6
487.957	1.6
488.144	1.6
488.33	1.6
488.517	1.6
488.704	1.6
488.89	1.6
489.077	1.6
489.264	1.6
489.45	1.6
489.637	1.6
489.824	1.6
490.01	1.6
490.197	1.6
490.384	1.6
490.571	1.6
490.757	1.6
490.944	1.6
491.131	1.6
491.318	1.6
491.505	1.6
491.691	1.6
491.878	1.6
492.065	1.6
492.252	1.6
492.439	1.6
492.626	1.6
492.812	1.6
492.999	1.6
493.186	1.6
493.373	1.6
493.56	1.6
493.747	1.6
493.934	1.6
494.121	1.6
494.308	1.6
494.494	1.6
494.681	1.6
494.868	1.6
495.055	1.6
495.242	1.6
495.429	1.6
495.616	1.6
495.803	1.6
495.99	1.6
496.177	1.6
496.364	1.6
496.551	1.6
496.738	1.6
496.925	1.6
497.112	1.6
497.299	1.6
497.486	1.6
497.673	1.6
497.861	1.6
498.048	1.6
498.235	1.6
498.422	1.6
498.609	1.6
498.796	1.6
498.983	1.6
499.17	1.6
499.357	1.6
499.544	1.6
499.732	1.6
499.919	1.6
500.106	1.6
500.293	1.6
500.48	1.6
500.667	1.6
500.855	1.6
501.042	1.6
501.229	1.6
501.416	1.6
501.603	1.6
501.791	1.6
501.978	1.6
502.165	1.6
502.352	1.6
502.54	1.6
502.727	1.6
502.914	1.6
503.101	1.6
503.289	1.6
503.476	1.6
503.663	1.6
503.85	1.6
504.038	1.6
504.225	1.6
504.412	1.6
504.6	1.6
504.787	1.6
504.974	1.6
505.161	1.6
505.349	1.6
505.536	1.6
505.723	1.6
505.911	1.6
506.098	1.6
506.286	1.6
506.473	1.6
506.66	1.6
506.848	1.6
507.035	1.6
507.222	1.6
507.41	1.6
507.597	1.6
507.785	1.6
507.972	1.6
508.159	1.6
508.347	1.6
508.534	1.6
508.722	1.6
508.909	1.6
509.097	1.6
509.284	1.6
509.471	1.6
509.659	1.6
509.846	1.6
510.034	1.6
510.221	1.6
510.409	1.6
510.596	1.6
510.784	1.6
510.971	1.6
511.159	1.6
511.346	1.6
511.534	1.6
511.721	1.6
511.909	1.6
512.096	1.6
512.284	1.6
512.471	1.6
512.659	1.6
512.846	1.6
513.034	1.6
513.221	1.6
513.409	1.6
513.596	1.6
513.784	1.6
513.972	1.6
514.159	1.6
514.347	1.6
514.534	1.6
514.722	1.6
514.909	1.6
515.097	1.6
515.285	1.6
515.472	1.6
515.66	1.6
515.847	1.6
516.035	1.6
516.222	1.6
516.41	1.6
516.598	1.6
516.785	1.6
516.973	1.6
517.161	1.6
517.348	1.6
517.536	1.6
517.723	1.6
517.911	1.6
518.099	1.6
518.286	1.6
518.474	1.6
518.662	1.6
518.849	1.6
519.037	1.6
519.225	1.6
519.412	1.6
519.6	1.6
519.787	1.6
519.975	1.6
520.163	1.6
520.35	1.6
520.538	1.6
520.726	1.6
520.914	1.6
521.101	1.6
521.289	1.6
521.477	1.6
521.664	1.6
521.852	1.6
522.04	1.6
522.227	1.6
522.415	1.6
522.603	1.6
522.79	1.6
522.978	1.6
523.166	1.6
523.354	1.6
523.541	1.6
523.729	1.6
523.917	1.6
524.104	1.6
524.292	1.6
524.48	1.6
524.668	1.6
524.855	1.6
525.043	1.6
525.231	1.6
525.418	1.6
525.606	1.6
525.794	1.6
525.982	1.6
526.169	1.6
526.357	1.6
526.545	1.6
526.733	1.6
526.92	1.6
527.108	1.6
527.296	1.6
527.484	1.6
527.671	1.6
527.859	1.6
528.047	1.6
528.235	1.6
528.422	1.6
528.61	1.6
528.798	1.6
528.986	1.6
529.173	1.6
529.361	1.6
529.549	1.6
529.737	1.6
529.924	1.6
530.112	1.6
530.3	1.6
530.488	1.6
530.675	1.6
530.863	1.6
531.051	1.6
531.239	1.6
531.426	1.6
531.614	1.6
531.802	1.6
531.99	1.6
532.177	1.6
532.365	1.6
532.553	1.6
532.741	1.6
532.928	1.6
533.116	1.6
533.304	1.6
533.492	1.6
533.679	1.6
533.867	1.6
534.055	1.6
534.243	1.6
534.431	1.6
534.618	1.6
534.806	1.6
534.994	1.6
535.182	1.6
535.369	1.6
535.557	1.6
535.745	1.6
535.933	1.6
536.12	1.6
536.308	1.6
536.496	1.6
536.684	1.6
536.871	1.6
537.059	1.6
537.247	1.6
537.435	1.6
537.622	1.6
537.81	1.6
537.998	1.6
538.186	1.6
538.373	1.6
538.561	1.6
538.749	1.6
538.937	1.6
539.124	1.6
539.312	1.6
539.5	1.6
539.688	1.6
539.875	1.6
540.063	1.6
540.251	1.6
540.439	1.6
540.626	1.6
540.814	1.6
541.002	1.6
541.19	1.6
541.377	1.6
541.565	1.6
541.753	1.6
541.941	1.6
542.128	1.6
542.316	1.6
542.504	1.6
542.691	1.6
542.879	1.6
543.067	1.6
543.255	1.6
543.442	1.6
543.63	1.6
543.818	1.6
544.005	1.6
544.193	1.6
544.381	1.6
544.568	1.6
544.756	1.6
544.944	1.6
545.132	1.6
545.319	1.6
545.507	1.6
545.695	1.6
545.882	1.6
546.07	1.6
546.258	1.6
546.445	1.6
546.633	1.6
546.821	1.6
547.008	1.6
547.196	1.6
547.384	1.6
547.571	1.6
547.759	1.6
547.947	1.6
548.134	1.6
548.322	1.6
548.51	1.6
548.697	1.6
548.885	1.6
549.073	1.6
549.26	1.6
549.448	1.6
549.636	1.6
549.823	1.6
550.011	1.6
550.199	1.6
550.386	1.6
550.574	1.6
550.762	1.6
550.949	1.6
551.137	1.6
551.325	1.6
551.512	1.6
551.7	1.6
551.888	1.6
552.075	1.6
552.263	1.6
552.451	1.6
552.639	1.6
552.826	1.6
553.014	1.6
553.202	1.6
553.389	1.6
553.577	1.6
553.765	1.6
553.953	1.6
554.14	1.6
554.328	1.6
554.516	1.6
554.704	1.6
554.891	1.6
555.079	1.6
555.267	1.6
555.455	1.6
555.643	1.6
555.83	1.6
556.018	1.6
556.206	1.6
556.394	1.6
556.582	1.6
556.77	1.6
556.957	1.6
557.145	1.6
557.333	1.6
557.521	1.6
557.709	1.6
557.897	1.6
558.085	1.6
558.273	1.6
558.461	1.6
558.649	1.6
558.837	1.6
559.025	1.6
559.213	1.6
559.4	1.6
559.588	1.6
559.777	1.6
559.965	1.6
560.153	1.6
560.341	1.6
560.529	1.6
560.717	1.6
560.905	1.6
561.093	1.6
561.281	1.6
561.469	1.6
561.657	1.6
561.845	1.6
562.034	1.6
562.222	1.6
562.41	1.6
562.598	1.6
562.786	1.6
562.975	1.6
563.163	1.6
563.351	1.6
563.539	1.6
563.728	1.6
563.916	1.6
564.104	1.6
564.293	1.6
564.481	1.6
564.67	1.6
564.858	1.6
565.046	1.6
565.235	1.6
565.423	1.6
565.612	1.6
565.8	1.6
565.989	1.6
566.177	1.6
566.366	1.6
566.554	1.6
566.743	1.6
566.932	1.6
567.12	1.6
567.309	1.6
567.497	1.6
567.686	1.6
567.875	1.6
568.064	1.6
568.252	1.6
568.441	1.6
568.63	1.6
568.819	1.6
569.007	1.7
569.196	1.6
569.385	1.6
569.574	1.6
569.763	1.6
569.952	1.7
570.141	1.7
570.33	1.7
570.519	1.7
570.708	1.7
570.897	1.7
571.086	1.7
571.275	1.7
571.464	1.7
571.653	1.7
571.843	1.7
572.032	1.7
572.221	1.7
572.41	1.7
572.599	1.7
572.789	1.7
572.978	1.7
573.167	1.7
573.357	1.7
573.546	1.7
573.736	1.7
573.925	1.7
574.115	1.7
574.304	1.7
574.494	1.7
574.683	1.7
574.873	1.7
575.062	1.7
575.252	1.7
575.442	1.7
575.631	1.7
575.821	1.7
576.011	1.7
576.201	1.7
576.39	1.7
576.58	1.7
576.77	1.7
576.96	1.7
577.15	1.7
577.34	1.7
577.53	1.7
577.72	1.7
577.91	1.7
578.1	1.7
578.29	1.7
578.48	1.7
578.67	1.7
578.861	1.7
579.051	1.7
579.241	1.7
579.431	1.7
579.622	1.7
579.812	1.7
580.002	1.7
580.193	1.7
580.383	1.7
580.574	1.7
580.764	1.7
580.955	1.7
581.145	1.7
581.336	1.7
581.526	1.7
581.717	1.7
581.908	1.7
582.098	1.7
582.289	1.7
582.48	1.7
582.671	1.7
582.862	1.7
583.052	1.7
583.243	1.7
583.434	1.7
583.625	1.7
583.816	1.7
584.007	1.7
584.198	1.7
584.389	1.7
584.58	1.7
584.771	1.7
584.962	1.7
585.154	1.7
585.345	1.7
585.536	1.7
585.727	1.7
585.918	1.7
586.11	1.7
586.301	1.7
586.492	1.7
586.684	1.7
586.875	1.7
587.067	1.7
587.258	1.7
587.45	1.7
587.641	1.7
587.833	1.7
588.024	1.7
588.216	1.7
588.408	1.7
588.599	1.7
588.791	1.7
588.983	1.7
589.174	1.7
589.366	1.7
589.558	1.7
589.75	1.7
589.942	1.7
590.134	1.7
590.326	1.7
590.518	1.7
590.71	1.7
590.902	1.7
591.094	1.7
591.286	1.7
591.478	1.7
591.67	1.7
591.862	1.7
592.054	1.7
592.246	1.7
592.439	1.7
592.631	1.7
592.823	1.7
593.016	1.7
593.208	1.7
593.4	1.7
593.593	1.7
593.785	1.7
593.978	1.7
594.17	1.7
594.363	1.7
594.555	1.7
594.748	1.7
594.94	1.7
595.133	1.7
595.326	1.7
595.518	1.7
595.711	1.7
595.904	1.7
596.096	1.7
596.289	1.7
596.482	1.7
596.675	1.7
596.868	1.7
597.061	1.7
597.254	1.7
597.447	1.7
597.64	1.7
597.833	1.7
598.026	1.7
598.219	1.7
598.412	1.7
598.605	1.7
598.798	1.7
598.991	1.7
599.184	1.7
599.378	1.7
599.571	1.7
599.764	1.7
599.957	1.7
600.151	1.7
600.344	1.7
600.538	1.7
600.731	1.7
600.924	1.7
601.118	1.7
601.311	1.7
601.505	1.7
601.698	1.7
601.892	1.7
602.086	1.7
602.279	1.7
602.473	1.7
602.667	1.7
602.86	1.7
603.054	1.7
603.248	1.7
603.442	1.7
603.635	1.7
603.829	1.7
604.023	1.7
604.217	1.7
604.411	1.7
604.605	1.7
604.799	1.7
604.993	1.7
605.187	1.7
605.381	1.7
605.575	1.7
605.769	1.7
605.963	1.7
606.157	1.7
606.352	1.7
606.546	1.7
606.74	1.7
606.934	1.7
607.129	1.7
607.323	1.7
607.517	1.7
607.712	1.7
607.906	1.7
608.1	1.7
608.295	1.7
608.489	1.7
608.684	1.7
608.878	1.7
609.073	1.7
609.267	1.7
609.462	1.7
609.657	1.7
609.851	1.7
610.046	1.7
610.241	1.7
610.435	1.7
610.63	1.7
610.825	1.7
611.02	1.7
611.215	1.7
611.41	1.7
611.604	1.7
611.799	1.7
611.994	1.7
612.189	1.7
612.384	1.7
612.579	1.7
612.774	1.7
612.969	1.7
613.164	1.7
613.359	1.7
613.555	1.7
613.75	1.7
613.945	1.7
614.14	1.7
614.335	1.7
614.531	1.7
614.726	1.7
614.921	1.7
615.117	1.7
615.312	1.7
615.507	1.7
615.703	1.7
615.898	1.7
616.094	1.7
616.289	1.7
616.485	1.7
616.68	1.7
616.876	1.7
617.071	1.7
617.267	1.7
617.463	1.7
617.658	1.7
617.854	1.7
618.05	1.7
618.245	1.7
618.441	1.7
618.637	1.7
618.833	1.7
619.029	1.7
619.225	1.7
619.42	1.7
619.616	1.7
619.812	1.7
620.008	1.7
620.204	1.7
620.4	1.7
620.596	1.7
620.792	1.7
620.988	1.7
621.184	1.7
621.381	1.7
621.577	1.7
621.773	1.7
621.969	1.7
622.165	1.7
622.362	1.7
622.558	1.7
622.754	1.7
622.951	1.7
623.147	1.7
623.343	1.7
623.54	1.7
623.736	1.7
623.933	1.7
624.129	1.7
624.326	1.7
624.522	1.7
624.719	1.7
624.915	1.7
625.112	1.7
625.308	1.7
625.505	1.7
625.702	1.7
625.898	1.7
626.095	1.7
626.292	1.7
626.489	1.7
626.685	1.7
626.882	1.7
627.079	1.7
627.276	1.7
627.473	1.7
627.67	1.7
627.866	1.7
628.063	1.7
628.26	1.7
628.457	1.7
628.654	1.7
628.851	1.7
629.048	1.7
629.246	1.7
629.443	1.7
629.64	1.7
629.837	1.7
630.034	1.7
630.231	1.7
630.429	1.7
630.626	1.7
630.823	1.7
631.02	1.7
631.218	1.7
631.415	1.7
631.612	1.7
631.81	1.7
632.007	1.7
632.205	1.7
632.402	1.7
632.6	1.8
632.797	1.8
632.995	1.8
633.192	1.8
633.39	1.8
633.587	1.8
633.785	1.8
633.983	1.8
634.18	1.8
634.378	1.8
634.576	1.7
634.773	1.7
634.971	1.7
635.169	1.8
635.367	1.8
635.565	1.8
635.762	1.8
635.96	1.8
636.158	1.8
636.356	1.8
636.554	1.8
636.752	1.8
636.95	1.8
637.148	1.8
637.346	1.8
637.544	1.8
637.742	1.8
637.94	1.8
638.138	1.8
638.337	1.8
638.535	1.8
638.733	1.8
638.931	1.8
639.129	1.8
639.328	1.8
639.526	1.8
639.724	1.8
639.922	1.8
640.121	1.8
640.319	1.8
640.518	1.8
640.716	1.8
640.914	1.8
641.113	1.8
641.311	1.8
641.51	1.8
641.708	1.8
641.907	1.8
642.105	1.8
642.304	1.8
642.503	1.8
642.701	1.8
642.9	1.8
643.098	1.8
643.297	1.8
643.496	1.8
643.695	1.8
643.893	1.8
644.092	1.8
644.291	1.8
644.49	1.8
644.689	1.8
644.887	1.8
645.086	1.8
645.285	1.8
645.484	1.8
645.683	1.8
645.882	1.8
646.081	1.8
646.28	1.8
646.479	1.8
646.678	1.8
646.877	1.8
647.076	1.8
647.276	1.8
647.475	1.8
647.674	1.8
647.873	1.8
648.072	1.8
648.271	1.8
648.471	1.8
648.67	1.8
648.869	1.8
649.069	1.8
649.268	1.8
649.467	1.8
649.667	1.8
649.866	1.8
650.065	1.8
650.265	1.8
650.464	1.8
650.664	1.8
650.863	1.8
651.063	1.8
651.262	1.8
651.462	1.8
651.662	1.8
651.861	1.8
652.061	1.8
652.26	1.8
652.46	1.8
652.66	1.8
652.859	1.8
653.059	1.8
653.259	1.8
653.459	1.8
653.658	1.8
653.858	1.8
654.058	1.8
654.258	1.8
654.458	1.8
654.658	1.8
654.858	1.8
655.058	1.8
655.258	1.8
655.457	1.8
655.657	1.8
655.857	1.8
656.058	1.8
656.258	1.8
656.458	1.8
656.658	1.8
656.858	1.8
657.058	1.8
657.258	1.8
657.458	1.8
657.659	1.8
657.859	1.8
658.059	1.8
658.259	1.8
658.459	1.8
658.66	1.8
658.86	1.8
659.06	1.8
659.261	1.8
659.461	1.8
659.662	1.8
659.862	1.8
660.062	1.8
660.263	1.8
660.463	1.8
660.664	1.8
660.864	1.8
661.065	1.8
661.265	1.8
661.466	1.8
661.667	1.8
661.867	1.8
662.068	1.8
662.268	1.8
662.469	1.8
662.67	1.8
662.87	1.8
663.071	1.8
663.272	1.8
663.473	1.8
663.674	1.8
663.874	1.8
664.075	1.8
664.276	1.8
664.477	1.8
664.678	1.8
664.879	1.8
665.08	1.8
665.28	1.8
665.481	1.8
665.682	1.8
665.883	1.8
666.084	1.8
666.285	1.8
666.486	1.8
666.688	1.8
666.889	1.8
667.09	1.8
667.291	1.8
667.492	1.8
667.693	1.8
667.894	1.8
668.096	1.8
668.297	1.8
668.498	1.8
668.699	1.8
668.901	1.8
669.102	1.8
669.303	1.8
669.505	1.8
669.706	1.8
669.907	1.8
670.109	1.8
670.31	1.8
670.511	1.8
670.713	1.8
670.914	1.8
671.116	1.8
671.317	1.8
671.519	1.8
671.72	1.8
671.922	1.8
672.124	1.8
672.325	1.8
672.527	1.9
672.728	1.8
672.93	1.8
673.132	1.8
673.333	1.8
673.535	1.8
673.737	1.9
673.939	1.9
674.14	1.9
674.342	1.9
674.544	1.9
674.746	1.9
674.948	1.9
675.149	1.9
675.351	1.9
675.553	1.9
675.755	1.9
675.957	1.9
676.159	1.9
676.361	1.9
676.563	1.9
676.765	1.9
676.967	1.9
677.169	1.9
677.371	1.9
677.573	1.9
677.775	1.9
677.977	1.9
678.179	1.9
678.381	1.9
678.583	1.9
678.786	1.9
678.988	1.9
679.19	1.9
679.392	1.9
679.594	1.9
679.797	1.9
679.999	1.9
680.201	1.9
680.404	1.9
680.606	1.9
680.808	1.9
681.011	1.9
681.213	1.9
681.415	1.9
681.618	1.9
681.82	1.9
682.023	1.9
682.225	1.9
682.428	1.9
682.63	1.9
682.833	1.9
683.035	1.9
683.238	1.9
683.44	1.9
683.643	1.9
683.845	1.9
684.048	1.9
684.251	1.9
684.453	1.9
684.656	1.9
684.859	1.9
685.061	1.9
685.264	1.9
685.467	1.9
685.67	1.9
685.872	1.9
686.075	1.9
686.278	1.9
686.481	1.9
686.684	1.9
686.886	1.9
687.089	1.9
687.292	1.9
687.495	1.9
687.698	1.9
687.901	1.9
688.104	1.9
688.307	1.9
688.51	1.9
688.713	1.9
688.916	1.9
689.119	1.9
689.322	1.9
689.525	1.9
689.728	1.9
689.931	1.9
690.134	1.9
690.337	1.9
690.54	1.9
690.744	1.9
690.947	1.9
691.15	1.9
691.353	1.9
691.556	1.9
691.76	1.9
691.963	1.9
692.166	1.9
692.37	1.9
692.573	1.9
692.776	1.9
692.979	1.9
693.183	1.9
693.386	1.9
693.59	1.9
693.793	1.9
693.996	1.9
694.2	1.9
694.403	1.9
694.607	1.9
694.81	1.9
695.014	1.9
695.217	1.9
695.421	1.9
695.624	1.9
695.828	1.9
696.031	1.9
696.235	1.9
696.439	1.9
696.642	1.9
696.846	1.9
697.049	1.9
697.253	1.9
697.457	1.9
697.661	1.9
697.864	1.9
698.068	1.9
698.272	1.9
698.475	1.9
698.679	1.9
698.883	1.9
699.087	1.9
699.291	1.9
699.494	1.9
699.698	1.9
699.902	1.9
700.106	1.9
700.31	1.9
700.514	1.9
700.718	1.9
700.922	1.9
701.126	1.9
701.33	1.9
701.534	1.9
701.738	1.9
701.942	2
702.146	2
702.35	2
702.554	2
702.758	2
702.962	2
703.166	2
703.37	2
703.574	2
703.778	2
703.983	2
704.187	2
704.391	2
704.595	2
704.799	2
705.004	2
705.208	2
705.412	2
705.616	2
705.821	2
706.025	2
706.229	2
706.434	2
706.638	2
706.842	2
707.047	2
707.251	2
707.455	2
707.66	2
707.864	2
708.069	2
708.273	2
708.478	2
708.682	2
708.887	2
709.091	2
709.296	2
709.5	2
709.705	2
709.909	2
710.114	2
710.319	2
710.523	2
710.728	2
710.932	2
711.137	2
711.342	2
711.546	2
711.751	2
711.956	2
712.161	2
712.365	2
712.57	2
712.775	2
712.98	2
713.184	2
713.389	2
713.594	2
713.799	2
714.004	2
714.209	2
714.413	2
714.618	2
714.823	2
715.028	2
715.233	2
715.438	2
715.643	2
715.848	2
716.053	2
716.258	2
716.463	2
716.668	2
716.873	2
717.078	2.1
717.283	2.1
717.488	2.1
717.693	2.1
717.898	2.1
718.103	2.1
718.308	2.1
718.514	2.1
718.719	2.1
718.924	2.1
719.129	2.1
719.334	2.1
719.539	2.1
719.745	2.1
719.95	2.1
720.155	2.1
720.36	2.1
720.566	2.1
720.771	2.1
720.976	2.1
721.182	2.1
721.387	2.1
721.592	2.1
721.798	2.1
722.003	2.1
722.208	2.1
722.414	2.1
722.619	2.1
722.824	2.1
723.03	2.1
723.235	2.1
723.441	2.1
723.646	2.1
723.852	2.1
724.057	2.1
724.263	2.1
724.468	2.1
724.674	2.1
724.879	2.1
725.085	2.1
725.29	2.1
725.496	2.1
725.701	2.1
725.907	2.1
726.112	2.1
726.318	2.1
726.524	2.1
726.729	2.1
726.935	2.1
727.141	2.1
727.346	2.1
727.552	2.1
727.758	2.1
727.963	2.1
728.169	2.1
728.375	2.1
728.581	2.1
728.786	2.1
728.992	2.1
729.198	2.1
729.404	2.1
729.609	2.1
729.815	2.1
730.021	2.1
730.227	2.1
730.433	2.1
730.639	2.1
730.844	2.1
731.05	2.1
731.256	2.1
731.462	2.1
731.668	2.1
731.874	2.1
732.08	2.1
732.286	2.1
732.492	2.1
732.698	2.1
732.904	2.1
733.11	2.1
733.316	2.1
733.522	2.1
733.728	2.1
733.934	2.2
734.14	2.2
734.346	2.2
734.552	2.2
734.758	2.2
734.964	2.2
735.17	2.2
735.376	2.2
735.583	2.2
735.789	2.2
735.995	2.2
736.201	2.2
736.407	2.2
736.613	2.2
736.819	2.2
737.026	2.2
737.232	2.2
737.438	2.2
737.644	2.2
737.851	2.2
738.057	2.2
738.263	2.2
738.469	2.2
738.676	2.2
738.882	2.2
739.088	2.2
739.295	2.2
739.501	2.2
739.707	2.2
739.914	2.2
740.12	2.2
740.326	2.2
740.533	2.2
740.739	2.2
740.946	2.2
741.152	2.2
741.358	2.2
741.565	2.2
741.771	2.2
741.978	2.2
742.184	2.2
742.391	2.2
742.597	2.2
742.804	2.2
743.01	2.2
743.217	2.2
743.423	2.2
743.63	2.2
743.836	2.2
744.043	2.2
744.249	2.2
744.456	2.2
744.663	2.2
744.869	2.2
745.076	2.2
745.282	2.2
745.489	2.2
745.696	2.2
745.902	2.2
746.109	2.2
746.316	2.2
746.522	2.3
746.729	2.3
746.936	2.3
747.142	2.3
747.349	2.3
747.556	2.3
747.762	2.3
747.969	2.3
748.176	2.3
748.383	2.3
748.589	2.3
748.796	2.3
749.003	2.3
749.21	2.3
749.417	2.3
749.623	2.3
749.83	2.3
750.037	2.3
750.244	2.3
750.451	2.3
750.658	2.3
750.865	2.3
751.071	2.3
751.278	2.3
751.485	2.3
751.692	2.3
751.899	2.3
752.106	2.3
752.313	2.3
752.52	2.3
752.727	2.3
752.934	2.3
753.141	2.3
753.348	2.3
753.555	2.3
753.762	2.3
753.969	2.3
754.176	2.3
754.383	2.3
754.59	2.3
754.797	2.3
755.004	2.3
755.211	2.3
755.418	2.3
755.625	2.3
755.832	2.3
756.039	2.3
756.246	2.3
756.453	2.3
756.66	2.3
756.868	2.3
757.075	2.3
757.282	2.3
757.489	2.3
757.696	2.3
757.903	2.3
758.111	2.3
758.318	2.3
758.525	2.3
758.732	2.3
758.939	2.3
759.147	2.3
759.354	2.3
759.561	2.3
759.768	2.3
759.976	2.3
760.183	2.3
760.39	2.3
760.597	2.3
760.805	2.4
761.012	2.4
761.219	2.4
761.426	2.4
761.634	2.4
761.841	2.4
762.048	2.4
762.256	2.4
762.463	2.4
762.67	2.4
762.878	2.4
763.085	2.4
763.293	2.4
763.5	2.4
763.707	2.4
763.915	2.4
764.122	2.4
764.33	2.4
764.537	2.4
764.744	2.4
764.952	2.4
765.159	2.4
765.367	2.4
765.574	2.4
765.782	2.4
765.989	2.4
766.197	2.4
766.404	2.4
766.612	2.4
766.819	2.4
767.027	2.4
767.234	2.4
767.442	2.4
767.649	2.4
767.857	2.4
768.064	2.4
768.272	2.4
768.479	2.4
768.687	2.5
768.895	2.5
769.102	2.5
769.31	2.5
769.517	2.5
769.725	2.5
769.933	2.5
770.14	2.5
770.348	2.5
770.555	2.5
770.763	2.5
770.971	2.5
771.178	2.5
771.386	2.5
771.594	2.5
771.801	2.5
772.009	2.5
772.217	2.5
772.424	2.5
772.632	2.5
772.84	2.5
773.047	2.5
773.255	2.5
773.463	2.5
773.671	2.5
773.878	2.5
774.086	2.5
774.294	2.5
774.502	2.5
774.709	2.5
774.917	2.5
775.125	2.5
775.333	2.5
775.54	2.5
775.748	2.5
775.956	2.5
776.164	2.5
776.371	2.5
776.579	2.5
776.787	2.5
776.995	2.5
777.203	2.5
777.41	2.5
777.618	2.5
777.826	2.5
778.034	2.5
778.242	2.5
778.45	2.5
778.657	2.5
778.865	2.5
779.073	2.5
779.281	2.5
779.489	2.5
779.697	2.5
779.905	2.5
780.112	2.5
780.32	2.5
780.528	2.5
780.736	2.5
780.944	2.5
781.152	2.5
781.36	2.5
781.568	2.5
781.776	2.5
781.984	2.5
782.191	2.5
782.399	2.5
782.607	2.5
782.815	2.5
783.023	2.5
783.231	2.5
783.439	2.5
783.647	2.5
783.855	2.5
784.063	2.5
784.271	2.5
784.479	2.5
784.687	2.5
784.895	2.6
785.103	2.6
785.311	2.6
785.519	2.6
785.727	2.6
785.935	2.6
786.143	2.6
786.351	2.6
786.559	2.6
786.767	2.6
786.975	2.6
787.183	2.6
787.391	2.6
787.599	2.6
787.807	2.6
788.015	2.6
788.223	2.6
788.431	2.6
788.639	2.6
788.847	2.6
789.055	2.6
789.263	2.6
789.471	2.6
789.679	2.6
789.887	2.7
790.095	2.7
790.303	2.7
790.511	2.7
790.719	2.7
790.927	2.7
791.135	2.7
791.343	2.7
791.551	2.7
791.76	2.7
791.968	2.7
792.176	2.7
792.384	2.7
792.592	2.7
792.8	2.7
793.008	2.7
793.216	2.7
793.424	2.7
793.632	2.7
793.84	2.7
794.048	2.7
794.256	2.7
794.465	2.7
794.673	2.7
794.881	2.7
795.089	2.7
795.297	2.7
795.505	2.7
795.713	2.7
795.921	2.7
796.129	2.7
796.337	2.7
796.546	2.7
796.754	2.7
796.962	2.7
797.17	2.7
797.378	2.7
797.586	2.7
797.794	2.7
798.002	2.7
798.21	2.7
798.419	2.7
798.627	2.7
798.835	2.7
799.043	2.7
799.251	2.7
799.459	2.7
799.667	2.7
799.875	2.7
800.083	2.7
800.292	2.7
800.5	2.7
800.708	2.7
800.916	2.7
801.124	2.7
801.332	2.7
801.54	2.7
801.748	2.7
801.957	2.7
802.165	2.7
802.373	2.7
802.581	2.7
802.789	2.7
802.997	2.7
803.205	2.7
803.414	2.8
803.622	2.8
803.83	2.8
804.038	2.8
804.246	2.8
804.454	2.8
804.662	2.8
804.87	2.8
805.079	2.8
805.287	2.8
805.495	2.8
805.703	2.8
805.911	2.8
806.119	2.8
806.327	2.8
806.535	2.8
806.743	2.8
806.952	2.8
807.16	2.8
807.368	2.8
807.576	2.8
807.784	2.8
807.992	2.8
808.2	2.8
808.408	2.8
808.617	2.8
808.825	2.8
809.033	2.8
809.241	2.8
809.449	2.8
809.657	2.8
809.865	2.8
810.073	2.8
810.281	2.8
810.49	2.8
810.698	2.8
810.906	2.9
811.114	2.9
811.322	2.9
811.53	2.9
811.738	2.9
811.946	2.9
812.154	2.9
812.362	2.9
812.57	2.9
812.779	2.9
812.987	2.9
813.195	2.9
813.403	2.9
813.611	2.9
813.819	2.9
814.027	2.9
814.235	2.9
814.443	2.9
814.651	2.9
814.859	2.9
815.067	2.9
815.275	2.9
815.484	2.9
815.692	2.9
815.9	2.9
816.108	2.9
816.316	2.9
816.524	2.9
816.732	2.9
816.94	2.9
817.148	2.9
817.356	2.9
817.564	2.9
817.772	2.9
817.98	2.9
818.188	2.9
818.397	2.9
818.605	2.9
818.813	2.9
819.021	2.9
819.229	2.9
819.437	2.9
819.645	2.9
819.853	2.9
820.061	3
820.269	3
820.477	3
820.685	3
820.893	3
821.102	3
821.31	3
821.518	3
821.726	3
821.934	3
822.142	3
822.35	3
822.558	3
822.766	3
822.974	3
823.182	3
823.39	3
823.599	3
823.807	3
824.015	3
824.223	3
824.431	3
824.639	3
824.847	3
825.055	3
825.263	3
825.472	3
825.68	3
825.888	3
826.096	3
826.304	3
826.512	3
826.72	3.1
826.928	3.1
827.137	3.1
827.345	3.1
827.553	3.1
827.761	3.1
827.969	3.1
828.177	3.1
828.385	3.1
828.594	3.1
828.802	3.1
829.01	3.1
829.218	3.1
829.426	3.1
829.634	3.1
829.843	3.1
830.051	3.1
830.259	3.1
830.467	3.1
830.675	3.1
830.883	3.1
831.092	3.1
831.3	3.1
831.508	3.1
831.716	3.1
831.924	3.1
832.133	3.2
832.341	3.2
832.549	3.2
832.757	3.2
832.966	3.2
833.174	3.2
833.382	3.2
833.59	3.2
833.799	3.2
834.007	3.2
834.215	3.2
834.423	3.2
834.632	3.2
834.84	3.2
835.048	3.2
835.256	3.2
835.465	3.2
835.673	3.2
835.881	3.2
836.09	3.2
836.298	3.2
836.506	3.2
836.715	3.2
836.923	3.3
837.131	3.3
837.34	3.3
837.548	3.3
837.756	3.3
837.965	3.3
838.173	3.3
838.381	3.3
838.59	3.3
838.798	3.3
839.006	3.3
839.215	3.3
839.423	3.3
839.632	3.3
839.84	3.3
840.048	3.3
840.257	3.3
840.465	3.3
840.674	3.3
840.882	3.3
841.091	3.3
841.299	3.3
841.508	3.3
841.716	3.3
841.924	3.3
842.133	3.3
842.341	3.3
842.55	3.3
842.758	3.3
842.967	3.3
843.175	3.3
843.384	3.3
843.593	3.3
843.801	3.3
844.01	3.3
844.218	3.3
844.427	3.3
844.635	3.3
844.844	3.3
845.052	3.3
845.261	3.3
845.47	3.3
845.678	3.3
845.887	3.3
846.095	3.3
846.304	3.3
846.513	3.3
846.721	3.3
846.93	3.3
847.139	3.3
847.347	3.3
847.556	3.3
847.765	3.3
847.973	3.3
848.182	3.3
848.391	3.3
848.6	3.3
848.808	3.4
849.017	3.4
849.226	3.4
849.435	3.4
849.643	3.4
849.852	3.4
850.061	3.4
850.27	3.4
850.478	3.4
850.687	3.4
850.896	3.4
851.105	3.4
851.314	3.4
851.523	3.4
851.731	3.4
851.94	3.4
852.149	3.5
852.358	3.5
852.567	3.5
852.776	3.5
852.985	3.5
853.194	3.5
853.403	3.5
853.612	3.5
853.821	3.5
854.03	3.5
854.239	3.5
854.447	3.5
854.656	3.5
854.865	3.5
855.075	3.5
855.284	3.5
855.493	3.5
855.702	3.5
855.911	3.5
856.12	3.5
856.329	3.5
856.538	3.6
856.747	3.5
856.956	3.6
857.165	3.5
857.374	3.6
857.584	3.6
857.793	3.6
858.002	3.6
858.211	3.6
858.42	3.6
858.629	3.6
858.839	3.6
859.048	3.6
859.257	3.6
859.466	3.6
859.676	3.6
859.885	3.6
860.094	3.6
860.304	3.6
860.513	3.6
860.722	3.6
860.932	3.6
861.141	3.6
861.35	3.6
861.56	3.6
861.769	3.6
861.978	3.6
862.188	3.6
862.397	3.6
862.607	3.6
862.816	3.6
863.026	3.7
863.235	3.7
863.445	3.7
863.654	3.7
863.864	3.7
864.073	3.7
864.283	3.7
864.492	3.7
864.702	3.7
864.911	3.7
865.121	3.7
865.33	3.7
865.54	3.7
865.75	3.7
865.959	3.8
866.169	3.7
866.379	3.8
866.588	3.8
866.798	3.8
867.008	3.8
867.218	3.8
867.427	3.8
867.637	3.8
867.847	3.8
868.057	3.8
868.266	3.8
868.476	3.8
868.686	3.8
868.896	3.8
869.106	3.8
869.316	3.8
869.525	3.8
869.735	3.8
869.945	3.8
870.155	3.8
870.365	3.8
870.575	3.8
870.785	3.8
870.995	3.8
871.205	3.8
871.415	3.8
871.625	3.8
871.835	3.9
872.045	3.9
872.255	3.9
872.465	3.9
872.675	3.9
872.886	3.9
873.096	3.9
873.306	3.9
873.516	3.9
873.726	3.9
873.936	3.9
874.147	3.9
874.357	3.9
874.567	3.9
874.777	3.9
874.988	3.9
875.198	3.9
875.408	3.9
875.619	3.9
875.829	3.9
876.039	3.9
876.25	3.9
876.46	3.9
876.67	3.9
876.881	3.9
877.091	3.9
877.302	3.9
877.512	3.9
877.723	3.9
877.933	3.9
878.144	3.9
878.354	3.9
878.565	3.9
878.775	3.9
878.986	3.9
879.197	3.9
879.407	3.9
879.618	4
879.829	4
880.039	4
880.25	4
880.461	4
880.671	4
880.882	4
881.093	4
881.304	4
881.515	4
881.725	4
881.936	4
882.147	4
882.358	4
882.569	4
882.78	4
882.991	4.1
883.202	4.1
883.413	4.1
883.624	4.1
883.835	4.1
884.046	4.1
884.257	4.1
884.468	4.1
884.679	4.2
884.89	4.2
885.101	4.2
885.312	4.2
885.523	4.2
885.735	4.2
885.946	4.2
886.157	4.2
886.368	4.2
886.579	4.2
886.791	4.2
887.002	4.2
887.213	4.2
887.425	4.2
887.636	4.2
887.847	4.2
888.059	4.2
888.27	4.2
888.481	4.2
888.693	4.2
888.904	4.2
889.116	4.2
889.327	4.2
889.539	4.2
889.75	4.2
889.962	4.2
890.174	4.2
890.385	4.2
890.597	4.2
890.808	4.2
891.02	4.2
891.232	4.2
891.444	4.2
891.655	4.2
891.867	4.2
892.079	4.2
892.291	4.2
892.502	4.2
892.714	4.2
892.926	4.2
893.138	4.2
893.35	4.2
893.562	4.2
893.774	4.2
893.986	4.2
894.198	4.2
894.41	4.2
894.622	4.2
894.834	4.2
895.046	4.2
895.258	4.2
895.47	4.2
895.682	4.2
895.894	4.3
896.106	4.3
896.319	4.3
896.531	4.3
896.743	4.3
896.955	4.3
897.168	4.3
897.38	4.3
897.592	4.3
897.805	4.3
898.017	4.3
898.229	4.4
898.442	4.4
898.654	4.4
898.867	4.4
899.079	4.4
899.292	4.4
899.504	4.4
899.717	4.4
899.929	4.4
900.142	4.4
900.355	4.4
900.567	4.5
900.78	4.5
900.993	4.5
901.205	4.5
901.418	4.5
901.631	4.5
901.844	4.5
902.056	4.5
902.269	4.5
902.482	4.5
902.695	4.5
902.908	4.5
903.121	4.5
903.334	4.5
903.547	4.4
903.76	4.4
903.973	4.4
904.186	4.4
904.399	4.4
904.612	4.4
904.825	4.4
905.038	4.5
905.251	4.5
905.465	4.4
905.678	4.4
905.891	4.4
906.104	4.4
906.318	4.4
906.531	4.4
906.744	4.4
906.958	4.4
907.171	4.4
907.384	4.4
907.598	4.4
907.811	4.4
908.025	4.4
908.238	4.4
908.452	4.4
908.665	4.4
908.879	4.4
909.093	4.4
909.306	4.3
909.52	4.3
909.734	4.3
909.947	4.3
910.161	4.4
910.375	4.4
910.589	4.4
910.803	4.4
911.016	4.4
911.23	4.4
911.444	4.4
911.658	4.4
911.872	4.4
912.086	4.5
912.3	4.5
912.514	4.5
912.728	4.5
912.942	4.5
913.156	4.5
913.37	4.5
913.585	4.5
913.799	4.5
914.013	4.5
914.227	4.6
914.442	4.6
914.656	4.6
914.87	4.6
915.084	4.7
915.299	4.7
915.513	4.7
915.728	4.7
915.942	4.7
916.157	4.7
916.371	4.7
916.586	4.7
916.8	4.7
917.015	4.7
917.229	4.7
917.444	4.7
917.659	4.7
917.874	4.7
918.088	4.7
918.303	4.8
918.518	4.8
918.733	4.7
918.947	4.7
919.162	4.8
919.377	4.8
919.592	4.8
919.807	4.8
920.022	4.8
920.237	4.8
920.452	4.8
920.667	4.8
920.882	4.8
921.097	4.8
921.313	4.8
921.528	4.8
921.743	4.9
921.958	4.8
922.174	4.8
922.389	4.8
922.604	4.8
922.82	4.8
923.035	4.8
923.25	4.8
923.466	4.9
923.681	4.9
923.897	4.8
924.112	4.8
924.328	4.8
924.544	4.8
924.759	4.8
924.975	4.9
925.19	4.9
925.406	4.9
925.622	4.9
925.838	4.9
926.054	5
926.269	5
926.485	5
926.701	5
926.917	5
927.133	5
927.349	5.1
927.565	5.1
927.781	5.1
927.997	5.1
928.213	5.1
928.429	5.1
928.646	5.1
928.862	5.2
929.078	5.2
929.294	5.2
929.511	5.3
929.727	5.2
929.943	5.2
930.16	5.2
930.376	5.3
930.592	5.3
930.809	5.3
931.025	5.3
931.242	5.3
931.459	5.3
931.675	5.3
931.892	5.3
932.108	5.3
932.325	5.3
932.542	5.4
932.759	5.4
932.975	5.4
933.192	5.4
933.409	5.5
933.626	5.5
933.843	5.5
934.06	5.5
934.277	5.5
934.494	5.5
934.711	5.6
934.928	5.7
935.145	5.7
935.362	5.7
935.58	5.7
935.797	5.7
936.014	5.6
936.231	5.6
936.449	5.6
936.666	5.6
936.883	5.6
937.101	5.6
937.318	5.6
937.536	5.7
937.753	5.7
937.971	5.7
938.188	5.7
938.406	5.7
938.624	5.8
938.841	5.9
939.059	5.9
939.277	5.9
939.494	5.9
939.712	5.9
939.93	6
