360.161	9
360.333	9
360.504	8.9
360.676	8.9
360.847	8.8
361.019	8.8
361.19	8.8
361.361	8.7
361.533	8.7
361.704	8.6
361.876	8.5
362.047	8.5
362.219	8.4
362.391	8.4
362.562	8.3
362.734	8.3
362.905	8.2
363.077	8.2
363.248	8
363.42	8
363.592	7.9
363.763	7.9
363.935	7.9
364.106	7.9
364.278	7.9
364.45	7.9
364.621	7.8
364.793	7.8
364.965	7.8
365.137	7.7
365.308	7.6
365.48	7.6
365.652	7.7
365.824	7.7
365.995	7.6
366.167	7.6
366.339	7.5
366.511	7.5
366.683	7.4
366.854	7.3
367.026	7.2
367.198	7.2
367.37	7.2
367.542	7.2
367.714	7.1
367.886	7.1
368.058	7
368.23	6.9
368.402	6.9
368.574	6.8
368.746	6.8
368.918	6.8
369.09	6.7
369.262	6.7
369.434	6.6
369.606	6.6
369.778	6.5
369.95	6.4
370.122	6.4
370.294	6.4
370.467	6.4
370.639	6.4
370.811	6.3
370.983	6.3
371.155	6.3
371.328	6.2
371.5	6.2
371.672	6.2
371.844	6.1
372.017	6.1
372.189	6.1
372.361	6.1
372.534	6
372.706	6
372.878	6
373.051	5.9
373.223	5.9
373.396	5.8
373.568	5.8
373.741	5.7
373.913	5.8
374.086	5.8
374.258	5.8
374.431	5.8
374.603	5.7
374.776	5.7
374.949	5.6
375.121	5.6
375.294	5.6
375.467	5.6
375.639	5.6
375.812	5.6
375.985	5.6
376.157	5.5
376.33	5.5
376.503	5.5
376.676	5.4
376.849	5.4
377.021	5.4
377.194	5.4
377.367	5.4
377.54	5.3
377.713	5.3
377.886	5.2
378.059	5.2
378.232	5.2
378.405	5.1
378.578	5.1
378.751	5.1
378.924	5.1
379.097	5.1
379.27	5.1
379.444	5
379.617	5
379.79	5
379.963	4.9
380.136	4.9
380.31	4.8
380.483	4.8
380.656	4.9
380.829	4.9
381.003	4.8
381.176	4.8
381.35	4.7
381.523	4.7
381.696	4.6
381.87	4.6
382.043	4.7
382.217	4.6
382.39	4.6
382.564	4.6
382.738	4.5
382.911	4.5
383.085	4.5
383.258	4.5
383.432	4.4
383.606	4.4
383.779	4.4
383.953	4.4
384.127	4.4
384.301	4.4
384.475	4.4
384.648	4.3
384.822	4.3
384.996	4.3
385.17	4.3
385.344	4.3
385.518	4.3
385.692	4.3
385.866	4.2
386.04	4.2
386.214	4.2
386.388	4.2
386.562	4.1
386.737	4.1
386.911	4.1
387.085	4.1
387.259	4.1
387.434	4.1
387.608	4.1
387.782	4.1
387.956	4.1
388.131	4
388.305	4
388.48	4
388.654	4
388.829	4
389.003	4
389.178	4
389.352	4
389.527	4
389.701	4
389.876	3.9
390.051	3.9
390.226	3.9
390.4	3.9
390.575	4
390.75	4
390.925	4
391.099	4
391.274	4
391.449	4
391.624	4
391.799	4
391.974	4
392.149	4
392.324	3.9
392.499	3.9
392.675	3.9
392.85	3.9
393.025	3.9
393.2	3.9
393.375	3.9
393.551	3.9
393.726	3.9
393.901	3.9
394.077	3.9
394.252	3.9
394.427	3.9
394.603	3.9
394.778	3.9
394.954	3.9
395.129	3.9
395.305	3.9
395.481	3.9
395.656	3.9
395.832	3.9
396.008	3.8
396.184	3.8
396.359	3.8
396.535	3.8
396.711	3.8
396.887	3.8
397.063	3.8
397.239	3.7
397.415	3.7
397.591	3.7
397.767	3.7
397.943	3.7
398.119	3.7
398.295	3.7
398.471	3.6
398.648	3.6
398.824	3.6
399	3.6
399.176	3.6
399.353	3.6
399.529	3.6
399.706	3.6
399.882	3.6
400.058	3.6
400.235	3.6
400.412	3.6
400.588	3.6
400.765	3.6
400.942	3.6
401.118	3.6
401.295	3.6
401.472	3.5
401.649	3.5
401.825	3.5
402.002	3.5
402.179	3.5
402.356	3.5
402.533	3.5
402.71	3.4
402.887	3.4
403.064	3.4
403.242	3.4
403.419	3.4
403.596	3.4
403.773	3.4
403.95	3.4
404.128	3.4
404.305	3.4
404.483	3.4
404.66	3.4
404.837	3.4
405.015	3.4
405.193	3.4
405.37	3.4
405.548	3.4
405.725	3.4
405.903	3.4
406.081	3.4
406.259	3.4
406.437	3.4
406.614	3.3
406.792	3.3
406.97	3.3
407.148	3.3
407.326	3.3
407.504	3.3
407.682	3.3
407.86	3.3
408.039	3.2
408.217	3.2
408.395	3.2
408.573	3.2
408.751	3.2
408.93	3.2
409.108	3.2
409.287	3.2
409.465	3.2
409.643	3.2
409.822	3.2
410	3.2
410.179	3.2
410.358	3.2
410.536	3.2
410.715	3.2
410.894	3.2
411.072	3.2
411.251	3.2
411.43	3.2
411.609	3.2
411.788	3.1
411.967	3.1
412.146	3.1
412.325	3.1
412.504	3.1
412.683	3.1
412.862	3.2
413.041	3.2
413.22	3.1
413.399	3.1
413.578	3.1
413.758	3.1
413.937	3.1
414.116	3.1
414.296	3.1
414.475	3.1
414.654	3.1
414.834	3.1
415.013	3.1
415.193	3.1
415.372	3.1
415.552	3.1
415.732	3.1
415.911	3.1
416.091	3.1
416.271	3.1
416.45	3.1
416.63	3.1
416.81	3.1
416.99	3.1
417.169	3.1
417.349	3.1
417.529	3.1
417.709	3.1
417.889	3.1
418.069	3.1
418.249	3.1
418.429	3.1
418.609	3.1
418.789	3.1
418.97	3.1
419.15	3.1
419.33	3.1
419.51	3.1
419.691	3.1
419.871	3.1
420.051	3
420.232	3
420.412	3
420.592	3
420.773	3
420.953	3
421.134	3
421.314	3
421.495	3
421.675	3
421.856	3
422.037	3
422.217	3
422.398	3
422.579	3
422.76	3
422.94	3
423.121	3
423.302	3
423.483	3
423.664	3
423.845	3
424.026	3
424.207	3
424.388	3
424.569	3
424.75	3
424.931	3
425.112	3
425.293	3
425.474	3
425.655	3
425.837	3
426.018	3
426.199	3
426.38	3
426.562	3
426.743	3
426.924	3
427.106	3
427.287	3
427.469	3
427.65	3
427.832	3
428.013	3
428.195	3
428.376	3
428.558	3
428.739	3
428.921	3
429.103	2.9
429.284	2.9
429.466	2.9
429.648	2.9
429.83	2.9
430.011	2.9
430.193	2.9
430.375	2.9
430.557	2.9
430.739	2.9
430.921	2.9
431.102	2.9
431.284	2.9
431.466	2.9
431.648	2.9
431.83	2.9
432.012	2.9
432.194	2.9
432.377	2.9
432.559	2.9
432.741	2.9
432.923	2.8
433.105	2.8
433.287	2.8
433.469	2.8
433.652	2.8
433.834	2.8
434.016	2.8
434.198	2.8
434.381	2.8
434.563	2.8
434.745	2.8
434.928	2.8
435.11	2.8
435.293	2.8
435.475	2.8
435.658	2.8
435.84	2.8
436.022	2.8
436.205	2.8
436.388	2.8
436.57	2.8
436.753	2.8
436.935	2.8
437.118	2.8
437.301	2.8
437.483	2.8
437.666	2.8
437.849	2.8
438.031	2.8
438.214	2.8
438.397	2.8
438.58	2.8
438.762	2.8
438.945	2.8
439.128	2.8
439.311	2.8
439.494	2.8
439.677	2.8
439.859	2.8
440.042	2.8
440.225	2.8
440.408	2.8
440.591	2.8
440.774	2.8
440.957	2.8
441.14	2.8
441.323	2.8
441.507	2.8
441.69	2.8
441.873	2.8
442.056	2.8
442.239	2.8
442.422	2.8
442.605	2.8
442.789	2.8
442.972	2.8
443.155	2.8
443.338	2.8
443.522	2.8
443.705	2.8
443.888	2.8
444.072	2.8
444.255	2.8
444.438	2.8
444.622	2.8
444.805	2.8
444.989	2.8
445.172	2.8
445.356	2.8
445.539	2.8
445.723	2.8
445.906	2.8
446.09	2.8
446.273	2.8
446.457	2.8
446.64	2.8
446.824	2.8
447.008	2.8
447.191	2.8
447.375	2.8
447.559	2.8
447.742	2.8
447.926	2.8
448.11	2.8
448.293	2.8
448.477	2.8
448.661	2.8
448.845	2.8
449.029	2.8
449.212	2.8
449.396	2.8
449.58	2.8
449.764	2.8
449.948	2.8
450.132	2.8
450.316	2.8
450.5	2.8
450.684	2.8
450.868	2.8
451.052	2.8
451.236	2.8
451.42	2.8
451.604	2.8
451.788	2.8
451.972	2.8
452.156	2.8
452.34	2.8
452.525	2.8
452.709	2.8
452.893	2.8
453.077	2.8
453.261	2.8
453.446	2.8
453.63	2.8
453.814	2.8
453.998	2.8
454.183	2.8
454.367	2.7
454.551	2.8
454.736	2.7
454.92	2.7
455.104	2.7
455.289	2.7
455.473	2.7
455.658	2.7
455.842	2.7
456.026	2.7
456.211	2.7
456.395	2.8
456.58	2.8
456.764	2.8
456.949	2.8
457.134	2.7
457.318	2.7
457.503	2.7
457.687	2.7
457.872	2.7
458.057	2.7
458.241	2.7
458.426	2.7
458.611	2.7
458.795	2.7
458.98	2.7
459.165	2.7
459.349	2.7
459.534	2.7
459.719	2.7
459.904	2.7
460.088	2.8
460.273	2.8
460.458	2.8
460.643	2.8
460.828	2.8
461.013	2.8
461.198	2.8
461.382	2.8
461.567	2.8
461.752	2.8
461.937	2.8
462.122	2.8
462.307	2.8
462.492	2.8
462.677	2.8
462.862	2.8
463.047	2.8
463.232	2.8
463.417	2.8
463.602	2.8
463.788	2.8
463.973	2.8
464.158	2.8
464.343	2.8
464.528	2.8
464.713	2.8
464.898	2.8
465.084	2.8
465.269	2.8
465.454	2.8
465.639	2.8
465.824	2.8
466.01	2.8
466.195	2.8
466.38	2.8
466.566	2.8
466.751	2.8
466.936	2.8
467.122	2.8
467.307	2.8
467.492	2.8
467.678	2.8
467.863	2.8
468.048	2.8
468.234	2.8
468.419	2.8
468.605	2.8
468.79	2.8
468.976	2.8
469.161	2.8
469.347	2.8
469.532	2.8
469.718	2.8
469.903	2.8
470.089	2.8
470.274	2.8
470.46	2.8
470.646	2.8
470.831	2.8
471.017	2.8
471.202	2.8
471.388	2.8
471.574	2.8
471.759	2.8
471.945	2.8
472.131	2.8
472.317	2.8
472.502	2.8
472.688	2.8
472.874	2.8
473.059	2.8
473.245	2.8
473.431	2.8
473.617	2.8
473.803	2.8
473.988	2.8
474.174	2.8
474.36	2.8
474.546	2.8
474.732	2.8
474.918	2.8
475.104	2.8
475.29	2.8
475.475	2.8
475.661	2.8
475.847	2.8
476.033	2.8
476.219	2.8
476.405	2.8
476.591	2.8
476.777	2.8
476.963	2.8
477.149	2.8
477.335	2.8
477.521	2.8
477.707	2.8
477.893	2.8
478.08	2.8
478.266	2.8
478.452	2.8
478.638	2.8
478.824	2.8
479.01	2.8
479.196	2.8
479.382	2.9
479.569	2.9
479.755	2.9
479.941	2.9
480.127	2.9
480.313	2.9
480.5	2.9
480.686	2.9
480.872	2.9
481.058	2.9
481.245	2.9
481.431	2.9
481.617	2.9
481.803	2.9
481.99	2.9
482.176	2.9
482.362	2.9
482.549	2.9
482.735	2.9
482.921	2.9
483.108	2.9
483.294	2.9
483.481	2.9
483.667	2.9
483.853	2.9
484.04	2.9
484.226	2.9
484.413	2.9
484.599	2.9
484.786	2.9
484.972	2.9
485.159	2.9
485.345	2.9
485.532	3
485.718	3
485.905	3
486.091	3
486.278	3
486.464	3
486.651	3
486.837	3
487.024	3
487.211	3
487.397	3
487.584	3
487.77	3
487.957	3
488.144	3
488.33	3
488.517	3
488.704	3
488.89	3
489.077	3
489.264	3
489.45	3
489.637	3
489.824	3
490.01	3
490.197	3
490.384	3
490.571	3
490.757	3
490.944	3
491.131	3
491.318	3
491.505	3
491.691	3
491.878	3
492.065	3
492.252	3
492.439	3
492.626	3
492.812	3
492.999	3
493.186	3
493.373	3
493.56	3
493.747	3
493.934	3
494.121	3
494.308	3
494.494	3
494.681	3
494.868	3
495.055	3
495.242	3
495.429	3
495.616	3
495.803	3
495.99	3
496.177	3
496.364	3
496.551	3
496.738	3
496.925	3
497.112	3
497.299	3
497.486	3
497.673	3
497.861	3
498.048	3
498.235	3
498.422	3
498.609	3
498.796	3
498.983	3
499.17	3.1
499.357	3.1
499.544	3.1
499.732	3.1
499.919	3.1
500.106	3.1
500.293	3.1
500.48	3.1
500.667	3.1
500.855	3.1
501.042	3.1
501.229	3.1
501.416	3.1
501.603	3.1
501.791	3.1
501.978	3.1
502.165	3.1
502.352	3.1
502.54	3.1
502.727	3.1
502.914	3.1
503.101	3.1
503.289	3.1
503.476	3.1
503.663	3.1
503.85	3.1
504.038	3.1
504.225	3.1
504.412	3.1
504.6	3.1
504.787	3.1
504.974	3.1
505.161	3.1
505.349	3.1
505.536	3.1
505.723	3.1
505.911	3.1
506.098	3.1
506.286	3.1
506.473	3.1
506.66	3.1
506.848	3.1
507.035	3.1
507.222	3.1
507.41	3.1
507.597	3.1
507.785	3.1
507.972	3.1
508.159	3.1
508.347	3.1
508.534	3.1
508.722	3.2
508.909	3.2
509.097	3.2
509.284	3.2
509.471	3.2
509.659	3.2
509.846	3.2
510.034	3.2
510.221	3.2
510.409	3.2
510.596	3.2
510.784	3.2
510.971	3.2
511.159	3.2
511.346	3.2
511.534	3.2
511.721	3.2
511.909	3.2
512.096	3.2
512.284	3.2
512.471	3.2
512.659	3.2
512.846	3.2
513.034	3.2
513.221	3.2
513.409	3.2
513.596	3.2
513.784	3.2
513.972	3.2
514.159	3.3
514.347	3.3
514.534	3.3
514.722	3.3
514.909	3.3
515.097	3.3
515.285	3.3
515.472	3.3
515.66	3.3
515.847	3.3
516.035	3.3
516.222	3.3
516.41	3.3
516.598	3.3
516.785	3.3
516.973	3.3
517.161	3.3
517.348	3.3
517.536	3.3
517.723	3.3
517.911	3.3
518.099	3.3
518.286	3.3
518.474	3.4
518.662	3.4
518.849	3.4
519.037	3.4
519.225	3.4
519.412	3.4
519.6	3.4
519.787	3.4
519.975	3.4
520.163	3.4
520.35	3.4
520.538	3.4
520.726	3.4
520.914	3.4
521.101	3.4
521.289	3.4
521.477	3.4
521.664	3.5
521.852	3.5
522.04	3.5
522.227	3.5
522.415	3.5
522.603	3.5
522.79	3.5
522.978	3.5
523.166	3.5
523.354	3.5
523.541	3.5
523.729	3.5
523.917	3.5
524.104	3.6
524.292	3.6
524.48	3.6
524.668	3.6
524.855	3.6
525.043	3.6
525.231	3.6
525.418	3.6
525.606	3.6
525.794	3.6
525.982	3.6
526.169	3.6
526.357	3.6
526.545	3.7
526.733	3.7
526.92	3.7
527.108	3.7
527.296	3.7
527.484	3.7
527.671	3.7
527.859	3.7
528.047	3.7
528.235	3.7
528.422	3.8
528.61	3.8
528.798	3.8
528.986	3.8
529.173	3.8
529.361	3.8
529.549	3.8
529.737	3.8
529.924	3.8
530.112	3.8
530.3	3.9
530.488	3.9
530.675	3.9
530.863	3.9
531.051	3.9
531.239	3.9
531.426	3.9
531.614	3.9
531.802	3.9
531.99	4
532.177	4
532.365	4
532.553	4
532.741	4
532.928	4
533.116	4
533.304	4.1
533.492	4.1
533.679	4.1
533.867	4.1
534.055	4.1
534.243	4.2
534.431	4.2
534.618	4.2
534.806	4.2
534.994	4.2
535.182	4.2
535.369	4.3
535.557	4.3
535.745	4.3
535.933	4.3
536.12	4.3
536.308	4.3
536.496	4.4
536.684	4.4
536.871	4.4
537.059	4.4
537.247	4.4
537.435	4.4
537.622	4.5
537.81	4.5
537.998	4.5
538.186	4.5
538.373	4.5
538.561	4.5
538.749	4.6
538.937	4.6
539.124	4.6
539.312	4.6
539.5	4.6
539.688	4.7
539.875	4.7
540.063	4.7
540.251	4.7
540.439	4.7
540.626	4.7
540.814	4.8
541.002	4.8
541.19	4.8
541.377	4.8
541.565	4.8
541.753	4.8
541.941	4.9
542.128	4.9
542.316	4.9
542.504	4.9
542.691	4.9
542.879	4.9
543.067	5
543.255	5
543.442	5
543.63	5
543.818	5
544.005	5
544.193	5.1
544.381	5.1
544.568	5.1
544.756	5.1
544.944	5.1
545.132	5.1
545.319	5.2
545.507	5.2
545.695	5.2
545.882	5.2
546.07	5.2
546.258	5.2
546.445	5.3
546.633	5.3
546.821	5.3
547.008	5.3
547.196	5.3
547.384	5.3
547.571	5.4
547.759	5.4
547.947	5.4
548.134	5.4
548.322	5.4
548.51	5.4
548.697	5.5
548.885	5.5
549.073	5.5
549.26	5.5
549.448	5.5
549.636	5.6
549.823	5.6
550.011	5.6
550.199	5.6
550.386	5.6
550.574	5.6
550.762	5.7
550.949	5.7
551.137	5.7
551.325	5.7
551.512	5.7
551.7	5.7
551.888	5.8
552.075	5.8
552.263	5.8
552.451	5.8
552.639	5.8
552.826	5.8
553.014	5.8
553.202	5.9
553.389	5.9
553.577	5.9
553.765	5.9
553.953	5.9
554.14	6
554.328	6
554.516	6
554.704	6
554.891	6
555.079	6
555.267	6.1
555.455	6.1
555.643	6.1
555.83	6.1
556.018	6.1
556.206	6.1
556.394	6.1
556.582	6.2
556.77	6.2
556.957	6.2
557.145	6.2
557.333	6.2
557.521	6.2
557.709	6.3
557.897	6.3
558.085	6.3
558.273	6.3
558.461	6.3
558.649	6.3
558.837	6.4
559.025	6.4
559.213	6.4
559.4	6.4
559.588	6.4
559.777	6.4
559.965	6.4
560.153	6.5
560.341	6.5
560.529	6.5
560.717	6.5
560.905	6.5
561.093	6.5
561.281	6.6
561.469	6.6
561.657	6.6
561.845	6.6
562.034	6.6
562.222	6.6
562.41	6.6
562.598	6.7
562.786	6.7
562.975	6.7
563.163	6.7
563.351	6.7
563.539	6.7
563.728	6.8
563.916	6.8
564.104	6.8
564.293	6.8
564.481	6.8
564.67	6.8
564.858	6.8
565.046	6.9
565.235	6.9
565.423	6.9
565.612	6.9
565.8	6.9
565.989	6.9
566.177	6.9
566.366	7
566.554	7
566.743	7
566.932	7
567.12	7
567.309	7
567.497	7
567.686	7.1
567.875	7.1
568.064	7.1
568.252	7.1
568.441	7.1
568.63	7.1
568.819	7.1
569.007	7.1
569.196	7.2
569.385	7.2
569.574	7.2
569.763	7.2
569.952	7.2
570.141	7.2
570.33	7.2
570.519	7.3
570.708	7.3
570.897	7.3
571.086	7.3
571.275	7.3
571.464	7.3
571.653	7.3
571.843	7.4
572.032	7.4
572.221	7.4
572.41	7.4
572.599	7.4
572.789	7.4
572.978	7.4
573.167	7.4
573.357	7.5
573.546	7.5
573.736	7.5
573.925	7.5
574.115	7.5
574.304	7.5
574.494	7.5
574.683	7.6
574.873	7.6
575.062	7.6
575.252	7.6
575.442	7.6
575.631	7.6
575.821	7.6
576.011	7.7
576.201	7.7
576.39	7.7
576.58	7.7
576.77	7.7
576.96	7.7
577.15	7.7
577.34	7.7
577.53	7.8
577.72	7.8
577.91	7.8
578.1	7.8
578.29	7.8
578.48	7.8
578.67	7.8
578.861	7.8
579.051	7.9
579.241	7.9
579.431	7.9
579.622	7.9
579.812	7.9
580.002	7.9
580.193	7.9
580.383	8
580.574	8
580.764	8
580.955	8
581.145	8
581.336	8
581.526	8
581.717	8.1
581.908	8.1
582.098	8.1
582.289	8.1
582.48	8.1
582.671	8.1
582.862	8.1
583.052	8.2
583.243	8.2
583.434	8.2
583.625	8.2
583.816	8.2
584.007	8.2
584.198	8.2
584.389	8.2
584.58	8.2
584.771	8.3
584.962	8.3
585.154	8.3
585.345	8.3
585.536	8.3
585.727	8.3
585.918	8.3
586.11	8.3
586.301	8.4
586.492	8.4
586.684	8.4
586.875	8.4
587.067	8.4
587.258	8.4
587.45	8.4
587.641	8.5
587.833	8.5
588.024	8.5
588.216	8.5
588.408	8.5
588.599	8.5
588.791	8.5
588.983	8.5
589.174	8.6
589.366	8.6
589.558	8.6
589.75	8.6
589.942	8.6
590.134	8.6
590.326	8.6
590.518	8.7
590.71	8.7
590.902	8.7
591.094	8.7
591.286	8.7
591.478	8.7
591.67	8.7
591.862	8.7
592.054	8.8
592.246	8.8
592.439	8.8
592.631	8.8
592.823	8.8
593.016	8.8
593.208	8.8
593.4	8.9
593.593	8.9
593.785	8.9
593.978	8.9
594.17	8.9
594.363	8.9
594.555	8.9
594.748	8.9
594.94	9
595.133	9
595.326	9
595.518	9
595.711	9
595.904	9
596.096	9
596.289	9
596.482	9.1
596.675	9.1
596.868	9.1
597.061	9.1
597.254	9.1
597.447	9.1
597.64	9.1
597.833	9.2
598.026	9.2
598.219	9.2
598.412	9.2
598.605	9.2
598.798	9.2
598.991	9.2
599.184	9.2
599.378	9.3
599.571	9.3
599.764	9.3
599.957	9.3
600.151	9.3
600.344	9.3
600.538	9.3
600.731	9.4
600.924	9.4
601.118	9.4
601.311	9.4
601.505	9.4
601.698	9.4
601.892	9.4
602.086	9.4
602.279	9.5
602.473	9.5
602.667	9.5
602.86	9.5
603.054	9.5
603.248	9.5
603.442	9.5
603.635	9.5
603.829	9.5
604.023	9.6
604.217	9.6
604.411	9.6
604.605	9.6
604.799	9.6
604.993	9.6
605.187	9.6
605.381	9.7
605.575	9.7
605.769	9.7
605.963	9.7
606.157	9.7
606.352	9.7
606.546	9.7
606.74	9.7
606.934	9.7
607.129	9.8
607.323	9.8
607.517	9.8
607.712	9.8
607.906	9.8
608.1	9.8
608.295	9.8
608.489	9.8
608.684	9.9
608.878	9.9
609.073	9.9
609.267	9.9
609.462	9.9
609.657	9.9
609.851	9.9
610.046	9.9
610.241	10
610.435	10
610.63	10
610.825	10
611.02	10
611.215	10
611.41	10
611.604	10.1
611.799	10.1
611.994	10.1
612.189	10.1
612.384	10.1
612.579	10.1
612.774	10.1
612.969	10.1
613.164	10.2
613.359	10.2
613.555	10.2
613.75	10.2
613.945	10.2
614.14	10.2
614.335	10.2
614.531	10.2
614.726	10.3
614.921	10.3
615.117	10.3
615.312	10.3
615.507	10.3
615.703	10.3
615.898	10.3
616.094	10.3
616.289	10.4
616.485	10.4
616.68	10.4
616.876	10.4
617.071	10.4
617.267	10.4
617.463	10.4
617.658	10.4
617.854	10.5
618.05	10.5
618.245	10.5
618.441	10.5
618.637	10.5
618.833	10.5
619.029	10.5
619.225	10.5
619.42	10.6
619.616	10.6
619.812	10.6
620.008	10.6
620.204	10.6
620.4	10.6
620.596	10.6
620.792	10.6
620.988	10.7
621.184	10.7
621.381	10.7
621.577	10.7
621.773	10.7
621.969	10.7
622.165	10.7
622.362	10.7
622.558	10.8
622.754	10.8
622.951	10.8
623.147	10.8
623.343	10.8
623.54	10.8
623.736	10.8
623.933	10.8
624.129	10.9
624.326	10.9
624.522	10.9
624.719	10.9
624.915	10.9
625.112	10.9
625.308	10.9
625.505	11
625.702	11
625.898	11
626.095	11
626.292	11
626.489	11
626.685	11
626.882	11.1
627.079	11.1
627.276	11.1
627.473	11.1
627.67	11.1
627.866	11.1
628.063	11.1
628.26	11.1
628.457	11.2
628.654	11.2
628.851	11.2
629.048	11.2
629.246	11.2
629.443	11.2
629.64	11.2
629.837	11.3
630.034	11.3
630.231	11.3
630.429	11.3
630.626	11.3
630.823	11.3
631.02	11.3
631.218	11.4
631.415	11.4
631.612	11.4
631.81	11.4
632.007	11.4
632.205	11.4
632.402	11.5
632.6	11.5
632.797	11.5
632.995	11.5
633.192	11.5
633.39	11.5
633.587	11.5
633.785	11.6
633.983	11.6
634.18	11.6
634.378	11.6
634.576	11.6
634.773	11.6
634.971	11.6
635.169	11.7
635.367	11.7
635.565	11.7
635.762	11.7
635.96	11.7
636.158	11.7
636.356	11.8
636.554	11.8
636.752	11.8
636.95	11.8
637.148	11.8
637.346	11.8
637.544	11.9
637.742	11.9
637.94	11.9
638.138	11.9
638.337	11.9
638.535	11.9
638.733	11.9
638.931	12
639.129	12
639.328	12
639.526	12
639.724	12
639.922	12
640.121	12.1
640.319	12.1
640.518	12.1
640.716	12.1
640.914	12.1
641.113	12.1
641.311	12.2
641.51	12.2
641.708	12.2
641.907	12.2
642.105	12.2
642.304	12.2
642.503	12.3
642.701	12.3
642.9	12.3
643.098	12.3
643.297	12.3
643.496	12.3
643.695	12.4
643.893	12.4
644.092	12.4
644.291	12.4
644.49	12.4
644.689	12.4
644.887	12.5
645.086	12.5
645.285	12.5
645.484	12.5
645.683	12.5
645.882	12.5
646.081	12.6
646.28	12.6
646.479	12.6
646.678	12.6
646.877	12.6
647.076	12.7
647.276	12.7
647.475	12.7
647.674	12.7
647.873	12.7
648.072	12.7
648.271	12.8
648.471	12.8
648.67	12.8
648.869	12.8
649.069	12.8
649.268	12.8
649.467	12.9
649.667	12.9
649.866	12.9
650.065	12.9
650.265	12.9
650.464	12.9
650.664	13
650.863	13
651.063	13
651.262	13
651.462	13
651.662	13
651.861	13.1
652.061	13.1
652.26	13.1
652.46	13.1
652.66	13.1
652.859	13.2
653.059	13.2
653.259	13.2
653.459	13.2
653.658	13.2
653.858	13.2
654.058	13.3
654.258	13.3
654.458	13.3
654.658	13.3
654.858	13.3
655.058	13.3
655.258	13.4
655.457	13.4
655.657	13.4
655.857	13.4
656.058	13.4
656.258	13.4
656.458	13.5
656.658	13.5
656.858	13.5
657.058	13.5
657.258	13.5
657.458	13.5
657.659	13.5
657.859	13.6
658.059	13.6
658.259	13.6
658.459	13.6
658.66	13.6
658.86	13.7
659.06	13.7
659.261	13.7
659.461	13.7
659.662	13.7
659.862	13.7
660.062	13.7
660.263	13.8
660.463	13.8
660.664	13.8
660.864	13.8
661.065	13.8
661.265	13.8
661.466	13.9
661.667	13.9
661.867	13.9
662.068	13.9
662.268	13.9
662.469	13.9
662.67	14
662.87	14
663.071	14
663.272	14
663.473	14
663.674	14
663.874	14.1
664.075	14.1
664.276	14.1
664.477	14.1
664.678	14.1
664.879	14.1
665.08	14.1
665.28	14.2
665.481	14.2
665.682	14.2
665.883	14.2
666.084	14.2
666.285	14.2
666.486	14.3
666.688	14.3
666.889	14.3
667.09	14.3
667.291	14.3
667.492	14.3
667.693	14.4
667.894	14.4
668.096	14.4
668.297	14.4
668.498	14.4
668.699	14.5
668.901	14.5
669.102	14.5
669.303	14.5
669.505	14.5
669.706	14.5
669.907	14.6
670.109	14.6
670.31	14.6
670.511	14.6
670.713	14.6
670.914	14.7
671.116	14.7
671.317	14.7
671.519	14.7
671.72	14.7
671.922	14.7
672.124	14.8
672.325	14.8
672.527	14.8
672.728	14.8
672.93	14.8
673.132	14.9
673.333	14.9
673.535	14.9
673.737	14.9
673.939	14.9
674.14	15
674.342	15
674.544	15
674.746	15
674.948	15
675.149	15.1
675.351	15.1
675.553	15.1
675.755	15.1
675.957	15.1
676.159	15.2
676.361	15.2
676.563	15.2
676.765	15.2
676.967	15.2
677.169	15.3
677.371	15.3
677.573	15.3
677.775	15.3
677.977	15.3
678.179	15.4
678.381	15.4
678.583	15.4
678.786	15.4
678.988	15.4
679.19	15.5
679.392	15.5
679.594	15.5
679.797	15.5
679.999	15.6
680.201	15.6
680.404	15.6
680.606	15.6
680.808	15.7
681.011	15.7
681.213	15.7
681.415	15.7
681.618	15.7
681.82	15.8
682.023	15.8
682.225	15.8
682.428	15.8
682.63	15.9
682.833	15.9
683.035	15.9
683.238	15.9
683.44	15.9
683.643	16
683.845	16
684.048	16
684.251	16
684.453	16.1
684.656	16.1
684.859	16.1
685.061	16.1
685.264	16.2
685.467	16.2
685.67	16.2
685.872	16.2
686.075	16.2
686.278	16.3
686.481	16.3
686.684	16.3
686.886	16.3
687.089	16.3
687.292	16.4
687.495	16.4
687.698	16.4
687.901	16.4
688.104	16.4
688.307	16.5
688.51	16.5
688.713	16.5
688.916	16.5
689.119	16.5
689.322	16.6
689.525	16.6
689.728	16.6
689.931	16.6
690.134	16.7
690.337	16.7
690.54	16.7
690.744	16.7
690.947	16.7
691.15	16.8
691.353	16.8
691.556	16.8
691.76	16.8
691.963	16.9
692.166	16.9
692.37	16.9
692.573	16.9
692.776	16.9
692.979	17
693.183	17
693.386	17
693.59	17
693.793	17.1
693.996	17.1
694.2	17.1
694.403	17.1
694.607	17.1
694.81	17.2
695.014	17.2
695.217	17.2
695.421	17.2
695.624	17.3
695.828	17.3
696.031	17.3
696.235	17.3
696.439	17.3
696.642	17.4
696.846	17.4
697.049	17.4
697.253	17.4
697.457	17.5
697.661	17.5
697.864	17.5
698.068	17.5
698.272	17.5
698.475	17.6
698.679	17.6
698.883	17.6
699.087	17.6
699.291	17.6
699.494	17.7
699.698	17.7
699.902	17.7
700.106	17.7
700.31	17.7
700.514	17.8
700.718	17.8
700.922	17.8
701.126	17.8
701.33	17.8
701.534	17.9
701.738	17.9
701.942	17.9
702.146	17.9
702.35	18
702.554	18
702.758	18
702.962	18
703.166	18.1
703.37	18.1
703.574	18.1
703.778	18.1
703.983	18.1
704.187	18.2
704.391	18.2
704.595	18.2
704.799	18.2
705.004	18.2
705.208	18.3
705.412	18.3
705.616	18.3
705.821	18.3
706.025	18.3
706.229	18.4
706.434	18.4
706.638	18.4
706.842	18.4
707.047	18.4
707.251	18.5
707.455	18.5
707.66	18.5
707.864	18.5
708.069	18.6
708.273	18.6
708.478	18.6
708.682	18.6
708.887	18.6
709.091	18.7
709.296	18.7
709.5	18.7
709.705	18.7
709.909	18.7
710.114	18.8
710.319	18.8
710.523	18.8
710.728	18.8
710.932	18.8
711.137	18.8
711.342	18.9
711.546	18.9
711.751	18.9
711.956	18.9
712.161	19
712.365	19
712.57	19
712.775	19
712.98	19
713.184	19
713.389	19.1
713.594	19.1
713.799	19.1
714.004	19.1
714.209	19.2
714.413	19.2
714.618	19.2
714.823	19.2
715.028	19.2
715.233	19.3
715.438	19.3
715.643	19.3
715.848	19.3
716.053	19.3
716.258	19.4
716.463	19.4
716.668	19.4
716.873	19.4
717.078	19.4
717.283	19.4
717.488	19.5
717.693	19.5
717.898	19.5
718.103	19.5
718.308	19.6
718.514	19.6
718.719	19.6
718.924	19.6
719.129	19.6
719.334	19.6
719.539	19.7
719.745	19.7
719.95	19.7
720.155	19.7
720.36	19.8
720.566	19.8
720.771	19.8
720.976	19.8
721.182	19.8
721.387	19.9
721.592	19.9
721.798	19.9
722.003	19.9
722.208	19.9
722.414	19.9
722.619	20
722.824	20
723.03	20
723.235	20
723.441	20
723.646	20
723.852	20.1
724.057	20.1
724.263	20.1
724.468	20.1
724.674	20.2
724.879	20.2
725.085	20.2
725.29	20.2
725.496	20.2
725.701	20.3
725.907	20.3
726.112	20.3
726.318	20.3
726.524	20.4
726.729	20.4
726.935	20.4
727.141	20.4
727.346	20.4
727.552	20.4
727.758	20.5
727.963	20.5
728.169	20.5
728.375	20.5
728.581	20.5
728.786	20.6
728.992	20.6
729.198	20.6
729.404	20.6
729.609	20.6
729.815	20.7
730.021	20.7
730.227	20.7
730.433	20.7
730.639	20.7
730.844	20.8
731.05	20.8
731.256	20.8
731.462	20.8
731.668	20.8
731.874	20.9
732.08	20.9
732.286	20.9
732.492	20.9
732.698	20.9
732.904	20.9
733.11	21
733.316	21
733.522	21
733.728	21
733.934	21
734.14	21.1
734.346	21.1
734.552	21.1
734.758	21.1
734.964	21.1
735.17	21.1
735.376	21.1
735.583	21.2
735.789	21.2
735.995	21.2
736.201	21.2
736.407	21.3
736.613	21.3
736.819	21.3
737.026	21.3
737.232	21.3
737.438	21.4
737.644	21.4
737.851	21.4
738.057	21.4
738.263	21.4
738.469	21.5
738.676	21.5
738.882	21.5
739.088	21.5
739.295	21.5
739.501	21.6
739.707	21.6
739.914	21.6
740.12	21.6
740.326	21.6
740.533	21.7
740.739	21.7
740.946	21.7
741.152	21.7
741.358	21.7
741.565	21.7
741.771	21.8
741.978	21.8
742.184	21.8
742.391	21.8
742.597	21.8
742.804	21.8
743.01	21.9
743.217	21.9
743.423	21.9
743.63	21.9
743.836	21.9
744.043	22
744.249	22
744.456	22
744.663	22
744.869	22
745.076	22
745.282	22
745.489	22
745.696	22.1
745.902	22.1
746.109	22.1
746.316	22.1
746.522	22.1
746.729	22.1
746.936	22.2
747.142	22.2
747.349	22.2
747.556	22.2
747.762	22.2
747.969	22.2
748.176	22.3
748.383	22.3
748.589	22.3
748.796	22.3
749.003	22.3
749.21	22.3
749.417	22.3
749.623	22.4
749.83	22.4
750.037	22.4
750.244	22.4
750.451	22.4
750.658	22.4
750.865	22.5
751.071	22.5
751.278	22.5
751.485	22.5
751.692	22.5
751.899	22.5
752.106	22.6
752.313	22.6
752.52	22.6
752.727	22.6
752.934	22.6
753.141	22.6
753.348	22.6
753.555	22.7
753.762	22.7
753.969	22.7
754.176	22.7
754.383	22.8
754.59	22.8
754.797	22.8
755.004	22.8
755.211	22.8
755.418	22.8
755.625	22.9
755.832	22.9
756.039	22.9
756.246	22.9
756.453	22.9
756.66	23
756.868	23
757.075	23
757.282	23
757.489	23.1
757.696	23.1
757.903	23.1
758.111	23.1
758.318	23.1
758.525	23.2
758.732	23.2
758.939	23.2
759.147	23.2
759.354	23.2
759.561	23.2
759.768	23.3
759.976	23.3
760.183	23.3
760.39	23.3
760.597	23.4
760.805	23.4
761.012	23.4
761.219	23.4
761.426	23.4
761.634	23.5
761.841	23.5
762.048	23.5
762.256	23.5
762.463	23.5
762.67	23.5
762.878	23.6
763.085	23.6
763.293	23.6
763.5	23.6
763.707	23.6
763.915	23.7
764.122	23.7
764.33	23.7
764.537	23.7
764.744	23.7
764.952	23.8
765.159	23.8
765.367	23.8
765.574	23.8
765.782	23.8
765.989	23.8
766.197	23.8
766.404	23.9
766.612	23.9
766.819	23.9
767.027	23.9
767.234	23.9
767.442	23.9
767.649	24
767.857	24
768.064	24
768.272	24
768.479	24
768.687	24
768.895	24.1
769.102	24.1
769.31	24.1
769.517	24.1
769.725	24.1
769.933	24.2
770.14	24.2
770.348	24.2
770.555	24.2
770.763	24.2
770.971	24.2
771.178	24.3
771.386	24.3
771.594	24.3
771.801	24.3
772.009	24.3
772.217	24.3
772.424	24.4
772.632	24.4
772.84	24.4
773.047	24.4
773.255	24.4
773.463	24.4
773.671	24.5
773.878	24.5
774.086	24.5
774.294	24.5
774.502	24.5
774.709	24.6
774.917	24.6
775.125	24.6
775.333	24.6
775.54	24.6
775.748	24.7
775.956	24.7
776.164	24.7
776.371	24.7
776.579	24.7
776.787	24.7
776.995	24.8
777.203	24.8
777.41	24.8
777.618	24.8
777.826	24.8
778.034	24.9
778.242	24.9
778.45	24.9
778.657	24.9
778.865	24.9
779.073	25
779.281	25
779.489	25
779.697	25
779.905	25
780.112	25.1
780.32	25.1
780.528	25.1
780.736	25.1
780.944	25.1
781.152	25.1
781.36	25.1
781.568	25.2
781.776	25.2
781.984	25.2
782.191	25.2
782.399	25.2
782.607	25.3
782.815	25.3
783.023	25.3
783.231	25.3
783.439	25.3
783.647	25.4
783.855	25.4
784.063	25.4
784.271	25.4
784.479	25.4
784.687	25.5
784.895	25.5
785.103	25.5
785.311	25.5
785.519	25.5
785.727	25.5
785.935	25.5
786.143	25.6
786.351	25.6
786.559	25.6
786.767	25.6
786.975	25.6
787.183	25.6
787.391	25.7
787.599	25.7
787.807	25.7
788.015	25.7
788.223	25.7
788.431	25.7
788.639	25.8
788.847	25.8
789.055	25.8
789.263	25.8
789.471	25.8
789.679	25.9
789.887	25.9
790.095	25.9
790.303	25.9
790.511	26
790.719	26
790.927	26
791.135	26
791.343	26
791.551	26
791.76	26
791.968	26.1
792.176	26.1
792.384	26.1
792.592	26.1
792.8	26.1
793.008	26.1
793.216	26.1
793.424	26.2
793.632	26.2
793.84	26.2
794.048	26.2
794.256	26.3
794.465	26.3
794.673	26.3
794.881	26.3
795.089	26.3
795.297	26.3
795.505	26.4
795.713	26.4
795.921	26.4
796.129	26.4
796.337	26.4
796.546	26.5
796.754	26.5
796.962	26.5
797.17	26.5
797.378	26.5
797.586	26.5
797.794	26.6
798.002	26.6
798.21	26.6
798.419	26.6
798.627	26.6
798.835	26.7
799.043	26.7
799.251	26.7
799.459	26.7
799.667	26.7
799.875	26.8
800.083	26.8
800.292	26.8
800.5	26.8
800.708	26.8
800.916	26.9
801.124	26.9
801.332	26.9
801.54	26.9
801.748	26.9
801.957	26.9
802.165	27
802.373	27
802.581	27
802.789	27
802.997	27
803.205	27
803.414	27
803.622	27.1
803.83	27.1
804.038	27.1
804.246	27.1
804.454	27.1
804.662	27.1
804.87	27.2
805.079	27.2
805.287	27.2
805.495	27.2
805.703	27.2
805.911	27.3
806.119	27.3
806.327	27.3
806.535	27.3
806.743	27.3
806.952	27.3
807.16	27.3
807.368	27.3
807.576	27.3
807.784	27.3
807.992	27.3
808.2	27.4
808.408	27.4
808.617	27.4
808.825	27.4
809.033	27.4
809.241	27.4
809.449	27.5
809.657	27.5
809.865	27.5
810.073	27.5
810.281	27.6
810.49	27.6
810.698	27.6
810.906	27.6
811.114	27.6
811.322	27.6
811.53	27.7
811.738	27.7
811.946	27.7
812.154	27.7
812.362	27.7
812.57	27.7
812.779	27.7
812.987	27.8
813.195	27.8
813.403	27.8
813.611	27.8
813.819	27.8
814.027	27.9
814.235	27.9
814.443	27.9
814.651	27.9
814.859	27.9
815.067	27.9
815.275	27.9
815.484	27.9
815.692	27.9
815.9	28
816.108	28
816.316	28
816.524	28
816.732	28.1
816.94	28.1
817.148	28.1
817.356	28.1
817.564	28.1
817.772	28.1
817.98	28.1
818.188	28.2
818.397	28.2
818.605	28.2
818.813	28.2
819.021	28.2
819.229	28.2
819.437	28.2
819.645	28.2
819.853	28.3
820.061	28.3
820.269	28.3
820.477	28.3
820.685	28.3
820.893	28.4
821.102	28.4
821.31	28.4
821.518	28.4
821.726	28.5
821.934	28.5
822.142	28.5
822.35	28.5
822.558	28.5
822.766	28.5
822.974	28.5
823.182	28.6
823.39	28.6
823.599	28.6
823.807	28.6
824.015	28.7
824.223	28.7
824.431	28.7
824.639	28.7
824.847	28.7
825.055	28.7
825.263	28.7
825.472	28.7
825.68	28.8
825.888	28.8
826.096	28.8
826.304	28.9
826.512	28.9
826.72	28.9
826.928	28.9
827.137	28.9
827.345	28.9
827.553	29
827.761	29
827.969	29
828.177	29
828.385	29
828.594	29
828.802	29.1
829.01	29.1
829.218	29.1
829.426	29.1
829.634	29.1
829.843	29.1
830.051	29.1
830.259	29.1
830.467	29.2
830.675	29.2
830.883	29.2
831.092	29.2
831.3	29.2
831.508	29.2
831.716	29.3
831.924	29.3
832.133	29.3
832.341	29.3
832.549	29.3
832.757	29.3
832.966	29.3
833.174	29.3
833.382	29.4
833.59	29.4
833.799	29.4
834.007	29.4
834.215	29.4
834.423	29.4
834.632	29.4
834.84	29.4
835.048	29.4
835.256	29.4
835.465	29.5
835.673	29.5
835.881	29.5
836.09	29.5
836.298	29.5
836.506	29.5
836.715	29.6
836.923	29.6
837.131	29.6
837.34	29.6
837.548	29.6
837.756	29.6
837.965	29.6
838.173	29.7
838.381	29.7
838.59	29.7
838.798	29.7
839.006	29.7
839.215	29.7
839.423	29.7
839.632	29.8
839.84	29.8
840.048	29.8
840.257	29.8
840.465	29.8
840.674	29.8
840.882	29.8
841.091	29.8
841.299	29.9
841.508	29.9
841.716	29.9
841.924	29.9
842.133	29.9
842.341	29.9
842.55	29.9
842.758	29.9
842.967	30
843.175	30
843.384	30
843.593	30
843.801	30
844.01	30
844.218	30
844.427	30
844.635	30
844.844	30
845.052	30.1
845.261	30.1
845.47	30.1
845.678	30.1
845.887	30.1
846.095	30.1
846.304	30.2
846.513	30.2
846.721	30.2
846.93	30.2
847.139	30.2
847.347	30.2
847.556	30.2
847.765	30.2
847.973	30.2
848.182	30.2
848.391	30.3
848.6	30.3
848.808	30.3
849.017	30.3
849.226	30.3
849.435	30.3
849.643	30.3
849.852	30.3
850.061	30.3
850.27	30.4
850.478	30.4
850.687	30.4
850.896	30.4
851.105	30.4
851.314	30.4
851.523	30.4
851.731	30.4
851.94	30.5
852.149	30.5
852.358	30.6
852.567	30.6
852.776	30.6
852.985	30.6
853.194	30.6
853.403	30.6
853.612	30.6
853.821	30.6
854.03	30.7
854.239	30.7
854.447	30.7
854.656	30.7
854.865	30.7
855.075	30.7
855.284	30.7
855.493	30.8
855.702	30.8
855.911	30.8
856.12	30.8
856.329	30.8
856.538	30.9
856.747	30.9
856.956	30.9
857.165	30.9
857.374	30.9
857.584	31
857.793	31
858.002	31
858.211	31
858.42	31
858.629	31.1
858.839	31.1
859.048	31.1
859.257	31.1
859.466	31.1
859.676	31.1
859.885	31.2
860.094	31.2
860.304	31.2
860.513	31.2
860.722	31.2
860.932	31.2
861.141	31.2
861.35	31.2
861.56	31.2
861.769	31.3
861.978	31.3
862.188	31.3
862.397	31.3
862.607	31.3
862.816	31.4
863.026	31.4
863.235	31.4
863.445	31.4
863.654	31.5
863.864	31.5
864.073	31.5
864.283	31.5
864.492	31.5
864.702	31.5
864.911	31.5
865.121	31.5
865.33	31.6
865.54	31.6
865.75	31.6
865.959	31.6
866.169	31.6
866.379	31.7
866.588	31.7
866.798	31.7
867.008	31.7
867.218	31.8
867.427	31.8
867.637	31.8
867.847	31.8
868.057	31.8
868.266	31.9
868.476	31.9
868.686	31.9
868.896	31.9
869.106	31.9
869.316	31.9
869.525	32
869.735	32
869.945	32
870.155	32
870.365	32
870.575	32
870.785	32
870.995	32.1
871.205	32.1
871.415	32.1
871.625	32.1
871.835	32.1
872.045	32.1
872.255	32.2
872.465	32.2
872.675	32.2
872.886	32.2
873.096	32.2
873.306	32.2
873.516	32.2
873.726	32.3
873.936	32.3
874.147	32.3
874.357	32.3
874.567	32.3
874.777	32.3
874.988	32.3
875.198	32.3
875.408	32.3
875.619	32.3
875.829	32.3
876.039	32.4
876.25	32.4
876.46	32.4
876.67	32.4
876.881	32.4
877.091	32.4
877.302	32.4
877.512	32.4
877.723	32.4
877.933	32.4
878.144	32.5
878.354	32.5
878.565	32.5
878.775	32.5
878.986	32.5
879.197	32.5
879.407	32.4
879.618	32.4
879.829	32.4
880.039	32.5
880.25	32.5
880.461	32.5
880.671	32.5
880.882	32.4
881.093	32.5
881.304	32.4
881.515	32.5
881.725	32.5
881.936	32.5
882.147	32.5
882.358	32.5
882.569	32.5
882.78	32.6
882.991	32.6
883.202	32.6
883.413	32.6
883.624	32.7
883.835	32.7
884.046	32.7
884.257	32.7
884.468	32.7
884.679	32.8
884.89	32.8
885.101	32.8
885.312	32.8
885.523	32.9
885.735	32.9
885.946	32.9
886.157	32.9
886.368	33
886.579	33
886.791	33
887.002	33.1
887.213	33.1
887.425	33.1
887.636	33.1
887.847	33.2
888.059	33.2
888.27	33.3
888.481	33.3
888.693	33.3
888.904	33.3
889.116	33.4
889.327	33.3
889.539	33.4
889.75	33.4
889.962	33.4
890.174	33.5
890.385	33.5
890.597	33.6
890.808	33.6
891.02	33.6
891.232	33.6
891.444	33.6
891.655	33.6
891.867	33.6
892.079	33.6
892.291	33.7
892.502	33.7
892.714	33.7
892.926	33.7
893.138	33.7
893.35	33.7
893.562	33.7
893.774	33.7
893.986	33.7
894.198	33.8
894.41	33.8
894.622	33.8
894.834	33.8
895.046	33.8
895.258	33.8
895.47	33.8
895.682	33.8
895.894	33.8
896.106	33.8
896.319	33.9
896.531	33.9
896.743	33.9
896.955	33.9
897.168	33.9
897.38	33.9
897.592	34
897.805	34
898.017	34
898.229	34.1
898.442	34.1
898.654	34.1
898.867	34.1
899.079	34.1
899.292	34.1
899.504	34.1
899.717	34.2
899.929	34.2
900.142	34.2
900.355	34.2
900.567	34.2
900.78	34.2
900.993	34.3
901.205	34.3
901.418	34.3
901.631	34.3
901.844	34.3
902.056	34.3
902.269	34.3
902.482	34.4
902.695	34.4
902.908	34.3
903.121	34.3
903.334	34.3
903.547	34.3
903.76	34.4
903.973	34.4
904.186	34.4
904.399	34.4
904.612	34.4
904.825	34.5
905.038	34.5
905.251	34.5
905.465	34.5
905.678	34.5
905.891	34.5
906.104	34.5
906.318	34.5
906.531	34.5
906.744	34.5
906.958	34.5
907.171	34.6
907.384	34.6
907.598	34.6
907.811	34.6
908.025	34.6
908.238	34.6
908.452	34.6
908.665	34.6
908.879	34.6
909.093	34.6
909.306	34.6
909.52	34.6
909.734	34.6
909.947	34.6
910.161	34.7
910.375	34.7
910.589	34.7
910.803	34.7
911.016	34.7
911.23	34.7
911.444	34.8
911.658	34.8
911.872	34.8
912.086	34.8
912.3	34.9
912.514	34.9
912.728	34.9
912.942	34.9
913.156	34.9
913.37	34.9
913.585	34.9
913.799	34.9
914.013	35
914.227	35
914.442	35
914.656	35
914.87	35
915.084	35
915.299	35
915.513	35
915.728	35
915.942	35
916.157	35
916.371	35
916.586	35.1
916.8	35.1
917.015	35.1
917.229	35.1
917.444	35.1
917.659	35.1
917.874	35.1
918.088	35.2
918.303	35.2
918.518	35.2
918.733	35.2
918.947	35.2
919.162	35.3
919.377	35.3
919.592	35.3
919.807	35.4
920.022	35.4
920.237	35.4
920.452	35.4
920.667	35.4
920.882	35.5
921.097	35.5
921.313	35.5
921.528	35.5
921.743	35.5
921.958	35.5
922.174	35.6
922.389	35.6
922.604	35.6
922.82	35.6
923.035	35.6
923.25	35.7
923.466	35.7
923.681	35.7
923.897	35.8
924.112	35.8
924.328	35.8
924.544	35.8
924.759	35.9
924.975	35.9
925.19	35.9
925.406	36
925.622	36
925.838	36.1
926.054	36.1
926.269	36.1
926.485	36.1
926.701	36.2
926.917	36.2
927.133	36.2
927.349	36.3
927.565	36.3
927.781	36.4
927.997	36.3
928.213	36.4
928.429	36.4
928.646	36.4
928.862	36.5
929.078	36.5
929.294	36.6
929.511	36.6
929.727	36.6
929.943	36.6
930.16	36.7
930.376	36.7
930.592	36.7
930.809	36.7
931.025	36.8
931.242	36.8
931.459	36.9
931.675	36.9
931.892	36.9
932.108	36.9
932.325	37
932.542	37
932.759	37
932.975	37
933.192	37.1
933.409	37.1
933.626	37.2
933.843	37.2
934.06	37.2
934.277	37.1
934.494	37.1
934.711	37
934.928	37
935.145	37
935.362	37
935.58	37
935.797	37
936.014	37
936.231	37
936.449	36.9
936.666	36.8
936.883	36.8
937.101	36.8
937.318	36.8
937.536	36.7
937.753	36.7
937.971	36.7
938.188	36.7
938.406	36.6
938.624	36.7
938.841	36.6
939.059	36.6
939.277	36.6
939.494	36.6
939.712	36.6
939.93	36.6
