360.161	17.3
360.333	17.2
360.504	17.2
360.676	17.1
360.847	17.1
361.019	17.1
361.19	17.1
361.361	17.1
361.533	17.1
361.704	16.9
361.876	16.9
362.047	16.9
362.219	16.8
362.391	16.8
362.562	16.8
362.734	16.8
362.905	16.7
363.077	16.7
363.248	16.7
363.42	16.7
363.592	16.7
363.763	16.7
363.935	16.7
364.106	16.7
364.278	16.7
364.45	16.6
364.621	16.5
364.793	16.5
364.965	16.5
365.137	16.5
365.308	16.4
365.48	16.4
365.652	16.4
365.824	16.4
365.995	16.3
366.167	16.3
366.339	16.2
366.511	16.2
366.683	16.3
366.854	16.5
367.026	16.5
367.198	16.5
367.37	16.5
367.542	16.5
367.714	16.5
367.886	16.4
368.058	16.4
368.23	16.4
368.402	16.3
368.574	16.3
368.746	16.3
368.918	16.3
369.09	16.3
369.262	16.2
369.434	16.2
369.606	16.2
369.778	16.2
369.95	16.1
370.122	16.1
370.294	16.1
370.467	16.1
370.639	16.1
370.811	16.1
370.983	16.1
371.155	16.1
371.328	16
371.5	16.1
371.672	16.1
371.844	16.1
372.017	16.2
372.189	16.1
372.361	16.2
372.534	16.2
372.706	16.2
372.878	16.2
373.051	16.1
373.223	16.1
373.396	16.1
373.568	16.1
373.741	16.1
373.913	16.1
374.086	16.1
374.258	16.1
374.431	16.1
374.603	16.1
374.776	16.1
374.949	16.1
375.121	16.1
375.294	16.2
375.467	16.2
375.639	16.2
375.812	16.3
375.985	16.3
376.157	16.4
376.33	16.4
376.503	16.5
376.676	16.5
376.849	16.5
377.021	16.6
377.194	16.6
377.367	16.7
377.54	16.7
377.713	16.7
377.886	16.7
378.059	16.7
378.232	16.8
378.405	16.8
378.578	16.9
378.751	16.9
378.924	16.9
379.097	17
379.27	17
379.444	17.1
379.617	17.1
379.79	17.2
379.963	17.2
380.136	17.2
380.31	17.3
380.483	17.3
380.656	17.4
380.829	17.4
381.003	17.5
381.176	17.5
381.35	17.6
381.523	17.6
381.696	17.7
381.87	17.8
382.043	17.9
382.217	17.9
382.39	17.9
382.564	18
382.738	18
382.911	18.1
383.085	18.2
383.258	18.2
383.432	18.3
383.606	18.4
383.779	18.5
383.953	18.6
384.127	18.6
384.301	18.7
384.475	18.8
384.648	18.9
384.822	19
384.996	19.1
385.17	19.2
385.344	19.3
385.518	19.4
385.692	19.5
385.866	19.6
386.04	19.7
386.214	19.8
386.388	19.9
386.562	20.1
386.737	20.2
386.911	20.3
387.085	20.5
387.259	20.7
387.434	20.8
387.608	20.9
387.782	21.1
387.956	21.2
388.131	21.4
388.305	21.6
388.48	21.7
388.654	21.9
388.829	22.1
389.003	22.2
389.178	22.4
389.352	22.6
389.527	22.8
389.701	23
389.876	23.2
390.051	23.4
390.226	23.6
390.4	23.8
390.575	24.1
390.75	24.3
390.925	24.5
391.099	24.7
391.274	25
391.449	25.2
391.624	25.4
391.799	25.6
391.974	25.9
392.149	26.1
392.324	26.4
392.499	26.6
392.675	26.9
392.85	27.2
393.025	27.5
393.2	27.7
393.375	28
393.551	28.3
393.726	28.5
393.901	28.8
394.077	29.1
394.252	29.3
394.427	29.6
394.603	29.9
394.778	30.2
394.954	30.5
395.129	30.8
395.305	31.2
395.481	31.5
395.656	31.8
395.832	32.1
396.008	32.4
396.184	32.7
396.359	33
396.535	33.3
396.711	33.6
396.887	34
397.063	34.3
397.239	34.7
397.415	35
397.591	35.3
397.767	35.6
397.943	36
398.119	36.3
398.295	36.7
398.471	37
398.648	37.4
398.824	37.8
399	38.1
399.176	38.5
399.353	38.8
399.529	39.2
399.706	39.6
399.882	40
400.058	40.3
400.235	40.7
400.412	41.1
400.588	41.5
400.765	41.9
400.942	42.3
401.118	42.7
401.295	43.1
401.472	43.5
401.649	43.9
401.825	44.3
402.002	44.7
402.179	45.1
402.356	45.5
402.533	45.9
402.71	46.3
402.887	46.7
403.064	47.1
403.242	47.5
403.419	47.9
403.596	48.3
403.773	48.7
403.95	49.1
404.128	49.5
404.305	50
404.483	50.4
404.66	50.8
404.837	51.2
405.015	51.6
405.193	52.1
405.37	52.5
405.548	52.9
405.725	53.3
405.903	53.7
406.081	54.1
406.259	54.5
406.437	54.9
406.614	55.3
406.792	55.8
406.97	56.2
407.148	56.5
407.326	56.9
407.504	57.3
407.682	57.7
407.86	58.1
408.039	58.5
408.217	58.9
408.395	59.3
408.573	59.6
408.751	60
408.93	60.4
409.108	60.8
409.287	61.1
409.465	61.5
409.643	61.9
409.822	62.2
410	62.6
410.179	62.9
410.358	63.3
410.536	63.7
410.715	64
410.894	64.4
411.072	64.7
411.251	65
411.43	65.4
411.609	65.7
411.788	66
411.967	66.4
412.146	66.7
412.325	67
412.504	67.3
412.683	67.6
412.862	67.9
413.041	68.2
413.22	68.5
413.399	68.8
413.578	69.1
413.758	69.4
413.937	69.7
414.116	69.9
414.296	70.2
414.475	70.5
414.654	70.8
414.834	71
415.013	71.3
415.193	71.5
415.372	71.8
415.552	72
415.732	72.3
415.911	72.5
416.091	72.7
416.271	72.9
416.45	73.1
416.63	73.3
416.81	73.5
416.99	73.7
417.169	73.9
417.349	74.1
417.529	74.4
417.709	74.5
417.889	74.7
418.069	74.9
418.249	75.1
418.429	75.2
418.609	75.4
418.789	75.6
418.97	75.7
419.15	75.9
419.33	76
419.51	76.1
419.691	76.3
419.871	76.4
420.051	76.5
420.232	76.6
420.412	76.7
420.592	76.8
420.773	76.9
420.953	77
421.134	77.1
421.314	77.2
421.495	77.3
421.675	77.3
421.856	77.4
422.037	77.5
422.217	77.6
422.398	77.6
422.579	77.7
422.76	77.8
422.94	77.9
423.121	77.9
423.302	78
423.483	78
423.664	78.1
423.845	78.2
424.026	78.2
424.207	78.3
424.388	78.3
424.569	78.4
424.75	78.5
424.931	78.5
425.112	78.5
425.293	78.6
425.474	78.6
425.655	78.7
425.837	78.7
426.018	78.7
426.199	78.7
426.38	78.8
426.562	78.8
426.743	78.8
426.924	78.9
427.106	78.9
427.287	78.9
427.469	79
427.65	79
427.832	79
428.013	79.1
428.195	79.1
428.376	79.1
428.558	79.2
428.739	79.2
428.921	79.2
429.103	79.3
429.284	79.3
429.466	79.3
429.648	79.3
429.83	79.3
430.011	79.4
430.193	79.4
430.375	79.4
430.557	79.4
430.739	79.4
430.921	79.4
431.102	79.5
431.284	79.5
431.466	79.5
431.648	79.5
431.83	79.5
432.012	79.5
432.194	79.5
432.377	79.5
432.559	79.5
432.741	79.5
432.923	79.5
433.105	79.5
433.287	79.5
433.469	79.5
433.652	79.5
433.834	79.6
434.016	79.6
434.198	79.6
434.381	79.6
434.563	79.6
434.745	79.6
434.928	79.6
435.11	79.7
435.293	79.7
435.475	79.7
435.658	79.7
435.84	79.7
436.022	79.7
436.205	79.7
436.388	79.7
436.57	79.7
436.753	79.7
436.935	79.7
437.118	79.8
437.301	79.8
437.483	79.8
437.666	79.8
437.849	79.8
438.031	79.8
438.214	79.8
438.397	79.8
438.58	79.9
438.762	79.9
438.945	79.9
439.128	79.9
439.311	79.9
439.494	79.9
439.677	79.9
439.859	80
440.042	80
440.225	80
440.408	80
440.591	80
440.774	80
440.957	80
441.14	80.1
441.323	80.1
441.507	80.1
441.69	80.1
441.873	80.1
442.056	80.1
442.239	80
442.422	80
442.605	80
442.789	80
442.972	80
443.155	80
443.338	80
443.522	80
443.705	80
443.888	80
444.072	80
444.255	80
444.438	80
444.622	80
444.805	80
444.989	80
445.172	80
445.356	80
445.539	80
445.723	79.9
445.906	79.9
446.09	79.9
446.273	79.9
446.457	79.9
446.64	79.9
446.824	79.9
447.008	79.9
447.191	79.9
447.375	79.8
447.559	79.8
447.742	79.8
447.926	79.8
448.11	79.8
448.293	79.8
448.477	79.8
448.661	79.8
448.845	79.8
449.029	79.8
449.212	79.8
449.396	79.8
449.58	79.8
449.764	79.8
449.948	79.8
450.132	79.8
450.316	79.8
450.5	79.8
450.684	79.8
450.868	79.8
451.052	79.8
451.236	79.8
451.42	79.7
451.604	79.7
451.788	79.7
451.972	79.7
452.156	79.7
452.34	79.7
452.525	79.7
452.709	79.7
452.893	79.7
453.077	79.7
453.261	79.7
453.446	79.7
453.63	79.7
453.814	79.7
453.998	79.7
454.183	79.7
454.367	79.7
454.551	79.7
454.736	79.7
454.92	79.7
455.104	79.7
455.289	79.7
455.473	79.7
455.658	79.7
455.842	79.7
456.026	79.7
456.211	79.7
456.395	79.6
456.58	79.6
456.764	79.6
456.949	79.6
457.134	79.6
457.318	79.6
457.503	79.6
457.687	79.6
457.872	79.6
458.057	79.6
458.241	79.6
458.426	79.6
458.611	79.6
458.795	79.6
458.98	79.6
459.165	79.6
459.349	79.6
459.534	79.6
459.719	79.6
459.904	79.6
460.088	79.6
460.273	79.6
460.458	79.6
460.643	79.6
460.828	79.6
461.013	79.6
461.198	79.6
461.382	79.6
461.567	79.6
461.752	79.6
461.937	79.6
462.122	79.6
462.307	79.6
462.492	79.6
462.677	79.6
462.862	79.5
463.047	79.5
463.232	79.5
463.417	79.5
463.602	79.6
463.788	79.5
463.973	79.6
464.158	79.6
464.343	79.6
464.528	79.6
464.713	79.6
464.898	79.6
465.084	79.5
465.269	79.6
465.454	79.6
465.639	79.5
465.824	79.5
466.01	79.5
466.195	79.5
466.38	79.5
466.566	79.5
466.751	79.5
466.936	79.5
467.122	79.5
467.307	79.5
467.492	79.5
467.678	79.5
467.863	79.5
468.048	79.5
468.234	79.5
468.419	79.5
468.605	79.5
468.79	79.5
468.976	79.5
469.161	79.4
469.347	79.4
469.532	79.4
469.718	79.4
469.903	79.4
470.089	79.4
470.274	79.4
470.46	79.4
470.646	79.4
470.831	79.4
471.017	79.4
471.202	79.4
471.388	79.4
471.574	79.4
471.759	79.4
471.945	79.4
472.131	79.3
472.317	79.3
472.502	79.3
472.688	79.3
472.874	79.3
473.059	79.3
473.245	79.3
473.431	79.3
473.617	79.3
473.803	79.3
473.988	79.3
474.174	79.3
474.36	79.3
474.546	79.3
474.732	79.3
474.918	79.3
475.104	79.3
475.29	79.3
475.475	79.3
475.661	79.3
475.847	79.3
476.033	79.3
476.219	79.3
476.405	79.3
476.591	79.3
476.777	79.3
476.963	79.2
477.149	79.2
477.335	79.2
477.521	79.2
477.707	79.2
477.893	79.2
478.08	79.2
478.266	79.2
478.452	79.2
478.638	79.2
478.824	79.1
479.01	79.1
479.196	79.1
479.382	79.1
479.569	79.1
479.755	79.1
479.941	79.1
480.127	79.1
480.313	79
480.5	79
480.686	79
480.872	79
481.058	79
481.245	79
481.431	79
481.617	79
481.803	79
481.99	79
482.176	79
482.362	79
482.549	78.9
482.735	78.9
482.921	78.9
483.108	78.9
483.294	78.9
483.481	78.9
483.667	78.9
483.853	78.8
484.04	78.8
484.226	78.8
484.413	78.8
484.599	78.8
484.786	78.8
484.972	78.8
485.159	78.8
485.345	78.8
485.532	78.8
485.718	78.8
485.905	78.8
486.091	78.8
486.278	78.8
486.464	78.8
486.651	78.8
486.837	78.8
487.024	78.8
487.211	78.8
487.397	78.8
487.584	78.8
487.77	78.8
487.957	78.8
488.144	78.8
488.33	78.8
488.517	78.8
488.704	78.8
488.89	78.7
489.077	78.7
489.264	78.7
489.45	78.7
489.637	78.7
489.824	78.7
490.01	78.7
490.197	78.7
490.384	78.7
490.571	78.7
490.757	78.7
490.944	78.7
491.131	78.7
491.318	78.7
491.505	78.7
491.691	78.7
491.878	78.7
492.065	78.7
492.252	78.7
492.439	78.7
492.626	78.7
492.812	78.6
492.999	78.6
493.186	78.6
493.373	78.6
493.56	78.6
493.747	78.6
493.934	78.6
494.121	78.6
494.308	78.6
494.494	78.6
494.681	78.6
494.868	78.6
495.055	78.6
495.242	78.6
495.429	78.6
495.616	78.6
495.803	78.6
495.99	78.6
496.177	78.6
496.364	78.6
496.551	78.6
496.738	78.6
496.925	78.6
497.112	78.6
497.299	78.6
497.486	78.5
497.673	78.5
497.861	78.6
498.048	78.5
498.235	78.5
498.422	78.5
498.609	78.5
498.796	78.5
498.983	78.5
499.17	78.5
499.357	78.5
499.544	78.5
499.732	78.5
499.919	78.5
500.106	78.5
500.293	78.5
500.48	78.5
500.667	78.5
500.855	78.5
501.042	78.5
501.229	78.5
501.416	78.5
501.603	78.5
501.791	78.5
501.978	78.5
502.165	78.5
502.352	78.5
502.54	78.5
502.727	78.5
502.914	78.5
503.101	78.5
503.289	78.5
503.476	78.5
503.663	78.5
503.85	78.4
504.038	78.4
504.225	78.4
504.412	78.5
504.6	78.5
504.787	78.5
504.974	78.5
505.161	78.5
505.349	78.5
505.536	78.5
505.723	78.5
505.911	78.5
506.098	78.5
506.286	78.5
506.473	78.5
506.66	78.5
506.848	78.5
507.035	78.5
507.222	78.5
507.41	78.5
507.597	78.5
507.785	78.5
507.972	78.6
508.159	78.6
508.347	78.6
508.534	78.6
508.722	78.6
508.909	78.6
509.097	78.6
509.284	78.6
509.471	78.6
509.659	78.6
509.846	78.6
510.034	78.6
510.221	78.6
510.409	78.6
510.596	78.7
510.784	78.7
510.971	78.7
511.159	78.7
511.346	78.7
511.534	78.7
511.721	78.7
511.909	78.7
512.096	78.7
512.284	78.7
512.471	78.7
512.659	78.8
512.846	78.8
513.034	78.8
513.221	78.8
513.409	78.8
513.596	78.8
513.784	78.8
513.972	78.8
514.159	78.8
514.347	78.8
514.534	78.8
514.722	78.8
514.909	78.8
515.097	78.8
515.285	78.8
515.472	78.8
515.66	78.9
515.847	78.9
516.035	78.9
516.222	78.9
516.41	78.9
516.598	78.9
516.785	78.9
516.973	78.9
517.161	78.9
517.348	78.9
517.536	78.9
517.723	78.9
517.911	79
518.099	79
518.286	79
518.474	79
518.662	79
518.849	79
519.037	79
519.225	79
519.412	79
519.6	79
519.787	79.1
519.975	79.1
520.163	79.1
520.35	79.1
520.538	79.1
520.726	79.1
520.914	79.1
521.101	79.1
521.289	79.1
521.477	79.2
521.664	79.2
521.852	79.2
522.04	79.2
522.227	79.2
522.415	79.2
522.603	79.2
522.79	79.3
522.978	79.3
523.166	79.3
523.354	79.3
523.541	79.3
523.729	79.3
523.917	79.3
524.104	79.3
524.292	79.3
524.48	79.4
524.668	79.4
524.855	79.4
525.043	79.4
525.231	79.4
525.418	79.4
525.606	79.4
525.794	79.5
525.982	79.5
526.169	79.5
526.357	79.5
526.545	79.5
526.733	79.6
526.92	79.6
527.108	79.6
527.296	79.6
527.484	79.6
527.671	79.6
527.859	79.7
528.047	79.7
528.235	79.7
528.422	79.7
528.61	79.7
528.798	79.7
528.986	79.7
529.173	79.7
529.361	79.7
529.549	79.7
529.737	79.7
529.924	79.8
530.112	79.8
530.3	79.8
530.488	79.8
530.675	79.8
530.863	79.8
531.051	79.8
531.239	79.8
531.426	79.8
531.614	79.8
531.802	79.8
531.99	79.7
532.177	79.7
532.365	79.7
532.553	79.7
532.741	79.7
532.928	79.7
533.116	79.7
533.304	79.7
533.492	79.7
533.679	79.7
533.867	79.7
534.055	79.7
534.243	79.7
534.431	79.7
534.618	79.7
534.806	79.6
534.994	79.6
535.182	79.6
535.369	79.6
535.557	79.6
535.745	79.6
535.933	79.6
536.12	79.6
536.308	79.6
536.496	79.6
536.684	79.6
536.871	79.6
537.059	79.6
537.247	79.6
537.435	79.6
537.622	79.6
537.81	79.6
537.998	79.6
538.186	79.6
538.373	79.6
538.561	79.6
538.749	79.6
538.937	79.7
539.124	79.7
539.312	79.7
539.5	79.7
539.688	79.7
539.875	79.7
540.063	79.7
540.251	79.7
540.439	79.8
540.626	79.8
540.814	79.8
541.002	79.8
541.19	79.8
541.377	79.8
541.565	79.8
541.753	79.8
541.941	79.8
542.128	79.8
542.316	79.8
542.504	79.8
542.691	79.8
542.879	79.8
543.067	79.8
543.255	79.8
543.442	79.8
543.63	79.8
543.818	79.8
544.005	79.8
544.193	79.8
544.381	79.8
544.568	79.8
544.756	79.8
544.944	79.8
545.132	79.9
545.319	79.9
545.507	79.9
545.695	79.9
545.882	79.9
546.07	79.9
546.258	79.9
546.445	79.9
546.633	79.9
546.821	79.9
547.008	79.9
547.196	79.9
547.384	79.9
547.571	79.9
547.759	79.9
547.947	79.9
548.134	79.9
548.322	79.9
548.51	79.9
548.697	79.9
548.885	79.9
549.073	79.9
549.26	80
549.448	80
549.636	80
549.823	80
550.011	80
550.199	80
550.386	80
550.574	80
550.762	80
550.949	80
551.137	80
551.325	80
551.512	80.1
551.7	80.1
551.888	80.1
552.075	80.1
552.263	80.1
552.451	80.1
552.639	80.1
552.826	80.1
553.014	80.1
553.202	80.1
553.389	80.1
553.577	80.1
553.765	80.1
553.953	80.2
554.14	80.2
554.328	80.2
554.516	80.2
554.704	80.2
554.891	80.2
555.079	80.2
555.267	80.2
555.455	80.2
555.643	80.2
555.83	80.2
556.018	80.2
556.206	80.3
556.394	80.3
556.582	80.3
556.77	80.3
556.957	80.3
557.145	80.3
557.333	80.3
557.521	80.3
557.709	80.3
557.897	80.3
558.085	80.3
558.273	80.3
558.461	80.4
558.649	80.4
558.837	80.4
559.025	80.4
559.213	80.4
559.4	80.4
559.588	80.4
559.777	80.4
559.965	80.4
560.153	80.4
560.341	80.4
560.529	80.4
560.717	80.4
560.905	80.4
561.093	80.4
561.281	80.4
561.469	80.4
561.657	80.4
561.845	80.4
562.034	80.5
562.222	80.5
562.41	80.5
562.598	80.5
562.786	80.5
562.975	80.5
563.163	80.5
563.351	80.5
563.539	80.5
563.728	80.5
563.916	80.5
564.104	80.5
564.293	80.5
564.481	80.5
564.67	80.5
564.858	80.5
565.046	80.5
565.235	80.5
565.423	80.5
565.612	80.5
565.8	80.6
565.989	80.6
566.177	80.6
566.366	80.6
566.554	80.6
566.743	80.6
566.932	80.6
567.12	80.6
567.309	80.6
567.497	80.6
567.686	80.6
567.875	80.6
568.064	80.6
568.252	80.6
568.441	80.6
568.63	80.6
568.819	80.6
569.007	80.6
569.196	80.6
569.385	80.6
569.574	80.7
569.763	80.7
569.952	80.7
570.141	80.7
570.33	80.7
570.519	80.7
570.708	80.7
570.897	80.7
571.086	80.7
571.275	80.7
571.464	80.7
571.653	80.7
571.843	80.7
572.032	80.7
572.221	80.7
572.41	80.7
572.599	80.7
572.789	80.7
572.978	80.6
573.167	80.6
573.357	80.6
573.546	80.6
573.736	80.6
573.925	80.6
574.115	80.6
574.304	80.6
574.494	80.6
574.683	80.6
574.873	80.6
575.062	80.6
575.252	80.6
575.442	80.6
575.631	80.6
575.821	80.6
576.011	80.6
576.201	80.6
576.39	80.6
576.58	80.6
576.77	80.6
576.96	80.5
577.15	80.5
577.34	80.5
577.53	80.5
577.72	80.5
577.91	80.5
578.1	80.5
578.29	80.5
578.48	80.5
578.67	80.5
578.861	80.5
579.051	80.5
579.241	80.5
579.431	80.5
579.622	80.5
579.812	80.5
580.002	80.5
580.193	80.5
580.383	80.5
580.574	80.5
580.764	80.5
580.955	80.5
581.145	80.5
581.336	80.5
581.526	80.5
581.717	80.5
581.908	80.5
582.098	80.5
582.289	80.5
582.48	80.5
582.671	80.5
582.862	80.5
583.052	80.5
583.243	80.6
583.434	80.6
583.625	80.6
583.816	80.6
584.007	80.6
584.198	80.6
584.389	80.6
584.58	80.6
584.771	80.6
584.962	80.6
585.154	80.6
585.345	80.6
585.536	80.6
585.727	80.6
585.918	80.6
586.11	80.6
586.301	80.6
586.492	80.6
586.684	80.6
586.875	80.6
587.067	80.6
587.258	80.6
587.45	80.6
587.641	80.6
587.833	80.6
588.024	80.6
588.216	80.6
588.408	80.6
588.599	80.6
588.791	80.6
588.983	80.6
589.174	80.6
589.366	80.6
589.558	80.6
589.75	80.6
589.942	80.6
590.134	80.6
590.326	80.6
590.518	80.6
590.71	80.6
590.902	80.6
591.094	80.6
591.286	80.6
591.478	80.6
591.67	80.6
591.862	80.6
592.054	80.6
592.246	80.6
592.439	80.6
592.631	80.5
592.823	80.5
593.016	80.5
593.208	80.5
593.4	80.5
593.593	80.5
593.785	80.5
593.978	80.5
594.17	80.5
594.363	80.5
594.555	80.5
594.748	80.5
594.94	80.5
595.133	80.5
595.326	80.5
595.518	80.5
595.711	80.5
595.904	80.5
596.096	80.5
596.289	80.5
596.482	80.5
596.675	80.5
596.868	80.5
597.061	80.5
597.254	80.5
597.447	80.5
597.64	80.5
597.833	80.5
598.026	80.5
598.219	80.5
598.412	80.5
598.605	80.5
598.798	80.5
598.991	80.5
599.184	80.5
599.378	80.5
599.571	80.5
599.764	80.5
599.957	80.5
600.151	80.5
600.344	80.5
600.538	80.5
600.731	80.5
600.924	80.5
601.118	80.5
601.311	80.5
601.505	80.5
601.698	80.4
601.892	80.4
602.086	80.4
602.279	80.4
602.473	80.4
602.667	80.4
602.86	80.4
603.054	80.4
603.248	80.4
603.442	80.4
603.635	80.4
603.829	80.4
604.023	80.4
604.217	80.4
604.411	80.4
604.605	80.4
604.799	80.4
604.993	80.4
605.187	80.4
605.381	80.3
605.575	80.4
605.769	80.3
605.963	80.3
606.157	80.3
606.352	80.3
606.546	80.3
606.74	80.3
606.934	80.3
607.129	80.3
607.323	80.3
607.517	80.3
607.712	80.3
607.906	80.3
608.1	80.3
608.295	80.3
608.489	80.3
608.684	80.3
608.878	80.3
609.073	80.3
609.267	80.3
609.462	80.3
609.657	80.3
609.851	80.3
610.046	80.3
610.241	80.2
610.435	80.2
610.63	80.2
610.825	80.2
611.02	80.2
611.215	80.3
611.41	80.3
611.604	80.3
611.799	80.3
611.994	80.3
612.189	80.3
612.384	80.3
612.579	80.3
612.774	80.3
612.969	80.3
613.164	80.3
613.359	80.3
613.555	80.3
613.75	80.3
613.945	80.3
614.14	80.3
614.335	80.3
614.531	80.3
614.726	80.3
614.921	80.3
615.117	80.3
615.312	80.3
615.507	80.3
615.703	80.3
615.898	80.2
616.094	80.2
616.289	80.2
616.485	80.2
616.68	80.2
616.876	80.2
617.071	80.2
617.267	80.2
617.463	80.2
617.658	80.2
617.854	80.2
618.05	80.2
618.245	80.2
618.441	80.2
618.637	80.2
618.833	80.2
619.029	80.2
619.225	80.2
619.42	80.2
619.616	80.2
619.812	80.2
620.008	80.2
620.204	80.2
620.4	80.2
620.596	80.2
620.792	80.2
620.988	80.2
621.184	80.2
621.381	80.2
621.577	80.2
621.773	80.2
621.969	80.2
622.165	80.1
622.362	80.1
622.558	80.1
622.754	80.1
622.951	80.1
623.147	80.1
623.343	80.1
623.54	80.1
623.736	80.1
623.933	80.1
624.129	80.1
624.326	80.1
624.522	80.1
624.719	80.1
624.915	80.1
625.112	80.1
625.308	80.1
625.505	80.1
625.702	80.1
625.898	80.1
626.095	80.1
626.292	80.1
626.489	80.1
626.685	80.1
626.882	80.1
627.079	80
627.276	80
627.473	80
627.67	80
627.866	80
628.063	80
628.26	80
628.457	80
628.654	80
628.851	80
629.048	80
629.246	80
629.443	80
629.64	80
629.837	80
630.034	80
630.231	80
630.429	79.9
630.626	79.9
630.823	79.9
631.02	79.9
631.218	79.9
631.415	79.9
631.612	79.9
631.81	79.9
632.007	79.9
632.205	79.9
632.402	79.9
632.6	79.9
632.797	79.9
632.995	79.9
633.192	79.9
633.39	79.9
633.587	79.9
633.785	79.9
633.983	79.9
634.18	79.9
634.378	79.9
634.576	79.9
634.773	79.9
634.971	79.9
635.169	79.9
635.367	79.9
635.565	79.9
635.762	79.9
635.96	79.9
636.158	79.9
636.356	80
636.554	80
636.752	80
636.95	80
637.148	80
637.346	80
637.544	80
637.742	80
637.94	80
638.138	80
638.337	80
638.535	80
638.733	80
638.931	80
639.129	80
639.328	80
639.526	80
639.724	80
639.922	80
640.121	80
640.319	80
640.518	80
640.716	80
640.914	80
641.113	80
641.311	80
641.51	80
641.708	80
641.907	80
642.105	80
642.304	80
642.503	80
642.701	80
642.9	80
643.098	80
643.297	80
643.496	80
643.695	80
643.893	80
644.092	80
644.291	80.1
644.49	80.1
644.689	80.1
644.887	80.1
645.086	80.1
645.285	80.1
645.484	80.1
645.683	80.1
645.882	80.1
646.081	80.1
646.28	80.1
646.479	80.1
646.678	80.1
646.877	80.1
647.076	80.1
647.276	80.1
647.475	80.1
647.674	80.1
647.873	80.1
648.072	80.1
648.271	80.1
648.471	80.1
648.67	80.1
648.869	80.1
649.069	80.1
649.268	80.1
649.467	80.1
649.667	80.1
649.866	80.2
650.065	80.2
650.265	80.2
650.464	80.2
650.664	80.2
650.863	80.2
651.063	80.2
651.262	80.2
651.462	80.2
651.662	80.2
651.861	80.2
652.061	80.2
652.26	80.2
652.46	80.2
652.66	80.2
652.859	80.2
653.059	80.2
653.259	80.2
653.459	80.2
653.658	80.2
653.858	80.2
654.058	80.2
654.258	80.2
654.458	80.2
654.658	80.2
654.858	80.2
655.058	80.2
655.258	80.2
655.457	80.2
655.657	80.2
655.857	80.2
656.058	80.2
656.258	80.2
656.458	80.2
656.658	80.2
656.858	80.2
657.058	80.2
657.258	80.2
657.458	80.2
657.659	80.2
657.859	80.2
658.059	80.2
658.259	80.2
658.459	80.2
658.66	80.1
658.86	80.1
659.06	80.1
659.261	80.1
659.461	80.1
659.662	80.1
659.862	80.1
660.062	80.1
660.263	80.1
660.463	80.1
660.664	80.1
660.864	80.1
661.065	80.1
661.265	80.1
661.466	80.1
661.667	80.1
661.867	80.1
662.068	80.1
662.268	80
662.469	80
662.67	80
662.87	80
663.071	80
663.272	80
663.473	80
663.674	80
663.874	80
664.075	80
664.276	80
664.477	80
664.678	80
664.879	79.9
665.08	79.9
665.28	79.9
665.481	79.9
665.682	79.9
665.883	79.9
666.084	79.9
666.285	79.9
666.486	79.9
666.688	79.9
666.889	79.9
667.09	79.9
667.291	79.9
667.492	79.8
667.693	79.8
667.894	79.8
668.096	79.8
668.297	79.8
668.498	79.8
668.699	79.8
668.901	79.8
669.102	79.8
669.303	79.8
669.505	79.8
669.706	79.8
669.907	79.8
670.109	79.8
670.31	79.8
670.511	79.8
670.713	79.8
670.914	79.8
671.116	79.8
671.317	79.8
671.519	79.7
671.72	79.7
671.922	79.7
672.124	79.8
672.325	79.8
672.527	79.8
672.728	79.7
672.93	79.8
673.132	79.7
673.333	79.8
673.535	79.8
673.737	79.7
673.939	79.7
674.14	79.7
674.342	79.7
674.544	79.7
674.746	79.7
674.948	79.7
675.149	79.7
675.351	79.7
675.553	79.7
675.755	79.7
675.957	79.7
676.159	79.7
676.361	79.7
676.563	79.7
676.765	79.7
676.967	79.7
677.169	79.7
677.371	79.8
677.573	79.8
677.775	79.8
677.977	79.7
678.179	79.8
678.381	79.8
678.583	79.8
678.786	79.8
678.988	79.8
679.19	79.8
679.392	79.8
679.594	79.8
679.797	79.8
679.999	79.8
680.201	79.8
680.404	79.8
680.606	79.8
680.808	79.8
681.011	79.8
681.213	79.8
681.415	79.8
681.618	79.8
681.82	79.8
682.023	79.8
682.225	79.8
682.428	79.8
682.63	79.8
682.833	79.8
683.035	79.8
683.238	79.8
683.44	79.8
683.643	79.8
683.845	79.8
684.048	79.8
684.251	79.8
684.453	79.8
684.656	79.8
684.859	79.8
685.061	79.8
685.264	79.8
685.467	79.8
685.67	79.9
685.872	79.9
686.075	79.9
686.278	79.9
686.481	79.9
686.684	79.9
686.886	79.9
687.089	79.9
687.292	79.9
687.495	79.9
687.698	79.9
687.901	79.9
688.104	79.9
688.307	79.9
688.51	79.9
688.713	80
688.916	80
689.119	80
689.322	80
689.525	80
689.728	80
689.931	80.1
690.134	80.1
690.337	80.1
690.54	80.1
690.744	80.1
690.947	80.1
691.15	80.1
691.353	80.1
691.556	80.1
691.76	80.1
691.963	80.1
692.166	80.1
692.37	80.1
692.573	80.1
692.776	80.1
692.979	80.2
693.183	80.2
693.386	80.2
693.59	80.2
693.793	80.2
693.996	80.2
694.2	80.2
694.403	80.2
694.607	80.2
694.81	80.2
695.014	80.2
695.217	80.2
695.421	80.2
695.624	80.2
695.828	80.2
696.031	80.2
696.235	80.2
696.439	80.2
696.642	80.3
696.846	80.3
697.049	80.3
697.253	80.3
697.457	80.3
697.661	80.3
697.864	80.3
698.068	80.3
698.272	80.3
698.475	80.3
698.679	80.2
698.883	80.3
699.087	80.3
699.291	80.2
699.494	80.2
699.698	80.2
699.902	80.2
700.106	80.2
700.31	80.2
700.514	80.2
700.718	80.2
700.922	80.2
701.126	80.2
701.33	80.2
701.534	80.2
701.738	80.2
701.942	80.2
702.146	80.2
702.35	80.2
702.554	80.2
702.758	80.2
702.962	80.2
703.166	80.2
703.37	80.2
703.574	80.2
703.778	80.2
703.983	80.2
704.187	80.2
704.391	80.2
704.595	80.2
704.799	80.2
705.004	80.2
705.208	80.2
705.412	80.2
705.616	80.2
705.821	80.2
706.025	80.2
706.229	80.2
706.434	80.2
706.638	80.2
706.842	80.2
707.047	80.2
707.251	80.2
707.455	80.2
707.66	80.2
707.864	80.2
708.069	80.2
708.273	80.3
708.478	80.3
708.682	80.3
708.887	80.3
709.091	80.3
709.296	80.3
709.5	80.2
709.705	80.3
709.909	80.3
710.114	80.3
710.319	80.3
710.523	80.3
710.728	80.3
710.932	80.3
711.137	80.3
711.342	80.3
711.546	80.3
711.751	80.3
711.956	80.3
712.161	80.3
712.365	80.3
712.57	80.3
712.775	80.3
712.98	80.3
713.184	80.3
713.389	80.3
713.594	80.3
713.799	80.3
714.004	80.3
714.209	80.3
714.413	80.3
714.618	80.3
714.823	80.4
715.028	80.4
715.233	80.4
715.438	80.4
715.643	80.4
715.848	80.4
716.053	80.4
716.258	80.4
716.463	80.4
716.668	80.4
716.873	80.4
717.078	80.4
717.283	80.4
717.488	80.4
717.693	80.4
717.898	80.4
718.103	80.4
718.308	80.4
718.514	80.4
718.719	80.4
718.924	80.4
719.129	80.4
719.334	80.4
719.539	80.4
719.745	80.4
719.95	80.4
720.155	80.4
720.36	80.5
720.566	80.5
720.771	80.5
720.976	80.5
721.182	80.4
721.387	80.5
721.592	80.5
721.798	80.5
722.003	80.5
722.208	80.5
722.414	80.5
722.619	80.4
722.824	80.4
723.03	80.4
723.235	80.4
723.441	80.4
723.646	80.4
723.852	80.4
724.057	80.4
724.263	80.4
724.468	80.4
724.674	80.4
724.879	80.4
725.085	80.4
725.29	80.4
725.496	80.4
725.701	80.4
725.907	80.5
726.112	80.5
726.318	80.5
726.524	80.4
726.729	80.5
726.935	80.5
727.141	80.5
727.346	80.5
727.552	80.5
727.758	80.5
727.963	80.5
728.169	80.5
728.375	80.5
728.581	80.5
728.786	80.5
728.992	80.5
729.198	80.5
729.404	80.5
729.609	80.5
729.815	80.5
730.021	80.5
730.227	80.5
730.433	80.5
730.639	80.5
730.844	80.6
731.05	80.6
731.256	80.6
731.462	80.6
731.668	80.6
731.874	80.6
732.08	80.7
732.286	80.7
732.492	80.7
732.698	80.7
732.904	80.7
733.11	80.7
733.316	80.7
733.522	80.7
733.728	80.7
733.934	80.7
734.14	80.7
734.346	80.7
734.552	80.7
734.758	80.7
734.964	80.7
735.17	80.7
735.376	80.7
735.583	80.7
735.789	80.7
735.995	80.7
736.201	80.7
736.407	80.7
736.613	80.7
736.819	80.7
737.026	80.7
737.232	80.8
737.438	80.7
737.644	80.7
737.851	80.7
738.057	80.8
738.263	80.8
738.469	80.7
738.676	80.7
738.882	80.7
739.088	80.7
739.295	80.7
739.501	80.7
739.707	80.7
739.914	80.7
740.12	80.7
740.326	80.7
740.533	80.7
740.739	80.7
740.946	80.7
741.152	80.7
741.358	80.7
741.565	80.7
741.771	80.7
741.978	80.7
742.184	80.7
742.391	80.7
742.597	80.7
742.804	80.7
743.01	80.7
743.217	80.7
743.423	80.7
743.63	80.7
743.836	80.7
744.043	80.7
744.249	80.7
744.456	80.7
744.663	80.7
744.869	80.7
745.076	80.7
745.282	80.7
745.489	80.7
745.696	80.7
745.902	80.7
746.109	80.7
746.316	80.7
746.522	80.7
746.729	80.7
746.936	80.7
747.142	80.7
747.349	80.7
747.556	80.7
747.762	80.7
747.969	80.7
748.176	80.7
748.383	80.7
748.589	80.7
748.796	80.7
749.003	80.7
749.21	80.7
749.417	80.7
749.623	80.7
749.83	80.7
750.037	80.7
750.244	80.7
750.451	80.7
750.658	80.8
750.865	80.8
751.071	80.8
751.278	80.8
751.485	80.8
751.692	80.8
751.899	80.8
752.106	80.8
752.313	80.8
752.52	80.8
752.727	80.8
752.934	80.8
753.141	80.8
753.348	80.9
753.555	80.9
753.762	80.9
753.969	80.9
754.176	80.9
754.383	80.9
754.59	80.9
754.797	80.9
755.004	80.9
755.211	80.9
755.418	81
755.625	81
755.832	81
756.039	81
756.246	81
756.453	81
756.66	81
756.868	81
757.075	81
757.282	81
757.489	81
757.696	81
757.903	81
758.111	81
758.318	81
758.525	81
758.732	81
758.939	81
759.147	81
759.354	81
759.561	81
759.768	81
759.976	81
760.183	81
760.39	81
760.597	81
760.805	81
761.012	81
761.219	81
761.426	81
761.634	81
761.841	81
762.048	81
762.256	81
762.463	81
762.67	81
762.878	81
763.085	81
763.293	81
763.5	81
763.707	81
763.915	81
764.122	81
764.33	81
764.537	81
764.744	81.1
764.952	81.1
765.159	81.1
765.367	81.1
765.574	81.1
765.782	81.1
765.989	81.1
766.197	81.2
766.404	81.2
766.612	81.2
766.819	81.2
767.027	81.2
767.234	81.2
767.442	81.2
767.649	81.2
767.857	81.3
768.064	81.3
768.272	81.3
768.479	81.3
768.687	81.3
768.895	81.3
769.102	81.3
769.31	81.3
769.517	81.3
769.725	81.3
769.933	81.3
770.14	81.3
770.348	81.4
770.555	81.4
770.763	81.4
770.971	81.4
771.178	81.4
771.386	81.4
771.594	81.4
771.801	81.5
772.009	81.5
772.217	81.5
772.424	81.5
772.632	81.5
772.84	81.5
773.047	81.5
773.255	81.5
773.463	81.5
773.671	81.5
773.878	81.5
774.086	81.5
774.294	81.5
774.502	81.6
774.709	81.6
774.917	81.6
775.125	81.6
775.333	81.6
775.54	81.6
775.748	81.6
775.956	81.6
776.164	81.6
776.371	81.6
776.579	81.6
776.787	81.6
776.995	81.7
777.203	81.7
777.41	81.7
777.618	81.7
777.826	81.7
778.034	81.7
778.242	81.7
778.45	81.7
778.657	81.7
778.865	81.7
779.073	81.7
779.281	81.7
779.489	81.7
779.697	81.7
779.905	81.7
780.112	81.7
780.32	81.8
780.528	81.8
780.736	81.8
780.944	81.8
781.152	81.8
781.36	81.8
781.568	81.8
781.776	81.8
781.984	81.8
782.191	81.8
782.399	81.8
782.607	81.8
782.815	81.8
783.023	81.8
783.231	81.8
783.439	81.8
783.647	81.8
783.855	81.8
784.063	81.8
784.271	81.8
784.479	81.8
784.687	81.8
784.895	81.8
785.103	81.8
785.311	81.8
785.519	81.9
785.727	81.9
785.935	81.9
786.143	81.9
786.351	81.9
786.559	81.9
786.767	81.9
786.975	81.9
787.183	81.9
787.391	81.9
787.599	81.9
787.807	81.9
788.015	81.9
788.223	81.9
788.431	81.9
788.639	81.9
788.847	81.9
789.055	81.9
789.263	81.9
789.471	81.9
789.679	81.9
789.887	81.9
790.095	82
790.303	82
790.511	82
790.719	82
790.927	82
791.135	82
791.343	82
791.551	82
791.76	82
791.968	82
792.176	82
792.384	82
792.592	82
792.8	82
793.008	82
793.216	82
793.424	82.1
793.632	82.1
793.84	82.1
794.048	82.1
794.256	82.1
794.465	82.1
794.673	82.1
794.881	82.1
795.089	82.1
795.297	82.1
795.505	82.1
795.713	82.2
795.921	82.2
796.129	82.2
796.337	82.2
796.546	82.2
796.754	82.3
796.962	82.3
797.17	82.3
797.378	82.3
797.586	82.3
797.794	82.3
798.002	82.3
798.21	82.3
798.419	82.3
798.627	82.3
798.835	82.3
799.043	82.3
799.251	82.3
799.459	82.3
799.667	82.3
799.875	82.3
800.083	82.3
800.292	82.3
800.5	82.3
800.708	82.3
800.916	82.3
801.124	82.3
801.332	82.3
801.54	82.4
801.748	82.4
801.957	82.4
802.165	82.4
802.373	82.4
802.581	82.4
802.789	82.3
802.997	82.4
803.205	82.4
803.414	82.4
803.622	82.4
803.83	82.4
804.038	82.4
804.246	82.4
804.454	82.4
804.662	82.4
804.87	82.3
805.079	82.3
805.287	82.3
805.495	82.3
805.703	82.3
805.911	82.3
806.119	82.3
806.327	82.4
806.535	82.4
806.743	82.4
806.952	82.4
807.16	82.4
807.368	82.4
807.576	82.4
807.784	82.4
807.992	82.4
808.2	82.4
808.408	82.4
808.617	82.5
808.825	82.5
809.033	82.5
809.241	82.5
809.449	82.5
809.657	82.5
809.865	82.5
810.073	82.5
810.281	82.5
810.49	82.5
810.698	82.5
810.906	82.5
811.114	82.5
811.322	82.6
811.53	82.6
811.738	82.6
811.946	82.6
812.154	82.5
812.362	82.6
812.57	82.6
812.779	82.6
812.987	82.6
813.195	82.6
813.403	82.6
813.611	82.6
813.819	82.6
814.027	82.6
814.235	82.6
814.443	82.7
814.651	82.7
814.859	82.7
815.067	82.7
815.275	82.7
815.484	82.7
815.692	82.7
815.9	82.7
816.108	82.7
816.316	82.7
816.524	82.8
816.732	82.8
816.94	82.8
817.148	82.7
817.356	82.7
817.564	82.8
817.772	82.8
817.98	82.8
818.188	82.8
818.397	82.8
818.605	82.8
818.813	82.8
819.021	82.8
819.229	82.8
819.437	82.8
819.645	82.8
819.853	82.8
820.061	82.9
820.269	82.9
820.477	82.9
820.685	82.9
820.893	82.9
821.102	82.9
821.31	82.9
821.518	82.9
821.726	82.9
821.934	83
822.142	83
822.35	83
822.558	83
822.766	83
822.974	82.9
823.182	83
823.39	83
823.599	83
823.807	83
824.015	83
824.223	83
824.431	83
824.639	83
824.847	83
825.055	83
825.263	83
825.472	83
825.68	83
825.888	83
826.096	83
826.304	83
826.512	83.1
826.72	83.1
826.928	83.1
827.137	83.1
827.345	83.1
827.553	83.1
827.761	83.1
827.969	83.1
828.177	83.1
828.385	83.1
828.594	83.1
828.802	83.1
829.01	83.1
829.218	83.1
829.426	83.1
829.634	83.1
829.843	83.1
830.051	83.1
830.259	83.1
830.467	83.1
830.675	83.1
830.883	83.1
831.092	83.2
831.3	83.2
831.508	83.2
831.716	83.2
831.924	83.2
832.133	83.2
832.341	83.2
832.549	83.2
832.757	83.3
832.966	83.3
833.174	83.3
833.382	83.3
833.59	83.3
833.799	83.3
834.007	83.3
834.215	83.3
834.423	83.3
834.632	83.3
834.84	83.3
835.048	83.3
835.256	83.3
835.465	83.3
835.673	83.4
835.881	83.4
836.09	83.4
836.298	83.4
836.506	83.4
836.715	83.4
836.923	83.4
837.131	83.4
837.34	83.4
837.548	83.4
837.756	83.4
837.965	83.4
838.173	83.4
838.381	83.4
838.59	83.4
838.798	83.4
839.006	83.5
839.215	83.5
839.423	83.4
839.632	83.5
839.84	83.5
840.048	83.5
840.257	83.4
840.465	83.5
840.674	83.5
840.882	83.5
841.091	83.5
841.299	83.5
841.508	83.5
841.716	83.5
841.924	83.5
842.133	83.6
842.341	83.6
842.55	83.6
842.758	83.6
842.967	83.6
843.175	83.6
843.384	83.6
843.593	83.6
843.801	83.6
844.01	83.6
844.218	83.6
844.427	83.6
844.635	83.6
844.844	83.6
845.052	83.6
845.261	83.6
845.47	83.6
845.678	83.6
845.887	83.6
846.095	83.6
846.304	83.6
846.513	83.7
846.721	83.7
846.93	83.7
847.139	83.7
847.347	83.7
847.556	83.7
847.765	83.8
847.973	83.8
848.182	83.8
848.391	83.8
848.6	83.8
848.808	83.7
849.017	83.7
849.226	83.7
849.435	83.7
849.643	83.7
849.852	83.7
850.061	83.7
850.27	83.7
850.478	83.7
850.687	83.7
850.896	83.7
851.105	83.7
851.314	83.7
851.523	83.7
851.731	83.7
851.94	83.7
852.149	83.8
852.358	83.8
852.567	83.8
852.776	83.9
852.985	83.9
853.194	83.9
853.403	83.9
853.612	83.9
853.821	83.9
854.03	83.9
854.239	84
854.447	84
854.656	84
854.865	84
855.075	84
855.284	84
855.493	84
855.702	84
855.911	84
856.12	84
856.329	84
856.538	84
856.747	84
856.956	84.1
857.165	84.1
857.374	84.1
857.584	84.1
857.793	84.1
858.002	84.1
858.211	84.1
858.42	84.1
858.629	84.1
858.839	84.1
859.048	84.2
859.257	84.2
859.466	84.2
859.676	84.2
859.885	84.2
860.094	84.2
860.304	84.2
860.513	84.2
860.722	84.2
860.932	84.2
861.141	84.2
861.35	84.2
861.56	84.2
861.769	84.2
861.978	84.3
862.188	84.3
862.397	84.3
862.607	84.3
862.816	84.3
863.026	84.3
863.235	84.3
863.445	84.3
863.654	84.3
863.864	84.3
864.073	84.4
864.283	84.4
864.492	84.4
864.702	84.4
864.911	84.5
865.121	84.5
865.33	84.5
865.54	84.5
865.75	84.5
865.959	84.5
866.169	84.5
866.379	84.5
866.588	84.6
866.798	84.6
867.008	84.6
867.218	84.6
867.427	84.7
867.637	84.7
867.847	84.7
868.057	84.7
868.266	84.7
868.476	84.7
868.686	84.7
868.896	84.7
869.106	84.7
869.316	84.7
869.525	84.7
869.735	84.8
869.945	84.8
870.155	84.8
870.365	84.8
870.575	84.8
870.785	84.8
870.995	84.8
871.205	84.8
871.415	84.8
871.625	84.8
871.835	84.8
872.045	84.8
872.255	84.8
872.465	84.8
872.675	84.8
872.886	84.8
873.096	84.8
873.306	84.8
873.516	84.8
873.726	84.8
873.936	84.8
874.147	84.8
874.357	84.8
874.567	84.8
874.777	84.8
874.988	84.8
875.198	84.8
875.408	84.8
875.619	84.8
875.829	84.8
876.039	84.8
876.25	84.8
876.46	84.8
876.67	84.8
876.881	84.8
877.091	84.8
877.302	84.8
877.512	84.8
877.723	84.8
877.933	84.7
878.144	84.7
878.354	84.7
878.565	84.7
878.775	84.7
878.986	84.7
879.197	84.7
879.407	84.6
879.618	84.6
879.829	84.6
880.039	84.6
880.25	84.6
880.461	84.5
880.671	84.5
880.882	84.5
881.093	84.5
881.304	84.5
881.515	84.5
881.725	84.4
881.936	84.4
882.147	84.4
882.358	84.4
882.569	84.4
882.78	84.5
882.991	84.5
883.202	84.5
883.413	84.6
883.624	84.6
883.835	84.6
884.046	84.6
884.257	84.6
884.468	84.6
884.679	84.7
884.89	84.7
885.101	84.7
885.312	84.7
885.523	84.7
885.735	84.7
885.946	84.8
886.157	84.8
886.368	84.8
886.579	84.9
886.791	84.9
887.002	84.9
887.213	85
887.425	85
887.636	85
887.847	85.1
888.059	85.1
888.27	85.1
888.481	85.1
888.693	85.1
888.904	85.1
889.116	85.1
889.327	85.2
889.539	85.2
889.75	85.2
889.962	85.2
890.174	85.2
890.385	85.3
890.597	85.3
890.808	85.3
891.02	85.3
891.232	85.3
891.444	85.3
891.655	85.3
891.867	85.3
892.079	85.4
892.291	85.4
892.502	85.4
892.714	85.4
892.926	85.4
893.138	85.4
893.35	85.4
893.562	85.4
893.774	85.4
893.986	85.4
894.198	85.4
894.41	85.4
894.622	85.4
894.834	85.4
895.046	85.3
895.258	85.4
895.47	85.4
895.682	85.4
895.894	85.4
896.106	85.4
896.319	85.4
896.531	85.4
896.743	85.5
896.955	85.5
897.168	85.6
897.38	85.6
897.592	85.6
897.805	85.7
898.017	85.7
898.229	85.7
898.442	85.7
898.654	85.7
898.867	85.7
899.079	85.7
899.292	85.7
899.504	85.8
899.717	85.8
899.929	85.8
900.142	85.8
900.355	85.8
900.567	85.8
900.78	85.7
900.993	85.7
901.205	85.7
901.418	85.7
901.631	85.7
901.844	85.7
902.056	85.7
902.269	85.7
902.482	85.7
902.695	85.7
902.908	85.7
903.121	85.7
903.334	85.7
903.547	85.7
903.76	85.7
903.973	85.7
904.186	85.7
904.399	85.7
904.612	85.7
904.825	85.7
905.038	85.7
905.251	85.7
905.465	85.6
905.678	85.6
905.891	85.6
906.104	85.6
906.318	85.6
906.531	85.5
906.744	85.6
906.958	85.6
907.171	85.6
907.384	85.6
907.598	85.6
907.811	85.7
908.025	85.6
908.238	85.6
908.452	85.6
908.665	85.6
908.879	85.6
909.093	85.6
909.306	85.6
909.52	85.6
909.734	85.6
909.947	85.6
910.161	85.6
910.375	85.6
910.589	85.7
910.803	85.7
911.016	85.7
911.23	85.7
911.444	85.7
911.658	85.7
911.872	85.7
912.086	85.7
912.3	85.7
912.514	85.7
912.728	85.7
912.942	85.7
913.156	85.7
913.37	85.7
913.585	85.7
913.799	85.7
914.013	85.7
914.227	85.7
914.442	85.7
914.656	85.8
914.87	85.8
915.084	85.8
915.299	85.8
915.513	85.8
915.728	85.8
915.942	85.8
916.157	85.8
916.371	85.8
916.586	85.7
916.8	85.7
917.015	85.8
917.229	85.8
917.444	85.8
917.659	85.8
917.874	85.8
918.088	85.8
918.303	85.9
918.518	85.9
918.733	85.9
918.947	85.9
919.162	86
919.377	86
919.592	86
919.807	86
920.022	86.1
920.237	86.1
920.452	86.1
920.667	86.2
920.882	86.2
921.097	86.2
921.313	86.2
921.528	86.3
921.743	86.2
921.958	86.2
922.174	86.2
922.389	86.2
922.604	86.2
922.82	86.2
923.035	86.2
923.25	86.2
923.466	86.2
923.681	86.2
923.897	86.2
924.112	86.2
924.328	86.2
924.544	86.2
924.759	86.2
924.975	86.3
925.19	86.3
925.406	86.4
925.622	86.4
925.838	86.5
926.054	86.5
926.269	86.5
926.485	86.5
926.701	86.5
926.917	86.5
927.133	86.5
927.349	86.5
927.565	86.5
927.781	86.6
927.997	86.6
928.213	86.6
928.429	86.6
928.646	86.6
928.862	86.6
929.078	86.6
929.294	86.6
929.511	86.6
929.727	86.6
929.943	86.6
930.16	86.7
930.376	86.7
930.592	86.7
930.809	86.8
931.025	86.8
931.242	86.9
931.459	86.9
931.675	87
931.892	87.1
932.108	87.2
932.325	87.2
932.542	87.3
932.759	87.3
932.975	87.3
933.192	87.2
933.409	87.2
933.626	87.2
933.843	87.2
934.06	87.2
934.277	87.1
934.494	87
934.711	87
934.928	87
935.145	86.9
935.362	86.9
935.58	86.8
935.797	86.8
936.014	86.6
936.231	86.5
936.449	86.4
936.666	86.3
936.883	86.2
937.101	86.2
937.318	86.1
937.536	86
937.753	85.9
937.971	85.8
938.188	85.6
938.406	85.5
938.624	85.5
938.841	85.3
939.059	85.2
939.277	85.1
939.494	85
939.712	85
939.93	84.9
