360.161	15.9
360.333	15.8
360.504	15.8
360.676	15.8
360.847	15.8
361.019	15.9
361.19	15.9
361.361	15.9
361.533	15.9
361.704	15.8
361.876	15.8
362.047	15.8
362.219	15.8
362.391	15.8
362.562	15.8
362.734	15.7
362.905	15.7
363.077	15.7
363.248	15.6
363.42	15.6
363.592	15.6
363.763	15.5
363.935	15.5
364.106	15.5
364.278	15.5
364.45	15.4
364.621	15.4
364.793	15.3
364.965	15.3
365.137	15.3
365.308	15.2
365.48	15.2
365.652	15.2
365.824	15.2
365.995	15.1
366.167	15.1
366.339	15.1
366.511	15.1
366.683	15.1
366.854	15
367.026	15
367.198	14.9
367.37	14.9
367.542	14.9
367.714	14.9
367.886	14.9
368.058	14.8
368.23	14.7
368.402	14.7
368.574	14.6
368.746	14.6
368.918	14.7
369.09	14.6
369.262	14.6
369.434	14.5
369.606	14.5
369.778	14.4
369.95	14.4
370.122	14.3
370.294	14.3
370.467	14.3
370.639	14.3
370.811	14.3
370.983	14.3
371.155	14.2
371.328	14.2
371.5	14.2
371.672	14.2
371.844	14.2
372.017	14.2
372.189	14.2
372.361	14.2
372.534	14.1
372.706	14.1
372.878	14.1
373.051	14
373.223	14
373.396	13.9
373.568	13.9
373.741	13.8
373.913	13.8
374.086	13.8
374.258	13.8
374.431	13.8
374.603	13.8
374.776	13.8
374.949	13.7
375.121	13.7
375.294	13.7
375.467	13.6
375.639	13.6
375.812	13.5
375.985	13.5
376.157	13.5
376.33	13.5
376.503	13.4
376.676	13.4
376.849	13.4
377.021	13.4
377.194	13.4
377.367	13.4
377.54	13.3
377.713	13.3
377.886	13.3
378.059	13.2
378.232	13.2
378.405	13.2
378.578	13.2
378.751	13.2
378.924	13.2
379.097	13.1
379.27	13.1
379.444	13.1
379.617	13.1
379.79	13.1
379.963	13
380.136	13
380.31	13
380.483	13
380.656	13
380.829	13
381.003	13
381.176	13
381.35	13
381.523	12.9
381.696	12.9
381.87	12.9
382.043	12.9
382.217	12.9
382.39	12.9
382.564	12.9
382.738	12.9
382.911	12.9
383.085	12.9
383.258	12.9
383.432	12.9
383.606	12.9
383.779	12.9
383.953	12.9
384.127	12.9
384.301	12.9
384.475	12.9
384.648	12.9
384.822	12.9
384.996	12.8
385.17	12.8
385.344	12.9
385.518	12.9
385.692	12.9
385.866	12.8
386.04	12.8
386.214	12.8
386.388	12.8
386.562	12.8
386.737	12.8
386.911	12.8
387.085	12.8
387.259	12.8
387.434	12.8
387.608	12.7
387.782	12.7
387.956	12.8
388.131	12.8
388.305	12.8
388.48	12.7
388.654	12.8
388.829	12.7
389.003	12.7
389.178	12.7
389.352	12.8
389.527	12.8
389.701	12.8
389.876	12.8
390.051	12.7
390.226	12.7
390.4	12.7
390.575	12.7
390.75	12.7
390.925	12.7
391.099	12.7
391.274	12.7
391.449	12.6
391.624	12.6
391.799	12.6
391.974	12.6
392.149	12.6
392.324	12.6
392.499	12.6
392.675	12.6
392.85	12.6
393.025	12.6
393.2	12.6
393.375	12.6
393.551	12.6
393.726	12.6
393.901	12.6
394.077	12.6
394.252	12.6
394.427	12.6
394.603	12.6
394.778	12.6
394.954	12.6
395.129	12.6
395.305	12.6
395.481	12.5
395.656	12.5
395.832	12.5
396.008	12.5
396.184	12.5
396.359	12.5
396.535	12.5
396.711	12.4
396.887	12.4
397.063	12.4
397.239	12.4
397.415	12.4
397.591	12.4
397.767	12.4
397.943	12.4
398.119	12.4
398.295	12.4
398.471	12.4
398.648	12.4
398.824	12.4
399	12.4
399.176	12.4
399.353	12.4
399.529	12.4
399.706	12.4
399.882	12.4
400.058	12.4
400.235	12.4
400.412	12.4
400.588	12.4
400.765	12.4
400.942	12.4
401.118	12.4
401.295	12.4
401.472	12.4
401.649	12.4
401.825	12.4
402.002	12.4
402.179	12.4
402.356	12.3
402.533	12.3
402.71	12.3
402.887	12.3
403.064	12.3
403.242	12.3
403.419	12.3
403.596	12.3
403.773	12.3
403.95	12.4
404.128	12.4
404.305	12.4
404.483	12.4
404.66	12.4
404.837	12.4
405.015	12.4
405.193	12.4
405.37	12.4
405.548	12.4
405.725	12.4
405.903	12.5
406.081	12.5
406.259	12.5
406.437	12.5
406.614	12.5
406.792	12.5
406.97	12.5
407.148	12.5
407.326	12.5
407.504	12.5
407.682	12.5
407.86	12.5
408.039	12.5
408.217	12.5
408.395	12.5
408.573	12.5
408.751	12.5
408.93	12.5
409.108	12.5
409.287	12.6
409.465	12.6
409.643	12.6
409.822	12.6
410	12.6
410.179	12.6
410.358	12.6
410.536	12.6
410.715	12.6
410.894	12.6
411.072	12.6
411.251	12.6
411.43	12.6
411.609	12.6
411.788	12.6
411.967	12.6
412.146	12.7
412.325	12.7
412.504	12.7
412.683	12.7
412.862	12.7
413.041	12.7
413.22	12.7
413.399	12.7
413.578	12.7
413.758	12.8
413.937	12.8
414.116	12.8
414.296	12.8
414.475	12.8
414.654	12.9
414.834	12.9
415.013	12.9
415.193	12.9
415.372	12.9
415.552	12.9
415.732	12.9
415.911	13
416.091	13
416.271	13
416.45	13
416.63	13
416.81	13
416.99	13
417.169	13
417.349	13.1
417.529	13.1
417.709	13.1
417.889	13.1
418.069	13.1
418.249	13.1
418.429	13.1
418.609	13.1
418.789	13.2
418.97	13.2
419.15	13.2
419.33	13.2
419.51	13.2
419.691	13.2
419.871	13.2
420.051	13.2
420.232	13.2
420.412	13.3
420.592	13.3
420.773	13.3
420.953	13.3
421.134	13.3
421.314	13.3
421.495	13.3
421.675	13.3
421.856	13.3
422.037	13.3
422.217	13.3
422.398	13.4
422.579	13.4
422.76	13.4
422.94	13.4
423.121	13.4
423.302	13.4
423.483	13.4
423.664	13.5
423.845	13.5
424.026	13.5
424.207	13.5
424.388	13.5
424.569	13.5
424.75	13.5
424.931	13.6
425.112	13.6
425.293	13.6
425.474	13.6
425.655	13.6
425.837	13.6
426.018	13.7
426.199	13.7
426.38	13.7
426.562	13.7
426.743	13.7
426.924	13.7
427.106	13.7
427.287	13.7
427.469	13.8
427.65	13.8
427.832	13.8
428.013	13.8
428.195	13.8
428.376	13.8
428.558	13.9
428.739	13.9
428.921	13.9
429.103	13.9
429.284	13.9
429.466	13.9
429.648	13.9
429.83	14
430.011	14
430.193	14
430.375	14
430.557	14
430.739	14
430.921	14
431.102	14.1
431.284	14.1
431.466	14.1
431.648	14.1
431.83	14.1
432.012	14.2
432.194	14.2
432.377	14.2
432.559	14.2
432.741	14.2
432.923	14.2
433.105	14.3
433.287	14.3
433.469	14.3
433.652	14.3
433.834	14.3
434.016	14.4
434.198	14.4
434.381	14.4
434.563	14.4
434.745	14.4
434.928	14.4
435.11	14.5
435.293	14.5
435.475	14.5
435.658	14.5
435.84	14.5
436.022	14.5
436.205	14.6
436.388	14.6
436.57	14.6
436.753	14.6
436.935	14.6
437.118	14.7
437.301	14.7
437.483	14.7
437.666	14.7
437.849	14.7
438.031	14.7
438.214	14.8
438.397	14.8
438.58	14.8
438.762	14.8
438.945	14.8
439.128	14.8
439.311	14.9
439.494	14.9
439.677	14.9
439.859	14.9
440.042	14.9
440.225	14.9
440.408	15
440.591	15
440.774	15
440.957	15
441.14	15
441.323	15
441.507	15
441.69	15.1
441.873	15.1
442.056	15.1
442.239	15.1
442.422	15.1
442.605	15.1
442.789	15.1
442.972	15.2
443.155	15.2
443.338	15.2
443.522	15.2
443.705	15.2
443.888	15.2
444.072	15.2
444.255	15.2
444.438	15.2
444.622	15.2
444.805	15.3
444.989	15.3
445.172	15.3
445.356	15.3
445.539	15.3
445.723	15.3
445.906	15.3
446.09	15.3
446.273	15.3
446.457	15.4
446.64	15.4
446.824	15.4
447.008	15.4
447.191	15.4
447.375	15.4
447.559	15.4
447.742	15.4
447.926	15.4
448.11	15.4
448.293	15.4
448.477	15.4
448.661	15.5
448.845	15.5
449.029	15.5
449.212	15.5
449.396	15.5
449.58	15.5
449.764	15.5
449.948	15.5
450.132	15.5
450.316	15.5
450.5	15.5
450.684	15.6
450.868	15.6
451.052	15.6
451.236	15.6
451.42	15.6
451.604	15.6
451.788	15.6
451.972	15.6
452.156	15.6
452.34	15.6
452.525	15.6
452.709	15.6
452.893	15.6
453.077	15.6
453.261	15.6
453.446	15.6
453.63	15.6
453.814	15.7
453.998	15.7
454.183	15.6
454.367	15.7
454.551	15.7
454.736	15.7
454.92	15.7
455.104	15.7
455.289	15.7
455.473	15.7
455.658	15.7
455.842	15.7
456.026	15.7
456.211	15.7
456.395	15.7
456.58	15.7
456.764	15.7
456.949	15.7
457.134	15.7
457.318	15.7
457.503	15.7
457.687	15.7
457.872	15.7
458.057	15.7
458.241	15.6
458.426	15.6
458.611	15.6
458.795	15.6
458.98	15.6
459.165	15.6
459.349	15.6
459.534	15.6
459.719	15.6
459.904	15.6
460.088	15.6
460.273	15.6
460.458	15.6
460.643	15.6
460.828	15.6
461.013	15.6
461.198	15.6
461.382	15.6
461.567	15.6
461.752	15.6
461.937	15.6
462.122	15.6
462.307	15.6
462.492	15.6
462.677	15.6
462.862	15.6
463.047	15.6
463.232	15.6
463.417	15.5
463.602	15.5
463.788	15.5
463.973	15.5
464.158	15.5
464.343	15.5
464.528	15.5
464.713	15.5
464.898	15.5
465.084	15.5
465.269	15.5
465.454	15.5
465.639	15.5
465.824	15.5
466.01	15.5
466.195	15.4
466.38	15.4
466.566	15.4
466.751	15.4
466.936	15.4
467.122	15.4
467.307	15.4
467.492	15.4
467.678	15.3
467.863	15.3
468.048	15.3
468.234	15.3
468.419	15.3
468.605	15.3
468.79	15.3
468.976	15.3
469.161	15.2
469.347	15.2
469.532	15.2
469.718	15.2
469.903	15.2
470.089	15.2
470.274	15.2
470.46	15.1
470.646	15.1
470.831	15.1
471.017	15.1
471.202	15.1
471.388	15
471.574	15
471.759	15
471.945	15
472.131	15
472.317	15
472.502	14.9
472.688	14.9
472.874	14.9
473.059	14.9
473.245	14.9
473.431	14.9
473.617	14.8
473.803	14.8
473.988	14.8
474.174	14.8
474.36	14.8
474.546	14.8
474.732	14.7
474.918	14.7
475.104	14.7
475.29	14.7
475.475	14.7
475.661	14.6
475.847	14.6
476.033	14.6
476.219	14.6
476.405	14.5
476.591	14.5
476.777	14.5
476.963	14.5
477.149	14.4
477.335	14.4
477.521	14.4
477.707	14.4
477.893	14.3
478.08	14.3
478.266	14.3
478.452	14.3
478.638	14.2
478.824	14.2
479.01	14.2
479.196	14.2
479.382	14.1
479.569	14.1
479.755	14.1
479.941	14
480.127	14
480.313	14
480.5	14
480.686	13.9
480.872	13.9
481.058	13.9
481.245	13.9
481.431	13.8
481.617	13.8
481.803	13.8
481.99	13.8
482.176	13.7
482.362	13.7
482.549	13.7
482.735	13.6
482.921	13.6
483.108	13.6
483.294	13.5
483.481	13.5
483.667	13.5
483.853	13.5
484.04	13.4
484.226	13.4
484.413	13.4
484.599	13.3
484.786	13.3
484.972	13.3
485.159	13.2
485.345	13.2
485.532	13.2
485.718	13.2
485.905	13.1
486.091	13.1
486.278	13.1
486.464	13.1
486.651	13
486.837	13
487.024	13
487.211	12.9
487.397	12.9
487.584	12.9
487.77	12.9
487.957	12.8
488.144	12.8
488.33	12.8
488.517	12.7
488.704	12.7
488.89	12.7
489.077	12.6
489.264	12.6
489.45	12.6
489.637	12.5
489.824	12.5
490.01	12.5
490.197	12.4
490.384	12.4
490.571	12.4
490.757	12.3
490.944	12.3
491.131	12.3
491.318	12.2
491.505	12.2
491.691	12.2
491.878	12.2
492.065	12.1
492.252	12.1
492.439	12.1
492.626	12
492.812	12
492.999	12
493.186	11.9
493.373	11.9
493.56	11.9
493.747	11.8
493.934	11.8
494.121	11.8
494.308	11.7
494.494	11.7
494.681	11.7
494.868	11.6
495.055	11.6
495.242	11.6
495.429	11.5
495.616	11.5
495.803	11.5
495.99	11.4
496.177	11.4
496.364	11.4
496.551	11.3
496.738	11.3
496.925	11.3
497.112	11.2
497.299	11.2
497.486	11.2
497.673	11.2
497.861	11.1
498.048	11.1
498.235	11.1
498.422	11.1
498.609	11
498.796	11
498.983	11
499.17	10.9
499.357	10.9
499.544	10.9
499.732	10.8
499.919	10.8
500.106	10.8
500.293	10.7
500.48	10.7
500.667	10.7
500.855	10.7
501.042	10.6
501.229	10.6
501.416	10.6
501.603	10.5
501.791	10.5
501.978	10.5
502.165	10.4
502.352	10.4
502.54	10.4
502.727	10.4
502.914	10.3
503.101	10.3
503.289	10.3
503.476	10.2
503.663	10.2
503.85	10.2
504.038	10.2
504.225	10.1
504.412	10.1
504.6	10.1
504.787	10
504.974	10
505.161	10
505.349	10
505.536	9.9
505.723	9.9
505.911	9.9
506.098	9.8
506.286	9.8
506.473	9.8
506.66	9.8
506.848	9.7
507.035	9.7
507.222	9.7
507.41	9.6
507.597	9.6
507.785	9.6
507.972	9.6
508.159	9.5
508.347	9.5
508.534	9.5
508.722	9.5
508.909	9.4
509.097	9.4
509.284	9.4
509.471	9.4
509.659	9.3
509.846	9.3
510.034	9.3
510.221	9.3
510.409	9.2
510.596	9.2
510.784	9.2
510.971	9.2
511.159	9.1
511.346	9.1
511.534	9.1
511.721	9
511.909	9
512.096	9
512.284	9
512.471	9
512.659	8.9
512.846	8.9
513.034	8.9
513.221	8.8
513.409	8.8
513.596	8.8
513.784	8.8
513.972	8.8
514.159	8.7
514.347	8.7
514.534	8.7
514.722	8.7
514.909	8.6
515.097	8.6
515.285	8.6
515.472	8.6
515.66	8.5
515.847	8.5
516.035	8.5
516.222	8.5
516.41	8.5
516.598	8.4
516.785	8.4
516.973	8.4
517.161	8.4
517.348	8.4
517.536	8.3
517.723	8.3
517.911	8.3
518.099	8.3
518.286	8.2
518.474	8.2
518.662	8.2
518.849	8.2
519.037	8.2
519.225	8.1
519.412	8.1
519.6	8.1
519.787	8.1
519.975	8
520.163	8
520.35	8
520.538	8
520.726	8
520.914	7.9
521.101	7.9
521.289	7.9
521.477	7.9
521.664	7.9
521.852	7.8
522.04	7.8
522.227	7.8
522.415	7.8
522.603	7.8
522.79	7.7
522.978	7.7
523.166	7.7
523.354	7.7
523.541	7.7
523.729	7.6
523.917	7.6
524.104	7.6
524.292	7.6
524.48	7.6
524.668	7.6
524.855	7.5
525.043	7.5
525.231	7.5
525.418	7.5
525.606	7.5
525.794	7.4
525.982	7.4
526.169	7.4
526.357	7.4
526.545	7.4
526.733	7.4
526.92	7.3
527.108	7.3
527.296	7.3
527.484	7.3
527.671	7.3
527.859	7.3
528.047	7.3
528.235	7.2
528.422	7.2
528.61	7.2
528.798	7.2
528.986	7.2
529.173	7.2
529.361	7.1
529.549	7.1
529.737	7.1
529.924	7.1
530.112	7.1
530.3	7.1
530.488	7
530.675	7
530.863	7
531.051	7
531.239	7
531.426	7
531.614	7
531.802	6.9
531.99	6.9
532.177	6.9
532.365	6.9
532.553	6.9
532.741	6.9
532.928	6.8
533.116	6.8
533.304	6.8
533.492	6.8
533.679	6.8
533.867	6.8
534.055	6.7
534.243	6.7
534.431	6.7
534.618	6.7
534.806	6.7
534.994	6.7
535.182	6.6
535.369	6.6
535.557	6.6
535.745	6.6
535.933	6.6
536.12	6.6
536.308	6.5
536.496	6.5
536.684	6.5
536.871	6.5
537.059	6.5
537.247	6.5
537.435	6.5
537.622	6.4
537.81	6.4
537.998	6.4
538.186	6.4
538.373	6.4
538.561	6.4
538.749	6.4
538.937	6.4
539.124	6.3
539.312	6.3
539.5	6.3
539.688	6.3
539.875	6.3
540.063	6.3
540.251	6.3
540.439	6.3
540.626	6.3
540.814	6.2
541.002	6.2
541.19	6.2
541.377	6.2
541.565	6.2
541.753	6.2
541.941	6.2
542.128	6.2
542.316	6.2
542.504	6.2
542.691	6.1
542.879	6.1
543.067	6.1
543.255	6.1
543.442	6.1
543.63	6.1
543.818	6.1
544.005	6.1
544.193	6.1
544.381	6.1
544.568	6.1
544.756	6
544.944	6
545.132	6
545.319	6
545.507	6
545.695	6
545.882	6
546.07	6
546.258	6
546.445	6
546.633	6
546.821	5.9
547.008	5.9
547.196	5.9
547.384	5.9
547.571	5.9
547.759	5.9
547.947	5.9
548.134	5.9
548.322	5.9
548.51	5.9
548.697	5.9
548.885	5.8
549.073	5.8
549.26	5.8
549.448	5.8
549.636	5.8
549.823	5.8
550.011	5.8
550.199	5.8
550.386	5.8
550.574	5.8
550.762	5.8
550.949	5.8
551.137	5.8
551.325	5.7
551.512	5.7
551.7	5.7
551.888	5.7
552.075	5.7
552.263	5.7
552.451	5.7
552.639	5.7
552.826	5.7
553.014	5.7
553.202	5.7
553.389	5.7
553.577	5.7
553.765	5.7
553.953	5.7
554.14	5.6
554.328	5.6
554.516	5.6
554.704	5.6
554.891	5.6
555.079	5.6
555.267	5.6
555.455	5.6
555.643	5.6
555.83	5.6
556.018	5.6
556.206	5.6
556.394	5.6
556.582	5.6
556.77	5.6
556.957	5.5
557.145	5.5
557.333	5.5
557.521	5.5
557.709	5.5
557.897	5.5
558.085	5.5
558.273	5.5
558.461	5.5
558.649	5.5
558.837	5.5
559.025	5.5
559.213	5.5
559.4	5.5
559.588	5.5
559.777	5.5
559.965	5.5
560.153	5.5
560.341	5.4
560.529	5.4
560.717	5.4
560.905	5.4
561.093	5.4
561.281	5.4
561.469	5.4
561.657	5.4
561.845	5.4
562.034	5.4
562.222	5.4
562.41	5.4
562.598	5.4
562.786	5.4
562.975	5.4
563.163	5.4
563.351	5.4
563.539	5.4
563.728	5.4
563.916	5.4
564.104	5.3
564.293	5.3
564.481	5.3
564.67	5.3
564.858	5.3
565.046	5.3
565.235	5.3
565.423	5.3
565.612	5.3
565.8	5.3
565.989	5.3
566.177	5.3
566.366	5.3
566.554	5.3
566.743	5.3
566.932	5.3
567.12	5.2
567.309	5.2
567.497	5.2
567.686	5.2
567.875	5.2
568.064	5.2
568.252	5.2
568.441	5.2
568.63	5.2
568.819	5.2
569.007	5.2
569.196	5.2
569.385	5.2
569.574	5.2
569.763	5.2
569.952	5.2
570.141	5.2
570.33	5.2
570.519	5.2
570.708	5.2
570.897	5.2
571.086	5.2
571.275	5.2
571.464	5.2
571.653	5.2
571.843	5.1
572.032	5.1
572.221	5.1
572.41	5.1
572.599	5.1
572.789	5.1
572.978	5.1
573.167	5.1
573.357	5.1
573.546	5.1
573.736	5.1
573.925	5.1
574.115	5.1
574.304	5.1
574.494	5.1
574.683	5.1
574.873	5.1
575.062	5.1
575.252	5.1
575.442	5.1
575.631	5.1
575.821	5.1
576.011	5.1
576.201	5.1
576.39	5.1
576.58	5.1
576.77	5.1
576.96	5.1
577.15	5.1
577.34	5.1
577.53	5.1
577.72	5.1
577.91	5
578.1	5
578.29	5
578.48	5
578.67	5
578.861	5
579.051	5
579.241	5
579.431	5
579.622	5
579.812	5
580.002	5
580.193	5
580.383	5
580.574	5
580.764	5
580.955	5
581.145	5
581.336	5
581.526	5
581.717	5
581.908	5
582.098	5
582.289	5
582.48	5
582.671	5
582.862	5
583.052	5
583.243	5
583.434	5
583.625	5
583.816	5
584.007	5
584.198	5
584.389	5
584.58	5
584.771	5
584.962	5
585.154	5
585.345	5
585.536	5
585.727	5
585.918	5
586.11	5
586.301	5
586.492	5
586.684	5
586.875	5
587.067	4.9
587.258	4.9
587.45	4.9
587.641	4.9
587.833	4.9
588.024	4.9
588.216	4.9
588.408	4.9
588.599	4.9
588.791	4.9
588.983	4.9
589.174	4.9
589.366	4.9
589.558	4.9
589.75	4.9
589.942	4.9
590.134	4.9
590.326	4.9
590.518	4.9
590.71	4.9
590.902	4.9
591.094	4.9
591.286	4.9
591.478	4.9
591.67	4.9
591.862	4.9
592.054	4.9
592.246	4.9
592.439	4.9
592.631	4.9
592.823	4.9
593.016	4.9
593.208	4.9
593.4	4.9
593.593	4.9
593.785	4.9
593.978	4.9
594.17	4.9
594.363	4.9
594.555	4.9
594.748	4.9
594.94	4.9
595.133	4.9
595.326	4.9
595.518	4.9
595.711	4.9
595.904	4.9
596.096	4.9
596.289	4.9
596.482	4.9
596.675	4.9
596.868	4.9
597.061	4.9
597.254	4.9
597.447	4.9
597.64	4.9
597.833	4.9
598.026	4.9
598.219	4.9
598.412	4.9
598.605	4.9
598.798	4.9
598.991	4.9
599.184	4.9
599.378	4.9
599.571	4.9
599.764	4.9
599.957	4.9
600.151	4.9
600.344	4.9
600.538	4.9
600.731	4.9
600.924	4.9
601.118	4.9
601.311	4.9
601.505	4.9
601.698	4.9
601.892	4.9
602.086	4.9
602.279	4.9
602.473	4.9
602.667	4.9
602.86	4.9
603.054	4.9
603.248	4.9
603.442	4.9
603.635	4.9
603.829	4.9
604.023	4.9
604.217	4.9
604.411	4.9
604.605	4.9
604.799	4.9
604.993	4.9
605.187	4.9
605.381	4.9
605.575	4.9
605.769	4.9
605.963	4.9
606.157	4.9
606.352	4.9
606.546	4.9
606.74	4.9
606.934	4.9
607.129	4.9
607.323	4.9
607.517	4.9
607.712	4.9
607.906	4.9
608.1	4.9
608.295	4.9
608.489	4.9
608.684	4.9
608.878	4.9
609.073	4.9
609.267	4.9
609.462	4.9
609.657	4.9
609.851	4.9
610.046	4.9
610.241	4.9
610.435	4.9
610.63	4.9
610.825	4.9
611.02	4.9
611.215	4.9
611.41	4.9
611.604	4.9
611.799	4.9
611.994	4.9
612.189	5
612.384	5
612.579	5
612.774	5
612.969	5
613.164	5
613.359	5
613.555	5
613.75	5
613.945	5
614.14	5
614.335	5
614.531	5
614.726	5
614.921	5
615.117	5
615.312	5
615.507	5
615.703	5
615.898	5
616.094	5
616.289	5
616.485	5
616.68	5
616.876	5
617.071	5
617.267	5
617.463	5
617.658	5
617.854	5
618.05	5
618.245	5
618.441	5
618.637	5
618.833	5
619.029	5
619.225	5
619.42	5
619.616	5
619.812	5
620.008	5
620.204	5
620.4	5
620.596	5
620.792	5
620.988	5
621.184	5
621.381	5
621.577	5.1
621.773	5.1
621.969	5.1
622.165	5.1
622.362	5.1
622.558	5.1
622.754	5.1
622.951	5.1
623.147	5.1
623.343	5.1
623.54	5.1
623.736	5.1
623.933	5.1
624.129	5.1
624.326	5.1
624.522	5.1
624.719	5.1
624.915	5.1
625.112	5.1
625.308	5.1
625.505	5.1
625.702	5.1
625.898	5.1
626.095	5.1
626.292	5.1
626.489	5.1
626.685	5.1
626.882	5.1
627.079	5.1
627.276	5.1
627.473	5.1
627.67	5.2
627.866	5.2
628.063	5.2
628.26	5.2
628.457	5.2
628.654	5.2
628.851	5.2
629.048	5.2
629.246	5.2
629.443	5.2
629.64	5.2
629.837	5.2
630.034	5.2
630.231	5.2
630.429	5.2
630.626	5.2
630.823	5.2
631.02	5.2
631.218	5.2
631.415	5.2
631.612	5.2
631.81	5.2
632.007	5.2
632.205	5.2
632.402	5.2
632.6	5.2
632.797	5.2
632.995	5.3
633.192	5.3
633.39	5.3
633.587	5.3
633.785	5.3
633.983	5.3
634.18	5.3
634.378	5.3
634.576	5.3
634.773	5.3
634.971	5.3
635.169	5.3
635.367	5.3
635.565	5.3
635.762	5.3
635.96	5.3
636.158	5.3
636.356	5.3
636.554	5.3
636.752	5.3
636.95	5.3
637.148	5.3
637.346	5.3
637.544	5.3
637.742	5.3
637.94	5.4
638.138	5.4
638.337	5.4
638.535	5.4
638.733	5.4
638.931	5.4
639.129	5.4
639.328	5.4
639.526	5.4
639.724	5.4
639.922	5.4
640.121	5.4
640.319	5.4
640.518	5.4
640.716	5.4
640.914	5.4
641.113	5.4
641.311	5.4
641.51	5.5
641.708	5.5
641.907	5.5
642.105	5.5
642.304	5.5
642.503	5.5
642.701	5.5
642.9	5.5
643.098	5.5
643.297	5.5
643.496	5.5
643.695	5.5
643.893	5.5
644.092	5.5
644.291	5.5
644.49	5.6
644.689	5.6
644.887	5.6
645.086	5.6
645.285	5.6
645.484	5.6
645.683	5.6
645.882	5.6
646.081	5.6
646.28	5.6
646.479	5.6
646.678	5.6
646.877	5.6
647.076	5.7
647.276	5.7
647.475	5.7
647.674	5.7
647.873	5.7
648.072	5.7
648.271	5.7
648.471	5.7
648.67	5.7
648.869	5.7
649.069	5.7
649.268	5.7
649.467	5.7
649.667	5.7
649.866	5.7
650.065	5.8
650.265	5.8
650.464	5.8
650.664	5.8
650.863	5.8
651.063	5.8
651.262	5.8
651.462	5.8
651.662	5.8
651.861	5.8
652.061	5.8
652.26	5.8
652.46	5.9
652.66	5.9
652.859	5.9
653.059	5.9
653.259	5.9
653.459	5.9
653.658	5.9
653.858	5.9
654.058	5.9
654.258	5.9
654.458	5.9
654.658	6
654.858	6
655.058	6
655.258	6
655.457	6
655.657	6
655.857	6
656.058	6
656.258	6
656.458	6
656.658	6.1
656.858	6.1
657.058	6.1
657.258	6.1
657.458	6.1
657.659	6.1
657.859	6.1
658.059	6.1
658.259	6.1
658.459	6.2
658.66	6.2
658.86	6.2
659.06	6.2
659.261	6.2
659.461	6.2
659.662	6.2
659.862	6.2
660.062	6.2
660.263	6.3
660.463	6.3
660.664	6.3
660.864	6.3
661.065	6.3
661.265	6.3
661.466	6.3
661.667	6.3
661.867	6.3
662.068	6.4
662.268	6.4
662.469	6.4
662.67	6.4
662.87	6.4
663.071	6.4
663.272	6.4
663.473	6.4
663.674	6.4
663.874	6.5
664.075	6.5
664.276	6.5
664.477	6.5
664.678	6.5
664.879	6.5
665.08	6.5
665.28	6.5
665.481	6.5
665.682	6.6
665.883	6.6
666.084	6.6
666.285	6.6
666.486	6.6
666.688	6.6
666.889	6.6
667.09	6.6
667.291	6.7
667.492	6.7
667.693	6.7
667.894	6.7
668.096	6.7
668.297	6.7
668.498	6.7
668.699	6.8
668.901	6.8
669.102	6.8
669.303	6.8
669.505	6.8
669.706	6.8
669.907	6.8
670.109	6.8
670.31	6.9
670.511	6.9
670.713	6.9
670.914	6.9
671.116	6.9
671.317	6.9
671.519	7
671.72	7
671.922	7
672.124	7
672.325	7
672.527	7
672.728	7.1
672.93	7.1
673.132	7.1
673.333	7.1
673.535	7.1
673.737	7.1
673.939	7.1
674.14	7.2
674.342	7.2
674.544	7.2
674.746	7.2
674.948	7.2
675.149	7.2
675.351	7.3
675.553	7.3
675.755	7.3
675.957	7.3
676.159	7.3
676.361	7.3
676.563	7.4
676.765	7.4
676.967	7.4
677.169	7.4
677.371	7.4
677.573	7.4
677.775	7.5
677.977	7.5
678.179	7.5
678.381	7.5
678.583	7.5
678.786	7.5
678.988	7.6
679.19	7.6
679.392	7.6
679.594	7.6
679.797	7.6
679.999	7.7
680.201	7.7
680.404	7.7
680.606	7.7
680.808	7.7
681.011	7.8
681.213	7.8
681.415	7.8
681.618	7.8
681.82	7.8
682.023	7.9
682.225	7.9
682.428	7.9
682.63	7.9
682.833	7.9
683.035	8
683.238	8
683.44	8
683.643	8
683.845	8
684.048	8.1
684.251	8.1
684.453	8.1
684.656	8.1
684.859	8.2
685.061	8.2
685.264	8.2
685.467	8.2
685.67	8.2
685.872	8.3
686.075	8.3
686.278	8.3
686.481	8.3
686.684	8.4
686.886	8.4
687.089	8.4
687.292	8.4
687.495	8.5
687.698	8.5
687.901	8.5
688.104	8.5
688.307	8.5
688.51	8.6
688.713	8.6
688.916	8.6
689.119	8.6
689.322	8.7
689.525	8.7
689.728	8.7
689.931	8.7
690.134	8.8
690.337	8.8
690.54	8.8
690.744	8.8
690.947	8.8
691.15	8.9
691.353	8.9
691.556	8.9
691.76	8.9
691.963	9
692.166	9
692.37	9
692.573	9
692.776	9.1
692.979	9.1
693.183	9.1
693.386	9.1
693.59	9.2
693.793	9.2
693.996	9.2
694.2	9.3
694.403	9.3
694.607	9.3
694.81	9.3
695.014	9.4
695.217	9.4
695.421	9.4
695.624	9.5
695.828	9.5
696.031	9.5
696.235	9.5
696.439	9.6
696.642	9.6
696.846	9.6
697.049	9.7
697.253	9.7
697.457	9.7
697.661	9.7
697.864	9.8
698.068	9.8
698.272	9.8
698.475	9.9
698.679	9.9
698.883	9.9
699.087	10
699.291	10
699.494	10
699.698	10
699.902	10.1
700.106	10.1
700.31	10.1
700.514	10.2
700.718	10.2
700.922	10.2
701.126	10.2
701.33	10.3
701.534	10.3
701.738	10.3
701.942	10.4
702.146	10.4
702.35	10.4
702.554	10.5
702.758	10.5
702.962	10.5
703.166	10.6
703.37	10.6
703.574	10.6
703.778	10.6
703.983	10.7
704.187	10.7
704.391	10.7
704.595	10.8
704.799	10.8
705.004	10.8
705.208	10.9
705.412	10.9
705.616	10.9
705.821	11
706.025	11
706.229	11
706.434	11
706.638	11.1
706.842	11.1
707.047	11.1
707.251	11.2
707.455	11.2
707.66	11.2
707.864	11.3
708.069	11.3
708.273	11.3
708.478	11.4
708.682	11.4
708.887	11.4
709.091	11.5
709.296	11.5
709.5	11.5
709.705	11.6
709.909	11.6
710.114	11.6
710.319	11.7
710.523	11.7
710.728	11.7
710.932	11.7
711.137	11.8
711.342	11.8
711.546	11.8
711.751	11.9
711.956	11.9
712.161	11.9
712.365	12
712.57	12
712.775	12
712.98	12.1
713.184	12.1
713.389	12.1
713.594	12.2
713.799	12.2
714.004	12.2
714.209	12.2
714.413	12.3
714.618	12.3
714.823	12.4
715.028	12.4
715.233	12.4
715.438	12.5
715.643	12.5
715.848	12.5
716.053	12.5
716.258	12.6
716.463	12.6
716.668	12.6
716.873	12.7
717.078	12.7
717.283	12.7
717.488	12.8
717.693	12.8
717.898	12.8
718.103	12.9
718.308	12.9
718.514	12.9
718.719	13
718.924	13
719.129	13
719.334	13.1
719.539	13.1
719.745	13.1
719.95	13.2
720.155	13.2
720.36	13.2
720.566	13.3
720.771	13.3
720.976	13.3
721.182	13.3
721.387	13.4
721.592	13.4
721.798	13.4
722.003	13.5
722.208	13.5
722.414	13.5
722.619	13.6
722.824	13.6
723.03	13.6
723.235	13.7
723.441	13.7
723.646	13.7
723.852	13.8
724.057	13.8
724.263	13.8
724.468	13.8
724.674	13.9
724.879	13.9
725.085	13.9
725.29	14
725.496	14
725.701	14
725.907	14.1
726.112	14.1
726.318	14.1
726.524	14.1
726.729	14.2
726.935	14.2
727.141	14.2
727.346	14.3
727.552	14.3
727.758	14.3
727.963	14.4
728.169	14.4
728.375	14.4
728.581	14.4
728.786	14.5
728.992	14.5
729.198	14.5
729.404	14.6
729.609	14.6
729.815	14.6
730.021	14.6
730.227	14.7
730.433	14.7
730.639	14.7
730.844	14.8
731.05	14.8
731.256	14.8
731.462	14.8
731.668	14.9
731.874	14.9
732.08	14.9
732.286	15
732.492	15
732.698	15
732.904	15
733.11	15.1
733.316	15.1
733.522	15.1
733.728	15.2
733.934	15.2
734.14	15.2
734.346	15.2
734.552	15.3
734.758	15.3
734.964	15.3
735.17	15.3
735.376	15.4
735.583	15.4
735.789	15.4
735.995	15.4
736.201	15.5
736.407	15.5
736.613	15.5
736.819	15.6
737.026	15.6
737.232	15.6
737.438	15.6
737.644	15.7
737.851	15.7
738.057	15.7
738.263	15.7
738.469	15.8
738.676	15.8
738.882	15.8
739.088	15.8
739.295	15.9
739.501	15.9
739.707	15.9
739.914	15.9
740.12	15.9
740.326	16
740.533	16
740.739	16
740.946	16
741.152	16
741.358	16.1
741.565	16.1
741.771	16.1
741.978	16.1
742.184	16.1
742.391	16.2
742.597	16.2
742.804	16.2
743.01	16.2
743.217	16.2
743.423	16.3
743.63	16.3
743.836	16.3
744.043	16.3
744.249	16.3
744.456	16.4
744.663	16.4
744.869	16.4
745.076	16.4
745.282	16.4
745.489	16.5
745.696	16.5
745.902	16.5
746.109	16.5
746.316	16.5
746.522	16.5
746.729	16.6
746.936	16.6
747.142	16.6
747.349	16.6
747.556	16.6
747.762	16.7
747.969	16.7
748.176	16.7
748.383	16.7
748.589	16.7
748.796	16.7
749.003	16.8
749.21	16.8
749.417	16.8
749.623	16.8
749.83	16.8
750.037	16.9
750.244	16.9
750.451	16.9
750.658	16.9
750.865	16.9
751.071	16.9
751.278	17
751.485	17
751.692	17
751.899	17
752.106	17
752.313	17
752.52	17.1
752.727	17.1
752.934	17.1
753.141	17.1
753.348	17.1
753.555	17.1
753.762	17.2
753.969	17.2
754.176	17.2
754.383	17.2
754.59	17.2
754.797	17.2
755.004	17.3
755.211	17.3
755.418	17.3
755.625	17.3
755.832	17.3
756.039	17.4
756.246	17.4
756.453	17.4
756.66	17.4
756.868	17.4
757.075	17.4
757.282	17.4
757.489	17.5
757.696	17.5
757.903	17.5
758.111	17.5
758.318	17.5
758.525	17.5
758.732	17.5
758.939	17.6
759.147	17.6
759.354	17.6
759.561	17.6
759.768	17.6
759.976	17.6
760.183	17.7
760.39	17.7
760.597	17.7
760.805	17.7
761.012	17.7
761.219	17.7
761.426	17.7
761.634	17.7
761.841	17.8
762.048	17.8
762.256	17.8
762.463	17.8
762.67	17.8
762.878	17.8
763.085	17.8
763.293	17.8
763.5	17.8
763.707	17.8
763.915	17.9
764.122	17.9
764.33	17.9
764.537	17.9
764.744	17.9
764.952	17.9
765.159	17.9
765.367	17.9
765.574	18
765.782	18
765.989	18
766.197	18
766.404	18
766.612	18
766.819	18
767.027	18.1
767.234	18.1
767.442	18.1
767.649	18.1
767.857	18.1
768.064	18.1
768.272	18.1
768.479	18.1
768.687	18.1
768.895	18.1
769.102	18.1
769.31	18.1
769.517	18.2
769.725	18.2
769.933	18.2
770.14	18.2
770.348	18.2
770.555	18.2
770.763	18.2
770.971	18.2
771.178	18.3
771.386	18.3
771.594	18.3
771.801	18.3
772.009	18.3
772.217	18.3
772.424	18.3
772.632	18.3
772.84	18.3
773.047	18.3
773.255	18.4
773.463	18.4
773.671	18.4
773.878	18.4
774.086	18.4
774.294	18.4
774.502	18.5
774.709	18.5
774.917	18.5
775.125	18.5
775.333	18.5
775.54	18.5
775.748	18.5
775.956	18.5
776.164	18.5
776.371	18.5
776.579	18.6
776.787	18.6
776.995	18.6
777.203	18.6
777.41	18.6
777.618	18.6
777.826	18.6
778.034	18.7
778.242	18.7
778.45	18.7
778.657	18.7
778.865	18.7
779.073	18.7
779.281	18.7
779.489	18.7
779.697	18.7
779.905	18.8
780.112	18.8
780.32	18.8
780.528	18.8
780.736	18.8
780.944	18.8
781.152	18.8
781.36	18.8
781.568	18.8
781.776	18.8
781.984	18.8
782.191	18.8
782.399	18.8
782.607	18.8
782.815	18.8
783.023	18.8
783.231	18.8
783.439	18.8
783.647	18.9
783.855	18.9
784.063	18.9
784.271	18.9
784.479	18.9
784.687	18.9
784.895	18.9
785.103	18.9
785.311	18.9
785.519	18.9
785.727	18.9
785.935	18.9
786.143	18.9
786.351	18.9
786.559	18.9
786.767	18.9
786.975	18.9
787.183	19
787.391	19
787.599	19
787.807	19
788.015	19
788.223	19
788.431	19
788.639	19
788.847	19
789.055	19
789.263	19.1
789.471	19.1
789.679	19.1
789.887	19.1
790.095	19.1
790.303	19.1
790.511	19.1
790.719	19.1
790.927	19.1
791.135	19.2
791.343	19.2
791.551	19.2
791.76	19.2
791.968	19.2
792.176	19.2
792.384	19.2
792.592	19.2
792.8	19.2
793.008	19.2
793.216	19.3
793.424	19.3
793.632	19.3
793.84	19.3
794.048	19.3
794.256	19.3
794.465	19.3
794.673	19.3
794.881	19.3
795.089	19.3
795.297	19.3
795.505	19.3
795.713	19.3
795.921	19.3
796.129	19.4
796.337	19.4
796.546	19.4
796.754	19.4
796.962	19.4
797.17	19.4
797.378	19.4
797.586	19.4
797.794	19.4
798.002	19.4
798.21	19.4
798.419	19.4
798.627	19.4
798.835	19.5
799.043	19.5
799.251	19.5
799.459	19.5
799.667	19.5
799.875	19.5
800.083	19.5
800.292	19.5
800.5	19.5
800.708	19.5
800.916	19.5
801.124	19.6
801.332	19.6
801.54	19.6
801.748	19.6
801.957	19.6
802.165	19.6
802.373	19.6
802.581	19.6
802.789	19.6
802.997	19.6
803.205	19.6
803.414	19.6
803.622	19.7
803.83	19.7
804.038	19.7
804.246	19.7
804.454	19.7
804.662	19.7
804.87	19.7
805.079	19.7
805.287	19.7
805.495	19.7
805.703	19.7
805.911	19.8
806.119	19.8
806.327	19.8
806.535	19.8
806.743	19.8
806.952	19.8
807.16	19.8
807.368	19.8
807.576	19.8
807.784	19.8
807.992	19.8
808.2	19.8
808.408	19.8
808.617	19.9
808.825	19.9
809.033	19.9
809.241	19.9
809.449	19.9
809.657	19.9
809.865	19.9
810.073	19.9
810.281	19.9
810.49	19.9
810.698	19.9
810.906	19.9
811.114	19.9
811.322	19.9
811.53	19.9
811.738	19.9
811.946	20
812.154	20
812.362	20
812.57	20
812.779	20
812.987	20
813.195	20
813.403	20
813.611	20
813.819	20
814.027	20
814.235	20
814.443	20
814.651	20
814.859	20
815.067	20
815.275	20
815.484	20.1
815.692	20.1
815.9	20.1
816.108	20.1
816.316	20.1
816.524	20.1
816.732	20.1
816.94	20.1
817.148	20.1
817.356	20.1
817.564	20.1
817.772	20.1
817.98	20.1
818.188	20.1
818.397	20.1
818.605	20.2
818.813	20.2
819.021	20.2
819.229	20.2
819.437	20.2
819.645	20.2
819.853	20.2
820.061	20.2
820.269	20.2
820.477	20.2
820.685	20.2
820.893	20.2
821.102	20.2
821.31	20.3
821.518	20.3
821.726	20.3
821.934	20.3
822.142	20.3
822.35	20.3
822.558	20.3
822.766	20.3
822.974	20.3
823.182	20.3
823.39	20.3
823.599	20.3
823.807	20.3
824.015	20.4
824.223	20.4
824.431	20.4
824.639	20.4
824.847	20.4
825.055	20.4
825.263	20.4
825.472	20.4
825.68	20.4
825.888	20.4
826.096	20.4
826.304	20.4
826.512	20.4
826.72	20.5
826.928	20.5
827.137	20.5
827.345	20.5
827.553	20.5
827.761	20.5
827.969	20.5
828.177	20.5
828.385	20.5
828.594	20.5
828.802	20.5
829.01	20.5
829.218	20.5
829.426	20.5
829.634	20.5
829.843	20.5
830.051	20.5
830.259	20.5
830.467	20.5
830.675	20.6
830.883	20.6
831.092	20.6
831.3	20.6
831.508	20.6
831.716	20.6
831.924	20.6
832.133	20.6
832.341	20.6
832.549	20.6
832.757	20.6
832.966	20.6
833.174	20.6
833.382	20.6
833.59	20.6
833.799	20.7
834.007	20.7
834.215	20.7
834.423	20.7
834.632	20.7
834.84	20.7
835.048	20.7
835.256	20.7
835.465	20.7
835.673	20.7
835.881	20.7
836.09	20.7
836.298	20.7
836.506	20.7
836.715	20.8
836.923	20.8
837.131	20.8
837.34	20.8
837.548	20.8
837.756	20.8
837.965	20.8
838.173	20.8
838.381	20.8
838.59	20.8
838.798	20.8
839.006	20.8
839.215	20.8
839.423	20.8
839.632	20.8
839.84	20.8
840.048	20.8
840.257	20.8
840.465	20.8
840.674	20.8
840.882	20.8
841.091	20.9
841.299	20.9
841.508	20.9
841.716	20.9
841.924	20.9
842.133	20.9
842.341	20.9
842.55	21
842.758	21
842.967	21
843.175	21
843.384	21
843.593	21
843.801	21
844.01	21
844.218	21
844.427	21
844.635	21
844.844	21
845.052	21
845.261	21
845.47	21
845.678	21
845.887	21.1
846.095	21.1
846.304	21.1
846.513	21.1
846.721	21.1
846.93	21.1
847.139	21.1
847.347	21.1
847.556	21.1
847.765	21.1
847.973	21.2
848.182	21.2
848.391	21.2
848.6	21.2
848.808	21.2
849.017	21.2
849.226	21.2
849.435	21.2
849.643	21.3
849.852	21.3
850.061	21.3
850.27	21.3
850.478	21.3
850.687	21.2
850.896	21.2
851.105	21.3
851.314	21.3
851.523	21.3
851.731	21.3
851.94	21.3
852.149	21.3
852.358	21.4
852.567	21.4
852.776	21.4
852.985	21.4
853.194	21.4
853.403	21.4
853.612	21.4
853.821	21.4
854.03	21.4
854.239	21.4
854.447	21.4
854.656	21.4
854.865	21.4
855.075	21.4
855.284	21.4
855.493	21.4
855.702	21.4
855.911	21.5
856.12	21.5
856.329	21.5
856.538	21.5
856.747	21.5
856.956	21.5
857.165	21.5
857.374	21.5
857.584	21.5
857.793	21.5
858.002	21.6
858.211	21.6
858.42	21.6
858.629	21.6
858.839	21.6
859.048	21.6
859.257	21.7
859.466	21.6
859.676	21.6
859.885	21.6
860.094	21.6
860.304	21.6
860.513	21.6
860.722	21.7
860.932	21.7
861.141	21.7
861.35	21.7
861.56	21.7
861.769	21.7
861.978	21.7
862.188	21.7
862.397	21.7
862.607	21.7
862.816	21.8
863.026	21.8
863.235	21.8
863.445	21.8
863.654	21.8
863.864	21.8
864.073	21.8
864.283	21.8
864.492	21.9
864.702	21.9
864.911	21.9
865.121	21.9
865.33	21.9
865.54	21.9
865.75	21.9
865.959	21.9
866.169	21.9
866.379	21.9
866.588	21.9
866.798	21.9
867.008	21.9
867.218	21.9
867.427	21.9
867.637	21.9
867.847	21.9
868.057	22
868.266	22
868.476	22
868.686	22
868.896	22
869.106	22
869.316	22.1
869.525	22.1
869.735	22.1
869.945	22.1
870.155	22.1
870.365	22.1
870.575	22.1
870.785	22.1
870.995	22.1
871.205	22.1
871.415	22.1
871.625	22.1
871.835	22.1
872.045	22.1
872.255	22.1
872.465	22.1
872.675	22.1
872.886	22.1
873.096	22.2
873.306	22.2
873.516	22.2
873.726	22.2
873.936	22.2
874.147	22.2
874.357	22.2
874.567	22.2
874.777	22.2
874.988	22.2
875.198	22.2
875.408	22.3
875.619	22.3
875.829	22.3
876.039	22.3
876.25	22.3
876.46	22.3
876.67	22.3
876.881	22.3
877.091	22.3
877.302	22.3
877.512	22.3
877.723	22.3
877.933	22.3
878.144	22.3
878.354	22.3
878.565	22.3
878.775	22.3
878.986	22.4
879.197	22.4
879.407	22.4
879.618	22.4
879.829	22.4
880.039	22.4
880.25	22.4
880.461	22.4
880.671	22.4
880.882	22.4
881.093	22.4
881.304	22.4
881.515	22.4
881.725	22.4
881.936	22.4
882.147	22.4
882.358	22.4
882.569	22.4
882.78	22.4
882.991	22.5
883.202	22.5
883.413	22.5
883.624	22.5
883.835	22.5
884.046	22.4
884.257	22.5
884.468	22.5
884.679	22.5
884.89	22.5
885.101	22.5
885.312	22.5
885.523	22.5
885.735	22.5
885.946	22.5
886.157	22.5
886.368	22.5
886.579	22.5
886.791	22.5
887.002	22.5
887.213	22.5
887.425	22.5
887.636	22.5
887.847	22.5
888.059	22.5
888.27	22.6
888.481	22.6
888.693	22.6
888.904	22.6
889.116	22.6
889.327	22.6
889.539	22.6
889.75	22.6
889.962	22.6
890.174	22.6
890.385	22.7
890.597	22.7
890.808	22.7
891.02	22.7
891.232	22.7
891.444	22.7
891.655	22.7
891.867	22.7
892.079	22.7
892.291	22.7
892.502	22.7
892.714	22.7
892.926	22.7
893.138	22.7
893.35	22.8
893.562	22.8
893.774	22.8
893.986	22.8
894.198	22.8
894.41	22.8
894.622	22.8
894.834	22.8
895.046	22.8
895.258	22.8
895.47	22.8
895.682	22.8
895.894	22.8
896.106	22.8
896.319	22.8
896.531	22.8
896.743	22.8
896.955	22.9
897.168	22.8
897.38	22.9
897.592	22.9
897.805	22.9
898.017	23
898.229	23
898.442	23
898.654	23
898.867	23
899.079	23
899.292	23
899.504	23
899.717	23
899.929	23
900.142	23.1
900.355	23.1
900.567	23.1
900.78	23.1
900.993	23.1
901.205	23.1
901.418	23.1
901.631	23.1
901.844	23.1
902.056	23.1
902.269	23.1
902.482	23.1
902.695	23.1
902.908	23.1
903.121	23.1
903.334	23.1
903.547	23.1
903.76	23.1
903.973	23.1
904.186	23.1
904.399	23.1
904.612	23.1
904.825	23.1
905.038	23.2
905.251	23.2
905.465	23.2
905.678	23.2
905.891	23.2
906.104	23.2
906.318	23.2
906.531	23.2
906.744	23.2
906.958	23.2
907.171	23.2
907.384	23.2
907.598	23.2
907.811	23.2
908.025	23.2
908.238	23.2
908.452	23.2
908.665	23.2
908.879	23.2
909.093	23.2
909.306	23.2
909.52	23.2
909.734	23.2
909.947	23.2
910.161	23.3
910.375	23.3
910.589	23.2
910.803	23.2
911.016	23.2
911.23	23.3
911.444	23.3
911.658	23.2
911.872	23.3
912.086	23.3
912.3	23.3
912.514	23.3
912.728	23.3
912.942	23.3
913.156	23.4
913.37	23.4
913.585	23.4
913.799	23.4
914.013	23.4
914.227	23.4
914.442	23.4
914.656	23.4
914.87	23.4
915.084	23.4
915.299	23.4
915.513	23.4
915.728	23.4
915.942	23.4
916.157	23.4
916.371	23.4
916.586	23.4
916.8	23.4
917.015	23.4
917.229	23.4
917.444	23.4
917.659	23.4
917.874	23.4
918.088	23.4
918.303	23.4
918.518	23.4
918.733	23.4
918.947	23.4
919.162	23.4
919.377	23.5
919.592	23.5
919.807	23.5
920.022	23.5
920.237	23.5
920.452	23.5
920.667	23.5
920.882	23.5
921.097	23.5
921.313	23.6
921.528	23.6
921.743	23.6
921.958	23.6
922.174	23.6
922.389	23.6
922.604	23.6
922.82	23.6
923.035	23.7
923.25	23.7
923.466	23.7
923.681	23.7
923.897	23.7
924.112	23.7
924.328	23.7
924.544	23.7
924.759	23.7
924.975	23.7
925.19	23.8
925.406	23.8
925.622	23.8
925.838	23.9
926.054	23.9
926.269	23.9
926.485	24
926.701	24
926.917	24
927.133	24
927.349	24
927.565	24
927.781	24
927.997	24
928.213	24.1
928.429	24.1
928.646	24.1
928.862	24.1
929.078	24.2
929.294	24.2
929.511	24.3
929.727	24.3
929.943	24.3
930.16	24.4
930.376	24.4
930.592	24.4
930.809	24.3
931.025	24.4
931.242	24.4
931.459	24.4
931.675	24.4
931.892	24.4
932.108	24.4
932.325	24.5
932.542	24.4
932.759	24.4
932.975	24.4
933.192	24.4
933.409	24.4
933.626	24.4
933.843	24.4
934.06	24.4
934.277	24.4
934.494	24.4
934.711	24.4
934.928	24.4
935.145	24.4
935.362	24.4
935.58	24.4
935.797	24.4
936.014	24.4
936.231	24.4
936.449	24.3
936.666	24.3
936.883	24.3
937.101	24.3
937.318	24.3
937.536	24.2
937.753	24.2
937.971	24.2
938.188	24.1
938.406	24.1
938.624	24.1
938.841	24.1
939.059	24.1
939.277	24.1
939.494	24.2
939.712	24.2
939.93	24.2
