360.161	10.4
360.333	10.3
360.504	10.3
360.676	10.2
360.847	10.1
361.019	10.1
361.19	10
361.361	10
361.533	10
361.704	9.9
361.876	9.8
362.047	9.9
362.219	9.8
362.391	9.8
362.562	9.8
362.734	9.7
362.905	9.7
363.077	9.6
363.248	9.6
363.42	9.5
363.592	9.5
363.763	9.5
363.935	9.5
364.106	9.5
364.278	9.5
364.45	9.5
364.621	9.4
364.793	9.3
364.965	9.3
365.137	9.3
365.308	9.2
365.48	9.2
365.652	9.2
365.824	9.2
365.995	9.1
366.167	9.1
366.339	9.1
366.511	9.1
366.683	9.1
366.854	9.1
367.026	9
367.198	9
367.37	9
367.542	8.9
367.714	8.9
367.886	8.8
368.058	8.8
368.23	8.8
368.402	8.8
368.574	8.8
368.746	8.8
368.918	8.8
369.09	8.7
369.262	8.7
369.434	8.6
369.606	8.6
369.778	8.6
369.95	8.6
370.122	8.6
370.294	8.6
370.467	8.6
370.639	8.6
370.811	8.6
370.983	8.6
371.155	8.6
371.328	8.5
371.5	8.5
371.672	8.5
371.844	8.5
372.017	8.5
372.189	8.5
372.361	8.5
372.534	8.4
372.706	8.4
372.878	8.3
373.051	8.3
373.223	8.2
373.396	8.2
373.568	8.1
373.741	8.1
373.913	8.1
374.086	8.1
374.258	8.1
374.431	8
374.603	8
374.776	8
374.949	8
375.121	8
375.294	8
375.467	8
375.639	7.9
375.812	7.9
375.985	7.8
376.157	7.8
376.33	7.8
376.503	7.8
376.676	7.8
376.849	7.8
377.021	7.8
377.194	7.7
377.367	7.7
377.54	7.7
377.713	7.6
377.886	7.6
378.059	7.5
378.232	7.5
378.405	7.5
378.578	7.5
378.751	7.5
378.924	7.5
379.097	7.5
379.27	7.5
379.444	7.4
379.617	7.4
379.79	7.4
379.963	7.4
380.136	7.4
380.31	7.4
380.483	7.4
380.656	7.4
380.829	7.4
381.003	7.4
381.176	7.3
381.35	7.3
381.523	7.2
381.696	7.2
381.87	7.2
382.043	7.2
382.217	7.2
382.39	7.2
382.564	7.1
382.738	7.1
382.911	7.1
383.085	7.1
383.258	7.1
383.432	7.1
383.606	7.1
383.779	7.1
383.953	7.1
384.127	7.1
384.301	7
384.475	7
384.648	7
384.822	7
384.996	6.9
385.17	6.9
385.344	6.9
385.518	6.9
385.692	6.9
385.866	6.9
386.04	6.8
386.214	6.8
386.388	6.8
386.562	6.8
386.737	6.8
386.911	6.8
387.085	6.8
387.259	6.8
387.434	6.7
387.608	6.7
387.782	6.7
387.956	6.7
388.131	6.7
388.305	6.7
388.48	6.7
388.654	6.7
388.829	6.7
389.003	6.7
389.178	6.7
389.352	6.7
389.527	6.7
389.701	6.7
389.876	6.7
390.051	6.6
390.226	6.6
390.4	6.6
390.575	6.7
390.75	6.7
390.925	6.7
391.099	6.7
391.274	6.7
391.449	6.7
391.624	6.7
391.799	6.6
391.974	6.7
392.149	6.7
392.324	6.6
392.499	6.7
392.675	6.7
392.85	6.7
393.025	6.7
393.2	6.7
393.375	6.7
393.551	6.7
393.726	6.7
393.901	6.7
394.077	6.7
394.252	6.7
394.427	6.7
394.603	6.7
394.778	6.6
394.954	6.6
395.129	6.6
395.305	6.7
395.481	6.7
395.656	6.7
395.832	6.7
396.008	6.6
396.184	6.6
396.359	6.6
396.535	6.6
396.711	6.6
396.887	6.6
397.063	6.6
397.239	6.6
397.415	6.6
397.591	6.5
397.767	6.5
397.943	6.5
398.119	6.5
398.295	6.5
398.471	6.5
398.648	6.5
398.824	6.5
399	6.5
399.176	6.5
399.353	6.5
399.529	6.5
399.706	6.5
399.882	6.4
400.058	6.4
400.235	6.4
400.412	6.5
400.588	6.5
400.765	6.5
400.942	6.5
401.118	6.4
401.295	6.4
401.472	6.4
401.649	6.4
401.825	6.4
402.002	6.4
402.179	6.4
402.356	6.4
402.533	6.4
402.71	6.4
402.887	6.4
403.064	6.4
403.242	6.4
403.419	6.4
403.596	6.4
403.773	6.4
403.95	6.4
404.128	6.4
404.305	6.4
404.483	6.4
404.66	6.4
404.837	6.4
405.015	6.4
405.193	6.4
405.37	6.4
405.548	6.4
405.725	6.4
405.903	6.4
406.081	6.4
406.259	6.4
406.437	6.4
406.614	6.4
406.792	6.4
406.97	6.4
407.148	6.4
407.326	6.5
407.504	6.4
407.682	6.4
407.86	6.4
408.039	6.4
408.217	6.4
408.395	6.4
408.573	6.4
408.751	6.4
408.93	6.4
409.108	6.4
409.287	6.4
409.465	6.4
409.643	6.4
409.822	6.4
410	6.4
410.179	6.4
410.358	6.4
410.536	6.4
410.715	6.4
410.894	6.4
411.072	6.4
411.251	6.4
411.43	6.4
411.609	6.4
411.788	6.4
411.967	6.4
412.146	6.4
412.325	6.4
412.504	6.4
412.683	6.4
412.862	6.4
413.041	6.4
413.22	6.3
413.399	6.3
413.578	6.3
413.758	6.3
413.937	6.3
414.116	6.3
414.296	6.4
414.475	6.4
414.654	6.4
414.834	6.4
415.013	6.4
415.193	6.3
415.372	6.3
415.552	6.4
415.732	6.3
415.911	6.4
416.091	6.4
416.271	6.4
416.45	6.4
416.63	6.4
416.81	6.4
416.99	6.4
417.169	6.4
417.349	6.4
417.529	6.4
417.709	6.4
417.889	6.4
418.069	6.4
418.249	6.4
418.429	6.4
418.609	6.4
418.789	6.4
418.97	6.4
419.15	6.4
419.33	6.4
419.51	6.4
419.691	6.4
419.871	6.4
420.051	6.4
420.232	6.4
420.412	6.4
420.592	6.4
420.773	6.4
420.953	6.4
421.134	6.4
421.314	6.4
421.495	6.3
421.675	6.3
421.856	6.3
422.037	6.3
422.217	6.3
422.398	6.3
422.579	6.3
422.76	6.3
422.94	6.3
423.121	6.3
423.302	6.3
423.483	6.3
423.664	6.3
423.845	6.3
424.026	6.3
424.207	6.3
424.388	6.3
424.569	6.3
424.75	6.3
424.931	6.3
425.112	6.3
425.293	6.3
425.474	6.3
425.655	6.3
425.837	6.3
426.018	6.3
426.199	6.3
426.38	6.3
426.562	6.3
426.743	6.3
426.924	6.3
427.106	6.2
427.287	6.2
427.469	6.3
427.65	6.3
427.832	6.3
428.013	6.3
428.195	6.3
428.376	6.3
428.558	6.3
428.739	6.2
428.921	6.2
429.103	6.2
429.284	6.2
429.466	6.2
429.648	6.2
429.83	6.2
430.011	6.2
430.193	6.2
430.375	6.2
430.557	6.2
430.739	6.2
430.921	6.2
431.102	6.2
431.284	6.2
431.466	6.2
431.648	6.2
431.83	6.2
432.012	6.2
432.194	6.2
432.377	6.2
432.559	6.2
432.741	6.2
432.923	6.2
433.105	6.2
433.287	6.2
433.469	6.2
433.652	6.2
433.834	6.2
434.016	6.2
434.198	6.2
434.381	6.2
434.563	6.2
434.745	6.2
434.928	6.2
435.11	6.2
435.293	6.2
435.475	6.2
435.658	6.2
435.84	6.2
436.022	6.2
436.205	6.2
436.388	6.2
436.57	6.2
436.753	6.2
436.935	6.2
437.118	6.2
437.301	6.2
437.483	6.1
437.666	6.1
437.849	6.1
438.031	6.1
438.214	6.1
438.397	6.1
438.58	6.1
438.762	6.1
438.945	6.2
439.128	6.2
439.311	6.2
439.494	6.2
439.677	6.2
439.859	6.2
440.042	6.2
440.225	6.2
440.408	6.2
440.591	6.2
440.774	6.2
440.957	6.2
441.14	6.2
441.323	6.2
441.507	6.2
441.69	6.2
441.873	6.2
442.056	6.2
442.239	6.2
442.422	6.2
442.605	6.2
442.789	6.2
442.972	6.2
443.155	6.2
443.338	6.2
443.522	6.2
443.705	6.2
443.888	6.2
444.072	6.2
444.255	6.2
444.438	6.2
444.622	6.2
444.805	6.2
444.989	6.2
445.172	6.2
445.356	6.2
445.539	6.2
445.723	6.2
445.906	6.2
446.09	6.2
446.273	6.2
446.457	6.2
446.64	6.2
446.824	6.2
447.008	6.2
447.191	6.2
447.375	6.2
447.559	6.2
447.742	6.2
447.926	6.2
448.11	6.2
448.293	6.2
448.477	6.2
448.661	6.1
448.845	6.1
449.029	6.1
449.212	6.1
449.396	6.1
449.58	6.1
449.764	6.1
449.948	6.1
450.132	6.1
450.316	6.1
450.5	6.1
450.684	6.1
450.868	6.1
451.052	6.1
451.236	6.1
451.42	6.1
451.604	6.1
451.788	6.1
451.972	6.1
452.156	6.1
452.34	6.1
452.525	6.1
452.709	6.1
452.893	6.1
453.077	6.1
453.261	6.1
453.446	6.1
453.63	6.1
453.814	6.1
453.998	6.1
454.183	6.1
454.367	6.1
454.551	6.1
454.736	6.1
454.92	6.1
455.104	6.1
455.289	6.1
455.473	6.1
455.658	6.1
455.842	6.1
456.026	6.1
456.211	6.1
456.395	6.1
456.58	6.1
456.764	6.1
456.949	6.1
457.134	6.1
457.318	6.1
457.503	6.2
457.687	6.1
457.872	6.2
458.057	6.2
458.241	6.2
458.426	6.2
458.611	6.2
458.795	6.2
458.98	6.2
459.165	6.2
459.349	6.2
459.534	6.2
459.719	6.2
459.904	6.2
460.088	6.2
460.273	6.2
460.458	6.2
460.643	6.2
460.828	6.2
461.013	6.2
461.198	6.2
461.382	6.2
461.567	6.2
461.752	6.2
461.937	6.2
462.122	6.2
462.307	6.2
462.492	6.2
462.677	6.2
462.862	6.2
463.047	6.2
463.232	6.2
463.417	6.2
463.602	6.2
463.788	6.2
463.973	6.1
464.158	6.1
464.343	6.1
464.528	6.1
464.713	6.1
464.898	6.1
465.084	6.1
465.269	6.1
465.454	6.1
465.639	6.1
465.824	6.1
466.01	6.1
466.195	6.1
466.38	6.1
466.566	6.1
466.751	6.1
466.936	6.1
467.122	6.1
467.307	6.1
467.492	6.1
467.678	6.1
467.863	6.1
468.048	6.1
468.234	6.1
468.419	6.1
468.605	6.1
468.79	6.1
468.976	6.1
469.161	6.1
469.347	6.1
469.532	6.1
469.718	6.1
469.903	6.1
470.089	6.1
470.274	6.1
470.46	6.1
470.646	6.1
470.831	6.1
471.017	6.2
471.202	6.2
471.388	6.2
471.574	6.1
471.759	6.2
471.945	6.2
472.131	6.2
472.317	6.2
472.502	6.2
472.688	6.2
472.874	6.2
473.059	6.2
473.245	6.2
473.431	6.2
473.617	6.2
473.803	6.2
473.988	6.2
474.174	6.2
474.36	6.2
474.546	6.2
474.732	6.2
474.918	6.2
475.104	6.2
475.29	6.2
475.475	6.2
475.661	6.2
475.847	6.2
476.033	6.2
476.219	6.2
476.405	6.2
476.591	6.2
476.777	6.2
476.963	6.2
477.149	6.2
477.335	6.2
477.521	6.2
477.707	6.2
477.893	6.2
478.08	6.2
478.266	6.2
478.452	6.2
478.638	6.2
478.824	6.2
479.01	6.2
479.196	6.2
479.382	6.2
479.569	6.2
479.755	6.2
479.941	6.2
480.127	6.2
480.313	6.2
480.5	6.2
480.686	6.2
480.872	6.2
481.058	6.2
481.245	6.2
481.431	6.2
481.617	6.2
481.803	6.2
481.99	6.2
482.176	6.2
482.362	6.2
482.549	6.2
482.735	6.2
482.921	6.3
483.108	6.3
483.294	6.3
483.481	6.3
483.667	6.3
483.853	6.3
484.04	6.3
484.226	6.3
484.413	6.3
484.599	6.3
484.786	6.3
484.972	6.3
485.159	6.3
485.345	6.3
485.532	6.3
485.718	6.3
485.905	6.3
486.091	6.3
486.278	6.3
486.464	6.3
486.651	6.3
486.837	6.3
487.024	6.3
487.211	6.3
487.397	6.3
487.584	6.3
487.77	6.3
487.957	6.3
488.144	6.3
488.33	6.3
488.517	6.3
488.704	6.3
488.89	6.3
489.077	6.3
489.264	6.3
489.45	6.3
489.637	6.3
489.824	6.3
490.01	6.3
490.197	6.3
490.384	6.3
490.571	6.3
490.757	6.3
490.944	6.3
491.131	6.3
491.318	6.3
491.505	6.3
491.691	6.3
491.878	6.3
492.065	6.3
492.252	6.3
492.439	6.3
492.626	6.3
492.812	6.3
492.999	6.3
493.186	6.3
493.373	6.3
493.56	6.3
493.747	6.3
493.934	6.4
494.121	6.4
494.308	6.3
494.494	6.3
494.681	6.3
494.868	6.3
495.055	6.3
495.242	6.3
495.429	6.3
495.616	6.3
495.803	6.3
495.99	6.3
496.177	6.3
496.364	6.3
496.551	6.3
496.738	6.3
496.925	6.3
497.112	6.3
497.299	6.3
497.486	6.3
497.673	6.3
497.861	6.3
498.048	6.3
498.235	6.3
498.422	6.3
498.609	6.3
498.796	6.3
498.983	6.3
499.17	6.3
499.357	6.3
499.544	6.3
499.732	6.3
499.919	6.3
500.106	6.3
500.293	6.3
500.48	6.3
500.667	6.3
500.855	6.3
501.042	6.3
501.229	6.3
501.416	6.3
501.603	6.3
501.791	6.3
501.978	6.3
502.165	6.3
502.352	6.3
502.54	6.3
502.727	6.3
502.914	6.3
503.101	6.3
503.289	6.3
503.476	6.3
503.663	6.3
503.85	6.3
504.038	6.3
504.225	6.3
504.412	6.3
504.6	6.3
504.787	6.3
504.974	6.3
505.161	6.3
505.349	6.3
505.536	6.3
505.723	6.3
505.911	6.2
506.098	6.2
506.286	6.2
506.473	6.2
506.66	6.2
506.848	6.2
507.035	6.2
507.222	6.2
507.41	6.2
507.597	6.2
507.785	6.2
507.972	6.2
508.159	6.2
508.347	6.2
508.534	6.2
508.722	6.2
508.909	6.2
509.097	6.2
509.284	6.2
509.471	6.2
509.659	6.2
509.846	6.2
510.034	6.2
510.221	6.2
510.409	6.2
510.596	6.2
510.784	6.2
510.971	6.2
511.159	6.2
511.346	6.2
511.534	6.2
511.721	6.2
511.909	6.2
512.096	6.2
512.284	6.2
512.471	6.2
512.659	6.2
512.846	6.2
513.034	6.2
513.221	6.2
513.409	6.2
513.596	6.2
513.784	6.2
513.972	6.2
514.159	6.2
514.347	6.1
514.534	6.1
514.722	6.1
514.909	6.1
515.097	6.1
515.285	6.1
515.472	6.1
515.66	6.1
515.847	6.1
516.035	6.1
516.222	6.1
516.41	6.1
516.598	6.1
516.785	6.1
516.973	6.1
517.161	6.1
517.348	6.1
517.536	6.1
517.723	6.1
517.911	6.1
518.099	6.1
518.286	6.1
518.474	6.1
518.662	6.1
518.849	6.1
519.037	6.1
519.225	6.1
519.412	6.1
519.6	6.1
519.787	6.1
519.975	6.1
520.163	6.1
520.35	6.1
520.538	6.1
520.726	6.1
520.914	6.1
521.101	6.1
521.289	6.1
521.477	6.1
521.664	6.1
521.852	6
522.04	6
522.227	6
522.415	6
522.603	6
522.79	6
522.978	6
523.166	6
523.354	6
523.541	6
523.729	6
523.917	6
524.104	6
524.292	6
524.48	6
524.668	6
524.855	6
525.043	6
525.231	6
525.418	6
525.606	6
525.794	6
525.982	6
526.169	6
526.357	6
526.545	6
526.733	6
526.92	6
527.108	6
527.296	6
527.484	6
527.671	6
527.859	6
528.047	6
528.235	6
528.422	6
528.61	6
528.798	6
528.986	6
529.173	6
529.361	6
529.549	6
529.737	6
529.924	6
530.112	6
530.3	6
530.488	6
530.675	6
530.863	6
531.051	6
531.239	6
531.426	6
531.614	6
531.802	6
531.99	6
532.177	6
532.365	6
532.553	6
532.741	6.1
532.928	6.1
533.116	6.1
533.304	6.1
533.492	6.1
533.679	6.1
533.867	6.1
534.055	6.1
534.243	6.1
534.431	6.1
534.618	6.1
534.806	6.1
534.994	6.1
535.182	6.1
535.369	6.1
535.557	6.1
535.745	6.1
535.933	6.1
536.12	6.1
536.308	6.2
536.496	6.2
536.684	6.2
536.871	6.2
537.059	6.2
537.247	6.2
537.435	6.2
537.622	6.2
537.81	6.2
537.998	6.2
538.186	6.2
538.373	6.2
538.561	6.2
538.749	6.2
538.937	6.2
539.124	6.2
539.312	6.2
539.5	6.2
539.688	6.2
539.875	6.2
540.063	6.2
540.251	6.2
540.439	6.2
540.626	6.2
540.814	6.2
541.002	6.2
541.19	6.2
541.377	6.2
541.565	6.2
541.753	6.2
541.941	6.2
542.128	6.2
542.316	6.2
542.504	6.2
542.691	6.2
542.879	6.2
543.067	6.2
543.255	6.2
543.442	6.2
543.63	6.2
543.818	6.2
544.005	6.2
544.193	6.2
544.381	6.2
544.568	6.2
544.756	6.2
544.944	6.2
545.132	6.2
545.319	6.2
545.507	6.2
545.695	6.2
545.882	6.2
546.07	6.2
546.258	6.2
546.445	6.2
546.633	6.2
546.821	6.2
547.008	6.2
547.196	6.2
547.384	6.2
547.571	6.2
547.759	6.2
547.947	6.2
548.134	6.2
548.322	6.2
548.51	6.2
548.697	6.2
548.885	6.2
549.073	6.2
549.26	6.2
549.448	6.2
549.636	6.2
549.823	6.2
550.011	6.2
550.199	6.2
550.386	6.2
550.574	6.2
550.762	6.2
550.949	6.2
551.137	6.2
551.325	6.2
551.512	6.2
551.7	6.2
551.888	6.2
552.075	6.2
552.263	6.2
552.451	6.2
552.639	6.2
552.826	6.2
553.014	6.2
553.202	6.2
553.389	6.2
553.577	6.2
553.765	6.2
553.953	6.2
554.14	6.2
554.328	6.2
554.516	6.2
554.704	6.2
554.891	6.2
555.079	6.2
555.267	6.2
555.455	6.2
555.643	6.2
555.83	6.2
556.018	6.2
556.206	6.2
556.394	6.2
556.582	6.2
556.77	6.2
556.957	6.2
557.145	6.2
557.333	6.2
557.521	6.2
557.709	6.2
557.897	6.2
558.085	6.2
558.273	6.2
558.461	6.2
558.649	6.2
558.837	6.2
559.025	6.2
559.213	6.3
559.4	6.2
559.588	6.3
559.777	6.3
559.965	6.3
560.153	6.3
560.341	6.3
560.529	6.3
560.717	6.3
560.905	6.3
561.093	6.3
561.281	6.3
561.469	6.3
561.657	6.3
561.845	6.3
562.034	6.3
562.222	6.3
562.41	6.3
562.598	6.3
562.786	6.3
562.975	6.3
563.163	6.3
563.351	6.3
563.539	6.3
563.728	6.3
563.916	6.3
564.104	6.3
564.293	6.3
564.481	6.3
564.67	6.3
564.858	6.3
565.046	6.3
565.235	6.3
565.423	6.3
565.612	6.3
565.8	6.3
565.989	6.3
566.177	6.3
566.366	6.3
566.554	6.3
566.743	6.3
566.932	6.3
567.12	6.3
567.309	6.3
567.497	6.3
567.686	6.3
567.875	6.3
568.064	6.3
568.252	6.3
568.441	6.3
568.63	6.3
568.819	6.2
569.007	6.2
569.196	6.2
569.385	6.2
569.574	6.2
569.763	6.2
569.952	6.3
570.141	6.3
570.33	6.3
570.519	6.2
570.708	6.2
570.897	6.2
571.086	6.2
571.275	6.2
571.464	6.2
571.653	6.2
571.843	6.2
572.032	6.2
572.221	6.2
572.41	6.2
572.599	6.2
572.789	6.2
572.978	6.2
573.167	6.2
573.357	6.2
573.546	6.3
573.736	6.3
573.925	6.3
574.115	6.2
574.304	6.2
574.494	6.2
574.683	6.2
574.873	6.2
575.062	6.2
575.252	6.2
575.442	6.2
575.631	6.2
575.821	6.2
576.011	6.2
576.201	6.2
576.39	6.2
576.58	6.2
576.77	6.2
576.96	6.2
577.15	6.2
577.34	6.2
577.53	6.2
577.72	6.2
577.91	6.2
578.1	6.2
578.29	6.2
578.48	6.2
578.67	6.2
578.861	6.2
579.051	6.2
579.241	6.2
579.431	6.2
579.622	6.2
579.812	6.2
580.002	6.2
580.193	6.2
580.383	6.2
580.574	6.2
580.764	6.2
580.955	6.2
581.145	6.2
581.336	6.2
581.526	6.2
581.717	6.2
581.908	6.2
582.098	6.2
582.289	6.2
582.48	6.2
582.671	6.2
582.862	6.2
583.052	6.2
583.243	6.2
583.434	6.2
583.625	6.2
583.816	6.2
584.007	6.2
584.198	6.2
584.389	6.2
584.58	6.2
584.771	6.2
584.962	6.2
585.154	6.2
585.345	6.2
585.536	6.2
585.727	6.2
585.918	6.2
586.11	6.2
586.301	6.2
586.492	6.2
586.684	6.2
586.875	6.2
587.067	6.2
587.258	6.2
587.45	6.2
587.641	6.2
587.833	6.2
588.024	6.2
588.216	6.2
588.408	6.2
588.599	6.2
588.791	6.2
588.983	6.2
589.174	6.2
589.366	6.2
589.558	6.2
589.75	6.2
589.942	6.2
590.134	6.2
590.326	6.2
590.518	6.2
590.71	6.2
590.902	6.2
591.094	6.2
591.286	6.2
591.478	6.2
591.67	6.2
591.862	6.2
592.054	6.2
592.246	6.2
592.439	6.2
592.631	6.2
592.823	6.2
593.016	6.2
593.208	6.2
593.4	6.2
593.593	6.2
593.785	6.2
593.978	6.2
594.17	6.2
594.363	6.2
594.555	6.2
594.748	6.2
594.94	6.2
595.133	6.2
595.326	6.2
595.518	6.2
595.711	6.2
595.904	6.2
596.096	6.2
596.289	6.2
596.482	6.2
596.675	6.2
596.868	6.2
597.061	6.2
597.254	6.2
597.447	6.2
597.64	6.2
597.833	6.2
598.026	6.2
598.219	6.2
598.412	6.2
598.605	6.2
598.798	6.2
598.991	6.2
599.184	6.2
599.378	6.2
599.571	6.2
599.764	6.2
599.957	6.2
600.151	6.2
600.344	6.2
600.538	6.2
600.731	6.2
600.924	6.2
601.118	6.2
601.311	6.2
601.505	6.2
601.698	6.2
601.892	6.2
602.086	6.2
602.279	6.2
602.473	6.2
602.667	6.2
602.86	6.2
603.054	6.2
603.248	6.2
603.442	6.2
603.635	6.2
603.829	6.2
604.023	6.2
604.217	6.2
604.411	6.2
604.605	6.2
604.799	6.2
604.993	6.2
605.187	6.2
605.381	6.2
605.575	6.2
605.769	6.2
605.963	6.2
606.157	6.2
606.352	6.2
606.546	6.2
606.74	6.2
606.934	6.2
607.129	6.2
607.323	6.2
607.517	6.2
607.712	6.2
607.906	6.2
608.1	6.2
608.295	6.2
608.489	6.2
608.684	6.2
608.878	6.2
609.073	6.2
609.267	6.2
609.462	6.2
609.657	6.2
609.851	6.2
610.046	6.2
610.241	6.2
610.435	6.2
610.63	6.2
610.825	6.2
611.02	6.2
611.215	6.2
611.41	6.2
611.604	6.2
611.799	6.2
611.994	6.2
612.189	6.2
612.384	6.2
612.579	6.2
612.774	6.2
612.969	6.2
613.164	6.2
613.359	6.2
613.555	6.2
613.75	6.2
613.945	6.2
614.14	6.2
614.335	6.2
614.531	6.2
614.726	6.2
614.921	6.2
615.117	6.2
615.312	6.2
615.507	6.2
615.703	6.2
615.898	6.2
616.094	6.2
616.289	6.2
616.485	6.2
616.68	6.2
616.876	6.2
617.071	6.2
617.267	6.2
617.463	6.2
617.658	6.2
617.854	6.2
618.05	6.2
618.245	6.2
618.441	6.2
618.637	6.2
618.833	6.2
619.029	6.2
619.225	6.2
619.42	6.2
619.616	6.2
619.812	6.2
620.008	6.2
620.204	6.2
620.4	6.2
620.596	6.2
620.792	6.2
620.988	6.2
621.184	6.2
621.381	6.2
621.577	6.2
621.773	6.2
621.969	6.2
622.165	6.2
622.362	6.2
622.558	6.2
622.754	6.2
622.951	6.2
623.147	6.2
623.343	6.2
623.54	6.2
623.736	6.2
623.933	6.2
624.129	6.2
624.326	6.2
624.522	6.2
624.719	6.2
624.915	6.2
625.112	6.2
625.308	6.2
625.505	6.2
625.702	6.2
625.898	6.2
626.095	6.2
626.292	6.2
626.489	6.2
626.685	6.2
626.882	6.2
627.079	6.2
627.276	6.2
627.473	6.2
627.67	6.2
627.866	6.2
628.063	6.2
628.26	6.2
628.457	6.2
628.654	6.2
628.851	6.2
629.048	6.2
629.246	6.2
629.443	6.2
629.64	6.2
629.837	6.2
630.034	6.2
630.231	6.2
630.429	6.2
630.626	6.2
630.823	6.2
631.02	6.2
631.218	6.2
631.415	6.2
631.612	6.2
631.81	6.2
632.007	6.2
632.205	6.2
632.402	6.2
632.6	6.2
632.797	6.2
632.995	6.2
633.192	6.2
633.39	6.2
633.587	6.2
633.785	6.2
633.983	6.2
634.18	6.2
634.378	6.2
634.576	6.2
634.773	6.2
634.971	6.2
635.169	6.2
635.367	6.2
635.565	6.2
635.762	6.2
635.96	6.2
636.158	6.2
636.356	6.2
636.554	6.2
636.752	6.2
636.95	6.2
637.148	6.2
637.346	6.2
637.544	6.2
637.742	6.2
637.94	6.2
638.138	6.2
638.337	6.2
638.535	6.2
638.733	6.2
638.931	6.2
639.129	6.2
639.328	6.2
639.526	6.2
639.724	6.2
639.922	6.2
640.121	6.2
640.319	6.2
640.518	6.2
640.716	6.2
640.914	6.2
641.113	6.2
641.311	6.2
641.51	6.2
641.708	6.2
641.907	6.2
642.105	6.2
642.304	6.2
642.503	6.2
642.701	6.2
642.9	6.2
643.098	6.2
643.297	6.2
643.496	6.2
643.695	6.2
643.893	6.2
644.092	6.2
644.291	6.2
644.49	6.2
644.689	6.2
644.887	6.2
645.086	6.2
645.285	6.2
645.484	6.2
645.683	6.2
645.882	6.2
646.081	6.2
646.28	6.2
646.479	6.2
646.678	6.2
646.877	6.2
647.076	6.2
647.276	6.2
647.475	6.2
647.674	6.2
647.873	6.2
648.072	6.2
648.271	6.2
648.471	6.2
648.67	6.2
648.869	6.2
649.069	6.2
649.268	6.2
649.467	6.2
649.667	6.2
649.866	6.2
650.065	6.2
650.265	6.2
650.464	6.2
650.664	6.2
650.863	6.2
651.063	6.2
651.262	6.2
651.462	6.2
651.662	6.2
651.861	6.2
652.061	6.2
652.26	6.2
652.46	6.2
652.66	6.2
652.859	6.2
653.059	6.2
653.259	6.2
653.459	6.2
653.658	6.2
653.858	6.2
654.058	6.2
654.258	6.2
654.458	6.2
654.658	6.2
654.858	6.2
655.058	6.2
655.258	6.2
655.457	6.2
655.657	6.2
655.857	6.2
656.058	6.2
656.258	6.2
656.458	6.2
656.658	6.2
656.858	6.2
657.058	6.2
657.258	6.2
657.458	6.2
657.659	6.2
657.859	6.2
658.059	6.2
658.259	6.2
658.459	6.2
658.66	6.3
658.86	6.3
659.06	6.3
659.261	6.2
659.461	6.2
659.662	6.2
659.862	6.3
660.062	6.3
660.263	6.2
660.463	6.2
660.664	6.3
660.864	6.3
661.065	6.3
661.265	6.3
661.466	6.3
661.667	6.3
661.867	6.3
662.068	6.3
662.268	6.3
662.469	6.2
662.67	6.3
662.87	6.2
663.071	6.2
663.272	6.2
663.473	6.2
663.674	6.2
663.874	6.2
664.075	6.2
664.276	6.2
664.477	6.2
664.678	6.2
664.879	6.2
665.08	6.2
665.28	6.2
665.481	6.2
665.682	6.2
665.883	6.2
666.084	6.2
666.285	6.2
666.486	6.2
666.688	6.2
666.889	6.2
667.09	6.2
667.291	6.2
667.492	6.2
667.693	6.2
667.894	6.3
668.096	6.3
668.297	6.3
668.498	6.3
668.699	6.3
668.901	6.3
669.102	6.2
669.303	6.2
669.505	6.2
669.706	6.2
669.907	6.2
670.109	6.2
670.31	6.2
670.511	6.2
670.713	6.2
670.914	6.2
671.116	6.2
671.317	6.2
671.519	6.3
671.72	6.3
671.922	6.3
672.124	6.3
672.325	6.3
672.527	6.3
672.728	6.3
672.93	6.3
673.132	6.3
673.333	6.3
673.535	6.3
673.737	6.3
673.939	6.3
674.14	6.3
674.342	6.3
674.544	6.3
674.746	6.3
674.948	6.3
675.149	6.3
675.351	6.3
675.553	6.3
675.755	6.3
675.957	6.3
676.159	6.3
676.361	6.3
676.563	6.3
676.765	6.3
676.967	6.2
677.169	6.2
677.371	6.2
677.573	6.2
677.775	6.2
677.977	6.2
678.179	6.2
678.381	6.2
678.583	6.2
678.786	6.3
678.988	6.3
679.19	6.3
679.392	6.3
679.594	6.3
679.797	6.3
679.999	6.3
680.201	6.3
680.404	6.3
680.606	6.3
680.808	6.3
681.011	6.3
681.213	6.3
681.415	6.3
681.618	6.3
681.82	6.3
682.023	6.3
682.225	6.3
682.428	6.3
682.63	6.3
682.833	6.3
683.035	6.3
683.238	6.3
683.44	6.3
683.643	6.3
683.845	6.3
684.048	6.3
684.251	6.3
684.453	6.3
684.656	6.3
684.859	6.3
685.061	6.3
685.264	6.3
685.467	6.3
685.67	6.3
685.872	6.3
686.075	6.3
686.278	6.3
686.481	6.3
686.684	6.3
686.886	6.3
687.089	6.3
687.292	6.3
687.495	6.3
687.698	6.3
687.901	6.3
688.104	6.3
688.307	6.3
688.51	6.3
688.713	6.3
688.916	6.3
689.119	6.3
689.322	6.3
689.525	6.3
689.728	6.3
689.931	6.3
690.134	6.3
690.337	6.3
690.54	6.3
690.744	6.3
690.947	6.3
691.15	6.3
691.353	6.3
691.556	6.3
691.76	6.3
691.963	6.3
692.166	6.3
692.37	6.4
692.573	6.4
692.776	6.4
692.979	6.4
693.183	6.4
693.386	6.4
693.59	6.4
693.793	6.4
693.996	6.4
694.2	6.4
694.403	6.4
694.607	6.4
694.81	6.4
695.014	6.4
695.217	6.4
695.421	6.4
695.624	6.4
695.828	6.4
696.031	6.4
696.235	6.4
696.439	6.4
696.642	6.4
696.846	6.4
697.049	6.4
697.253	6.4
697.457	6.4
697.661	6.4
697.864	6.4
698.068	6.4
698.272	6.4
698.475	6.4
698.679	6.4
698.883	6.4
699.087	6.4
699.291	6.4
699.494	6.4
699.698	6.4
699.902	6.4
700.106	6.4
700.31	6.4
700.514	6.4
700.718	6.4
700.922	6.4
701.126	6.4
701.33	6.4
701.534	6.4
701.738	6.4
701.942	6.4
702.146	6.4
702.35	6.4
702.554	6.4
702.758	6.4
702.962	6.4
703.166	6.4
703.37	6.4
703.574	6.4
703.778	6.4
703.983	6.4
704.187	6.4
704.391	6.4
704.595	6.4
704.799	6.4
705.004	6.4
705.208	6.4
705.412	6.4
705.616	6.4
705.821	6.4
706.025	6.4
706.229	6.4
706.434	6.4
706.638	6.4
706.842	6.5
707.047	6.4
707.251	6.4
707.455	6.4
707.66	6.5
707.864	6.5
708.069	6.5
708.273	6.5
708.478	6.5
708.682	6.5
708.887	6.5
709.091	6.5
709.296	6.5
709.5	6.5
709.705	6.5
709.909	6.5
710.114	6.5
710.319	6.5
710.523	6.5
710.728	6.5
710.932	6.5
711.137	6.5
711.342	6.5
711.546	6.5
711.751	6.5
711.956	6.5
712.161	6.5
712.365	6.5
712.57	6.5
712.775	6.5
712.98	6.5
713.184	6.5
713.389	6.5
713.594	6.5
713.799	6.5
714.004	6.5
714.209	6.5
714.413	6.5
714.618	6.5
714.823	6.5
715.028	6.5
715.233	6.5
715.438	6.5
715.643	6.5
715.848	6.5
716.053	6.5
716.258	6.5
716.463	6.5
716.668	6.5
716.873	6.5
717.078	6.5
717.283	6.5
717.488	6.5
717.693	6.6
717.898	6.6
718.103	6.6
718.308	6.6
718.514	6.6
718.719	6.6
718.924	6.6
719.129	6.6
719.334	6.6
719.539	6.6
719.745	6.6
719.95	6.6
720.155	6.6
720.36	6.6
720.566	6.6
720.771	6.6
720.976	6.6
721.182	6.6
721.387	6.6
721.592	6.6
721.798	6.6
722.003	6.6
722.208	6.6
722.414	6.6
722.619	6.6
722.824	6.6
723.03	6.6
723.235	6.6
723.441	6.6
723.646	6.6
723.852	6.6
724.057	6.6
724.263	6.6
724.468	6.6
724.674	6.6
724.879	6.6
725.085	6.6
725.29	6.6
725.496	6.6
725.701	6.6
725.907	6.6
726.112	6.6
726.318	6.6
726.524	6.6
726.729	6.6
726.935	6.6
727.141	6.6
727.346	6.6
727.552	6.6
727.758	6.6
727.963	6.6
728.169	6.7
728.375	6.7
728.581	6.7
728.786	6.7
728.992	6.7
729.198	6.7
729.404	6.7
729.609	6.7
729.815	6.7
730.021	6.7
730.227	6.7
730.433	6.7
730.639	6.7
730.844	6.7
731.05	6.7
731.256	6.7
731.462	6.7
731.668	6.7
731.874	6.7
732.08	6.7
732.286	6.7
732.492	6.7
732.698	6.7
732.904	6.7
733.11	6.7
733.316	6.7
733.522	6.7
733.728	6.7
733.934	6.7
734.14	6.7
734.346	6.7
734.552	6.7
734.758	6.7
734.964	6.7
735.17	6.7
735.376	6.7
735.583	6.7
735.789	6.7
735.995	6.7
736.201	6.7
736.407	6.7
736.613	6.7
736.819	6.7
737.026	6.7
737.232	6.7
737.438	6.7
737.644	6.7
737.851	6.7
738.057	6.7
738.263	6.7
738.469	6.7
738.676	6.7
738.882	6.7
739.088	6.7
739.295	6.7
739.501	6.7
739.707	6.7
739.914	6.8
740.12	6.8
740.326	6.8
740.533	6.8
740.739	6.8
740.946	6.8
741.152	6.8
741.358	6.8
741.565	6.8
741.771	6.8
741.978	6.8
742.184	6.8
742.391	6.8
742.597	6.8
742.804	6.8
743.01	6.8
743.217	6.8
743.423	6.8
743.63	6.8
743.836	6.8
744.043	6.8
744.249	6.8
744.456	6.8
744.663	6.8
744.869	6.8
745.076	6.8
745.282	6.8
745.489	6.8
745.696	6.8
745.902	6.8
746.109	6.8
746.316	6.8
746.522	6.9
746.729	6.9
746.936	6.9
747.142	6.9
747.349	6.9
747.556	6.9
747.762	6.9
747.969	6.9
748.176	6.9
748.383	6.9
748.589	6.9
748.796	6.9
749.003	6.9
749.21	6.9
749.417	6.9
749.623	6.9
749.83	6.9
750.037	6.9
750.244	6.9
750.451	6.9
750.658	6.9
750.865	6.9
751.071	6.9
751.278	6.9
751.485	6.9
751.692	6.9
751.899	6.9
752.106	6.9
752.313	6.9
752.52	6.9
752.727	6.9
752.934	6.9
753.141	6.9
753.348	6.9
753.555	6.9
753.762	6.9
753.969	6.9
754.176	6.9
754.383	6.9
754.59	6.9
754.797	6.9
755.004	6.9
755.211	6.9
755.418	6.9
755.625	6.9
755.832	7
756.039	7
756.246	7
756.453	7
756.66	7
756.868	7
757.075	7
757.282	7
757.489	7
757.696	7
757.903	7
758.111	7
758.318	7
758.525	7
758.732	7
758.939	7
759.147	7
759.354	7
759.561	7
759.768	7
759.976	7
760.183	7
760.39	7
760.597	7
760.805	7
761.012	7
761.219	7
761.426	7
761.634	7
761.841	7
762.048	7
762.256	7
762.463	7
762.67	7
762.878	7.1
763.085	7.1
763.293	7.1
763.5	7.1
763.707	7.1
763.915	7.1
764.122	7.1
764.33	7.1
764.537	7.1
764.744	7.1
764.952	7.1
765.159	7.1
765.367	7.1
765.574	7.1
765.782	7.1
765.989	7.1
766.197	7.1
766.404	7.1
766.612	7.1
766.819	7.1
767.027	7.1
767.234	7.1
767.442	7.1
767.649	7.1
767.857	7.1
768.064	7.1
768.272	7.1
768.479	7.1
768.687	7.1
768.895	7.1
769.102	7.1
769.31	7.1
769.517	7.1
769.725	7.2
769.933	7.2
770.14	7.2
770.348	7.2
770.555	7.1
770.763	7.1
770.971	7.1
771.178	7.1
771.386	7.1
771.594	7.1
771.801	7.1
772.009	7.2
772.217	7.2
772.424	7.2
772.632	7.2
772.84	7.2
773.047	7.2
773.255	7.2
773.463	7.2
773.671	7.2
773.878	7.2
774.086	7.2
774.294	7.2
774.502	7.2
774.709	7.2
774.917	7.2
775.125	7.2
775.333	7.2
775.54	7.2
775.748	7.2
775.956	7.2
776.164	7.2
776.371	7.2
776.579	7.2
776.787	7.3
776.995	7.3
777.203	7.3
777.41	7.3
777.618	7.3
777.826	7.3
778.034	7.3
778.242	7.3
778.45	7.3
778.657	7.3
778.865	7.3
779.073	7.3
779.281	7.3
779.489	7.3
779.697	7.3
779.905	7.3
780.112	7.3
780.32	7.4
780.528	7.4
780.736	7.4
780.944	7.4
781.152	7.4
781.36	7.4
781.568	7.4
781.776	7.4
781.984	7.4
782.191	7.4
782.399	7.4
782.607	7.4
782.815	7.4
783.023	7.4
783.231	7.4
783.439	7.4
783.647	7.4
783.855	7.4
784.063	7.4
784.271	7.4
784.479	7.4
784.687	7.4
784.895	7.4
785.103	7.4
785.311	7.4
785.519	7.4
785.727	7.4
785.935	7.4
786.143	7.4
786.351	7.4
786.559	7.4
786.767	7.4
786.975	7.4
787.183	7.4
787.391	7.4
787.599	7.4
787.807	7.5
788.015	7.5
788.223	7.5
788.431	7.5
788.639	7.5
788.847	7.5
789.055	7.5
789.263	7.5
789.471	7.5
789.679	7.5
789.887	7.5
790.095	7.5
790.303	7.5
790.511	7.5
790.719	7.5
790.927	7.5
791.135	7.5
791.343	7.5
791.551	7.5
791.76	7.5
791.968	7.5
792.176	7.5
792.384	7.6
792.592	7.6
792.8	7.6
793.008	7.6
793.216	7.6
793.424	7.6
793.632	7.6
793.84	7.6
794.048	7.6
794.256	7.6
794.465	7.6
794.673	7.6
794.881	7.6
795.089	7.6
795.297	7.6
795.505	7.6
795.713	7.6
795.921	7.6
796.129	7.6
796.337	7.6
796.546	7.6
796.754	7.6
796.962	7.6
797.17	7.6
797.378	7.6
797.586	7.7
797.794	7.7
798.002	7.7
798.21	7.7
798.419	7.7
798.627	7.7
798.835	7.7
799.043	7.7
799.251	7.7
799.459	7.7
799.667	7.7
799.875	7.7
800.083	7.7
800.292	7.7
800.5	7.7
800.708	7.7
800.916	7.7
801.124	7.7
801.332	7.7
801.54	7.7
801.748	7.7
801.957	7.7
802.165	7.7
802.373	7.7
802.581	7.7
802.789	7.7
802.997	7.7
803.205	7.8
803.414	7.8
803.622	7.8
803.83	7.8
804.038	7.8
804.246	7.8
804.454	7.8
804.662	7.8
804.87	7.8
805.079	7.8
805.287	7.8
805.495	7.8
805.703	7.8
805.911	7.8
806.119	7.8
806.327	7.8
806.535	7.9
806.743	7.9
806.952	7.9
807.16	7.9
807.368	7.9
807.576	7.9
807.784	7.9
807.992	7.9
808.2	7.9
808.408	7.9
808.617	7.9
808.825	7.9
809.033	7.9
809.241	7.9
809.449	7.9
809.657	7.9
809.865	7.9
810.073	7.9
810.281	7.9
810.49	7.9
810.698	8
810.906	8
811.114	8
811.322	8
811.53	8
811.738	8
811.946	8
812.154	8
812.362	8
812.57	8
812.779	8
812.987	8
813.195	8
813.403	8
813.611	8
813.819	8
814.027	8
814.235	8
814.443	8
814.651	8
814.859	8
815.067	8
815.275	8
815.484	8
815.692	8
815.9	8
816.108	8
816.316	8
816.524	8
816.732	8
816.94	8
817.148	8
817.356	8
817.564	8
817.772	8.1
817.98	8.1
818.188	8.1
818.397	8.1
818.605	8.1
818.813	8.1
819.021	8.1
819.229	8.1
819.437	8.1
819.645	8.1
819.853	8.1
820.061	8.1
820.269	8.1
820.477	8.1
820.685	8.1
820.893	8.1
821.102	8.1
821.31	8.1
821.518	8.1
821.726	8.1
821.934	8.1
822.142	8.2
822.35	8.2
822.558	8.2
822.766	8.2
822.974	8.2
823.182	8.2
823.39	8.2
823.599	8.2
823.807	8.2
824.015	8.2
824.223	8.2
824.431	8.2
824.639	8.3
824.847	8.3
825.055	8.3
825.263	8.3
825.472	8.3
825.68	8.3
825.888	8.3
826.096	8.3
826.304	8.3
826.512	8.3
826.72	8.3
826.928	8.3
827.137	8.3
827.345	8.3
827.553	8.3
827.761	8.3
827.969	8.3
828.177	8.4
828.385	8.4
828.594	8.4
828.802	8.4
829.01	8.4
829.218	8.4
829.426	8.4
829.634	8.4
829.843	8.4
830.051	8.4
830.259	8.4
830.467	8.4
830.675	8.4
830.883	8.4
831.092	8.4
831.3	8.4
831.508	8.4
831.716	8.4
831.924	8.4
832.133	8.4
832.341	8.4
832.549	8.4
832.757	8.5
832.966	8.5
833.174	8.5
833.382	8.5
833.59	8.5
833.799	8.5
834.007	8.5
834.215	8.5
834.423	8.5
834.632	8.5
834.84	8.5
835.048	8.5
835.256	8.5
835.465	8.5
835.673	8.5
835.881	8.5
836.09	8.5
836.298	8.6
836.506	8.6
836.715	8.6
836.923	8.6
837.131	8.6
837.34	8.6
837.548	8.6
837.756	8.6
837.965	8.6
838.173	8.6
838.381	8.6
838.59	8.6
838.798	8.6
839.006	8.6
839.215	8.6
839.423	8.6
839.632	8.6
839.84	8.6
840.048	8.7
840.257	8.7
840.465	8.7
840.674	8.7
840.882	8.7
841.091	8.7
841.299	8.7
841.508	8.7
841.716	8.7
841.924	8.7
842.133	8.7
842.341	8.7
842.55	8.7
842.758	8.7
842.967	8.7
843.175	8.7
843.384	8.7
843.593	8.7
843.801	8.7
844.01	8.7
844.218	8.7
844.427	8.7
844.635	8.7
844.844	8.7
845.052	8.7
845.261	8.7
845.47	8.7
845.678	8.7
845.887	8.7
846.095	8.8
846.304	8.8
846.513	8.8
846.721	8.7
846.93	8.7
847.139	8.7
847.347	8.7
847.556	8.7
847.765	8.7
847.973	8.8
848.182	8.8
848.391	8.8
848.6	8.8
848.808	8.8
849.017	8.8
849.226	8.8
849.435	8.8
849.643	8.8
849.852	8.8
850.061	8.9
850.27	8.9
850.478	8.9
850.687	8.9
850.896	8.9
851.105	8.9
851.314	8.9
851.523	8.9
851.731	8.9
851.94	8.9
852.149	8.9
852.358	8.9
852.567	9
852.776	9
852.985	9
853.194	9
853.403	9
853.612	9
853.821	9
854.03	9
854.239	9
854.447	9
854.656	9
854.865	9
855.075	9
855.284	9
855.493	9
855.702	9.1
855.911	9.1
856.12	9.1
856.329	9.1
856.538	9.1
856.747	9.1
856.956	9.1
857.165	9.1
857.374	9.1
857.584	9.1
857.793	9.1
858.002	9.1
858.211	9.1
858.42	9.1
858.629	9.2
858.839	9.2
859.048	9.2
859.257	9.2
859.466	9.2
859.676	9.2
859.885	9.2
860.094	9.2
860.304	9.2
860.513	9.2
860.722	9.2
860.932	9.2
861.141	9.3
861.35	9.3
861.56	9.3
861.769	9.3
861.978	9.3
862.188	9.3
862.397	9.3
862.607	9.3
862.816	9.3
863.026	9.3
863.235	9.3
863.445	9.3
863.654	9.3
863.864	9.3
864.073	9.3
864.283	9.3
864.492	9.4
864.702	9.4
864.911	9.4
865.121	9.4
865.33	9.4
865.54	9.4
865.75	9.4
865.959	9.4
866.169	9.4
866.379	9.4
866.588	9.5
866.798	9.5
867.008	9.5
867.218	9.5
867.427	9.5
867.637	9.5
867.847	9.5
868.057	9.5
868.266	9.5
868.476	9.5
868.686	9.5
868.896	9.6
869.106	9.6
869.316	9.6
869.525	9.6
869.735	9.6
869.945	9.6
870.155	9.6
870.365	9.6
870.575	9.6
870.785	9.6
870.995	9.6
871.205	9.7
871.415	9.7
871.625	9.7
871.835	9.7
872.045	9.7
872.255	9.7
872.465	9.7
872.675	9.7
872.886	9.7
873.096	9.7
873.306	9.8
873.516	9.7
873.726	9.7
873.936	9.8
874.147	9.8
874.357	9.8
874.567	9.8
874.777	9.8
874.988	9.8
875.198	9.8
875.408	9.8
875.619	9.8
875.829	9.8
876.039	9.8
876.25	9.8
876.46	9.8
876.67	9.8
876.881	9.8
877.091	9.8
877.302	9.8
877.512	9.8
877.723	9.8
877.933	9.8
878.144	9.8
878.354	9.8
878.565	9.8
878.775	9.8
878.986	9.8
879.197	9.8
879.407	9.8
879.618	9.8
879.829	9.8
880.039	9.8
880.25	9.8
880.461	9.8
880.671	9.8
880.882	9.8
881.093	9.8
881.304	9.8
881.515	9.8
881.725	9.8
881.936	9.8
882.147	9.8
882.358	9.8
882.569	9.8
882.78	9.8
882.991	9.9
883.202	9.9
883.413	9.9
883.624	9.9
883.835	9.9
884.046	9.9
884.257	9.9
884.468	9.9
884.679	9.9
884.89	9.9
885.101	9.9
885.312	9.9
885.523	9.9
885.735	9.9
885.946	9.9
886.157	9.9
886.368	9.9
886.579	9.9
886.791	9.9
887.002	10
887.213	10
887.425	10
887.636	10
887.847	10
888.059	10
888.27	10
888.481	10.1
888.693	10.1
888.904	10.1
889.116	10.1
889.327	10.1
889.539	10.1
889.75	10.1
889.962	10.1
890.174	10.1
890.385	10.2
890.597	10.2
890.808	10.2
891.02	10.2
891.232	10.2
891.444	10.2
891.655	10.2
891.867	10.2
892.079	10.2
892.291	10.2
892.502	10.2
892.714	10.2
892.926	10.2
893.138	10.2
893.35	10.2
893.562	10.2
893.774	10.2
893.986	10.2
894.198	10.3
894.41	10.3
894.622	10.3
894.834	10.3
895.046	10.3
895.258	10.3
895.47	10.3
895.682	10.3
895.894	10.3
896.106	10.3
896.319	10.3
896.531	10.3
896.743	10.3
896.955	10.3
897.168	10.3
897.38	10.3
897.592	10.3
897.805	10.3
898.017	10.4
898.229	10.4
898.442	10.4
898.654	10.4
898.867	10.4
899.079	10.5
899.292	10.5
899.504	10.5
899.717	10.5
899.929	10.5
900.142	10.5
900.355	10.5
900.567	10.5
900.78	10.5
900.993	10.5
901.205	10.5
901.418	10.5
901.631	10.5
901.844	10.5
902.056	10.5
902.269	10.5
902.482	10.5
902.695	10.5
902.908	10.5
903.121	10.6
903.334	10.6
903.547	10.6
903.76	10.6
903.973	10.6
904.186	10.6
904.399	10.6
904.612	10.6
904.825	10.6
905.038	10.7
905.251	10.7
905.465	10.7
905.678	10.7
905.891	10.7
906.104	10.7
906.318	10.7
906.531	10.7
906.744	10.7
906.958	10.7
907.171	10.7
907.384	10.8
907.598	10.8
907.811	10.8
908.025	10.8
908.238	10.8
908.452	10.8
908.665	10.8
908.879	10.8
909.093	10.8
909.306	10.8
909.52	10.8
909.734	10.8
909.947	10.8
910.161	10.8
910.375	10.8
910.589	10.8
910.803	10.8
911.016	10.9
911.23	10.9
911.444	10.9
911.658	10.9
911.872	10.9
912.086	10.9
912.3	10.9
912.514	10.9
912.728	11
912.942	11
913.156	11
913.37	11
913.585	11
913.799	11
914.013	11
914.227	11
914.442	11
914.656	11
914.87	11
915.084	11.1
915.299	11.1
915.513	11.1
915.728	11.1
915.942	11.1
916.157	11.1
916.371	11.1
916.586	11.1
916.8	11.1
917.015	11.1
917.229	11.1
917.444	11.1
917.659	11.1
917.874	11.2
918.088	11.2
918.303	11.3
918.518	11.3
918.733	11.3
918.947	11.3
919.162	11.4
919.377	11.4
919.592	11.4
919.807	11.4
920.022	11.4
920.237	11.4
920.452	11.4
920.667	11.4
920.882	11.4
921.097	11.4
921.313	11.4
921.528	11.4
921.743	11.4
921.958	11.4
922.174	11.4
922.389	11.5
922.604	11.5
922.82	11.5
923.035	11.5
923.25	11.5
923.466	11.6
923.681	11.6
923.897	11.6
924.112	11.6
924.328	11.6
924.544	11.6
924.759	11.6
924.975	11.6
925.19	11.7
925.406	11.8
925.622	11.8
925.838	11.8
926.054	11.9
926.269	11.9
926.485	11.9
926.701	11.9
926.917	11.9
927.133	11.9
927.349	11.9
927.565	12
927.781	12
927.997	12
928.213	12
928.429	12
928.646	12
928.862	12
929.078	12.1
929.294	12.1
929.511	12.2
929.727	12.2
929.943	12.3
930.16	12.3
930.376	12.3
930.592	12.3
930.809	12.3
931.025	12.3
931.242	12.3
931.459	12.4
931.675	12.4
931.892	12.5
932.108	12.5
932.325	12.5
932.542	12.6
932.759	12.6
932.975	12.6
933.192	12.6
933.409	12.6
933.626	12.6
933.843	12.6
934.06	12.6
934.277	12.6
934.494	12.6
934.711	12.6
934.928	12.6
935.145	12.6
935.362	12.6
935.58	12.7
935.797	12.7
936.014	12.7
936.231	12.7
936.449	12.7
936.666	12.7
936.883	12.7
937.101	12.7
937.318	12.7
937.536	12.7
937.753	12.7
937.971	12.8
938.188	12.8
938.406	12.8
938.624	12.9
938.841	12.9
939.059	12.9
939.277	12.9
939.494	13
939.712	13
939.93	13
