360.161	11.5
360.333	11.3
360.504	11.2
360.676	11.2
360.847	11.2
361.019	11.1
361.19	11.1
361.361	11.1
361.533	11.1
361.704	11.1
361.876	11
362.047	11
362.219	10.9
362.391	10.8
362.562	10.8
362.734	10.8
362.905	10.8
363.077	10.8
363.248	10.7
363.42	10.6
363.592	10.5
363.763	10.5
363.935	10.5
364.106	10.6
364.278	10.5
364.45	10.4
364.621	10.4
364.793	10.4
364.965	10.4
365.137	10.3
365.308	10.2
365.48	10.2
365.652	10.2
365.824	10.1
365.995	10.1
366.167	10
366.339	10
366.511	10
366.683	9.9
366.854	9.9
367.026	9.8
367.198	9.8
367.37	9.7
367.542	9.7
367.714	9.8
367.886	9.8
368.058	9.7
368.23	9.7
368.402	9.6
368.574	9.5
368.746	9.4
368.918	9.4
369.09	9.3
369.262	9.3
369.434	9.2
369.606	9.2
369.778	9.1
369.95	9.1
370.122	9.1
370.294	9.1
370.467	9.1
370.639	9.1
370.811	9.1
370.983	9.1
371.155	9.1
371.328	9
371.5	9
371.672	9
371.844	9
372.017	8.9
372.189	8.9
372.361	8.9
372.534	8.9
372.706	8.8
372.878	8.8
373.051	8.8
373.223	8.8
373.396	8.7
373.568	8.6
373.741	8.6
373.913	8.5
374.086	8.5
374.258	8.6
374.431	8.6
374.603	8.6
374.776	8.5
374.949	8.4
375.121	8.4
375.294	8.4
375.467	8.4
375.639	8.4
375.812	8.4
375.985	8.4
376.157	8.4
376.33	8.4
376.503	8.4
376.676	8.4
376.849	8.4
377.021	8.3
377.194	8.3
377.367	8.3
377.54	8.2
377.713	8.2
377.886	8.2
378.059	8.1
378.232	8.1
378.405	8.1
378.578	8.1
378.751	8
378.924	8
379.097	8
379.27	8
379.444	7.9
379.617	7.9
379.79	7.9
379.963	7.9
380.136	7.9
380.31	7.9
380.483	7.9
380.656	7.9
380.829	7.9
381.003	7.8
381.176	7.8
381.35	7.8
381.523	7.7
381.696	7.7
381.87	7.7
382.043	7.7
382.217	7.6
382.39	7.5
382.564	7.5
382.738	7.5
382.911	7.5
383.085	7.5
383.258	7.4
383.432	7.4
383.606	7.4
383.779	7.4
383.953	7.4
384.127	7.4
384.301	7.3
384.475	7.3
384.648	7.3
384.822	7.3
384.996	7.3
385.17	7.3
385.344	7.2
385.518	7.2
385.692	7.2
385.866	7.1
386.04	7.1
386.214	7.1
386.388	7.1
386.562	7.1
386.737	7.1
386.911	7.1
387.085	7
387.259	7
387.434	7
387.608	7
387.782	7
387.956	7
388.131	7
388.305	7
388.48	6.9
388.654	6.9
388.829	6.9
389.003	6.9
389.178	6.9
389.352	7
389.527	7
389.701	7
389.876	6.9
390.051	6.9
390.226	6.9
390.4	6.9
390.575	6.9
390.75	6.9
390.925	6.9
391.099	6.9
391.274	6.9
391.449	6.9
391.624	6.9
391.799	6.9
391.974	6.9
392.149	6.8
392.324	6.9
392.499	6.9
392.675	6.9
392.85	6.9
393.025	6.9
393.2	6.9
393.375	6.9
393.551	6.8
393.726	6.8
393.901	6.8
394.077	6.8
394.252	6.8
394.427	6.8
394.603	6.8
394.778	6.8
394.954	6.8
395.129	6.7
395.305	6.7
395.481	6.7
395.656	6.7
395.832	6.7
396.008	6.7
396.184	6.7
396.359	6.7
396.535	6.7
396.711	6.7
396.887	6.7
397.063	6.7
397.239	6.7
397.415	6.7
397.591	6.6
397.767	6.6
397.943	6.6
398.119	6.6
398.295	6.6
398.471	6.5
398.648	6.5
398.824	6.5
399	6.5
399.176	6.5
399.353	6.5
399.529	6.5
399.706	6.5
399.882	6.5
400.058	6.5
400.235	6.5
400.412	6.5
400.588	6.6
400.765	6.6
400.942	6.6
401.118	6.6
401.295	6.6
401.472	6.6
401.649	6.6
401.825	6.5
402.002	6.5
402.179	6.5
402.356	6.5
402.533	6.5
402.71	6.5
402.887	6.5
403.064	6.5
403.242	6.5
403.419	6.5
403.596	6.5
403.773	6.5
403.95	6.5
404.128	6.4
404.305	6.4
404.483	6.4
404.66	6.4
404.837	6.4
405.015	6.4
405.193	6.4
405.37	6.4
405.548	6.4
405.725	6.4
405.903	6.4
406.081	6.4
406.259	6.4
406.437	6.4
406.614	6.4
406.792	6.4
406.97	6.4
407.148	6.4
407.326	6.4
407.504	6.4
407.682	6.3
407.86	6.3
408.039	6.3
408.217	6.3
408.395	6.3
408.573	6.3
408.751	6.3
408.93	6.3
409.108	6.3
409.287	6.3
409.465	6.3
409.643	6.3
409.822	6.3
410	6.3
410.179	6.3
410.358	6.3
410.536	6.3
410.715	6.3
410.894	6.3
411.072	6.3
411.251	6.3
411.43	6.3
411.609	6.3
411.788	6.3
411.967	6.3
412.146	6.3
412.325	6.3
412.504	6.2
412.683	6.2
412.862	6.3
413.041	6.3
413.22	6.3
413.399	6.3
413.578	6.3
413.758	6.2
413.937	6.2
414.116	6.2
414.296	6.2
414.475	6.3
414.654	6.3
414.834	6.2
415.013	6.2
415.193	6.2
415.372	6.2
415.552	6.2
415.732	6.2
415.911	6.2
416.091	6.2
416.271	6.2
416.45	6.2
416.63	6.2
416.81	6.2
416.99	6.2
417.169	6.2
417.349	6.3
417.529	6.3
417.709	6.3
417.889	6.3
418.069	6.3
418.249	6.3
418.429	6.3
418.609	6.3
418.789	6.3
418.97	6.3
419.15	6.3
419.33	6.3
419.51	6.3
419.691	6.3
419.871	6.3
420.051	6.2
420.232	6.2
420.412	6.2
420.592	6.2
420.773	6.2
420.953	6.2
421.134	6.2
421.314	6.2
421.495	6.2
421.675	6.2
421.856	6.2
422.037	6.2
422.217	6.2
422.398	6.2
422.579	6.2
422.76	6.2
422.94	6.2
423.121	6.2
423.302	6.2
423.483	6.2
423.664	6.2
423.845	6.2
424.026	6.2
424.207	6.2
424.388	6.2
424.569	6.2
424.75	6.2
424.931	6.2
425.112	6.2
425.293	6.2
425.474	6.2
425.655	6.2
425.837	6.2
426.018	6.2
426.199	6.2
426.38	6.2
426.562	6.2
426.743	6.2
426.924	6.2
427.106	6.2
427.287	6.2
427.469	6.2
427.65	6.2
427.832	6.1
428.013	6.1
428.195	6.1
428.376	6.1
428.558	6.1
428.739	6.1
428.921	6.1
429.103	6.1
429.284	6.1
429.466	6.1
429.648	6.1
429.83	6.1
430.011	6.1
430.193	6.1
430.375	6.1
430.557	6.1
430.739	6.1
430.921	6.1
431.102	6.1
431.284	6.1
431.466	6.1
431.648	6.1
431.83	6.1
432.012	6.1
432.194	6.1
432.377	6.1
432.559	6.1
432.741	6.1
432.923	6.1
433.105	6.1
433.287	6.1
433.469	6
433.652	6
433.834	6
434.016	6
434.198	6
434.381	6
434.563	6
434.745	6
434.928	6
435.11	6
435.293	6
435.475	6
435.658	6
435.84	6
436.022	6
436.205	6
436.388	6
436.57	6
436.753	6
436.935	6
437.118	6
437.301	6
437.483	6
437.666	6
437.849	6
438.031	6
438.214	6
438.397	6
438.58	6
438.762	6
438.945	6
439.128	6
439.311	6
439.494	6
439.677	6
439.859	6
440.042	6
440.225	6
440.408	6
440.591	6
440.774	6
440.957	6
441.14	6
441.323	6
441.507	5.9
441.69	5.9
441.873	5.9
442.056	5.9
442.239	5.9
442.422	5.9
442.605	5.9
442.789	5.9
442.972	5.9
443.155	5.9
443.338	5.9
443.522	5.9
443.705	5.9
443.888	5.9
444.072	5.9
444.255	5.9
444.438	5.9
444.622	5.9
444.805	5.9
444.989	5.9
445.172	5.9
445.356	5.9
445.539	5.9
445.723	5.9
445.906	5.9
446.09	5.9
446.273	5.9
446.457	5.9
446.64	5.9
446.824	5.9
447.008	5.9
447.191	5.9
447.375	5.9
447.559	5.9
447.742	5.9
447.926	5.9
448.11	5.9
448.293	5.9
448.477	5.9
448.661	5.9
448.845	5.9
449.029	5.9
449.212	5.9
449.396	5.9
449.58	5.9
449.764	5.9
449.948	5.9
450.132	5.9
450.316	5.9
450.5	5.9
450.684	5.9
450.868	5.9
451.052	5.9
451.236	5.9
451.42	5.9
451.604	5.9
451.788	5.9
451.972	5.9
452.156	5.9
452.34	5.9
452.525	5.9
452.709	5.9
452.893	5.9
453.077	5.9
453.261	5.9
453.446	5.9
453.63	5.9
453.814	5.9
453.998	5.9
454.183	5.9
454.367	5.9
454.551	5.9
454.736	5.9
454.92	5.9
455.104	5.9
455.289	5.9
455.473	5.9
455.658	5.9
455.842	5.9
456.026	5.9
456.211	5.9
456.395	5.9
456.58	5.9
456.764	5.9
456.949	5.9
457.134	5.9
457.318	5.9
457.503	5.9
457.687	5.9
457.872	5.9
458.057	5.9
458.241	5.9
458.426	5.9
458.611	5.9
458.795	5.9
458.98	5.9
459.165	5.9
459.349	5.9
459.534	5.9
459.719	5.9
459.904	5.9
460.088	5.9
460.273	5.9
460.458	5.9
460.643	5.9
460.828	5.9
461.013	5.9
461.198	5.9
461.382	5.9
461.567	5.9
461.752	5.9
461.937	5.9
462.122	5.9
462.307	5.9
462.492	5.8
462.677	5.8
462.862	5.8
463.047	5.8
463.232	5.8
463.417	5.8
463.602	5.8
463.788	5.8
463.973	5.8
464.158	5.8
464.343	5.8
464.528	5.8
464.713	5.8
464.898	5.8
465.084	5.8
465.269	5.8
465.454	5.8
465.639	5.8
465.824	5.8
466.01	5.8
466.195	5.8
466.38	5.8
466.566	5.8
466.751	5.8
466.936	5.8
467.122	5.8
467.307	5.8
467.492	5.8
467.678	5.8
467.863	5.8
468.048	5.8
468.234	5.8
468.419	5.8
468.605	5.8
468.79	5.8
468.976	5.8
469.161	5.8
469.347	5.8
469.532	5.8
469.718	5.8
469.903	5.8
470.089	5.8
470.274	5.8
470.46	5.8
470.646	5.8
470.831	5.8
471.017	5.8
471.202	5.8
471.388	5.8
471.574	5.8
471.759	5.8
471.945	5.8
472.131	5.8
472.317	5.8
472.502	5.8
472.688	5.8
472.874	5.8
473.059	5.8
473.245	5.8
473.431	5.8
473.617	5.8
473.803	5.8
473.988	5.8
474.174	5.8
474.36	5.8
474.546	5.8
474.732	5.8
474.918	5.8
475.104	5.8
475.29	5.8
475.475	5.8
475.661	5.8
475.847	5.8
476.033	5.8
476.219	5.8
476.405	5.8
476.591	5.8
476.777	5.8
476.963	5.8
477.149	5.8
477.335	5.8
477.521	5.8
477.707	5.8
477.893	5.8
478.08	5.8
478.266	5.8
478.452	5.8
478.638	5.8
478.824	5.8
479.01	5.8
479.196	5.8
479.382	5.8
479.569	5.8
479.755	5.8
479.941	5.8
480.127	5.8
480.313	5.8
480.5	5.8
480.686	5.8
480.872	5.8
481.058	5.8
481.245	5.8
481.431	5.8
481.617	5.8
481.803	5.8
481.99	5.8
482.176	5.8
482.362	5.8
482.549	5.8
482.735	5.8
482.921	5.8
483.108	5.8
483.294	5.8
483.481	5.8
483.667	5.8
483.853	5.8
484.04	5.8
484.226	5.8
484.413	5.9
484.599	5.9
484.786	5.9
484.972	5.9
485.159	5.9
485.345	5.9
485.532	5.9
485.718	5.9
485.905	5.9
486.091	5.9
486.278	5.9
486.464	5.9
486.651	5.9
486.837	5.9
487.024	5.9
487.211	5.9
487.397	5.9
487.584	5.9
487.77	5.9
487.957	5.9
488.144	5.9
488.33	5.9
488.517	5.9
488.704	5.9
488.89	5.9
489.077	5.9
489.264	5.9
489.45	5.9
489.637	5.9
489.824	5.9
490.01	5.9
490.197	5.9
490.384	5.9
490.571	5.9
490.757	5.9
490.944	5.9
491.131	5.9
491.318	5.9
491.505	5.9
491.691	5.9
491.878	5.9
492.065	5.9
492.252	5.9
492.439	5.9
492.626	5.9
492.812	5.9
492.999	5.9
493.186	5.9
493.373	5.9
493.56	5.9
493.747	5.9
493.934	5.9
494.121	5.9
494.308	5.9
494.494	5.9
494.681	5.9
494.868	5.9
495.055	5.9
495.242	5.9
495.429	5.9
495.616	5.9
495.803	5.9
495.99	5.9
496.177	5.9
496.364	5.9
496.551	5.9
496.738	5.9
496.925	5.9
497.112	5.9
497.299	5.9
497.486	5.9
497.673	5.9
497.861	5.9
498.048	5.9
498.235	5.9
498.422	5.9
498.609	5.9
498.796	5.9
498.983	5.9
499.17	5.9
499.357	5.9
499.544	5.9
499.732	5.9
499.919	5.9
500.106	5.9
500.293	5.9
500.48	5.9
500.667	5.9
500.855	5.9
501.042	5.9
501.229	5.9
501.416	5.9
501.603	5.9
501.791	5.9
501.978	5.9
502.165	5.9
502.352	5.9
502.54	5.9
502.727	5.9
502.914	5.9
503.101	5.9
503.289	5.9
503.476	5.9
503.663	5.9
503.85	5.9
504.038	5.9
504.225	5.9
504.412	5.9
504.6	5.9
504.787	5.9
504.974	5.9
505.161	5.9
505.349	5.9
505.536	5.9
505.723	5.9
505.911	5.9
506.098	5.9
506.286	5.9
506.473	5.9
506.66	5.9
506.848	5.9
507.035	5.9
507.222	5.9
507.41	5.9
507.597	5.9
507.785	5.9
507.972	5.9
508.159	5.9
508.347	5.9
508.534	5.9
508.722	5.9
508.909	5.9
509.097	5.9
509.284	5.9
509.471	5.9
509.659	5.9
509.846	5.9
510.034	5.9
510.221	5.9
510.409	5.9
510.596	5.9
510.784	5.9
510.971	5.9
511.159	5.9
511.346	5.9
511.534	5.9
511.721	5.9
511.909	5.9
512.096	5.9
512.284	5.9
512.471	5.9
512.659	5.9
512.846	5.9
513.034	5.9
513.221	5.9
513.409	5.9
513.596	5.9
513.784	5.9
513.972	5.9
514.159	5.9
514.347	5.9
514.534	5.9
514.722	5.9
514.909	5.9
515.097	5.9
515.285	5.9
515.472	5.9
515.66	5.9
515.847	5.9
516.035	5.9
516.222	5.9
516.41	5.9
516.598	5.9
516.785	5.9
516.973	5.9
517.161	5.9
517.348	5.9
517.536	5.9
517.723	5.9
517.911	5.9
518.099	5.9
518.286	5.9
518.474	5.9
518.662	5.9
518.849	5.9
519.037	5.9
519.225	5.9
519.412	5.9
519.6	5.9
519.787	5.9
519.975	5.9
520.163	5.9
520.35	5.9
520.538	5.9
520.726	5.9
520.914	5.9
521.101	5.9
521.289	5.9
521.477	5.9
521.664	5.9
521.852	5.9
522.04	5.9
522.227	5.9
522.415	5.9
522.603	5.9
522.79	5.9
522.978	5.9
523.166	5.9
523.354	5.9
523.541	5.9
523.729	5.9
523.917	5.9
524.104	5.9
524.292	5.9
524.48	5.9
524.668	5.9
524.855	5.9
525.043	5.9
525.231	5.9
525.418	5.9
525.606	5.9
525.794	5.9
525.982	5.9
526.169	5.9
526.357	5.9
526.545	5.9
526.733	5.9
526.92	5.9
527.108	5.9
527.296	5.9
527.484	6
527.671	6
527.859	6
528.047	6
528.235	6
528.422	6
528.61	6
528.798	6
528.986	6
529.173	6
529.361	6
529.549	6
529.737	6
529.924	6
530.112	6
530.3	6
530.488	6
530.675	6
530.863	6
531.051	6
531.239	6
531.426	6
531.614	6
531.802	6
531.99	6
532.177	6.1
532.365	6.1
532.553	6.1
532.741	6.1
532.928	6.1
533.116	6.1
533.304	6.1
533.492	6.1
533.679	6.1
533.867	6.1
534.055	6.1
534.243	6.1
534.431	6.1
534.618	6.1
534.806	6.1
534.994	6.2
535.182	6.2
535.369	6.2
535.557	6.2
535.745	6.2
535.933	6.2
536.12	6.2
536.308	6.2
536.496	6.2
536.684	6.2
536.871	6.2
537.059	6.2
537.247	6.2
537.435	6.2
537.622	6.2
537.81	6.3
537.998	6.3
538.186	6.3
538.373	6.3
538.561	6.3
538.749	6.3
538.937	6.3
539.124	6.3
539.312	6.3
539.5	6.3
539.688	6.3
539.875	6.3
540.063	6.3
540.251	6.3
540.439	6.3
540.626	6.4
540.814	6.4
541.002	6.4
541.19	6.4
541.377	6.4
541.565	6.4
541.753	6.4
541.941	6.4
542.128	6.4
542.316	6.4
542.504	6.4
542.691	6.4
542.879	6.4
543.067	6.4
543.255	6.4
543.442	6.4
543.63	6.4
543.818	6.4
544.005	6.5
544.193	6.5
544.381	6.5
544.568	6.5
544.756	6.5
544.944	6.5
545.132	6.5
545.319	6.5
545.507	6.5
545.695	6.5
545.882	6.5
546.07	6.5
546.258	6.5
546.445	6.5
546.633	6.5
546.821	6.5
547.008	6.6
547.196	6.6
547.384	6.6
547.571	6.6
547.759	6.6
547.947	6.6
548.134	6.6
548.322	6.6
548.51	6.6
548.697	6.6
548.885	6.6
549.073	6.6
549.26	6.6
549.448	6.6
549.636	6.6
549.823	6.7
550.011	6.7
550.199	6.7
550.386	6.7
550.574	6.7
550.762	6.7
550.949	6.7
551.137	6.7
551.325	6.7
551.512	6.7
551.7	6.8
551.888	6.8
552.075	6.8
552.263	6.8
552.451	6.8
552.639	6.8
552.826	6.8
553.014	6.8
553.202	6.8
553.389	6.9
553.577	6.9
553.765	6.9
553.953	6.9
554.14	6.9
554.328	6.9
554.516	6.9
554.704	6.9
554.891	6.9
555.079	7
555.267	7
555.455	7
555.643	7
555.83	7
556.018	7
556.206	7
556.394	7
556.582	7.1
556.77	7.1
556.957	7.1
557.145	7.1
557.333	7.1
557.521	7.1
557.709	7.1
557.897	7.2
558.085	7.2
558.273	7.2
558.461	7.2
558.649	7.2
558.837	7.2
559.025	7.2
559.213	7.3
559.4	7.3
559.588	7.3
559.777	7.3
559.965	7.3
560.153	7.4
560.341	7.4
560.529	7.4
560.717	7.4
560.905	7.4
561.093	7.4
561.281	7.5
561.469	7.5
561.657	7.5
561.845	7.5
562.034	7.5
562.222	7.6
562.41	7.6
562.598	7.6
562.786	7.6
562.975	7.6
563.163	7.7
563.351	7.7
563.539	7.7
563.728	7.7
563.916	7.8
564.104	7.8
564.293	7.8
564.481	7.8
564.67	7.9
564.858	7.9
565.046	7.9
565.235	7.9
565.423	8
565.612	8
565.8	8
565.989	8
566.177	8.1
566.366	8.1
566.554	8.1
566.743	8.2
566.932	8.2
567.12	8.2
567.309	8.2
567.497	8.3
567.686	8.3
567.875	8.3
568.064	8.4
568.252	8.4
568.441	8.4
568.63	8.5
568.819	8.5
569.007	8.5
569.196	8.6
569.385	8.6
569.574	8.6
569.763	8.7
569.952	8.7
570.141	8.7
570.33	8.8
570.519	8.8
570.708	8.8
570.897	8.9
571.086	8.9
571.275	9
571.464	9
571.653	9
571.843	9.1
572.032	9.1
572.221	9.2
572.41	9.2
572.599	9.3
572.789	9.3
572.978	9.3
573.167	9.4
573.357	9.4
573.546	9.5
573.736	9.5
573.925	9.6
574.115	9.6
574.304	9.7
574.494	9.7
574.683	9.8
574.873	9.8
575.062	9.9
575.252	9.9
575.442	10
575.631	10
575.821	10.1
576.011	10.1
576.201	10.2
576.39	10.2
576.58	10.3
576.77	10.4
576.96	10.4
577.15	10.5
577.34	10.5
577.53	10.6
577.72	10.7
577.91	10.7
578.1	10.8
578.29	10.9
578.48	10.9
578.67	11
578.861	11.1
579.051	11.1
579.241	11.2
579.431	11.3
579.622	11.3
579.812	11.4
580.002	11.5
580.193	11.6
580.383	11.6
580.574	11.7
580.764	11.8
580.955	11.9
581.145	11.9
581.336	12
581.526	12.1
581.717	12.2
581.908	12.3
582.098	12.3
582.289	12.4
582.48	12.5
582.671	12.6
582.862	12.7
583.052	12.8
583.243	12.9
583.434	13
583.625	13.1
583.816	13.2
584.007	13.3
584.198	13.3
584.389	13.4
584.58	13.5
584.771	13.6
584.962	13.7
585.154	13.8
585.345	13.9
585.536	14
585.727	14.2
585.918	14.3
586.11	14.4
586.301	14.5
586.492	14.6
586.684	14.7
586.875	14.8
587.067	14.9
587.258	15
587.45	15.2
587.641	15.3
587.833	15.4
588.024	15.5
588.216	15.6
588.408	15.8
588.599	15.9
588.791	16
588.983	16.1
589.174	16.2
589.366	16.4
589.558	16.5
589.75	16.6
589.942	16.8
590.134	16.9
590.326	17
590.518	17.2
590.71	17.3
590.902	17.4
591.094	17.6
591.286	17.7
591.478	17.8
591.67	18
591.862	18.1
592.054	18.3
592.246	18.4
592.439	18.5
592.631	18.7
592.823	18.8
593.016	19
593.208	19.1
593.4	19.3
593.593	19.4
593.785	19.6
593.978	19.7
594.17	19.9
594.363	20
594.555	20.2
594.748	20.3
594.94	20.5
595.133	20.7
595.326	20.8
595.518	21
595.711	21.1
595.904	21.3
596.096	21.4
596.289	21.6
596.482	21.8
596.675	21.9
596.868	22.1
597.061	22.2
597.254	22.4
597.447	22.6
597.64	22.7
597.833	22.9
598.026	23.1
598.219	23.2
598.412	23.4
598.605	23.6
598.798	23.7
598.991	23.9
599.184	24.1
599.378	24.2
599.571	24.4
599.764	24.6
599.957	24.8
600.151	24.9
600.344	25.1
600.538	25.3
600.731	25.4
600.924	25.6
601.118	25.8
601.311	25.9
601.505	26.1
601.698	26.3
601.892	26.4
602.086	26.6
602.279	26.8
602.473	26.9
602.667	27.1
602.86	27.3
603.054	27.4
603.248	27.6
603.442	27.8
603.635	28
603.829	28.1
604.023	28.3
604.217	28.4
604.411	28.6
604.605	28.8
604.799	28.9
604.993	29.1
605.187	29.2
605.381	29.4
605.575	29.6
605.769	29.7
605.963	29.9
606.157	30
606.352	30.2
606.546	30.4
606.74	30.5
606.934	30.7
607.129	30.8
607.323	31
607.517	31.1
607.712	31.3
607.906	31.4
608.1	31.6
608.295	31.7
608.489	31.9
608.684	32
608.878	32.2
609.073	32.3
609.267	32.4
609.462	32.6
609.657	32.7
609.851	32.9
610.046	33
610.241	33.1
610.435	33.3
610.63	33.4
610.825	33.5
611.02	33.7
611.215	33.8
611.41	33.9
611.604	34
611.799	34.2
611.994	34.3
612.189	34.4
612.384	34.5
612.579	34.7
612.774	34.8
612.969	34.9
613.164	35
613.359	35.2
613.555	35.3
613.75	35.4
613.945	35.5
614.14	35.6
614.335	35.7
614.531	35.8
614.726	35.9
614.921	36
615.117	36.1
615.312	36.2
615.507	36.3
615.703	36.4
615.898	36.5
616.094	36.6
616.289	36.7
616.485	36.8
616.68	36.9
616.876	37
617.071	37.1
617.267	37.2
617.463	37.3
617.658	37.4
617.854	37.5
618.05	37.6
618.245	37.7
618.441	37.8
618.637	37.8
618.833	37.9
619.029	38
619.225	38.1
619.42	38.2
619.616	38.3
619.812	38.3
620.008	38.4
620.204	38.5
620.4	38.6
620.596	38.6
620.792	38.7
620.988	38.8
621.184	38.9
621.381	38.9
621.577	39
621.773	39.1
621.969	39.1
622.165	39.2
622.362	39.3
622.558	39.3
622.754	39.4
622.951	39.5
623.147	39.5
623.343	39.6
623.54	39.7
623.736	39.7
623.933	39.8
624.129	39.9
624.326	39.9
624.522	40
624.719	40
624.915	40.1
625.112	40.2
625.308	40.2
625.505	40.3
625.702	40.3
625.898	40.4
626.095	40.4
626.292	40.5
626.489	40.5
626.685	40.6
626.882	40.7
627.079	40.7
627.276	40.8
627.473	40.8
627.67	40.9
627.866	40.9
628.063	40.9
628.26	41
628.457	41
628.654	41.1
628.851	41.1
629.048	41.2
629.246	41.2
629.443	41.3
629.64	41.3
629.837	41.3
630.034	41.4
630.231	41.4
630.429	41.5
630.626	41.5
630.823	41.6
631.02	41.6
631.218	41.6
631.415	41.7
631.612	41.7
631.81	41.7
632.007	41.8
632.205	41.8
632.402	41.8
632.6	41.9
632.797	41.9
632.995	41.9
633.192	42
633.39	42
633.587	42
633.785	42.1
633.983	42.1
634.18	42.1
634.378	42.2
634.576	42.2
634.773	42.2
634.971	42.2
635.169	42.3
635.367	42.3
635.565	42.3
635.762	42.4
635.96	42.4
636.158	42.4
636.356	42.4
636.554	42.5
636.752	42.5
636.95	42.5
637.148	42.5
637.346	42.6
637.544	42.6
637.742	42.6
637.94	42.6
638.138	42.7
638.337	42.7
638.535	42.7
638.733	42.7
638.931	42.8
639.129	42.8
639.328	42.8
639.526	42.8
639.724	42.9
639.922	42.9
640.121	42.9
640.319	42.9
640.518	42.9
640.716	43
640.914	43
641.113	43
641.311	43
641.51	43
641.708	43.1
641.907	43.1
642.105	43.1
642.304	43.1
642.503	43.2
642.701	43.2
642.9	43.2
643.098	43.2
643.297	43.2
643.496	43.3
643.695	43.3
643.893	43.3
644.092	43.3
644.291	43.3
644.49	43.4
644.689	43.4
644.887	43.4
645.086	43.4
645.285	43.4
645.484	43.4
645.683	43.5
645.882	43.5
646.081	43.5
646.28	43.5
646.479	43.5
646.678	43.6
646.877	43.6
647.076	43.6
647.276	43.6
647.475	43.6
647.674	43.6
647.873	43.6
648.072	43.7
648.271	43.7
648.471	43.7
648.67	43.7
648.869	43.7
649.069	43.7
649.268	43.8
649.467	43.8
649.667	43.8
649.866	43.8
650.065	43.8
650.265	43.8
650.464	43.8
650.664	43.9
650.863	43.9
651.063	43.9
651.262	43.9
651.462	43.9
651.662	43.9
651.861	43.9
652.061	43.9
652.26	44
652.46	44
652.66	44
652.859	44
653.059	44
653.259	44
653.459	44
653.658	44
653.858	44.1
654.058	44.1
654.258	44.1
654.458	44.1
654.658	44.1
654.858	44.1
655.058	44.2
655.258	44.2
655.457	44.2
655.657	44.2
655.857	44.2
656.058	44.2
656.258	44.2
656.458	44.3
656.658	44.3
656.858	44.3
657.058	44.3
657.258	44.3
657.458	44.3
657.659	44.3
657.859	44.3
658.059	44.3
658.259	44.3
658.459	44.3
658.66	44.3
658.86	44.3
659.06	44.4
659.261	44.4
659.461	44.4
659.662	44.4
659.862	44.4
660.062	44.4
660.263	44.4
660.463	44.4
660.664	44.4
660.864	44.4
661.065	44.5
661.265	44.5
661.466	44.5
661.667	44.5
661.867	44.5
662.068	44.5
662.268	44.5
662.469	44.5
662.67	44.5
662.87	44.5
663.071	44.5
663.272	44.6
663.473	44.6
663.674	44.6
663.874	44.6
664.075	44.6
664.276	44.6
664.477	44.6
664.678	44.6
664.879	44.6
665.08	44.6
665.28	44.6
665.481	44.6
665.682	44.6
665.883	44.6
666.084	44.6
666.285	44.7
666.486	44.7
666.688	44.7
666.889	44.7
667.09	44.7
667.291	44.7
667.492	44.7
667.693	44.7
667.894	44.7
668.096	44.7
668.297	44.7
668.498	44.7
668.699	44.7
668.901	44.7
669.102	44.7
669.303	44.7
669.505	44.8
669.706	44.8
669.907	44.8
670.109	44.8
670.31	44.8
670.511	44.8
670.713	44.8
670.914	44.8
671.116	44.8
671.317	44.8
671.519	44.8
671.72	44.8
671.922	44.8
672.124	44.8
672.325	44.8
672.527	44.8
672.728	44.8
672.93	44.8
673.132	44.8
673.333	44.8
673.535	44.8
673.737	44.8
673.939	44.8
674.14	44.8
674.342	44.8
674.544	44.8
674.746	44.8
674.948	44.8
675.149	44.8
675.351	44.8
675.553	44.8
675.755	44.8
675.957	44.8
676.159	44.8
676.361	44.8
676.563	44.8
676.765	44.8
676.967	44.8
677.169	44.9
677.371	44.9
677.573	44.8
677.775	44.9
677.977	44.9
678.179	44.9
678.381	44.9
678.583	44.9
678.786	44.9
678.988	44.9
679.19	44.9
679.392	44.9
679.594	44.9
679.797	44.9
679.999	44.9
680.201	44.9
680.404	44.9
680.606	44.9
680.808	44.9
681.011	44.9
681.213	44.9
681.415	44.9
681.618	44.9
681.82	44.9
682.023	44.9
682.225	44.9
682.428	44.9
682.63	44.9
682.833	44.9
683.035	44.9
683.238	44.9
683.44	45
683.643	45
683.845	45
684.048	45
684.251	45
684.453	45
684.656	45
684.859	45
685.061	45
685.264	45
685.467	45
685.67	45
685.872	45.1
686.075	45.1
686.278	45.1
686.481	45.1
686.684	45.1
686.886	45.1
687.089	45.1
687.292	45.1
687.495	45.1
687.698	45.1
687.901	45.1
688.104	45.1
688.307	45.1
688.51	45.1
688.713	45.2
688.916	45.2
689.119	45.2
689.322	45.2
689.525	45.2
689.728	45.2
689.931	45.2
690.134	45.2
690.337	45.2
690.54	45.2
690.744	45.2
690.947	45.2
691.15	45.2
691.353	45.2
691.556	45.2
691.76	45.3
691.963	45.3
692.166	45.3
692.37	45.3
692.573	45.3
692.776	45.3
692.979	45.3
693.183	45.3
693.386	45.3
693.59	45.3
693.793	45.3
693.996	45.3
694.2	45.3
694.403	45.3
694.607	45.3
694.81	45.3
695.014	45.3
695.217	45.3
695.421	45.3
695.624	45.3
695.828	45.3
696.031	45.3
696.235	45.3
696.439	45.3
696.642	45.3
696.846	45.3
697.049	45.3
697.253	45.3
697.457	45.3
697.661	45.3
697.864	45.4
698.068	45.4
698.272	45.4
698.475	45.4
698.679	45.4
698.883	45.4
699.087	45.4
699.291	45.4
699.494	45.4
699.698	45.4
699.902	45.4
700.106	45.4
700.31	45.4
700.514	45.4
700.718	45.4
700.922	45.4
701.126	45.4
701.33	45.4
701.534	45.4
701.738	45.5
701.942	45.5
702.146	45.5
702.35	45.5
702.554	45.5
702.758	45.5
702.962	45.5
703.166	45.5
703.37	45.5
703.574	45.5
703.778	45.5
703.983	45.5
704.187	45.5
704.391	45.6
704.595	45.6
704.799	45.6
705.004	45.6
705.208	45.6
705.412	45.6
705.616	45.6
705.821	45.6
706.025	45.6
706.229	45.6
706.434	45.6
706.638	45.6
706.842	45.6
707.047	45.6
707.251	45.6
707.455	45.6
707.66	45.6
707.864	45.6
708.069	45.6
708.273	45.6
708.478	45.6
708.682	45.7
708.887	45.7
709.091	45.7
709.296	45.7
709.5	45.7
709.705	45.7
709.909	45.7
710.114	45.7
710.319	45.7
710.523	45.7
710.728	45.7
710.932	45.7
711.137	45.7
711.342	45.7
711.546	45.7
711.751	45.7
711.956	45.7
712.161	45.7
712.365	45.7
712.57	45.7
712.775	45.7
712.98	45.7
713.184	45.7
713.389	45.7
713.594	45.7
713.799	45.7
714.004	45.8
714.209	45.8
714.413	45.8
714.618	45.8
714.823	45.8
715.028	45.8
715.233	45.8
715.438	45.8
715.643	45.8
715.848	45.8
716.053	45.8
716.258	45.8
716.463	45.8
716.668	45.8
716.873	45.8
717.078	45.8
717.283	45.8
717.488	45.8
717.693	45.8
717.898	45.8
718.103	45.8
718.308	45.8
718.514	45.8
718.719	45.9
718.924	45.9
719.129	45.9
719.334	45.9
719.539	45.9
719.745	45.9
719.95	45.9
720.155	45.9
720.36	45.9
720.566	45.9
720.771	45.9
720.976	45.9
721.182	45.9
721.387	45.9
721.592	45.9
721.798	45.9
722.003	46
722.208	46
722.414	46
722.619	46
722.824	46
723.03	46
723.235	46
723.441	46
723.646	46
723.852	46
724.057	46
724.263	46
724.468	46
724.674	46
724.879	46
725.085	46
725.29	46
725.496	46
725.701	46
725.907	46.1
726.112	46.1
726.318	46.1
726.524	46.1
726.729	46.1
726.935	46.1
727.141	46.1
727.346	46.1
727.552	46.1
727.758	46.1
727.963	46.1
728.169	46.1
728.375	46.1
728.581	46.1
728.786	46.1
728.992	46.1
729.198	46.1
729.404	46.1
729.609	46.2
729.815	46.2
730.021	46.2
730.227	46.2
730.433	46.2
730.639	46.2
730.844	46.2
731.05	46.2
731.256	46.2
731.462	46.2
731.668	46.2
731.874	46.2
732.08	46.2
732.286	46.2
732.492	46.2
732.698	46.2
732.904	46.3
733.11	46.3
733.316	46.3
733.522	46.3
733.728	46.3
733.934	46.3
734.14	46.3
734.346	46.3
734.552	46.3
734.758	46.3
734.964	46.3
735.17	46.3
735.376	46.3
735.583	46.3
735.789	46.3
735.995	46.3
736.201	46.3
736.407	46.4
736.613	46.4
736.819	46.4
737.026	46.4
737.232	46.4
737.438	46.4
737.644	46.4
737.851	46.4
738.057	46.4
738.263	46.4
738.469	46.4
738.676	46.4
738.882	46.4
739.088	46.4
739.295	46.4
739.501	46.4
739.707	46.4
739.914	46.4
740.12	46.4
740.326	46.4
740.533	46.4
740.739	46.4
740.946	46.4
741.152	46.4
741.358	46.4
741.565	46.4
741.771	46.4
741.978	46.4
742.184	46.4
742.391	46.4
742.597	46.4
742.804	46.4
743.01	46.5
743.217	46.5
743.423	46.5
743.63	46.5
743.836	46.5
744.043	46.5
744.249	46.5
744.456	46.5
744.663	46.5
744.869	46.5
745.076	46.5
745.282	46.5
745.489	46.5
745.696	46.5
745.902	46.5
746.109	46.5
746.316	46.5
746.522	46.5
746.729	46.5
746.936	46.5
747.142	46.5
747.349	46.5
747.556	46.5
747.762	46.5
747.969	46.5
748.176	46.5
748.383	46.5
748.589	46.5
748.796	46.6
749.003	46.6
749.21	46.6
749.417	46.6
749.623	46.6
749.83	46.6
750.037	46.6
750.244	46.6
750.451	46.6
750.658	46.6
750.865	46.6
751.071	46.6
751.278	46.6
751.485	46.6
751.692	46.6
751.899	46.6
752.106	46.7
752.313	46.7
752.52	46.7
752.727	46.7
752.934	46.7
753.141	46.7
753.348	46.7
753.555	46.7
753.762	46.8
753.969	46.8
754.176	46.7
754.383	46.7
754.59	46.8
754.797	46.8
755.004	46.8
755.211	46.8
755.418	46.8
755.625	46.8
755.832	46.8
756.039	46.8
756.246	46.8
756.453	46.8
756.66	46.8
756.868	46.8
757.075	46.8
757.282	46.8
757.489	46.8
757.696	46.8
757.903	46.8
758.111	46.8
758.318	46.8
758.525	46.9
758.732	46.9
758.939	46.9
759.147	46.9
759.354	46.9
759.561	46.9
759.768	46.9
759.976	46.9
760.183	46.9
760.39	46.9
760.597	46.9
760.805	46.9
761.012	46.9
761.219	46.9
761.426	46.9
761.634	46.9
761.841	46.9
762.048	46.9
762.256	46.9
762.463	46.9
762.67	46.9
762.878	46.9
763.085	47
763.293	47
763.5	47
763.707	47
763.915	47
764.122	47
764.33	47
764.537	47
764.744	47
764.952	47
765.159	47
765.367	47
765.574	47.1
765.782	47.1
765.989	47.1
766.197	47.1
766.404	47.1
766.612	47.1
766.819	47.1
767.027	47.1
767.234	47.1
767.442	47.1
767.649	47.1
767.857	47.1
768.064	47.1
768.272	47.1
768.479	47.1
768.687	47.1
768.895	47.1
769.102	47.1
769.31	47.1
769.517	47.1
769.725	47.2
769.933	47.2
770.14	47.2
770.348	47.2
770.555	47.2
770.763	47.2
770.971	47.2
771.178	47.2
771.386	47.2
771.594	47.2
771.801	47.2
772.009	47.2
772.217	47.2
772.424	47.2
772.632	47.2
772.84	47.2
773.047	47.2
773.255	47.2
773.463	47.2
773.671	47.2
773.878	47.2
774.086	47.3
774.294	47.3
774.502	47.3
774.709	47.3
774.917	47.3
775.125	47.3
775.333	47.3
775.54	47.3
775.748	47.3
775.956	47.3
776.164	47.3
776.371	47.3
776.579	47.4
776.787	47.4
776.995	47.4
777.203	47.4
777.41	47.4
777.618	47.4
777.826	47.4
778.034	47.4
778.242	47.4
778.45	47.4
778.657	47.4
778.865	47.4
779.073	47.4
779.281	47.4
779.489	47.4
779.697	47.5
779.905	47.5
780.112	47.5
780.32	47.5
780.528	47.5
780.736	47.5
780.944	47.5
781.152	47.5
781.36	47.5
781.568	47.6
781.776	47.6
781.984	47.6
782.191	47.6
782.399	47.6
782.607	47.6
782.815	47.6
783.023	47.6
783.231	47.6
783.439	47.6
783.647	47.6
783.855	47.7
784.063	47.7
784.271	47.6
784.479	47.6
784.687	47.6
784.895	47.7
785.103	47.7
785.311	47.7
785.519	47.7
785.727	47.7
785.935	47.7
786.143	47.7
786.351	47.7
786.559	47.7
786.767	47.7
786.975	47.7
787.183	47.7
787.391	47.7
787.599	47.8
787.807	47.8
788.015	47.8
788.223	47.8
788.431	47.8
788.639	47.8
788.847	47.8
789.055	47.8
789.263	47.8
789.471	47.9
789.679	47.9
789.887	47.9
790.095	47.9
790.303	47.9
790.511	47.9
790.719	47.9
790.927	47.9
791.135	47.9
791.343	47.9
791.551	47.9
791.76	47.9
791.968	47.9
792.176	47.9
792.384	47.9
792.592	47.9
792.8	47.9
793.008	47.9
793.216	48
793.424	48
793.632	48
793.84	48
794.048	48
794.256	48
794.465	48
794.673	48
794.881	48
795.089	48
795.297	48
795.505	48
795.713	48
795.921	48
796.129	48
796.337	48.1
796.546	48.1
796.754	48.1
796.962	48.1
797.17	48.1
797.378	48.1
797.586	48.1
797.794	48.1
798.002	48.1
798.21	48.1
798.419	48.1
798.627	48.1
798.835	48.1
799.043	48.1
799.251	48.1
799.459	48.1
799.667	48.2
799.875	48.2
800.083	48.2
800.292	48.2
800.5	48.2
800.708	48.2
800.916	48.3
801.124	48.3
801.332	48.3
801.54	48.3
801.748	48.3
801.957	48.3
802.165	48.3
802.373	48.3
802.581	48.3
802.789	48.3
802.997	48.4
803.205	48.4
803.414	48.4
803.622	48.4
803.83	48.4
804.038	48.4
804.246	48.4
804.454	48.4
804.662	48.4
804.87	48.4
805.079	48.4
805.287	48.4
805.495	48.4
805.703	48.5
805.911	48.5
806.119	48.5
806.327	48.5
806.535	48.5
806.743	48.5
806.952	48.5
807.16	48.5
807.368	48.5
807.576	48.5
807.784	48.5
807.992	48.5
808.2	48.5
808.408	48.5
808.617	48.6
808.825	48.6
809.033	48.6
809.241	48.6
809.449	48.6
809.657	48.6
809.865	48.6
810.073	48.6
810.281	48.6
810.49	48.6
810.698	48.6
810.906	48.6
811.114	48.6
811.322	48.6
811.53	48.6
811.738	48.6
811.946	48.6
812.154	48.6
812.362	48.6
812.57	48.7
812.779	48.7
812.987	48.7
813.195	48.7
813.403	48.7
813.611	48.7
813.819	48.7
814.027	48.7
814.235	48.7
814.443	48.7
814.651	48.7
814.859	48.7
815.067	48.7
815.275	48.8
815.484	48.8
815.692	48.7
815.9	48.7
816.108	48.7
816.316	48.7
816.524	48.8
816.732	48.8
816.94	48.7
817.148	48.7
817.356	48.7
817.564	48.7
817.772	48.8
817.98	48.8
818.188	48.8
818.397	48.8
818.605	48.8
818.813	48.8
819.021	48.8
819.229	48.8
819.437	48.8
819.645	48.8
819.853	48.9
820.061	48.9
820.269	48.9
820.477	48.9
820.685	48.9
820.893	48.9
821.102	48.9
821.31	48.9
821.518	48.9
821.726	48.9
821.934	48.9
822.142	48.9
822.35	49
822.558	49
822.766	49
822.974	49
823.182	49
823.39	49
823.599	49
823.807	49
824.015	49
824.223	49
824.431	49.1
824.639	49.1
824.847	49.1
825.055	49.1
825.263	49.1
825.472	49.1
825.68	49.2
825.888	49.2
826.096	49.2
826.304	49.2
826.512	49.2
826.72	49.2
826.928	49.2
827.137	49.2
827.345	49.2
827.553	49.2
827.761	49.2
827.969	49.2
828.177	49.2
828.385	49.3
828.594	49.3
828.802	49.3
829.01	49.3
829.218	49.3
829.426	49.3
829.634	49.3
829.843	49.3
830.051	49.3
830.259	49.3
830.467	49.3
830.675	49.3
830.883	49.3
831.092	49.3
831.3	49.3
831.508	49.4
831.716	49.4
831.924	49.4
832.133	49.4
832.341	49.5
832.549	49.5
832.757	49.5
832.966	49.5
833.174	49.5
833.382	49.5
833.59	49.5
833.799	49.5
834.007	49.5
834.215	49.5
834.423	49.5
834.632	49.5
834.84	49.5
835.048	49.5
835.256	49.5
835.465	49.5
835.673	49.5
835.881	49.5
836.09	49.5
836.298	49.6
836.506	49.6
836.715	49.6
836.923	49.6
837.131	49.6
837.34	49.6
837.548	49.6
837.756	49.6
837.965	49.6
838.173	49.6
838.381	49.6
838.59	49.6
838.798	49.6
839.006	49.6
839.215	49.6
839.423	49.6
839.632	49.6
839.84	49.6
840.048	49.6
840.257	49.6
840.465	49.6
840.674	49.6
840.882	49.6
841.091	49.6
841.299	49.6
841.508	49.6
841.716	49.6
841.924	49.6
842.133	49.6
842.341	49.6
842.55	49.7
842.758	49.7
842.967	49.7
843.175	49.7
843.384	49.7
843.593	49.7
843.801	49.7
844.01	49.7
844.218	49.8
844.427	49.8
844.635	49.8
844.844	49.8
845.052	49.8
845.261	49.8
845.47	49.8
845.678	49.8
845.887	49.9
846.095	49.9
846.304	49.9
846.513	49.9
846.721	50
846.93	50
847.139	50
847.347	50
847.556	50
847.765	50
847.973	50
848.182	50.1
848.391	50.1
848.6	50.1
848.808	50.1
849.017	50.1
849.226	50.1
849.435	50.1
849.643	50.1
849.852	50.1
850.061	50.1
850.27	50.2
850.478	50.2
850.687	50.2
850.896	50.2
851.105	50.2
851.314	50.2
851.523	50.2
851.731	50.2
851.94	50.2
852.149	50.2
852.358	50.2
852.567	50.3
852.776	50.3
852.985	50.3
853.194	50.3
853.403	50.3
853.612	50.3
853.821	50.3
854.03	50.3
854.239	50.3
854.447	50.3
854.656	50.3
854.865	50.3
855.075	50.3
855.284	50.3
855.493	50.3
855.702	50.3
855.911	50.3
856.12	50.3
856.329	50.3
856.538	50.3
856.747	50.3
856.956	50.4
857.165	50.4
857.374	50.4
857.584	50.4
857.793	50.4
858.002	50.4
858.211	50.4
858.42	50.5
858.629	50.5
858.839	50.5
859.048	50.5
859.257	50.5
859.466	50.5
859.676	50.5
859.885	50.5
860.094	50.5
860.304	50.5
860.513	50.6
860.722	50.6
860.932	50.5
861.141	50.5
861.35	50.5
861.56	50.6
861.769	50.6
861.978	50.6
862.188	50.6
862.397	50.6
862.607	50.6
862.816	50.7
863.026	50.7
863.235	50.7
863.445	50.7
863.654	50.7
863.864	50.7
864.073	50.7
864.283	50.7
864.492	50.7
864.702	50.7
864.911	50.8
865.121	50.8
865.33	50.8
865.54	50.8
865.75	50.8
865.959	50.8
866.169	50.8
866.379	50.8
866.588	50.8
866.798	50.8
867.008	50.8
867.218	50.8
867.427	50.8
867.637	50.8
867.847	50.9
868.057	50.9
868.266	50.9
868.476	50.9
868.686	50.9
868.896	50.9
869.106	51
869.316	51
869.525	51
869.735	51
869.945	51
870.155	51
870.365	51
870.575	51
870.785	51.1
870.995	51.1
871.205	51.1
871.415	51.1
871.625	51.1
871.835	51.1
872.045	51.1
872.255	51.1
872.465	51.1
872.675	51.1
872.886	51.1
873.096	51.2
873.306	51.2
873.516	51.2
873.726	51.2
873.936	51.2
874.147	51.2
874.357	51.2
874.567	51.2
874.777	51.2
874.988	51.2
875.198	51.2
875.408	51.2
875.619	51.2
875.829	51.2
876.039	51.2
876.25	51.2
876.46	51.3
876.67	51.3
876.881	51.3
877.091	51.3
877.302	51.2
877.512	51.2
877.723	51.2
877.933	51.2
878.144	51.2
878.354	51.2
878.565	51.2
878.775	51.2
878.986	51.1
879.197	51.1
879.407	51.1
879.618	51.1
879.829	51
880.039	51
880.25	51
880.461	51
880.671	51
880.882	51
881.093	51
881.304	51
881.515	51
881.725	51
881.936	51
882.147	51
882.358	51
882.569	51
882.78	51
882.991	51.1
883.202	51.1
883.413	51.1
883.624	51.1
883.835	51.1
884.046	51.1
884.257	51.1
884.468	51.2
884.679	51.2
884.89	51.2
885.101	51.2
885.312	51.2
885.523	51.2
885.735	51.2
885.946	51.2
886.157	51.2
886.368	51.3
886.579	51.3
886.791	51.3
887.002	51.3
887.213	51.4
887.425	51.4
887.636	51.5
887.847	51.5
888.059	51.5
888.27	51.6
888.481	51.6
888.693	51.7
888.904	51.7
889.116	51.7
889.327	51.7
889.539	51.7
889.75	51.7
889.962	51.8
890.174	51.8
890.385	51.8
890.597	51.8
890.808	51.9
891.02	51.9
891.232	51.9
891.444	51.9
891.655	51.9
891.867	51.9
892.079	51.9
892.291	51.9
892.502	51.9
892.714	51.9
892.926	51.9
893.138	51.9
893.35	51.9
893.562	51.9
893.774	52
893.986	52
894.198	52
894.41	52
894.622	52
894.834	52
895.046	52
895.258	52
895.47	52
895.682	52
895.894	52
896.106	52
896.319	52
896.531	52
896.743	52
896.955	52
897.168	52
897.38	52.1
897.592	52.1
897.805	52.1
898.017	52.1
898.229	52.1
898.442	52.1
898.654	52.1
898.867	52.1
899.079	52.1
899.292	52.1
899.504	52.1
899.717	52.1
899.929	52.1
900.142	52.2
900.355	52.2
900.567	52.2
900.78	52.2
900.993	52.1
901.205	52.2
901.418	52.1
901.631	52.1
901.844	52.1
902.056	52.1
902.269	52.1
902.482	52.1
902.695	52
902.908	52
903.121	52
903.334	52
903.547	52
903.76	52
903.973	52
904.186	52
904.399	52
904.612	52
904.825	52
905.038	52.1
905.251	52.1
905.465	52
905.678	52
905.891	52
906.104	52
906.318	52
906.531	52
906.744	52.1
906.958	52.1
907.171	52.1
907.384	52.1
907.598	52.1
907.811	52.1
908.025	52.1
908.238	52.1
908.452	52.1
908.665	52.1
908.879	52.1
909.093	52.1
909.306	52.1
909.52	52.1
909.734	52.1
909.947	52.1
910.161	52.1
910.375	52.1
910.589	52.1
910.803	52.2
911.016	52.2
911.23	52.2
911.444	52.2
911.658	52.2
911.872	52.3
912.086	52.3
912.3	52.3
912.514	52.3
912.728	52.3
912.942	52.3
913.156	52.3
913.37	52.3
913.585	52.3
913.799	52.3
914.013	52.3
914.227	52.4
914.442	52.4
914.656	52.4
914.87	52.4
915.084	52.4
915.299	52.5
915.513	52.5
915.728	52.5
915.942	52.5
916.157	52.5
916.371	52.5
916.586	52.5
916.8	52.5
917.015	52.5
917.229	52.5
917.444	52.5
917.659	52.5
917.874	52.5
918.088	52.6
918.303	52.6
918.518	52.6
918.733	52.6
918.947	52.6
919.162	52.6
919.377	52.6
919.592	52.6
919.807	52.6
920.022	52.6
920.237	52.6
920.452	52.6
920.667	52.6
920.882	52.6
921.097	52.6
921.313	52.6
921.528	52.6
921.743	52.6
921.958	52.7
922.174	52.6
922.389	52.6
922.604	52.6
922.82	52.6
923.035	52.6
923.25	52.6
923.466	52.6
923.681	52.6
923.897	52.6
924.112	52.6
924.328	52.6
924.544	52.6
924.759	52.6
924.975	52.6
925.19	52.7
925.406	52.7
925.622	52.7
925.838	52.7
926.054	52.7
926.269	52.7
926.485	52.8
926.701	52.7
926.917	52.7
927.133	52.7
927.349	52.7
927.565	52.7
927.781	52.8
927.997	52.8
928.213	52.8
928.429	52.8
928.646	52.8
928.862	52.8
929.078	52.9
929.294	52.9
929.511	53
929.727	53
929.943	53
930.16	53.1
930.376	53.1
930.592	53.1
930.809	53.2
931.025	53.2
931.242	53.2
931.459	53.3
931.675	53.3
931.892	53.3
932.108	53.4
932.325	53.4
932.542	53.4
932.759	53.4
932.975	53.5
933.192	53.5
933.409	53.4
933.626	53.4
933.843	53.4
934.06	53.4
934.277	53.3
934.494	53.3
934.711	53.3
934.928	53.3
935.145	53.2
935.362	53.2
935.58	53.1
935.797	53.1
936.014	53
936.231	53
936.449	52.9
936.666	52.8
936.883	52.8
937.101	52.7
937.318	52.6
937.536	52.6
937.753	52.6
937.971	52.5
938.188	52.4
938.406	52.2
938.624	52.2
938.841	52.2
939.059	52.2
939.277	52.1
939.494	52.1
939.712	52
939.93	52
