360.161	15
360.333	14.9
360.504	14.8
360.676	14.7
360.847	14.7
361.019	14.7
361.19	14.7
361.361	14.7
361.533	14.7
361.704	14.6
361.876	14.5
362.047	14.5
362.219	14.4
362.391	14.4
362.562	14.4
362.734	14.3
362.905	14.3
363.077	14.3
363.248	14.3
363.42	14.3
363.592	14.2
363.763	14.1
363.935	14.1
364.106	14.1
364.278	14.1
364.45	14
364.621	13.9
364.793	13.8
364.965	13.8
365.137	13.8
365.308	13.7
365.48	13.7
365.652	13.7
365.824	13.6
365.995	13.5
366.167	13.5
366.339	13.5
366.511	13.5
366.683	13.5
366.854	13.4
367.026	13.4
367.198	13.4
367.37	13.3
367.542	13.3
367.714	13.3
367.886	13.2
368.058	13.2
368.23	13.1
368.402	13.1
368.574	13
368.746	13
368.918	12.9
369.09	12.9
369.262	12.8
369.434	12.7
369.606	12.6
369.778	12.6
369.95	12.5
370.122	12.5
370.294	12.4
370.467	12.3
370.639	12.3
370.811	12.3
370.983	12.3
371.155	12.2
371.328	12.1
371.5	12.2
371.672	12.2
371.844	12.1
372.017	12.1
372.189	12
372.361	12
372.534	11.9
372.706	11.9
372.878	11.8
373.051	11.8
373.223	11.7
373.396	11.7
373.568	11.6
373.741	11.6
373.913	11.6
374.086	11.5
374.258	11.5
374.431	11.5
374.603	11.5
374.776	11.4
374.949	11.3
375.121	11.3
375.294	11.3
375.467	11.3
375.639	11.2
375.812	11.1
375.985	11.2
376.157	11.2
376.33	11.1
376.503	11.1
376.676	11.1
376.849	11.1
377.021	11
377.194	11
377.367	11
377.54	11
377.713	11
377.886	10.9
378.059	10.9
378.232	10.9
378.405	10.9
378.578	10.9
378.751	10.9
378.924	10.9
379.097	10.9
379.27	10.8
379.444	10.8
379.617	10.8
379.79	10.8
379.963	10.7
380.136	10.7
380.31	10.7
380.483	10.6
380.656	10.6
380.829	10.6
381.003	10.6
381.176	10.5
381.35	10.5
381.523	10.5
381.696	10.5
381.87	10.5
382.043	10.5
382.217	10.4
382.39	10.4
382.564	10.4
382.738	10.4
382.911	10.4
383.085	10.3
383.258	10.3
383.432	10.3
383.606	10.3
383.779	10.3
383.953	10.3
384.127	10.3
384.301	10.3
384.475	10.2
384.648	10.2
384.822	10.2
384.996	10.2
385.17	10.1
385.344	10.1
385.518	10.1
385.692	10.1
385.866	10.1
386.04	10
386.214	10
386.388	10
386.562	10
386.737	9.9
386.911	9.9
387.085	9.9
387.259	9.9
387.434	9.9
387.608	9.9
387.782	9.9
387.956	9.9
388.131	9.9
388.305	9.9
388.48	9.9
388.654	9.9
388.829	9.8
389.003	9.8
389.178	9.8
389.352	9.8
389.527	9.8
389.701	9.8
389.876	9.8
390.051	9.8
390.226	9.8
390.4	9.8
390.575	9.8
390.75	9.8
390.925	9.8
391.099	9.8
391.274	9.8
391.449	9.8
391.624	9.8
391.799	9.8
391.974	9.8
392.149	9.7
392.324	9.7
392.499	9.7
392.675	9.7
392.85	9.7
393.025	9.7
393.2	9.7
393.375	9.7
393.551	9.7
393.726	9.7
393.901	9.7
394.077	9.7
394.252	9.6
394.427	9.6
394.603	9.6
394.778	9.6
394.954	9.6
395.129	9.6
395.305	9.6
395.481	9.6
395.656	9.6
395.832	9.6
396.008	9.6
396.184	9.6
396.359	9.6
396.535	9.6
396.711	9.6
396.887	9.5
397.063	9.5
397.239	9.5
397.415	9.5
397.591	9.5
397.767	9.5
397.943	9.5
398.119	9.5
398.295	9.4
398.471	9.4
398.648	9.4
398.824	9.4
399	9.4
399.176	9.5
399.353	9.5
399.529	9.5
399.706	9.5
399.882	9.5
400.058	9.5
400.235	9.5
400.412	9.5
400.588	9.4
400.765	9.5
400.942	9.5
401.118	9.5
401.295	9.5
401.472	9.5
401.649	9.4
401.825	9.4
402.002	9.4
402.179	9.5
402.356	9.4
402.533	9.4
402.71	9.4
402.887	9.4
403.064	9.4
403.242	9.4
403.419	9.4
403.596	9.4
403.773	9.4
403.95	9.4
404.128	9.4
404.305	9.4
404.483	9.4
404.66	9.4
404.837	9.4
405.015	9.4
405.193	9.4
405.37	9.4
405.548	9.4
405.725	9.3
405.903	9.3
406.081	9.3
406.259	9.3
406.437	9.3
406.614	9.3
406.792	9.3
406.97	9.3
407.148	9.2
407.326	9.2
407.504	9.2
407.682	9.2
407.86	9.2
408.039	9.2
408.217	9.2
408.395	9.2
408.573	9.2
408.751	9.2
408.93	9.2
409.108	9.2
409.287	9.2
409.465	9.2
409.643	9.2
409.822	9.2
410	9.2
410.179	9.2
410.358	9.2
410.536	9.2
410.715	9.2
410.894	9.2
411.072	9.1
411.251	9.2
411.43	9.2
411.609	9.2
411.788	9.1
411.967	9.1
412.146	9.1
412.325	9.1
412.504	9.1
412.683	9.1
412.862	9.1
413.041	9.1
413.22	9.1
413.399	9.1
413.578	9.1
413.758	9.1
413.937	9.1
414.116	9.1
414.296	9.1
414.475	9.2
414.654	9.1
414.834	9.2
415.013	9.2
415.193	9.2
415.372	9.1
415.552	9.1
415.732	9.1
415.911	9.2
416.091	9.2
416.271	9.2
416.45	9.2
416.63	9.2
416.81	9.2
416.99	9.2
417.169	9.2
417.349	9.2
417.529	9.2
417.709	9.2
417.889	9.2
418.069	9.2
418.249	9.2
418.429	9.2
418.609	9.2
418.789	9.2
418.97	9.2
419.15	9.2
419.33	9.2
419.51	9.2
419.691	9.2
419.871	9.2
420.051	9.2
420.232	9.2
420.412	9.1
420.592	9.2
420.773	9.2
420.953	9.2
421.134	9.2
421.314	9.1
421.495	9.1
421.675	9.1
421.856	9.1
422.037	9.1
422.217	9.1
422.398	9.1
422.579	9.1
422.76	9.1
422.94	9.1
423.121	9.1
423.302	9.1
423.483	9.1
423.664	9.1
423.845	9.1
424.026	9.1
424.207	9.1
424.388	9.1
424.569	9.1
424.75	9.1
424.931	9.1
425.112	9.1
425.293	9.1
425.474	9.1
425.655	9.1
425.837	9.1
426.018	9.1
426.199	9.1
426.38	9.1
426.562	9.1
426.743	9.1
426.924	9.1
427.106	9
427.287	9.1
427.469	9.1
427.65	9.1
427.832	9.1
428.013	9.1
428.195	9.1
428.376	9.1
428.558	9
428.739	9
428.921	9
429.103	9
429.284	9
429.466	9
429.648	9
429.83	9
430.011	9
430.193	9
430.375	9
430.557	9
430.739	9
430.921	9
431.102	9
431.284	9
431.466	9
431.648	9
431.83	9
432.012	9
432.194	9
432.377	9
432.559	9
432.741	9
432.923	9
433.105	9
433.287	9
433.469	9
433.652	9
433.834	9
434.016	9
434.198	9
434.381	9
434.563	9
434.745	9
434.928	9
435.11	8.9
435.293	8.9
435.475	8.9
435.658	8.9
435.84	8.9
436.022	8.9
436.205	9
436.388	9
436.57	9
436.753	8.9
436.935	8.9
437.118	8.9
437.301	9
437.483	9
437.666	8.9
437.849	8.9
438.031	8.9
438.214	8.9
438.397	8.9
438.58	8.9
438.762	8.9
438.945	8.9
439.128	9
439.311	9
439.494	9
439.677	9
439.859	9
440.042	9
440.225	9
440.408	9
440.591	9
440.774	9
440.957	9
441.14	9
441.323	9
441.507	9
441.69	9
441.873	9
442.056	9
442.239	9
442.422	9
442.605	9
442.789	9
442.972	9
443.155	9
443.338	8.9
443.522	8.9
443.705	8.9
443.888	8.9
444.072	8.9
444.255	8.9
444.438	8.9
444.622	8.9
444.805	8.9
444.989	8.9
445.172	8.9
445.356	8.9
445.539	8.9
445.723	8.9
445.906	8.9
446.09	8.9
446.273	8.9
446.457	8.9
446.64	8.9
446.824	8.9
447.008	8.9
447.191	8.9
447.375	8.9
447.559	8.9
447.742	8.9
447.926	8.9
448.11	8.9
448.293	8.9
448.477	8.9
448.661	8.9
448.845	8.9
449.029	8.9
449.212	8.9
449.396	8.9
449.58	8.9
449.764	8.9
449.948	8.9
450.132	8.9
450.316	8.9
450.5	8.9
450.684	8.9
450.868	8.9
451.052	8.9
451.236	8.9
451.42	8.9
451.604	8.9
451.788	8.8
451.972	8.8
452.156	8.8
452.34	8.8
452.525	8.8
452.709	8.8
452.893	8.8
453.077	8.8
453.261	8.8
453.446	8.8
453.63	8.8
453.814	8.8
453.998	8.8
454.183	8.8
454.367	8.8
454.551	8.8
454.736	8.8
454.92	8.8
455.104	8.8
455.289	8.8
455.473	8.8
455.658	8.8
455.842	8.8
456.026	8.8
456.211	8.8
456.395	8.8
456.58	8.8
456.764	8.8
456.949	8.8
457.134	8.8
457.318	8.8
457.503	8.8
457.687	8.8
457.872	8.8
458.057	8.8
458.241	8.8
458.426	8.8
458.611	8.8
458.795	8.8
458.98	8.8
459.165	8.8
459.349	8.8
459.534	8.8
459.719	8.8
459.904	8.8
460.088	8.8
460.273	8.8
460.458	8.8
460.643	8.8
460.828	8.8
461.013	8.8
461.198	8.8
461.382	8.8
461.567	8.8
461.752	8.8
461.937	8.8
462.122	8.8
462.307	8.8
462.492	8.8
462.677	8.8
462.862	8.8
463.047	8.8
463.232	8.8
463.417	8.8
463.602	8.8
463.788	8.8
463.973	8.8
464.158	8.8
464.343	8.8
464.528	8.8
464.713	8.8
464.898	8.8
465.084	8.8
465.269	8.8
465.454	8.8
465.639	8.8
465.824	8.8
466.01	8.8
466.195	8.8
466.38	8.8
466.566	8.8
466.751	8.8
466.936	8.8
467.122	8.8
467.307	8.8
467.492	8.8
467.678	8.8
467.863	8.8
468.048	8.8
468.234	8.8
468.419	8.8
468.605	8.8
468.79	8.7
468.976	8.7
469.161	8.7
469.347	8.7
469.532	8.7
469.718	8.7
469.903	8.7
470.089	8.7
470.274	8.7
470.46	8.7
470.646	8.7
470.831	8.7
471.017	8.7
471.202	8.7
471.388	8.7
471.574	8.7
471.759	8.7
471.945	8.7
472.131	8.7
472.317	8.7
472.502	8.7
472.688	8.7
472.874	8.7
473.059	8.7
473.245	8.7
473.431	8.7
473.617	8.7
473.803	8.7
473.988	8.7
474.174	8.7
474.36	8.8
474.546	8.8
474.732	8.8
474.918	8.8
475.104	8.8
475.29	8.8
475.475	8.8
475.661	8.8
475.847	8.8
476.033	8.8
476.219	8.8
476.405	8.8
476.591	8.8
476.777	8.8
476.963	8.8
477.149	8.8
477.335	8.8
477.521	8.8
477.707	8.8
477.893	8.8
478.08	8.8
478.266	8.8
478.452	8.8
478.638	8.8
478.824	8.8
479.01	8.8
479.196	8.8
479.382	8.8
479.569	8.8
479.755	8.8
479.941	8.8
480.127	8.8
480.313	8.8
480.5	8.8
480.686	8.8
480.872	8.8
481.058	8.8
481.245	8.8
481.431	8.8
481.617	8.8
481.803	8.8
481.99	8.8
482.176	8.8
482.362	8.8
482.549	8.8
482.735	8.8
482.921	8.8
483.108	8.8
483.294	8.8
483.481	8.8
483.667	8.8
483.853	8.8
484.04	8.8
484.226	8.8
484.413	8.8
484.599	8.8
484.786	8.8
484.972	8.8
485.159	8.8
485.345	8.8
485.532	8.8
485.718	8.8
485.905	8.8
486.091	8.8
486.278	8.8
486.464	8.8
486.651	8.8
486.837	8.8
487.024	8.8
487.211	8.8
487.397	8.9
487.584	8.9
487.77	8.9
487.957	8.9
488.144	8.9
488.33	8.9
488.517	8.9
488.704	8.9
488.89	8.9
489.077	8.9
489.264	8.9
489.45	8.9
489.637	8.9
489.824	8.9
490.01	8.9
490.197	8.9
490.384	8.9
490.571	8.9
490.757	8.9
490.944	8.9
491.131	8.9
491.318	8.9
491.505	8.9
491.691	8.9
491.878	8.9
492.065	8.9
492.252	8.9
492.439	8.9
492.626	8.9
492.812	8.9
492.999	8.9
493.186	8.9
493.373	8.9
493.56	8.9
493.747	8.9
493.934	8.9
494.121	8.9
494.308	8.9
494.494	8.9
494.681	8.9
494.868	8.9
495.055	8.9
495.242	8.9
495.429	8.9
495.616	8.9
495.803	8.9
495.99	8.9
496.177	8.9
496.364	8.9
496.551	8.9
496.738	8.9
496.925	8.9
497.112	8.9
497.299	8.9
497.486	8.9
497.673	8.9
497.861	8.9
498.048	8.9
498.235	8.9
498.422	8.9
498.609	8.9
498.796	8.9
498.983	8.9
499.17	8.9
499.357	8.9
499.544	8.9
499.732	8.9
499.919	8.9
500.106	8.9
500.293	8.9
500.48	8.9
500.667	8.9
500.855	8.9
501.042	8.9
501.229	8.9
501.416	9
501.603	8.9
501.791	9
501.978	9
502.165	9
502.352	9
502.54	9
502.727	9
502.914	9
503.101	9
503.289	9
503.476	9
503.663	9
503.85	9
504.038	9
504.225	9
504.412	9
504.6	9
504.787	9
504.974	9
505.161	9
505.349	9
505.536	9
505.723	9
505.911	9
506.098	9
506.286	9
506.473	9
506.66	9
506.848	9
507.035	9
507.222	9
507.41	9
507.597	9.1
507.785	9.1
507.972	9.1
508.159	9.1
508.347	9.1
508.534	9.1
508.722	9.1
508.909	9.1
509.097	9.1
509.284	9.1
509.471	9.1
509.659	9.1
509.846	9.1
510.034	9.1
510.221	9.1
510.409	9.1
510.596	9.1
510.784	9.1
510.971	9.1
511.159	9.1
511.346	9.1
511.534	9.1
511.721	9.1
511.909	9.1
512.096	9.1
512.284	9.1
512.471	9.1
512.659	9.1
512.846	9.1
513.034	9.1
513.221	9.1
513.409	9.1
513.596	9.1
513.784	9.1
513.972	9.2
514.159	9.2
514.347	9.2
514.534	9.2
514.722	9.2
514.909	9.2
515.097	9.2
515.285	9.2
515.472	9.2
515.66	9.2
515.847	9.2
516.035	9.2
516.222	9.2
516.41	9.2
516.598	9.2
516.785	9.2
516.973	9.2
517.161	9.2
517.348	9.2
517.536	9.2
517.723	9.2
517.911	9.3
518.099	9.3
518.286	9.3
518.474	9.3
518.662	9.3
518.849	9.3
519.037	9.3
519.225	9.3
519.412	9.3
519.6	9.3
519.787	9.3
519.975	9.3
520.163	9.3
520.35	9.3
520.538	9.3
520.726	9.3
520.914	9.3
521.101	9.3
521.289	9.3
521.477	9.3
521.664	9.3
521.852	9.3
522.04	9.3
522.227	9.4
522.415	9.4
522.603	9.4
522.79	9.4
522.978	9.4
523.166	9.4
523.354	9.4
523.541	9.4
523.729	9.4
523.917	9.4
524.104	9.4
524.292	9.4
524.48	9.4
524.668	9.4
524.855	9.4
525.043	9.4
525.231	9.4
525.418	9.4
525.606	9.4
525.794	9.5
525.982	9.5
526.169	9.5
526.357	9.5
526.545	9.5
526.733	9.5
526.92	9.5
527.108	9.5
527.296	9.5
527.484	9.5
527.671	9.5
527.859	9.5
528.047	9.5
528.235	9.6
528.422	9.6
528.61	9.6
528.798	9.6
528.986	9.6
529.173	9.6
529.361	9.6
529.549	9.6
529.737	9.6
529.924	9.6
530.112	9.6
530.3	9.6
530.488	9.6
530.675	9.6
530.863	9.6
531.051	9.7
531.239	9.7
531.426	9.7
531.614	9.7
531.802	9.7
531.99	9.7
532.177	9.7
532.365	9.7
532.553	9.7
532.741	9.7
532.928	9.7
533.116	9.8
533.304	9.8
533.492	9.8
533.679	9.8
533.867	9.8
534.055	9.8
534.243	9.8
534.431	9.8
534.618	9.8
534.806	9.8
534.994	9.9
535.182	9.9
535.369	9.9
535.557	9.9
535.745	9.9
535.933	9.9
536.12	9.9
536.308	9.9
536.496	9.9
536.684	9.9
536.871	10
537.059	10
537.247	10
537.435	10
537.622	10
537.81	10
537.998	10
538.186	10
538.373	10
538.561	10
538.749	10.1
538.937	10.1
539.124	10.1
539.312	10.1
539.5	10.1
539.688	10.1
539.875	10.1
540.063	10.1
540.251	10.1
540.439	10.1
540.626	10.1
540.814	10.2
541.002	10.2
541.19	10.2
541.377	10.2
541.565	10.2
541.753	10.2
541.941	10.2
542.128	10.2
542.316	10.2
542.504	10.2
542.691	10.3
542.879	10.3
543.067	10.3
543.255	10.3
543.442	10.3
543.63	10.3
543.818	10.3
544.005	10.3
544.193	10.3
544.381	10.3
544.568	10.4
544.756	10.4
544.944	10.4
545.132	10.4
545.319	10.4
545.507	10.4
545.695	10.4
545.882	10.4
546.07	10.5
546.258	10.5
546.445	10.5
546.633	10.5
546.821	10.5
547.008	10.5
547.196	10.5
547.384	10.6
547.571	10.6
547.759	10.6
547.947	10.6
548.134	10.6
548.322	10.6
548.51	10.6
548.697	10.6
548.885	10.7
549.073	10.7
549.26	10.7
549.448	10.7
549.636	10.7
549.823	10.7
550.011	10.7
550.199	10.8
550.386	10.8
550.574	10.8
550.762	10.8
550.949	10.8
551.137	10.8
551.325	10.9
551.512	10.9
551.7	10.9
551.888	10.9
552.075	10.9
552.263	11
552.451	11
552.639	11
552.826	11
553.014	11
553.202	11
553.389	11.1
553.577	11.1
553.765	11.1
553.953	11.1
554.14	11.1
554.328	11.2
554.516	11.2
554.704	11.2
554.891	11.2
555.079	11.2
555.267	11.3
555.455	11.3
555.643	11.3
555.83	11.3
556.018	11.4
556.206	11.4
556.394	11.4
556.582	11.4
556.77	11.5
556.957	11.5
557.145	11.5
557.333	11.5
557.521	11.6
557.709	11.6
557.897	11.6
558.085	11.6
558.273	11.7
558.461	11.7
558.649	11.7
558.837	11.7
559.025	11.8
559.213	11.8
559.4	11.8
559.588	11.8
559.777	11.9
559.965	11.9
560.153	11.9
560.341	12
560.529	12
560.717	12
560.905	12.1
561.093	12.1
561.281	12.1
561.469	12.2
561.657	12.2
561.845	12.2
562.034	12.2
562.222	12.3
562.41	12.3
562.598	12.4
562.786	12.4
562.975	12.4
563.163	12.5
563.351	12.5
563.539	12.5
563.728	12.5
563.916	12.6
564.104	12.6
564.293	12.7
564.481	12.7
564.67	12.7
564.858	12.8
565.046	12.8
565.235	12.9
565.423	12.9
565.612	12.9
565.8	13
565.989	13
566.177	13.1
566.366	13.1
566.554	13.1
566.743	13.2
566.932	13.2
567.12	13.3
567.309	13.3
567.497	13.4
567.686	13.4
567.875	13.5
568.064	13.5
568.252	13.6
568.441	13.6
568.63	13.7
568.819	13.7
569.007	13.7
569.196	13.8
569.385	13.8
569.574	13.9
569.763	13.9
569.952	14
570.141	14.1
570.33	14.1
570.519	14.2
570.708	14.2
570.897	14.3
571.086	14.3
571.275	14.4
571.464	14.4
571.653	14.5
571.843	14.6
572.032	14.6
572.221	14.7
572.41	14.7
572.599	14.8
572.789	14.9
572.978	14.9
573.167	15
573.357	15
573.546	15.1
573.736	15.2
573.925	15.2
574.115	15.3
574.304	15.4
574.494	15.4
574.683	15.5
574.873	15.6
575.062	15.6
575.252	15.7
575.442	15.8
575.631	15.9
575.821	15.9
576.011	16
576.201	16.1
576.39	16.2
576.58	16.2
576.77	16.3
576.96	16.4
577.15	16.5
577.34	16.6
577.53	16.7
577.72	16.7
577.91	16.8
578.1	16.9
578.29	17
578.48	17.1
578.67	17.2
578.861	17.2
579.051	17.3
579.241	17.4
579.431	17.5
579.622	17.6
579.812	17.7
580.002	17.8
580.193	17.9
580.383	18
580.574	18
580.764	18.1
580.955	18.2
581.145	18.3
581.336	18.4
581.526	18.5
581.717	18.6
581.908	18.7
582.098	18.8
582.289	18.9
582.48	19
582.671	19.1
582.862	19.3
583.052	19.4
583.243	19.5
583.434	19.6
583.625	19.7
583.816	19.8
584.007	19.9
584.198	20
584.389	20.1
584.58	20.3
584.771	20.4
584.962	20.5
585.154	20.6
585.345	20.7
585.536	20.8
585.727	21
585.918	21.1
586.11	21.2
586.301	21.3
586.492	21.5
586.684	21.6
586.875	21.7
587.067	21.9
587.258	22
587.45	22.1
587.641	22.3
587.833	22.4
588.024	22.6
588.216	22.7
588.408	22.8
588.599	23
588.791	23.1
588.983	23.2
589.174	23.4
589.366	23.5
589.558	23.7
589.75	23.8
589.942	24
590.134	24.1
590.326	24.3
590.518	24.4
590.71	24.6
590.902	24.7
591.094	24.9
591.286	25
591.478	25.2
591.67	25.3
591.862	25.5
592.054	25.7
592.246	25.8
592.439	26
592.631	26.1
592.823	26.3
593.016	26.5
593.208	26.6
593.4	26.8
593.593	26.9
593.785	27.1
593.978	27.3
594.17	27.5
594.363	27.6
594.555	27.8
594.748	28
594.94	28.1
595.133	28.3
595.326	28.5
595.518	28.6
595.711	28.8
595.904	29
596.096	29.2
596.289	29.3
596.482	29.5
596.675	29.7
596.868	29.9
597.061	30.1
597.254	30.2
597.447	30.4
597.64	30.6
597.833	30.8
598.026	30.9
598.219	31.1
598.412	31.3
598.605	31.5
598.798	31.7
598.991	31.8
599.184	32
599.378	32.2
599.571	32.4
599.764	32.6
599.957	32.8
600.151	32.9
600.344	33.1
600.538	33.3
600.731	33.5
600.924	33.7
601.118	33.9
601.311	34
601.505	34.2
601.698	34.4
601.892	34.6
602.086	34.8
602.279	34.9
602.473	35.1
602.667	35.3
602.86	35.5
603.054	35.6
603.248	35.8
603.442	36
603.635	36.2
603.829	36.4
604.023	36.5
604.217	36.7
604.411	36.9
604.605	37
604.799	37.2
604.993	37.4
605.187	37.5
605.381	37.7
605.575	37.9
605.769	38
605.963	38.2
606.157	38.4
606.352	38.5
606.546	38.7
606.74	38.9
606.934	39
607.129	39.2
607.323	39.3
607.517	39.5
607.712	39.6
607.906	39.8
608.1	39.9
608.295	40.1
608.489	40.3
608.684	40.4
608.878	40.5
609.073	40.7
609.267	40.8
609.462	41
609.657	41.1
609.851	41.3
610.046	41.4
610.241	41.5
610.435	41.7
610.63	41.8
610.825	41.9
611.02	42.1
611.215	42.2
611.41	42.3
611.604	42.4
611.799	42.5
611.994	42.7
612.189	42.8
612.384	42.9
612.579	43
612.774	43.1
612.969	43.3
613.164	43.4
613.359	43.5
613.555	43.6
613.75	43.7
613.945	43.8
614.14	43.9
614.335	44
614.531	44.1
614.726	44.2
614.921	44.3
615.117	44.4
615.312	44.5
615.507	44.6
615.703	44.7
615.898	44.8
616.094	44.9
616.289	45
616.485	45.1
616.68	45.2
616.876	45.3
617.071	45.3
617.267	45.4
617.463	45.5
617.658	45.6
617.854	45.7
618.05	45.8
618.245	45.8
618.441	45.9
618.637	46
618.833	46.1
619.029	46.1
619.225	46.2
619.42	46.3
619.616	46.3
619.812	46.4
620.008	46.5
620.204	46.6
620.4	46.6
620.596	46.7
620.792	46.8
620.988	46.8
621.184	46.9
621.381	47
621.577	47
621.773	47.1
621.969	47.1
622.165	47.2
622.362	47.3
622.558	47.3
622.754	47.4
622.951	47.4
623.147	47.5
623.343	47.6
623.54	47.6
623.736	47.7
623.933	47.7
624.129	47.8
624.326	47.8
624.522	47.9
624.719	47.9
624.915	48
625.112	48
625.308	48.1
625.505	48.1
625.702	48.2
625.898	48.2
626.095	48.2
626.292	48.3
626.489	48.3
626.685	48.4
626.882	48.4
627.079	48.5
627.276	48.5
627.473	48.5
627.67	48.6
627.866	48.6
628.063	48.7
628.26	48.7
628.457	48.8
628.654	48.8
628.851	48.8
629.048	48.9
629.246	48.9
629.443	48.9
629.64	49
629.837	49
630.034	49
630.231	49.1
630.429	49.1
630.626	49.1
630.823	49.2
631.02	49.2
631.218	49.2
631.415	49.3
631.612	49.3
631.81	49.3
632.007	49.4
632.205	49.4
632.402	49.4
632.6	49.4
632.797	49.5
632.995	49.5
633.192	49.5
633.39	49.5
633.587	49.6
633.785	49.6
633.983	49.6
634.18	49.7
634.378	49.7
634.576	49.7
634.773	49.7
634.971	49.8
635.169	49.8
635.367	49.8
635.565	49.8
635.762	49.9
635.96	49.9
636.158	49.9
636.356	49.9
636.554	50
636.752	50
636.95	50
637.148	50.1
637.346	50.1
637.544	50.1
637.742	50.1
637.94	50.1
638.138	50.2
638.337	50.2
638.535	50.2
638.733	50.2
638.931	50.3
639.129	50.3
639.328	50.3
639.526	50.3
639.724	50.3
639.922	50.3
640.121	50.4
640.319	50.4
640.518	50.4
640.716	50.4
640.914	50.5
641.113	50.5
641.311	50.5
641.51	50.6
641.708	50.6
641.907	50.6
642.105	50.6
642.304	50.7
642.503	50.7
642.701	50.7
642.9	50.7
643.098	50.7
643.297	50.8
643.496	50.8
643.695	50.8
643.893	50.8
644.092	50.8
644.291	50.9
644.49	50.9
644.689	50.9
644.887	50.9
645.086	50.9
645.285	50.9
645.484	51
645.683	51
645.882	51
646.081	51
646.28	51
646.479	51
646.678	51.1
646.877	51.1
647.076	51.1
647.276	51.1
647.475	51.1
647.674	51.2
647.873	51.2
648.072	51.2
648.271	51.2
648.471	51.2
648.67	51.2
648.869	51.3
649.069	51.3
649.268	51.3
649.467	51.3
649.667	51.3
649.866	51.3
650.065	51.3
650.265	51.4
650.464	51.4
650.664	51.4
650.863	51.4
651.063	51.4
651.262	51.4
651.462	51.4
651.662	51.5
651.861	51.5
652.061	51.5
652.26	51.5
652.46	51.5
652.66	51.5
652.859	51.5
653.059	51.5
653.259	51.5
653.459	51.6
653.658	51.6
653.858	51.6
654.058	51.6
654.258	51.6
654.458	51.6
654.658	51.6
654.858	51.7
655.058	51.7
655.258	51.7
655.457	51.7
655.657	51.7
655.857	51.7
656.058	51.7
656.258	51.7
656.458	51.8
656.658	51.8
656.858	51.8
657.058	51.8
657.258	51.8
657.458	51.8
657.659	51.8
657.859	51.9
658.059	51.9
658.259	51.9
658.459	51.9
658.66	51.9
658.86	51.9
659.06	51.9
659.261	51.9
659.461	51.9
659.662	52
659.862	52
660.062	52
660.263	52
660.463	52
660.664	52
660.864	52
661.065	52
661.265	52
661.466	52.1
661.667	52.1
661.867	52.1
662.068	52.1
662.268	52.1
662.469	52.1
662.67	52.1
662.87	52.1
663.071	52.1
663.272	52.1
663.473	52.1
663.674	52.2
663.874	52.2
664.075	52.2
664.276	52.2
664.477	52.2
664.678	52.2
664.879	52.2
665.08	52.2
665.28	52.2
665.481	52.2
665.682	52.2
665.883	52.2
666.084	52.2
666.285	52.2
666.486	52.2
666.688	52.2
666.889	52.3
667.09	52.3
667.291	52.3
667.492	52.3
667.693	52.3
667.894	52.3
668.096	52.3
668.297	52.3
668.498	52.3
668.699	52.3
668.901	52.3
669.102	52.3
669.303	52.3
669.505	52.4
669.706	52.4
669.907	52.4
670.109	52.4
670.31	52.4
670.511	52.4
670.713	52.4
670.914	52.4
671.116	52.4
671.317	52.4
671.519	52.4
671.72	52.4
671.922	52.4
672.124	52.4
672.325	52.4
672.527	52.4
672.728	52.4
672.93	52.5
673.132	52.5
673.333	52.5
673.535	52.5
673.737	52.5
673.939	52.5
674.14	52.5
674.342	52.5
674.544	52.5
674.746	52.5
674.948	52.5
675.149	52.5
675.351	52.5
675.553	52.5
675.755	52.6
675.957	52.6
676.159	52.6
676.361	52.6
676.563	52.6
676.765	52.6
676.967	52.6
677.169	52.6
677.371	52.6
677.573	52.6
677.775	52.6
677.977	52.6
678.179	52.6
678.381	52.6
678.583	52.6
678.786	52.7
678.988	52.7
679.19	52.7
679.392	52.7
679.594	52.7
679.797	52.7
679.999	52.7
680.201	52.7
680.404	52.7
680.606	52.7
680.808	52.7
681.011	52.7
681.213	52.7
681.415	52.7
681.618	52.8
681.82	52.8
682.023	52.8
682.225	52.8
682.428	52.8
682.63	52.8
682.833	52.8
683.035	52.8
683.238	52.8
683.44	52.8
683.643	52.8
683.845	52.8
684.048	52.9
684.251	52.9
684.453	52.9
684.656	52.9
684.859	52.9
685.061	52.9
685.264	52.9
685.467	52.9
685.67	52.9
685.872	53
686.075	53
686.278	53
686.481	53
686.684	53
686.886	53
687.089	53
687.292	53
687.495	53
687.698	53
687.901	53
688.104	53
688.307	53.1
688.51	53.1
688.713	53.1
688.916	53.1
689.119	53.1
689.322	53.1
689.525	53.1
689.728	53.1
689.931	53.1
690.134	53.1
690.337	53.1
690.54	53.1
690.744	53.2
690.947	53.2
691.15	53.2
691.353	53.2
691.556	53.2
691.76	53.2
691.963	53.2
692.166	53.3
692.37	53.3
692.573	53.3
692.776	53.3
692.979	53.3
693.183	53.3
693.386	53.3
693.59	53.3
693.793	53.3
693.996	53.3
694.2	53.3
694.403	53.4
694.607	53.4
694.81	53.4
695.014	53.4
695.217	53.4
695.421	53.4
695.624	53.4
695.828	53.5
696.031	53.5
696.235	53.5
696.439	53.5
696.642	53.5
696.846	53.5
697.049	53.5
697.253	53.5
697.457	53.5
697.661	53.5
697.864	53.6
698.068	53.6
698.272	53.6
698.475	53.6
698.679	53.6
698.883	53.6
699.087	53.6
699.291	53.6
699.494	53.6
699.698	53.6
699.902	53.6
700.106	53.6
700.31	53.6
700.514	53.6
700.718	53.6
700.922	53.7
701.126	53.7
701.33	53.7
701.534	53.7
701.738	53.7
701.942	53.7
702.146	53.7
702.35	53.7
702.554	53.7
702.758	53.6
702.962	53.6
703.166	53.6
703.37	53.6
703.574	53.6
703.778	53.7
703.983	53.7
704.187	53.7
704.391	53.7
704.595	53.7
704.799	53.7
705.004	53.7
705.208	53.7
705.412	53.7
705.616	53.7
705.821	53.7
706.025	53.7
706.229	53.7
706.434	53.7
706.638	53.7
706.842	53.8
707.047	53.8
707.251	53.8
707.455	53.8
707.66	53.8
707.864	53.8
708.069	53.8
708.273	53.8
708.478	53.8
708.682	53.8
708.887	53.8
709.091	53.8
709.296	53.8
709.5	53.9
709.705	53.9
709.909	53.9
710.114	53.9
710.319	53.9
710.523	53.9
710.728	53.9
710.932	53.9
711.137	53.9
711.342	54
711.546	54
711.751	54
711.956	54
712.161	54
712.365	54
712.57	54
712.775	54
712.98	54
713.184	54
713.389	54
713.594	54
713.799	54
714.004	54
714.209	54
714.413	54
714.618	54.1
714.823	54.1
715.028	54.1
715.233	54.1
715.438	54.1
715.643	54.1
715.848	54.1
716.053	54.1
716.258	54.1
716.463	54.1
716.668	54.1
716.873	54.1
717.078	54.1
717.283	54.1
717.488	54.1
717.693	54.1
717.898	54.1
718.103	54.1
718.308	54.1
718.514	54.1
718.719	54.1
718.924	54.2
719.129	54.2
719.334	54.2
719.539	54.2
719.745	54.2
719.95	54.2
720.155	54.2
720.36	54.2
720.566	54.2
720.771	54.2
720.976	54.2
721.182	54.2
721.387	54.2
721.592	54.3
721.798	54.3
722.003	54.3
722.208	54.3
722.414	54.3
722.619	54.3
722.824	54.3
723.03	54.3
723.235	54.3
723.441	54.3
723.646	54.3
723.852	54.3
724.057	54.3
724.263	54.4
724.468	54.4
724.674	54.4
724.879	54.4
725.085	54.4
725.29	54.4
725.496	54.4
725.701	54.4
725.907	54.4
726.112	54.4
726.318	54.4
726.524	54.5
726.729	54.5
726.935	54.5
727.141	54.5
727.346	54.5
727.552	54.5
727.758	54.5
727.963	54.5
728.169	54.5
728.375	54.5
728.581	54.5
728.786	54.5
728.992	54.6
729.198	54.6
729.404	54.6
729.609	54.6
729.815	54.6
730.021	54.6
730.227	54.6
730.433	54.6
730.639	54.6
730.844	54.6
731.05	54.6
731.256	54.6
731.462	54.7
731.668	54.7
731.874	54.7
732.08	54.7
732.286	54.7
732.492	54.7
732.698	54.7
732.904	54.7
733.11	54.7
733.316	54.7
733.522	54.7
733.728	54.7
733.934	54.8
734.14	54.8
734.346	54.8
734.552	54.8
734.758	54.8
734.964	54.8
735.17	54.8
735.376	54.8
735.583	54.8
735.789	54.8
735.995	54.8
736.201	54.8
736.407	54.8
736.613	54.9
736.819	54.9
737.026	54.9
737.232	54.9
737.438	54.9
737.644	54.9
737.851	54.9
738.057	54.9
738.263	54.9
738.469	55
738.676	55
738.882	55
739.088	55
739.295	55
739.501	55
739.707	55
739.914	55
740.12	55
740.326	55
740.533	55
740.739	55
740.946	55.1
741.152	55.1
741.358	55.1
741.565	55.1
741.771	55.1
741.978	55.1
742.184	55.1
742.391	55.1
742.597	55.1
742.804	55.1
743.01	55.2
743.217	55.2
743.423	55.2
743.63	55.2
743.836	55.2
744.043	55.2
744.249	55.2
744.456	55.2
744.663	55.2
744.869	55.2
745.076	55.2
745.282	55.2
745.489	55.2
745.696	55.3
745.902	55.3
746.109	55.3
746.316	55.3
746.522	55.3
746.729	55.3
746.936	55.3
747.142	55.3
747.349	55.4
747.556	55.4
747.762	55.4
747.969	55.4
748.176	55.4
748.383	55.4
748.589	55.4
748.796	55.4
749.003	55.4
749.21	55.4
749.417	55.4
749.623	55.4
749.83	55.4
750.037	55.5
750.244	55.5
750.451	55.5
750.658	55.5
750.865	55.5
751.071	55.5
751.278	55.5
751.485	55.5
751.692	55.5
751.899	55.5
752.106	55.5
752.313	55.5
752.52	55.5
752.727	55.5
752.934	55.5
753.141	55.6
753.348	55.6
753.555	55.6
753.762	55.6
753.969	55.6
754.176	55.6
754.383	55.6
754.59	55.6
754.797	55.6
755.004	55.6
755.211	55.7
755.418	55.7
755.625	55.7
755.832	55.7
756.039	55.7
756.246	55.7
756.453	55.7
756.66	55.7
756.868	55.7
757.075	55.7
757.282	55.7
757.489	55.7
757.696	55.7
757.903	55.7
758.111	55.8
758.318	55.8
758.525	55.8
758.732	55.8
758.939	55.8
759.147	55.8
759.354	55.8
759.561	55.8
759.768	55.8
759.976	55.8
760.183	55.8
760.39	55.8
760.597	55.9
760.805	55.9
761.012	55.9
761.219	55.9
761.426	55.9
761.634	55.9
761.841	55.9
762.048	55.9
762.256	55.9
762.463	55.9
762.67	55.9
762.878	56
763.085	56
763.293	56
763.5	56
763.707	56
763.915	56
764.122	56
764.33	56
764.537	56
764.744	56.1
764.952	56.1
765.159	56.1
765.367	56.1
765.574	56.1
765.782	56.1
765.989	56.1
766.197	56.1
766.404	56.2
766.612	56.2
766.819	56.2
767.027	56.2
767.234	56.2
767.442	56.2
767.649	56.2
767.857	56.2
768.064	56.2
768.272	56.2
768.479	56.2
768.687	56.2
768.895	56.3
769.102	56.3
769.31	56.3
769.517	56.3
769.725	56.3
769.933	56.3
770.14	56.3
770.348	56.3
770.555	56.3
770.763	56.3
770.971	56.3
771.178	56.3
771.386	56.3
771.594	56.3
771.801	56.3
772.009	56.3
772.217	56.3
772.424	56.3
772.632	56.3
772.84	56.3
773.047	56.3
773.255	56.3
773.463	56.3
773.671	56.3
773.878	56.3
774.086	56.3
774.294	56.3
774.502	56.3
774.709	56.3
774.917	56.3
775.125	56.3
775.333	56.3
775.54	56.4
775.748	56.4
775.956	56.4
776.164	56.4
776.371	56.4
776.579	56.4
776.787	56.4
776.995	56.4
777.203	56.4
777.41	56.4
777.618	56.4
777.826	56.4
778.034	56.5
778.242	56.5
778.45	56.5
778.657	56.5
778.865	56.5
779.073	56.5
779.281	56.5
779.489	56.6
779.697	56.6
779.905	56.6
780.112	56.6
780.32	56.6
780.528	56.6
780.736	56.6
780.944	56.6
781.152	56.6
781.36	56.6
781.568	56.6
781.776	56.6
781.984	56.6
782.191	56.7
782.399	56.7
782.607	56.7
782.815	56.7
783.023	56.7
783.231	56.7
783.439	56.7
783.647	56.7
783.855	56.7
784.063	56.7
784.271	56.7
784.479	56.8
784.687	56.8
784.895	56.8
785.103	56.8
785.311	56.8
785.519	56.8
785.727	56.8
785.935	56.8
786.143	56.8
786.351	56.8
786.559	56.8
786.767	56.8
786.975	56.9
787.183	56.9
787.391	56.9
787.599	56.9
787.807	56.9
788.015	56.9
788.223	56.9
788.431	56.9
788.639	56.9
788.847	57
789.055	57
789.263	57
789.471	57
789.679	57
789.887	57
790.095	57
790.303	57
790.511	57
790.719	57
790.927	57
791.135	57
791.343	57.1
791.551	57.1
791.76	57.1
791.968	57.1
792.176	57.1
792.384	57.1
792.592	57.1
792.8	57.2
793.008	57.2
793.216	57.2
793.424	57.2
793.632	57.2
793.84	57.2
794.048	57.2
794.256	57.3
794.465	57.3
794.673	57.3
794.881	57.3
795.089	57.3
795.297	57.3
795.505	57.3
795.713	57.3
795.921	57.3
796.129	57.4
796.337	57.4
796.546	57.4
796.754	57.4
796.962	57.4
797.17	57.4
797.378	57.4
797.586	57.4
797.794	57.4
798.002	57.4
798.21	57.5
798.419	57.5
798.627	57.5
798.835	57.5
799.043	57.5
799.251	57.5
799.459	57.6
799.667	57.6
799.875	57.6
800.083	57.6
800.292	57.6
800.5	57.6
800.708	57.6
800.916	57.6
801.124	57.6
801.332	57.6
801.54	57.7
801.748	57.7
801.957	57.7
802.165	57.7
802.373	57.7
802.581	57.7
802.789	57.7
802.997	57.7
803.205	57.7
803.414	57.7
803.622	57.8
803.83	57.8
804.038	57.8
804.246	57.8
804.454	57.8
804.662	57.8
804.87	57.8
805.079	57.8
805.287	57.8
805.495	57.8
805.703	57.8
805.911	57.8
806.119	57.8
806.327	57.8
806.535	57.8
806.743	57.8
806.952	57.8
807.16	57.9
807.368	57.9
807.576	57.9
807.784	57.9
807.992	57.9
808.2	57.9
808.408	57.9
808.617	57.9
808.825	57.9
809.033	57.9
809.241	57.9
809.449	57.9
809.657	58
809.865	58
810.073	58
810.281	58
810.49	58
810.698	58
810.906	58
811.114	58
811.322	58
811.53	58
811.738	58
811.946	58
812.154	58
812.362	58
812.57	58
812.779	58
812.987	58
813.195	58.1
813.403	58.1
813.611	58.1
813.819	58.1
814.027	58.1
814.235	58.1
814.443	58.1
814.651	58.1
814.859	58.1
815.067	58.2
815.275	58.2
815.484	58.2
815.692	58.2
815.9	58.2
816.108	58.2
816.316	58.2
816.524	58.2
816.732	58.2
816.94	58.2
817.148	58.2
817.356	58.2
817.564	58.2
817.772	58.2
817.98	58.3
818.188	58.3
818.397	58.3
818.605	58.3
818.813	58.3
819.021	58.3
819.229	58.3
819.437	58.3
819.645	58.3
819.853	58.3
820.061	58.3
820.269	58.3
820.477	58.3
820.685	58.4
820.893	58.4
821.102	58.4
821.31	58.4
821.518	58.4
821.726	58.4
821.934	58.4
822.142	58.4
822.35	58.4
822.558	58.4
822.766	58.5
822.974	58.4
823.182	58.4
823.39	58.5
823.599	58.5
823.807	58.5
824.015	58.5
824.223	58.5
824.431	58.5
824.639	58.5
824.847	58.6
825.055	58.6
825.263	58.6
825.472	58.6
825.68	58.6
825.888	58.6
826.096	58.6
826.304	58.6
826.512	58.7
826.72	58.7
826.928	58.7
827.137	58.7
827.345	58.7
827.553	58.7
827.761	58.7
827.969	58.7
828.177	58.7
828.385	58.7
828.594	58.7
828.802	58.7
829.01	58.8
829.218	58.8
829.426	58.8
829.634	58.8
829.843	58.8
830.051	58.8
830.259	58.9
830.467	58.9
830.675	58.9
830.883	58.9
831.092	58.9
831.3	58.9
831.508	59
831.716	59
831.924	59
832.133	59
832.341	59.1
832.549	59.1
832.757	59.1
832.966	59.1
833.174	59.1
833.382	59.1
833.59	59.1
833.799	59.1
834.007	59.1
834.215	59.1
834.423	59.1
834.632	59.1
834.84	59.1
835.048	59.1
835.256	59.1
835.465	59.1
835.673	59.1
835.881	59.1
836.09	59.1
836.298	59.2
836.506	59.2
836.715	59.2
836.923	59.2
837.131	59.2
837.34	59.2
837.548	59.2
837.756	59.2
837.965	59.2
838.173	59.2
838.381	59.2
838.59	59.2
838.798	59.2
839.006	59.2
839.215	59.3
839.423	59.3
839.632	59.3
839.84	59.3
840.048	59.3
840.257	59.3
840.465	59.3
840.674	59.3
840.882	59.3
841.091	59.2
841.299	59.2
841.508	59.3
841.716	59.3
841.924	59.3
842.133	59.3
842.341	59.3
842.55	59.3
842.758	59.4
842.967	59.4
843.175	59.4
843.384	59.4
843.593	59.4
843.801	59.4
844.01	59.4
844.218	59.4
844.427	59.4
844.635	59.4
844.844	59.4
845.052	59.5
845.261	59.5
845.47	59.5
845.678	59.5
845.887	59.5
846.095	59.5
846.304	59.6
846.513	59.6
846.721	59.6
846.93	59.6
847.139	59.6
847.347	59.6
847.556	59.6
847.765	59.6
847.973	59.6
848.182	59.6
848.391	59.7
848.6	59.7
848.808	59.7
849.017	59.7
849.226	59.7
849.435	59.7
849.643	59.7
849.852	59.7
850.061	59.7
850.27	59.7
850.478	59.7
850.687	59.8
850.896	59.8
851.105	59.8
851.314	59.8
851.523	59.8
851.731	59.8
851.94	59.8
852.149	59.8
852.358	59.9
852.567	59.9
852.776	59.9
852.985	59.9
853.194	59.9
853.403	59.9
853.612	59.9
853.821	59.9
854.03	60
854.239	60
854.447	60
854.656	60
854.865	60
855.075	60
855.284	60
855.493	60
855.702	60
855.911	60
856.12	60
856.329	60
856.538	60
856.747	60
856.956	60
857.165	60
857.374	60.1
857.584	60.1
857.793	60.1
858.002	60.1
858.211	60.1
858.42	60.2
858.629	60.2
858.839	60.2
859.048	60.2
859.257	60.2
859.466	60.2
859.676	60.2
859.885	60.2
860.094	60.2
860.304	60.2
860.513	60.3
860.722	60.3
860.932	60.3
861.141	60.3
861.35	60.4
861.56	60.4
861.769	60.4
861.978	60.4
862.188	60.4
862.397	60.4
862.607	60.4
862.816	60.4
863.026	60.4
863.235	60.4
863.445	60.5
863.654	60.5
863.864	60.5
864.073	60.5
864.283	60.5
864.492	60.5
864.702	60.5
864.911	60.5
865.121	60.5
865.33	60.6
865.54	60.6
865.75	60.6
865.959	60.6
866.169	60.6
866.379	60.6
866.588	60.6
866.798	60.6
867.008	60.6
867.218	60.6
867.427	60.6
867.637	60.6
867.847	60.6
868.057	60.6
868.266	60.7
868.476	60.7
868.686	60.7
868.896	60.7
869.106	60.7
869.316	60.7
869.525	60.7
869.735	60.7
869.945	60.7
870.155	60.7
870.365	60.7
870.575	60.7
870.785	60.7
870.995	60.8
871.205	60.8
871.415	60.8
871.625	60.8
871.835	60.8
872.045	60.8
872.255	60.8
872.465	60.8
872.675	60.8
872.886	60.8
873.096	60.8
873.306	60.8
873.516	60.8
873.726	60.8
873.936	60.8
874.147	60.9
874.357	60.9
874.567	60.9
874.777	60.9
874.988	60.9
875.198	60.9
875.408	60.9
875.619	60.9
875.829	60.9
876.039	60.9
876.25	60.9
876.46	60.9
876.67	60.9
876.881	60.9
877.091	61
877.302	61
877.512	61
877.723	61
877.933	60.9
878.144	60.9
878.354	60.9
878.565	60.9
878.775	60.9
878.986	60.8
879.197	60.8
879.407	60.8
879.618	60.8
879.829	60.7
880.039	60.7
880.25	60.7
880.461	60.7
880.671	60.7
880.882	60.7
881.093	60.7
881.304	60.7
881.515	60.7
881.725	60.7
881.936	60.7
882.147	60.7
882.358	60.7
882.569	60.7
882.78	60.7
882.991	60.7
883.202	60.7
883.413	60.8
883.624	60.8
883.835	60.8
884.046	60.8
884.257	60.8
884.468	60.8
884.679	60.8
884.89	60.9
885.101	60.9
885.312	60.9
885.523	60.9
885.735	60.9
885.946	60.9
886.157	61
886.368	61
886.579	61
886.791	61.1
887.002	61.1
887.213	61.1
887.425	61.2
887.636	61.2
887.847	61.3
888.059	61.3
888.27	61.3
888.481	61.4
888.693	61.4
888.904	61.4
889.116	61.5
889.327	61.5
889.539	61.5
889.75	61.5
889.962	61.6
890.174	61.6
890.385	61.6
890.597	61.7
890.808	61.7
891.02	61.7
891.232	61.7
891.444	61.7
891.655	61.7
891.867	61.8
892.079	61.8
892.291	61.8
892.502	61.8
892.714	61.8
892.926	61.8
893.138	61.8
893.35	61.8
893.562	61.8
893.774	61.8
893.986	61.9
894.198	61.9
894.41	61.9
894.622	61.9
894.834	61.9
895.046	61.9
895.258	61.9
895.47	61.9
895.682	61.9
895.894	61.9
896.106	61.9
896.319	61.9
896.531	61.9
896.743	61.9
896.955	61.9
897.168	61.9
897.38	61.9
897.592	61.9
897.805	61.9
898.017	62
898.229	62
898.442	62
898.654	62
898.867	62
899.079	62
899.292	62
899.504	62
899.717	62
899.929	62.1
900.142	62.1
900.355	62.1
900.567	62.1
900.78	62.1
900.993	62.1
901.205	62.1
901.418	62.1
901.631	62.1
901.844	62.1
902.056	62.1
902.269	62.1
902.482	62.1
902.695	62.1
902.908	62.1
903.121	62.1
903.334	62.1
903.547	62.1
903.76	62.1
903.973	62.1
904.186	62.1
904.399	62.1
904.612	62.1
904.825	62.1
905.038	62.1
905.251	62.1
905.465	62.1
905.678	62.1
905.891	62.1
906.104	62.1
906.318	62.1
906.531	62.1
906.744	62.1
906.958	62.1
907.171	62.1
907.384	62.1
907.598	62
907.811	62
908.025	62
908.238	62
908.452	62
908.665	62
908.879	62
909.093	62
909.306	62
909.52	62
909.734	62
909.947	62
910.161	62
910.375	62
910.589	62
910.803	62
911.016	62
911.23	62
911.444	62
911.658	62
911.872	62
912.086	62
912.3	62
912.514	62.1
912.728	62
912.942	62
913.156	62
913.37	62
913.585	62
913.799	62
914.013	62.1
914.227	62.1
914.442	62.1
914.656	62.1
914.87	62.1
915.084	62.1
915.299	62.2
915.513	62.2
915.728	62.2
915.942	62.2
916.157	62.2
916.371	62.2
916.586	62.2
916.8	62.2
917.015	62.2
917.229	62.2
917.444	62.2
917.659	62.2
917.874	62.2
918.088	62.3
918.303	62.3
918.518	62.3
918.733	62.3
918.947	62.3
919.162	62.3
919.377	62.3
919.592	62.4
919.807	62.4
920.022	62.4
920.237	62.4
920.452	62.4
920.667	62.4
920.882	62.4
921.097	62.3
921.313	62.3
921.528	62.3
921.743	62.3
921.958	62.3
922.174	62.3
922.389	62.4
922.604	62.4
922.82	62.4
923.035	62.4
923.25	62.4
923.466	62.4
923.681	62.4
923.897	62.4
924.112	62.4
924.328	62.4
924.544	62.4
924.759	62.4
924.975	62.5
925.19	62.5
925.406	62.5
925.622	62.6
925.838	62.6
926.054	62.6
926.269	62.6
926.485	62.6
926.701	62.6
926.917	62.6
927.133	62.6
927.349	62.7
927.565	62.7
927.781	62.7
927.997	62.7
928.213	62.7
928.429	62.7
928.646	62.7
928.862	62.7
929.078	62.7
929.294	62.8
929.511	62.8
929.727	62.8
929.943	62.9
930.16	62.9
930.376	62.9
930.592	62.9
930.809	62.9
931.025	63
931.242	63
931.459	63
931.675	63
931.892	63.1
932.108	63.1
932.325	63.1
932.542	63.1
932.759	63.1
932.975	63.1
933.192	63
933.409	63
933.626	63
933.843	62.9
934.06	62.9
934.277	62.8
934.494	62.8
934.711	62.8
934.928	62.8
935.145	62.7
935.362	62.6
935.58	62.6
935.797	62.6
936.014	62.5
936.231	62.4
936.449	62.3
936.666	62.2
936.883	62.2
937.101	62.1
937.318	62.1
937.536	62
937.753	62
937.971	61.9
938.188	61.8
938.406	61.7
938.624	61.7
938.841	61.7
939.059	61.6
939.277	61.6
939.494	61.5
939.712	61.4
939.93	61.3
