360.161	16
360.333	15.9
360.504	15.9
360.676	15.8
360.847	15.8
361.019	15.8
361.19	15.7
361.361	15.7
361.533	15.7
361.704	15.6
361.876	15.5
362.047	15.5
362.219	15.4
362.391	15.4
362.562	15.4
362.734	15.3
362.905	15.3
363.077	15.3
363.248	15.2
363.42	15.1
363.592	15.1
363.763	15
363.935	14.9
364.106	15
364.278	15
364.45	15
364.621	15
364.793	15
364.965	15
365.137	15
365.308	14.9
365.48	14.9
365.652	14.9
365.824	14.9
365.995	14.8
366.167	14.8
366.339	14.8
366.511	14.7
366.683	14.7
366.854	14.7
367.026	14.6
367.198	14.7
367.37	14.7
367.542	14.7
367.714	14.7
367.886	14.6
368.058	14.6
368.23	14.6
368.402	14.6
368.574	14.5
368.746	14.6
368.918	14.6
369.09	14.5
369.262	14.5
369.434	14.4
369.606	14.4
369.778	14.4
369.95	14.4
370.122	14.4
370.294	14.4
370.467	14.4
370.639	14.3
370.811	14.3
370.983	14.3
371.155	14.3
371.328	14.2
371.5	14.2
371.672	14.2
371.844	14.2
372.017	14.2
372.189	14.1
372.361	14.1
372.534	14
372.706	14
372.878	14
373.051	13.9
373.223	13.9
373.396	13.9
373.568	13.8
373.741	13.8
373.913	13.8
374.086	13.8
374.258	13.8
374.431	13.8
374.603	13.8
374.776	13.8
374.949	13.7
375.121	13.7
375.294	13.7
375.467	13.7
375.639	13.7
375.812	13.6
375.985	13.6
376.157	13.6
376.33	13.6
376.503	13.6
376.676	13.6
376.849	13.5
377.021	13.5
377.194	13.5
377.367	13.5
377.54	13.5
377.713	13.5
377.886	13.5
378.059	13.5
378.232	13.5
378.405	13.5
378.578	13.5
378.751	13.5
378.924	13.4
379.097	13.4
379.27	13.4
379.444	13.4
379.617	13.4
379.79	13.4
379.963	13.4
380.136	13.4
380.31	13.4
380.483	13.4
380.656	13.4
380.829	13.4
381.003	13.3
381.176	13.3
381.35	13.3
381.523	13.3
381.696	13.3
381.87	13.3
382.043	13.3
382.217	13.3
382.39	13.2
382.564	13.2
382.738	13.2
382.911	13.2
383.085	13.2
383.258	13.2
383.432	13.2
383.606	13.3
383.779	13.3
383.953	13.3
384.127	13.3
384.301	13.3
384.475	13.2
384.648	13.2
384.822	13.2
384.996	13.2
385.17	13.2
385.344	13.2
385.518	13.2
385.692	13.1
385.866	13.1
386.04	13.1
386.214	13.1
386.388	13.1
386.562	13.1
386.737	13.1
386.911	13
387.085	13
387.259	13.1
387.434	13.1
387.608	13.1
387.782	13.1
387.956	13.1
388.131	13.1
388.305	13.1
388.48	13.1
388.654	13
388.829	13
389.003	13
389.178	13
389.352	13
389.527	13
389.701	13
389.876	13
390.051	13
390.226	13
390.4	13
390.575	13
390.75	13
390.925	13
391.099	13
391.274	13
391.449	13
391.624	13
391.799	13
391.974	13
392.149	13
392.324	13
392.499	13
392.675	13
392.85	13
393.025	13
393.2	13
393.375	13
393.551	13
393.726	13
393.901	13
394.077	13
394.252	13
394.427	13
394.603	13
394.778	13
394.954	13
395.129	13
395.305	13
395.481	13
395.656	13
395.832	13
396.008	13
396.184	12.9
396.359	12.9
396.535	12.9
396.711	12.9
396.887	12.9
397.063	12.9
397.239	12.9
397.415	12.9
397.591	12.9
397.767	12.9
397.943	12.9
398.119	12.9
398.295	12.9
398.471	12.9
398.648	12.9
398.824	12.9
399	12.9
399.176	12.9
399.353	12.9
399.529	12.9
399.706	12.9
399.882	12.9
400.058	12.9
400.235	12.9
400.412	12.9
400.588	12.9
400.765	12.9
400.942	12.9
401.118	12.9
401.295	12.9
401.472	12.9
401.649	12.9
401.825	12.9
402.002	12.9
402.179	12.9
402.356	12.9
402.533	12.8
402.71	12.8
402.887	12.9
403.064	12.9
403.242	12.9
403.419	12.9
403.596	12.9
403.773	12.9
403.95	12.9
404.128	12.9
404.305	12.9
404.483	12.9
404.66	12.9
404.837	12.9
405.015	12.9
405.193	12.9
405.37	12.9
405.548	12.9
405.725	12.9
405.903	12.9
406.081	12.9
406.259	12.9
406.437	12.9
406.614	12.9
406.792	12.9
406.97	12.9
407.148	12.9
407.326	12.9
407.504	12.9
407.682	12.9
407.86	12.9
408.039	12.9
408.217	12.9
408.395	12.9
408.573	12.9
408.751	12.9
408.93	12.9
409.108	12.9
409.287	12.9
409.465	12.9
409.643	12.9
409.822	12.9
410	12.9
410.179	12.9
410.358	12.9
410.536	12.9
410.715	12.9
410.894	12.9
411.072	12.9
411.251	12.9
411.43	12.9
411.609	12.9
411.788	13
411.967	13
412.146	13
412.325	13
412.504	13
412.683	13
412.862	13
413.041	13
413.22	13
413.399	13
413.578	13
413.758	13
413.937	13
414.116	13
414.296	13
414.475	13
414.654	13
414.834	13
415.013	13
415.193	13
415.372	13
415.552	13
415.732	13
415.911	13
416.091	13
416.271	13
416.45	13
416.63	13.1
416.81	13.1
416.99	13.1
417.169	13.1
417.349	13.1
417.529	13.1
417.709	13.1
417.889	13.1
418.069	13.1
418.249	13.1
418.429	13.1
418.609	13.1
418.789	13.1
418.97	13.1
419.15	13.1
419.33	13.1
419.51	13.1
419.691	13.1
419.871	13.1
420.051	13.1
420.232	13.1
420.412	13.1
420.592	13.1
420.773	13.1
420.953	13.1
421.134	13.1
421.314	13.1
421.495	13.1
421.675	13.1
421.856	13.1
422.037	13
422.217	13
422.398	13
422.579	13
422.76	13
422.94	13
423.121	13
423.302	13
423.483	13
423.664	13
423.845	13
424.026	13
424.207	13
424.388	13
424.569	13
424.75	13
424.931	13
425.112	13
425.293	13
425.474	13
425.655	13
425.837	13
426.018	13
426.199	13
426.38	13
426.562	13
426.743	13
426.924	13
427.106	13
427.287	13
427.469	13.1
427.65	13.1
427.832	13.1
428.013	13.1
428.195	13.1
428.376	13.1
428.558	13.1
428.739	13.1
428.921	13.1
429.103	13.1
429.284	13.1
429.466	13.1
429.648	13.1
429.83	13.1
430.011	13.1
430.193	13.1
430.375	13.1
430.557	13.1
430.739	13.1
430.921	13.1
431.102	13.1
431.284	13.1
431.466	13.1
431.648	13.1
431.83	13.1
432.012	13.1
432.194	13.1
432.377	13.1
432.559	13.1
432.741	13.1
432.923	13.1
433.105	13.1
433.287	13.1
433.469	13.1
433.652	13.1
433.834	13.1
434.016	13.1
434.198	13.1
434.381	13.1
434.563	13.1
434.745	13.1
434.928	13.1
435.11	13.1
435.293	13.1
435.475	13.1
435.658	13.1
435.84	13.1
436.022	13.1
436.205	13.1
436.388	13.1
436.57	13.1
436.753	13.1
436.935	13.1
437.118	13.1
437.301	13.1
437.483	13.1
437.666	13.1
437.849	13.1
438.031	13.1
438.214	13.1
438.397	13.2
438.58	13.2
438.762	13.2
438.945	13.2
439.128	13.2
439.311	13.2
439.494	13.2
439.677	13.2
439.859	13.2
440.042	13.2
440.225	13.2
440.408	13.2
440.591	13.2
440.774	13.2
440.957	13.2
441.14	13.2
441.323	13.2
441.507	13.2
441.69	13.2
441.873	13.2
442.056	13.2
442.239	13.2
442.422	13.2
442.605	13.2
442.789	13.2
442.972	13.2
443.155	13.2
443.338	13.2
443.522	13.2
443.705	13.2
443.888	13.2
444.072	13.2
444.255	13.2
444.438	13.2
444.622	13.2
444.805	13.2
444.989	13.2
445.172	13.2
445.356	13.2
445.539	13.2
445.723	13.2
445.906	13.2
446.09	13.2
446.273	13.2
446.457	13.2
446.64	13.2
446.824	13.2
447.008	13.2
447.191	13.2
447.375	13.2
447.559	13.2
447.742	13.2
447.926	13.2
448.11	13.2
448.293	13.2
448.477	13.2
448.661	13.2
448.845	13.2
449.029	13.2
449.212	13.2
449.396	13.2
449.58	13.2
449.764	13.2
449.948	13.2
450.132	13.2
450.316	13.2
450.5	13.2
450.684	13.2
450.868	13.2
451.052	13.2
451.236	13.2
451.42	13.2
451.604	13.3
451.788	13.3
451.972	13.3
452.156	13.3
452.34	13.3
452.525	13.3
452.709	13.3
452.893	13.3
453.077	13.3
453.261	13.3
453.446	13.3
453.63	13.3
453.814	13.3
453.998	13.3
454.183	13.3
454.367	13.3
454.551	13.3
454.736	13.3
454.92	13.3
455.104	13.3
455.289	13.3
455.473	13.3
455.658	13.3
455.842	13.3
456.026	13.3
456.211	13.3
456.395	13.3
456.58	13.3
456.764	13.3
456.949	13.3
457.134	13.3
457.318	13.3
457.503	13.3
457.687	13.3
457.872	13.3
458.057	13.3
458.241	13.3
458.426	13.3
458.611	13.3
458.795	13.3
458.98	13.3
459.165	13.3
459.349	13.4
459.534	13.4
459.719	13.4
459.904	13.4
460.088	13.4
460.273	13.4
460.458	13.4
460.643	13.4
460.828	13.4
461.013	13.4
461.198	13.4
461.382	13.4
461.567	13.4
461.752	13.4
461.937	13.4
462.122	13.4
462.307	13.4
462.492	13.4
462.677	13.4
462.862	13.4
463.047	13.4
463.232	13.4
463.417	13.4
463.602	13.4
463.788	13.4
463.973	13.4
464.158	13.4
464.343	13.4
464.528	13.4
464.713	13.4
464.898	13.4
465.084	13.4
465.269	13.4
465.454	13.4
465.639	13.4
465.824	13.4
466.01	13.4
466.195	13.4
466.38	13.4
466.566	13.4
466.751	13.4
466.936	13.4
467.122	13.4
467.307	13.4
467.492	13.4
467.678	13.5
467.863	13.5
468.048	13.5
468.234	13.5
468.419	13.5
468.605	13.5
468.79	13.5
468.976	13.5
469.161	13.5
469.347	13.5
469.532	13.5
469.718	13.5
469.903	13.5
470.089	13.5
470.274	13.5
470.46	13.5
470.646	13.5
470.831	13.5
471.017	13.5
471.202	13.5
471.388	13.5
471.574	13.5
471.759	13.5
471.945	13.5
472.131	13.5
472.317	13.5
472.502	13.5
472.688	13.5
472.874	13.5
473.059	13.5
473.245	13.5
473.431	13.5
473.617	13.5
473.803	13.5
473.988	13.5
474.174	13.5
474.36	13.5
474.546	13.5
474.732	13.5
474.918	13.5
475.104	13.5
475.29	13.5
475.475	13.5
475.661	13.5
475.847	13.5
476.033	13.5
476.219	13.5
476.405	13.5
476.591	13.5
476.777	13.6
476.963	13.6
477.149	13.6
477.335	13.6
477.521	13.6
477.707	13.6
477.893	13.6
478.08	13.6
478.266	13.6
478.452	13.6
478.638	13.6
478.824	13.6
479.01	13.6
479.196	13.6
479.382	13.6
479.569	13.6
479.755	13.6
479.941	13.6
480.127	13.6
480.313	13.6
480.5	13.6
480.686	13.6
480.872	13.6
481.058	13.6
481.245	13.6
481.431	13.6
481.617	13.6
481.803	13.6
481.99	13.6
482.176	13.6
482.362	13.6
482.549	13.6
482.735	13.6
482.921	13.6
483.108	13.6
483.294	13.6
483.481	13.6
483.667	13.6
483.853	13.6
484.04	13.6
484.226	13.6
484.413	13.6
484.599	13.6
484.786	13.6
484.972	13.6
485.159	13.6
485.345	13.6
485.532	13.6
485.718	13.7
485.905	13.7
486.091	13.7
486.278	13.7
486.464	13.7
486.651	13.7
486.837	13.7
487.024	13.7
487.211	13.7
487.397	13.7
487.584	13.7
487.77	13.7
487.957	13.7
488.144	13.7
488.33	13.7
488.517	13.7
488.704	13.7
488.89	13.7
489.077	13.8
489.264	13.8
489.45	13.7
489.637	13.8
489.824	13.8
490.01	13.8
490.197	13.8
490.384	13.8
490.571	13.8
490.757	13.8
490.944	13.8
491.131	13.8
491.318	13.8
491.505	13.8
491.691	13.8
491.878	13.8
492.065	13.8
492.252	13.8
492.439	13.8
492.626	13.8
492.812	13.8
492.999	13.8
493.186	13.8
493.373	13.8
493.56	13.8
493.747	13.8
493.934	13.8
494.121	13.8
494.308	13.8
494.494	13.8
494.681	13.8
494.868	13.8
495.055	13.8
495.242	13.8
495.429	13.8
495.616	13.8
495.803	13.8
495.99	13.8
496.177	13.8
496.364	13.8
496.551	13.8
496.738	13.8
496.925	13.8
497.112	13.8
497.299	13.8
497.486	13.8
497.673	13.9
497.861	13.9
498.048	13.9
498.235	13.9
498.422	13.9
498.609	13.9
498.796	13.9
498.983	13.9
499.17	13.9
499.357	13.9
499.544	13.9
499.732	13.9
499.919	13.9
500.106	13.9
500.293	13.9
500.48	13.9
500.667	13.9
500.855	13.9
501.042	13.9
501.229	13.9
501.416	13.9
501.603	13.9
501.791	13.9
501.978	13.9
502.165	14
502.352	14
502.54	14
502.727	14
502.914	14
503.101	14
503.289	14
503.476	14
503.663	14
503.85	14
504.038	14
504.225	14
504.412	14
504.6	14
504.787	14
504.974	14
505.161	14
505.349	14
505.536	14
505.723	14
505.911	14
506.098	14
506.286	14
506.473	14
506.66	14
506.848	14
507.035	14
507.222	14
507.41	14
507.597	14
507.785	14
507.972	14
508.159	14
508.347	14
508.534	14
508.722	14
508.909	14
509.097	14
509.284	14
509.471	14
509.659	14
509.846	14
510.034	14
510.221	14.1
510.409	14.1
510.596	14.1
510.784	14.1
510.971	14.1
511.159	14.1
511.346	14.1
511.534	14.1
511.721	14.1
511.909	14.1
512.096	14.1
512.284	14.1
512.471	14.1
512.659	14.1
512.846	14.1
513.034	14.1
513.221	14.1
513.409	14.1
513.596	14.1
513.784	14.1
513.972	14.1
514.159	14.1
514.347	14.1
514.534	14.1
514.722	14.1
514.909	14.1
515.097	14.1
515.285	14.1
515.472	14.1
515.66	14.1
515.847	14.1
516.035	14.1
516.222	14.1
516.41	14.1
516.598	14.2
516.785	14.2
516.973	14.2
517.161	14.2
517.348	14.2
517.536	14.2
517.723	14.2
517.911	14.2
518.099	14.2
518.286	14.2
518.474	14.2
518.662	14.2
518.849	14.2
519.037	14.2
519.225	14.2
519.412	14.2
519.6	14.2
519.787	14.2
519.975	14.2
520.163	14.2
520.35	14.2
520.538	14.2
520.726	14.2
520.914	14.2
521.101	14.3
521.289	14.3
521.477	14.3
521.664	14.3
521.852	14.3
522.04	14.3
522.227	14.3
522.415	14.3
522.603	14.3
522.79	14.3
522.978	14.3
523.166	14.3
523.354	14.3
523.541	14.3
523.729	14.3
523.917	14.3
524.104	14.3
524.292	14.3
524.48	14.3
524.668	14.3
524.855	14.3
525.043	14.3
525.231	14.3
525.418	14.4
525.606	14.4
525.794	14.4
525.982	14.4
526.169	14.4
526.357	14.4
526.545	14.4
526.733	14.4
526.92	14.4
527.108	14.4
527.296	14.4
527.484	14.4
527.671	14.4
527.859	14.4
528.047	14.4
528.235	14.4
528.422	14.4
528.61	14.4
528.798	14.4
528.986	14.4
529.173	14.4
529.361	14.4
529.549	14.4
529.737	14.4
529.924	14.4
530.112	14.4
530.3	14.4
530.488	14.4
530.675	14.4
530.863	14.4
531.051	14.4
531.239	14.4
531.426	14.4
531.614	14.4
531.802	14.4
531.99	14.4
532.177	14.4
532.365	14.5
532.553	14.5
532.741	14.5
532.928	14.5
533.116	14.5
533.304	14.5
533.492	14.5
533.679	14.5
533.867	14.5
534.055	14.5
534.243	14.5
534.431	14.5
534.618	14.5
534.806	14.5
534.994	14.5
535.182	14.5
535.369	14.5
535.557	14.5
535.745	14.5
535.933	14.5
536.12	14.5
536.308	14.5
536.496	14.5
536.684	14.5
536.871	14.5
537.059	14.5
537.247	14.5
537.435	14.5
537.622	14.5
537.81	14.5
537.998	14.5
538.186	14.5
538.373	14.5
538.561	14.5
538.749	14.5
538.937	14.5
539.124	14.5
539.312	14.5
539.5	14.5
539.688	14.5
539.875	14.5
540.063	14.5
540.251	14.5
540.439	14.5
540.626	14.5
540.814	14.5
541.002	14.5
541.19	14.5
541.377	14.5
541.565	14.5
541.753	14.5
541.941	14.5
542.128	14.5
542.316	14.5
542.504	14.5
542.691	14.5
542.879	14.5
543.067	14.5
543.255	14.5
543.442	14.5
543.63	14.6
543.818	14.6
544.005	14.6
544.193	14.6
544.381	14.6
544.568	14.6
544.756	14.6
544.944	14.6
545.132	14.6
545.319	14.6
545.507	14.6
545.695	14.6
545.882	14.6
546.07	14.6
546.258	14.6
546.445	14.6
546.633	14.6
546.821	14.6
547.008	14.6
547.196	14.6
547.384	14.6
547.571	14.6
547.759	14.6
547.947	14.6
548.134	14.6
548.322	14.6
548.51	14.6
548.697	14.6
548.885	14.6
549.073	14.6
549.26	14.6
549.448	14.6
549.636	14.6
549.823	14.6
550.011	14.6
550.199	14.6
550.386	14.6
550.574	14.6
550.762	14.6
550.949	14.6
551.137	14.6
551.325	14.6
551.512	14.6
551.7	14.6
551.888	14.7
552.075	14.7
552.263	14.7
552.451	14.7
552.639	14.7
552.826	14.7
553.014	14.7
553.202	14.7
553.389	14.7
553.577	14.7
553.765	14.7
553.953	14.7
554.14	14.7
554.328	14.7
554.516	14.7
554.704	14.7
554.891	14.7
555.079	14.7
555.267	14.7
555.455	14.7
555.643	14.7
555.83	14.7
556.018	14.7
556.206	14.7
556.394	14.7
556.582	14.7
556.77	14.7
556.957	14.7
557.145	14.7
557.333	14.7
557.521	14.7
557.709	14.7
557.897	14.7
558.085	14.7
558.273	14.8
558.461	14.8
558.649	14.8
558.837	14.8
559.025	14.8
559.213	14.8
559.4	14.8
559.588	14.8
559.777	14.8
559.965	14.8
560.153	14.8
560.341	14.8
560.529	14.8
560.717	14.8
560.905	14.8
561.093	14.8
561.281	14.8
561.469	14.8
561.657	14.8
561.845	14.8
562.034	14.8
562.222	14.8
562.41	14.8
562.598	14.8
562.786	14.8
562.975	14.8
563.163	14.8
563.351	14.8
563.539	14.8
563.728	14.8
563.916	14.8
564.104	14.8
564.293	14.8
564.481	14.8
564.67	14.8
564.858	14.8
565.046	14.8
565.235	14.8
565.423	14.8
565.612	14.8
565.8	14.8
565.989	14.8
566.177	14.8
566.366	14.8
566.554	14.8
566.743	14.8
566.932	14.8
567.12	14.8
567.309	14.8
567.497	14.8
567.686	14.8
567.875	14.8
568.064	14.8
568.252	14.8
568.441	14.8
568.63	14.8
568.819	14.8
569.007	14.8
569.196	14.8
569.385	14.8
569.574	14.8
569.763	14.8
569.952	14.8
570.141	14.8
570.33	14.8
570.519	14.8
570.708	14.8
570.897	14.8
571.086	14.8
571.275	14.8
571.464	14.8
571.653	14.8
571.843	14.8
572.032	14.8
572.221	14.8
572.41	14.8
572.599	14.8
572.789	14.8
572.978	14.8
573.167	14.8
573.357	14.8
573.546	14.8
573.736	14.8
573.925	14.8
574.115	14.8
574.304	14.8
574.494	14.8
574.683	14.8
574.873	14.8
575.062	14.8
575.252	14.8
575.442	14.8
575.631	14.8
575.821	14.8
576.011	14.8
576.201	14.8
576.39	14.8
576.58	14.8
576.77	14.8
576.96	14.8
577.15	14.8
577.34	14.8
577.53	14.8
577.72	14.8
577.91	14.8
578.1	14.8
578.29	14.8
578.48	14.8
578.67	14.8
578.861	14.8
579.051	14.8
579.241	14.8
579.431	14.8
579.622	14.8
579.812	14.8
580.002	14.9
580.193	14.9
580.383	14.9
580.574	14.9
580.764	14.9
580.955	14.9
581.145	14.9
581.336	14.9
581.526	14.9
581.717	14.9
581.908	14.9
582.098	14.9
582.289	14.9
582.48	14.9
582.671	14.9
582.862	14.9
583.052	14.9
583.243	14.9
583.434	14.9
583.625	14.9
583.816	14.9
584.007	14.9
584.198	14.9
584.389	14.9
584.58	14.9
584.771	14.9
584.962	14.9
585.154	14.9
585.345	14.9
585.536	14.9
585.727	14.9
585.918	14.9
586.11	14.9
586.301	14.9
586.492	14.9
586.684	14.9
586.875	14.9
587.067	14.9
587.258	14.9
587.45	14.9
587.641	14.9
587.833	14.9
588.024	14.9
588.216	14.9
588.408	14.9
588.599	14.9
588.791	14.9
588.983	14.9
589.174	14.9
589.366	14.9
589.558	14.9
589.75	14.9
589.942	14.9
590.134	14.9
590.326	14.9
590.518	14.9
590.71	14.9
590.902	14.9
591.094	14.9
591.286	14.9
591.478	14.9
591.67	14.9
591.862	14.9
592.054	14.9
592.246	14.9
592.439	14.9
592.631	14.9
592.823	15
593.016	15
593.208	15
593.4	15
593.593	15
593.785	15
593.978	15
594.17	15
594.363	15
594.555	15
594.748	15
594.94	15
595.133	15
595.326	15
595.518	15
595.711	15
595.904	15
596.096	15
596.289	15
596.482	15
596.675	15
596.868	15
597.061	15
597.254	15
597.447	15
597.64	15
597.833	15
598.026	15
598.219	15
598.412	15
598.605	15
598.798	15
598.991	15
599.184	15
599.378	15
599.571	15
599.764	15
599.957	15
600.151	15
600.344	15
600.538	15
600.731	15
600.924	15
601.118	15
601.311	15
601.505	15
601.698	15
601.892	15
602.086	15
602.279	15
602.473	15
602.667	15
602.86	15
603.054	15
603.248	15
603.442	15
603.635	15
603.829	15
604.023	15
604.217	15
604.411	15
604.605	15
604.799	15
604.993	15
605.187	15
605.381	15
605.575	15
605.769	15
605.963	15
606.157	15
606.352	15
606.546	15
606.74	15
606.934	15
607.129	15
607.323	15
607.517	15
607.712	15
607.906	15
608.1	15
608.295	15
608.489	15
608.684	15
608.878	15
609.073	15
609.267	15
609.462	15
609.657	15
609.851	15
610.046	15
610.241	15
610.435	15
610.63	15
610.825	15
611.02	15
611.215	15
611.41	15
611.604	15
611.799	15
611.994	15
612.189	15
612.384	15
612.579	15
612.774	15
612.969	15
613.164	15
613.359	15
613.555	15
613.75	15
613.945	15
614.14	15
614.335	15
614.531	15
614.726	15
614.921	15
615.117	15
615.312	15
615.507	15
615.703	15
615.898	15
616.094	15
616.289	15
616.485	15
616.68	15
616.876	15
617.071	15
617.267	15
617.463	15
617.658	15
617.854	15
618.05	15
618.245	15
618.441	15
618.637	15
618.833	15
619.029	15
619.225	15
619.42	15
619.616	15
619.812	15
620.008	15
620.204	15
620.4	15
620.596	15
620.792	15
620.988	15
621.184	15
621.381	15
621.577	15
621.773	15
621.969	15
622.165	15
622.362	15
622.558	15
622.754	15
622.951	15
623.147	15
623.343	15
623.54	15
623.736	15
623.933	15
624.129	15
624.326	15
624.522	15
624.719	15
624.915	15
625.112	15
625.308	15
625.505	15
625.702	15
625.898	15
626.095	15
626.292	15
626.489	15
626.685	15
626.882	15
627.079	15
627.276	15
627.473	15
627.67	15
627.866	15
628.063	15
628.26	15
628.457	15
628.654	15
628.851	15
629.048	15
629.246	15
629.443	15
629.64	15
629.837	15
630.034	15
630.231	15
630.429	15
630.626	15
630.823	15
631.02	15
631.218	15
631.415	15
631.612	15
631.81	15
632.007	15
632.205	15
632.402	15
632.6	15
632.797	15
632.995	15
633.192	15
633.39	15
633.587	15
633.785	15
633.983	15
634.18	15
634.378	15
634.576	15
634.773	15
634.971	15
635.169	15
635.367	15
635.565	15
635.762	15
635.96	15
636.158	15
636.356	15
636.554	15
636.752	15
636.95	15
637.148	15
637.346	15
637.544	15
637.742	15
637.94	15
638.138	15
638.337	15
638.535	15
638.733	15
638.931	15
639.129	15
639.328	15
639.526	15
639.724	15
639.922	15
640.121	15
640.319	15
640.518	15
640.716	15
640.914	15
641.113	15
641.311	15
641.51	15
641.708	15
641.907	15
642.105	15
642.304	15
642.503	15
642.701	15
642.9	15
643.098	15
643.297	15
643.496	15
643.695	15
643.893	15
644.092	15
644.291	15
644.49	15
644.689	15
644.887	15
645.086	15
645.285	15
645.484	15
645.683	15
645.882	15
646.081	15
646.28	15
646.479	15
646.678	15
646.877	15
647.076	15
647.276	15
647.475	15
647.674	15
647.873	15
648.072	15
648.271	15
648.471	15
648.67	15
648.869	15
649.069	15
649.268	15
649.467	15
649.667	15
649.866	15
650.065	15.1
650.265	15
650.464	15
650.664	15
650.863	15
651.063	15
651.262	15
651.462	15
651.662	15
651.861	15
652.061	15
652.26	15
652.46	15
652.66	15
652.859	15
653.059	15
653.259	15
653.459	15
653.658	15
653.858	15
654.058	15
654.258	15
654.458	15
654.658	15
654.858	15
655.058	15
655.258	15
655.457	15
655.657	15
655.857	15
656.058	15
656.258	15
656.458	15
656.658	15
656.858	15
657.058	15
657.258	15
657.458	15
657.659	15
657.859	15
658.059	15
658.259	15
658.459	15
658.66	15
658.86	15
659.06	15
659.261	15
659.461	15
659.662	15
659.862	15
660.062	15
660.263	15
660.463	15
660.664	15
660.864	15
661.065	15
661.265	15
661.466	15
661.667	15
661.867	15
662.068	15
662.268	15
662.469	15
662.67	15
662.87	15
663.071	15
663.272	15
663.473	15
663.674	15
663.874	15
664.075	15
664.276	15
664.477	15
664.678	15
664.879	15
665.08	15
665.28	15
665.481	15
665.682	15
665.883	15
666.084	15
666.285	15
666.486	15
666.688	15
666.889	15
667.09	15
667.291	15
667.492	15
667.693	15
667.894	15
668.096	15
668.297	15
668.498	15
668.699	15
668.901	15
669.102	15
669.303	15
669.505	15
669.706	15
669.907	15
670.109	15
670.31	15
670.511	15
670.713	15
670.914	15
671.116	15
671.317	15
671.519	15
671.72	15
671.922	15
672.124	15
672.325	15
672.527	15
672.728	15
672.93	15
673.132	15
673.333	14.9
673.535	14.9
673.737	14.9
673.939	14.9
674.14	14.9
674.342	14.9
674.544	14.9
674.746	14.9
674.948	14.9
675.149	14.9
675.351	14.9
675.553	14.9
675.755	14.9
675.957	14.9
676.159	14.9
676.361	14.9
676.563	14.9
676.765	14.9
676.967	14.9
677.169	14.9
677.371	14.9
677.573	14.9
677.775	14.9
677.977	14.9
678.179	14.9
678.381	14.9
678.583	14.9
678.786	14.9
678.988	14.9
679.19	14.9
679.392	14.9
679.594	14.9
679.797	14.9
679.999	14.9
680.201	14.9
680.404	14.9
680.606	14.9
680.808	14.9
681.011	14.9
681.213	14.9
681.415	14.9
681.618	14.9
681.82	14.9
682.023	14.9
682.225	14.9
682.428	14.9
682.63	14.9
682.833	14.9
683.035	14.9
683.238	14.9
683.44	14.9
683.643	14.9
683.845	14.9
684.048	14.9
684.251	14.9
684.453	14.9
684.656	14.9
684.859	14.9
685.061	14.9
685.264	14.9
685.467	14.9
685.67	14.9
685.872	14.9
686.075	14.9
686.278	14.9
686.481	14.9
686.684	14.9
686.886	14.9
687.089	14.9
687.292	14.9
687.495	14.9
687.698	14.9
687.901	14.9
688.104	14.9
688.307	14.9
688.51	14.9
688.713	14.9
688.916	14.9
689.119	14.9
689.322	14.9
689.525	14.9
689.728	14.9
689.931	15
690.134	15
690.337	15
690.54	15
690.744	15
690.947	15
691.15	15
691.353	15
691.556	15
691.76	15
691.963	15
692.166	15
692.37	15
692.573	15
692.776	15
692.979	15
693.183	15
693.386	15
693.59	15
693.793	15
693.996	15
694.2	15
694.403	15
694.607	15
694.81	15
695.014	15
695.217	15
695.421	15
695.624	15
695.828	15
696.031	15
696.235	15
696.439	15
696.642	15
696.846	15
697.049	15
697.253	15
697.457	15
697.661	15
697.864	15
698.068	15
698.272	15
698.475	15
698.679	15
698.883	15
699.087	15
699.291	15
699.494	15
699.698	15
699.902	15
700.106	15
700.31	15
700.514	15
700.718	15
700.922	15
701.126	15
701.33	15
701.534	15
701.738	15
701.942	15
702.146	15.1
702.35	15.1
702.554	15.1
702.758	15.1
702.962	15.1
703.166	15.1
703.37	15.1
703.574	15.1
703.778	15.1
703.983	15.1
704.187	15.1
704.391	15.1
704.595	15.1
704.799	15.1
705.004	15.1
705.208	15.1
705.412	15.1
705.616	15.1
705.821	15.1
706.025	15.1
706.229	15.1
706.434	15.1
706.638	15.1
706.842	15.1
707.047	15.1
707.251	15.1
707.455	15.1
707.66	15.1
707.864	15.1
708.069	15.1
708.273	15.1
708.478	15.1
708.682	15.1
708.887	15.1
709.091	15.1
709.296	15.1
709.5	15.1
709.705	15.1
709.909	15.1
710.114	15.1
710.319	15.1
710.523	15.2
710.728	15.2
710.932	15.2
711.137	15.2
711.342	15.2
711.546	15.2
711.751	15.2
711.956	15.2
712.161	15.2
712.365	15.2
712.57	15.2
712.775	15.2
712.98	15.2
713.184	15.2
713.389	15.2
713.594	15.2
713.799	15.2
714.004	15.2
714.209	15.2
714.413	15.2
714.618	15.2
714.823	15.2
715.028	15.2
715.233	15.2
715.438	15.2
715.643	15.2
715.848	15.2
716.053	15.2
716.258	15.2
716.463	15.2
716.668	15.2
716.873	15.2
717.078	15.2
717.283	15.2
717.488	15.2
717.693	15.2
717.898	15.2
718.103	15.2
718.308	15.2
718.514	15.2
718.719	15.2
718.924	15.2
719.129	15.2
719.334	15.2
719.539	15.2
719.745	15.2
719.95	15.2
720.155	15.2
720.36	15.2
720.566	15.2
720.771	15.2
720.976	15.2
721.182	15.2
721.387	15.2
721.592	15.2
721.798	15.2
722.003	15.2
722.208	15.2
722.414	15.2
722.619	15.2
722.824	15.2
723.03	15.2
723.235	15.2
723.441	15.2
723.646	15.2
723.852	15.2
724.057	15.2
724.263	15.2
724.468	15.2
724.674	15.2
724.879	15.2
725.085	15.2
725.29	15.2
725.496	15.2
725.701	15.2
725.907	15.2
726.112	15.2
726.318	15.3
726.524	15.3
726.729	15.3
726.935	15.3
727.141	15.3
727.346	15.3
727.552	15.3
727.758	15.3
727.963	15.3
728.169	15.3
728.375	15.3
728.581	15.3
728.786	15.3
728.992	15.3
729.198	15.3
729.404	15.3
729.609	15.3
729.815	15.3
730.021	15.3
730.227	15.3
730.433	15.3
730.639	15.3
730.844	15.3
731.05	15.3
731.256	15.3
731.462	15.4
731.668	15.4
731.874	15.4
732.08	15.4
732.286	15.4
732.492	15.4
732.698	15.4
732.904	15.4
733.11	15.4
733.316	15.4
733.522	15.4
733.728	15.4
733.934	15.4
734.14	15.4
734.346	15.4
734.552	15.4
734.758	15.4
734.964	15.4
735.17	15.4
735.376	15.4
735.583	15.4
735.789	15.4
735.995	15.4
736.201	15.4
736.407	15.4
736.613	15.4
736.819	15.4
737.026	15.4
737.232	15.4
737.438	15.4
737.644	15.4
737.851	15.4
738.057	15.4
738.263	15.4
738.469	15.4
738.676	15.4
738.882	15.4
739.088	15.4
739.295	15.4
739.501	15.4
739.707	15.4
739.914	15.4
740.12	15.4
740.326	15.4
740.533	15.4
740.739	15.4
740.946	15.4
741.152	15.4
741.358	15.4
741.565	15.4
741.771	15.4
741.978	15.4
742.184	15.4
742.391	15.4
742.597	15.4
742.804	15.4
743.01	15.4
743.217	15.4
743.423	15.4
743.63	15.4
743.836	15.4
744.043	15.4
744.249	15.4
744.456	15.4
744.663	15.4
744.869	15.4
745.076	15.4
745.282	15.4
745.489	15.4
745.696	15.4
745.902	15.4
746.109	15.4
746.316	15.4
746.522	15.4
746.729	15.4
746.936	15.4
747.142	15.4
747.349	15.4
747.556	15.4
747.762	15.4
747.969	15.4
748.176	15.4
748.383	15.4
748.589	15.4
748.796	15.4
749.003	15.4
749.21	15.4
749.417	15.4
749.623	15.4
749.83	15.4
750.037	15.4
750.244	15.4
750.451	15.4
750.658	15.4
750.865	15.4
751.071	15.4
751.278	15.4
751.485	15.4
751.692	15.4
751.899	15.5
752.106	15.5
752.313	15.5
752.52	15.5
752.727	15.5
752.934	15.5
753.141	15.5
753.348	15.4
753.555	15.4
753.762	15.5
753.969	15.5
754.176	15.5
754.383	15.5
754.59	15.5
754.797	15.5
755.004	15.5
755.211	15.5
755.418	15.5
755.625	15.5
755.832	15.5
756.039	15.5
756.246	15.5
756.453	15.5
756.66	15.5
756.868	15.5
757.075	15.5
757.282	15.5
757.489	15.5
757.696	15.5
757.903	15.5
758.111	15.5
758.318	15.5
758.525	15.5
758.732	15.5
758.939	15.5
759.147	15.5
759.354	15.5
759.561	15.5
759.768	15.5
759.976	15.5
760.183	15.5
760.39	15.5
760.597	15.5
760.805	15.5
761.012	15.5
761.219	15.5
761.426	15.5
761.634	15.5
761.841	15.5
762.048	15.5
762.256	15.5
762.463	15.5
762.67	15.5
762.878	15.5
763.085	15.5
763.293	15.5
763.5	15.5
763.707	15.6
763.915	15.6
764.122	15.6
764.33	15.6
764.537	15.6
764.744	15.6
764.952	15.6
765.159	15.6
765.367	15.6
765.574	15.6
765.782	15.6
765.989	15.6
766.197	15.6
766.404	15.6
766.612	15.6
766.819	15.6
767.027	15.6
767.234	15.6
767.442	15.6
767.649	15.6
767.857	15.6
768.064	15.6
768.272	15.6
768.479	15.6
768.687	15.6
768.895	15.6
769.102	15.6
769.31	15.6
769.517	15.6
769.725	15.6
769.933	15.6
770.14	15.6
770.348	15.6
770.555	15.6
770.763	15.6
770.971	15.6
771.178	15.6
771.386	15.6
771.594	15.6
771.801	15.6
772.009	15.6
772.217	15.6
772.424	15.6
772.632	15.6
772.84	15.6
773.047	15.6
773.255	15.6
773.463	15.6
773.671	15.6
773.878	15.6
774.086	15.6
774.294	15.6
774.502	15.6
774.709	15.7
774.917	15.7
775.125	15.7
775.333	15.7
775.54	15.7
775.748	15.7
775.956	15.7
776.164	15.7
776.371	15.7
776.579	15.7
776.787	15.7
776.995	15.7
777.203	15.7
777.41	15.7
777.618	15.7
777.826	15.7
778.034	15.7
778.242	15.7
778.45	15.7
778.657	15.7
778.865	15.7
779.073	15.7
779.281	15.7
779.489	15.7
779.697	15.7
779.905	15.7
780.112	15.7
780.32	15.7
780.528	15.7
780.736	15.7
780.944	15.8
781.152	15.8
781.36	15.8
781.568	15.8
781.776	15.8
781.984	15.8
782.191	15.8
782.399	15.8
782.607	15.8
782.815	15.8
783.023	15.8
783.231	15.8
783.439	15.8
783.647	15.8
783.855	15.8
784.063	15.8
784.271	15.8
784.479	15.8
784.687	15.8
784.895	15.8
785.103	15.8
785.311	15.8
785.519	15.8
785.727	15.8
785.935	15.8
786.143	15.8
786.351	15.8
786.559	15.8
786.767	15.8
786.975	15.8
787.183	15.8
787.391	15.8
787.599	15.8
787.807	15.8
788.015	15.8
788.223	15.8
788.431	15.8
788.639	15.8
788.847	15.8
789.055	15.8
789.263	15.9
789.471	15.9
789.679	15.8
789.887	15.8
790.095	15.8
790.303	15.9
790.511	15.9
790.719	15.9
790.927	15.9
791.135	15.9
791.343	15.9
791.551	15.9
791.76	15.9
791.968	15.9
792.176	15.9
792.384	15.9
792.592	15.9
792.8	15.9
793.008	15.9
793.216	15.9
793.424	15.9
793.632	15.9
793.84	15.9
794.048	15.9
794.256	15.9
794.465	15.9
794.673	15.9
794.881	15.9
795.089	15.9
795.297	15.9
795.505	15.9
795.713	15.9
795.921	15.9
796.129	15.9
796.337	15.9
796.546	15.9
796.754	15.9
796.962	15.9
797.17	15.9
797.378	15.9
797.586	15.9
797.794	15.9
798.002	15.9
798.21	15.9
798.419	15.9
798.627	15.9
798.835	15.9
799.043	15.9
799.251	15.9
799.459	15.9
799.667	15.9
799.875	15.9
800.083	15.9
800.292	15.9
800.5	15.9
800.708	15.9
800.916	16
801.124	16
801.332	16
801.54	16
801.748	16
801.957	16
802.165	16
802.373	16
802.581	16
802.789	16
802.997	16
803.205	16
803.414	16
803.622	16
803.83	16
804.038	16
804.246	16
804.454	16
804.662	16
804.87	16
805.079	16
805.287	16
805.495	16
805.703	16
805.911	16
806.119	16
806.327	16
806.535	16
806.743	16
806.952	16
807.16	16
807.368	16
807.576	16
807.784	16
807.992	16
808.2	16
808.408	16.1
808.617	16.1
808.825	16.1
809.033	16.1
809.241	16.1
809.449	16.1
809.657	16.1
809.865	16.1
810.073	16.1
810.281	16.1
810.49	16.1
810.698	16.1
810.906	16.1
811.114	16.1
811.322	16.1
811.53	16.1
811.738	16.1
811.946	16.1
812.154	16.1
812.362	16.1
812.57	16.1
812.779	16.1
812.987	16.1
813.195	16.1
813.403	16.1
813.611	16.1
813.819	16.1
814.027	16.2
814.235	16.2
814.443	16.2
814.651	16.2
814.859	16.2
815.067	16.2
815.275	16.2
815.484	16.2
815.692	16.2
815.9	16.2
816.108	16.2
816.316	16.2
816.524	16.2
816.732	16.2
816.94	16.2
817.148	16.2
817.356	16.2
817.564	16.2
817.772	16.2
817.98	16.2
818.188	16.2
818.397	16.2
818.605	16.2
818.813	16.2
819.021	16.2
819.229	16.2
819.437	16.2
819.645	16.2
819.853	16.2
820.061	16.2
820.269	16.2
820.477	16.2
820.685	16.2
820.893	16.2
821.102	16.2
821.31	16.2
821.518	16.2
821.726	16.2
821.934	16.3
822.142	16.3
822.35	16.3
822.558	16.3
822.766	16.3
822.974	16.3
823.182	16.3
823.39	16.3
823.599	16.3
823.807	16.3
824.015	16.3
824.223	16.3
824.431	16.3
824.639	16.3
824.847	16.3
825.055	16.3
825.263	16.3
825.472	16.3
825.68	16.3
825.888	16.3
826.096	16.3
826.304	16.3
826.512	16.3
826.72	16.3
826.928	16.4
827.137	16.4
827.345	16.3
827.553	16.3
827.761	16.3
827.969	16.3
828.177	16.3
828.385	16.3
828.594	16.3
828.802	16.3
829.01	16.3
829.218	16.3
829.426	16.4
829.634	16.3
829.843	16.3
830.051	16.4
830.259	16.4
830.467	16.4
830.675	16.4
830.883	16.3
831.092	16.3
831.3	16.4
831.508	16.4
831.716	16.4
831.924	16.4
832.133	16.4
832.341	16.4
832.549	16.4
832.757	16.4
832.966	16.4
833.174	16.4
833.382	16.4
833.59	16.4
833.799	16.4
834.007	16.4
834.215	16.4
834.423	16.4
834.632	16.4
834.84	16.4
835.048	16.4
835.256	16.4
835.465	16.4
835.673	16.4
835.881	16.4
836.09	16.4
836.298	16.4
836.506	16.5
836.715	16.5
836.923	16.5
837.131	16.5
837.34	16.5
837.548	16.5
837.756	16.5
837.965	16.5
838.173	16.5
838.381	16.5
838.59	16.5
838.798	16.5
839.006	16.5
839.215	16.5
839.423	16.5
839.632	16.5
839.84	16.5
840.048	16.5
840.257	16.5
840.465	16.5
840.674	16.5
840.882	16.5
841.091	16.5
841.299	16.5
841.508	16.5
841.716	16.5
841.924	16.5
842.133	16.5
842.341	16.5
842.55	16.5
842.758	16.5
842.967	16.5
843.175	16.5
843.384	16.5
843.593	16.5
843.801	16.5
844.01	16.5
844.218	16.5
844.427	16.5
844.635	16.5
844.844	16.6
845.052	16.6
845.261	16.5
845.47	16.6
845.678	16.6
845.887	16.6
846.095	16.6
846.304	16.6
846.513	16.6
846.721	16.6
846.93	16.6
847.139	16.6
847.347	16.6
847.556	16.6
847.765	16.6
847.973	16.6
848.182	16.6
848.391	16.6
848.6	16.6
848.808	16.6
849.017	16.6
849.226	16.6
849.435	16.6
849.643	16.6
849.852	16.6
850.061	16.6
850.27	16.6
850.478	16.6
850.687	16.6
850.896	16.6
851.105	16.6
851.314	16.6
851.523	16.6
851.731	16.6
851.94	16.6
852.149	16.6
852.358	16.7
852.567	16.7
852.776	16.7
852.985	16.7
853.194	16.7
853.403	16.7
853.612	16.7
853.821	16.7
854.03	16.7
854.239	16.7
854.447	16.7
854.656	16.7
854.865	16.7
855.075	16.7
855.284	16.7
855.493	16.7
855.702	16.8
855.911	16.8
856.12	16.7
856.329	16.7
856.538	16.7
856.747	16.7
856.956	16.8
857.165	16.8
857.374	16.8
857.584	16.8
857.793	16.8
858.002	16.8
858.211	16.8
858.42	16.8
858.629	16.8
858.839	16.8
859.048	16.8
859.257	16.8
859.466	16.8
859.676	16.8
859.885	16.8
860.094	16.8
860.304	16.8
860.513	16.8
860.722	16.8
860.932	16.8
861.141	16.8
861.35	16.8
861.56	16.8
861.769	16.9
861.978	16.9
862.188	16.9
862.397	16.9
862.607	16.9
862.816	16.9
863.026	16.9
863.235	16.9
863.445	16.9
863.654	16.9
863.864	16.9
864.073	16.9
864.283	16.9
864.492	16.9
864.702	16.9
864.911	16.9
865.121	16.9
865.33	16.9
865.54	16.9
865.75	16.9
865.959	16.9
866.169	17
866.379	17
866.588	16.9
866.798	17
867.008	17
867.218	17
867.427	17
867.637	17
867.847	17
868.057	17
868.266	17
868.476	17
868.686	17
868.896	17
869.106	17
869.316	17.1
869.525	17.1
869.735	17
869.945	17
870.155	17
870.365	17
870.575	17
870.785	17.1
870.995	17.1
871.205	17
871.415	17
871.625	17
871.835	17
872.045	17
872.255	17
872.465	17
872.675	17
872.886	17
873.096	17
873.306	17
873.516	17
873.726	17
873.936	17
874.147	17
874.357	17
874.567	17
874.777	17
874.988	17
875.198	17
875.408	17
875.619	17
875.829	17
876.039	17
876.25	17
876.46	17
876.67	17
876.881	17
877.091	17
877.302	17
877.512	17
877.723	17
877.933	17
878.144	17
878.354	17
878.565	17
878.775	17
878.986	17
879.197	17
879.407	16.9
879.618	16.9
879.829	16.9
880.039	16.9
880.25	16.9
880.461	16.9
880.671	16.9
880.882	16.9
881.093	17
881.304	17
881.515	17
881.725	17
881.936	17
882.147	17
882.358	17
882.569	16.9
882.78	16.9
882.991	16.9
883.202	17
883.413	17
883.624	17
883.835	17
884.046	17
884.257	17
884.468	17
884.679	17
884.89	17
885.101	17
885.312	17
885.523	17
885.735	17
885.946	17
886.157	17
886.368	17
886.579	17
886.791	17
887.002	17
887.213	17
887.425	17.1
887.636	17.1
887.847	17.1
888.059	17.1
888.27	17.1
888.481	17.1
888.693	17.1
888.904	17.1
889.116	17.2
889.327	17.2
889.539	17.2
889.75	17.2
889.962	17.2
890.174	17.2
890.385	17.2
890.597	17.2
890.808	17.2
891.02	17.2
891.232	17.3
891.444	17.3
891.655	17.3
891.867	17.3
892.079	17.3
892.291	17.3
892.502	17.3
892.714	17.3
892.926	17.3
893.138	17.3
893.35	17.3
893.562	17.3
893.774	17.3
893.986	17.3
894.198	17.3
894.41	17.3
894.622	17.3
894.834	17.3
895.046	17.3
895.258	17.3
895.47	17.3
895.682	17.3
895.894	17.3
896.106	17.3
896.319	17.3
896.531	17.3
896.743	17.3
896.955	17.3
897.168	17.3
897.38	17.3
897.592	17.3
897.805	17.3
898.017	17.3
898.229	17.3
898.442	17.3
898.654	17.3
898.867	17.3
899.079	17.3
899.292	17.3
899.504	17.3
899.717	17.3
899.929	17.3
900.142	17.3
900.355	17.3
900.567	17.3
900.78	17.3
900.993	17.3
901.205	17.3
901.418	17.3
901.631	17.3
901.844	17.3
902.056	17.3
902.269	17.3
902.482	17.3
902.695	17.3
902.908	17.3
903.121	17.3
903.334	17.3
903.547	17.3
903.76	17.3
903.973	17.3
904.186	17.3
904.399	17.3
904.612	17.4
904.825	17.4
905.038	17.4
905.251	17.4
905.465	17.4
905.678	17.4
905.891	17.4
906.104	17.4
906.318	17.4
906.531	17.4
906.744	17.4
906.958	17.4
907.171	17.4
907.384	17.4
907.598	17.4
907.811	17.4
908.025	17.4
908.238	17.4
908.452	17.4
908.665	17.4
908.879	17.4
909.093	17.4
909.306	17.4
909.52	17.4
909.734	17.5
909.947	17.5
910.161	17.5
910.375	17.5
910.589	17.5
910.803	17.5
911.016	17.5
911.23	17.5
911.444	17.5
911.658	17.5
911.872	17.5
912.086	17.6
912.3	17.6
912.514	17.6
912.728	17.6
912.942	17.6
913.156	17.6
913.37	17.6
913.585	17.6
913.799	17.6
914.013	17.6
914.227	17.5
914.442	17.5
914.656	17.5
914.87	17.6
915.084	17.6
915.299	17.6
915.513	17.6
915.728	17.5
915.942	17.6
916.157	17.5
916.371	17.5
916.586	17.5
916.8	17.6
917.015	17.6
917.229	17.6
917.444	17.6
917.659	17.6
917.874	17.6
918.088	17.6
918.303	17.7
918.518	17.7
918.733	17.7
918.947	17.7
919.162	17.7
919.377	17.7
919.592	17.7
919.807	17.7
920.022	17.7
920.237	17.7
920.452	17.7
920.667	17.8
920.882	17.8
921.097	17.7
921.313	17.8
921.528	17.8
921.743	17.8
921.958	17.8
922.174	17.8
922.389	17.9
922.604	17.8
922.82	17.9
923.035	17.9
923.25	17.9
923.466	17.9
923.681	17.9
923.897	17.9
924.112	18
924.328	18
924.544	18
924.759	18
924.975	18
925.19	18.1
925.406	18.1
925.622	18.1
925.838	18.2
926.054	18.2
926.269	18.2
926.485	18.2
926.701	18.2
926.917	18.2
927.133	18.2
927.349	18.2
927.565	18.2
927.781	18.3
927.997	18.3
928.213	18.3
928.429	18.3
928.646	18.3
928.862	18.3
929.078	18.3
929.294	18.4
929.511	18.4
929.727	18.4
929.943	18.4
930.16	18.4
930.376	18.4
930.592	18.4
930.809	18.4
931.025	18.4
931.242	18.4
931.459	18.5
931.675	18.5
931.892	18.5
932.108	18.5
932.325	18.6
932.542	18.6
932.759	18.6
932.975	18.6
933.192	18.6
933.409	18.6
933.626	18.6
933.843	18.6
934.06	18.6
934.277	18.6
934.494	18.6
934.711	18.6
934.928	18.6
935.145	18.5
935.362	18.6
935.58	18.6
935.797	18.6
936.014	18.6
936.231	18.6
936.449	18.5
936.666	18.5
936.883	18.5
937.101	18.5
937.318	18.5
937.536	18.5
937.753	18.5
937.971	18.5
938.188	18.5
938.406	18.4
938.624	18.5
938.841	18.5
939.059	18.5
939.277	18.5
939.494	18.5
939.712	18.6
939.93	18.6
