360.161	21.1
360.333	21
360.504	21
360.676	21
360.847	21.1
361.019	21.1
361.19	21
361.361	21.1
361.533	21.2
361.704	21.2
361.876	21.3
362.047	21.3
362.219	21.3
362.391	21.3
362.562	21.3
362.734	21.3
362.905	21.3
363.077	21.4
363.248	21.4
363.42	21.4
363.592	21.4
363.763	21.4
363.935	21.5
364.106	21.6
364.278	21.7
364.45	21.7
364.621	21.7
364.793	21.7
364.965	21.7
365.137	21.8
365.308	21.8
365.48	21.8
365.652	21.9
365.824	21.9
365.995	21.9
366.167	21.9
366.339	21.9
366.511	21.9
366.683	21.9
366.854	21.8
367.026	21.8
367.198	21.8
367.37	21.9
367.542	22
367.714	22
367.886	22.1
368.058	22.1
368.23	22.1
368.402	22.1
368.574	22.1
368.746	22.1
368.918	22.1
369.09	22.1
369.262	22.1
369.434	22.1
369.606	22.2
369.778	22.2
369.95	22.2
370.122	22.2
370.294	22.2
370.467	22.2
370.639	22.3
370.811	22.3
370.983	22.4
371.155	22.4
371.328	22.4
371.5	22.5
371.672	22.5
371.844	22.5
372.017	22.5
372.189	22.6
372.361	22.6
372.534	22.6
372.706	22.5
372.878	22.5
373.051	22.4
373.223	22.4
373.396	22.4
373.568	22.3
373.741	22.3
373.913	22.3
374.086	22.3
374.258	22.4
374.431	22.4
374.603	22.4
374.776	22.4
374.949	22.3
375.121	22.3
375.294	22.3
375.467	22.3
375.639	22.3
375.812	22.3
375.985	22.2
376.157	22.2
376.33	22.2
376.503	22.2
376.676	22.2
376.849	22.2
377.021	22.1
377.194	22.2
377.367	22.2
377.54	22.2
377.713	22.2
377.886	22.1
378.059	22.1
378.232	22.1
378.405	22.1
378.578	22.1
378.751	22
378.924	22
379.097	22
379.27	22
379.444	22
379.617	22
379.79	21.9
379.963	21.9
380.136	21.9
380.31	21.9
380.483	21.8
380.656	21.8
380.829	21.8
381.003	21.8
381.176	21.8
381.35	21.7
381.523	21.7
381.696	21.7
381.87	21.7
382.043	21.6
382.217	21.6
382.39	21.5
382.564	21.5
382.738	21.5
382.911	21.4
383.085	21.4
383.258	21.3
383.432	21.3
383.606	21.3
383.779	21.3
383.953	21.2
384.127	21.2
384.301	21.1
384.475	21.1
384.648	21
384.822	21
384.996	20.9
385.17	20.8
385.344	20.8
385.518	20.8
385.692	20.7
385.866	20.7
386.04	20.6
386.214	20.6
386.388	20.5
386.562	20.5
386.737	20.5
386.911	20.4
387.085	20.4
387.259	20.3
387.434	20.3
387.608	20.3
387.782	20.2
387.956	20.2
388.131	20.2
388.305	20.2
388.48	20.1
388.654	20.1
388.829	20
389.003	20
389.178	20
389.352	19.9
389.527	19.9
389.701	19.9
389.876	19.8
390.051	19.8
390.226	19.8
390.4	19.8
390.575	19.8
390.75	19.7
390.925	19.7
391.099	19.7
391.274	19.7
391.449	19.7
391.624	19.6
391.799	19.6
391.974	19.6
392.149	19.5
392.324	19.5
392.499	19.5
392.675	19.5
392.85	19.4
393.025	19.4
393.2	19.4
393.375	19.4
393.551	19.3
393.726	19.3
393.901	19.3
394.077	19.2
394.252	19.2
394.427	19.2
394.603	19.1
394.778	19.1
394.954	19.1
395.129	19.1
395.305	19.1
395.481	19
395.656	19
395.832	19
396.008	18.9
396.184	18.9
396.359	18.9
396.535	18.8
396.711	18.8
396.887	18.8
397.063	18.7
397.239	18.7
397.415	18.7
397.591	18.6
397.767	18.6
397.943	18.5
398.119	18.5
398.295	18.4
398.471	18.4
398.648	18.4
398.824	18.4
399	18.3
399.176	18.3
399.353	18.3
399.529	18.3
399.706	18.2
399.882	18.2
400.058	18.2
400.235	18.1
400.412	18.1
400.588	18.1
400.765	18.1
400.942	18
401.118	18
401.295	18
401.472	18
401.649	17.9
401.825	17.9
402.002	17.8
402.179	17.8
402.356	17.8
402.533	17.7
402.71	17.7
402.887	17.7
403.064	17.6
403.242	17.6
403.419	17.6
403.596	17.5
403.773	17.5
403.95	17.5
404.128	17.5
404.305	17.4
404.483	17.4
404.66	17.4
404.837	17.4
405.015	17.3
405.193	17.3
405.37	17.3
405.548	17.3
405.725	17.3
405.903	17.2
406.081	17.2
406.259	17.2
406.437	17.2
406.614	17.1
406.792	17.1
406.97	17.1
407.148	17.1
407.326	17.1
407.504	17
407.682	17
407.86	17
408.039	16.9
408.217	16.9
408.395	16.9
408.573	16.9
408.751	16.9
408.93	16.8
409.108	16.8
409.287	16.8
409.465	16.8
409.643	16.8
409.822	16.8
410	16.8
410.179	16.7
410.358	16.7
410.536	16.7
410.715	16.7
410.894	16.7
411.072	16.7
411.251	16.6
411.43	16.6
411.609	16.6
411.788	16.6
411.967	16.6
412.146	16.5
412.325	16.5
412.504	16.5
412.683	16.5
412.862	16.5
413.041	16.5
413.22	16.5
413.399	16.5
413.578	16.4
413.758	16.4
413.937	16.4
414.116	16.4
414.296	16.4
414.475	16.4
414.654	16.4
414.834	16.3
415.013	16.3
415.193	16.3
415.372	16.3
415.552	16.3
415.732	16.2
415.911	16.2
416.091	16.2
416.271	16.2
416.45	16.2
416.63	16.2
416.81	16.2
416.99	16.2
417.169	16.2
417.349	16.2
417.529	16.2
417.709	16.1
417.889	16.1
418.069	16.1
418.249	16.1
418.429	16.1
418.609	16.1
418.789	16.1
418.97	16.1
419.15	16.1
419.33	16
419.51	16
419.691	16
419.871	16
420.051	16
420.232	16
420.412	16
420.592	16
420.773	15.9
420.953	15.9
421.134	15.9
421.314	15.9
421.495	15.9
421.675	15.9
421.856	15.9
422.037	15.8
422.217	15.8
422.398	15.8
422.579	15.8
422.76	15.8
422.94	15.8
423.121	15.8
423.302	15.8
423.483	15.8
423.664	15.8
423.845	15.8
424.026	15.8
424.207	15.7
424.388	15.7
424.569	15.7
424.75	15.7
424.931	15.7
425.112	15.7
425.293	15.7
425.474	15.7
425.655	15.7
425.837	15.7
426.018	15.7
426.199	15.7
426.38	15.7
426.562	15.7
426.743	15.6
426.924	15.6
427.106	15.6
427.287	15.6
427.469	15.6
427.65	15.6
427.832	15.6
428.013	15.6
428.195	15.6
428.376	15.6
428.558	15.6
428.739	15.6
428.921	15.6
429.103	15.6
429.284	15.6
429.466	15.6
429.648	15.6
429.83	15.6
430.011	15.6
430.193	15.6
430.375	15.6
430.557	15.6
430.739	15.6
430.921	15.6
431.102	15.6
431.284	15.6
431.466	15.6
431.648	15.6
431.83	15.6
432.012	15.6
432.194	15.6
432.377	15.6
432.559	15.6
432.741	15.6
432.923	15.5
433.105	15.5
433.287	15.5
433.469	15.5
433.652	15.5
433.834	15.5
434.016	15.5
434.198	15.5
434.381	15.5
434.563	15.5
434.745	15.5
434.928	15.5
435.11	15.5
435.293	15.5
435.475	15.5
435.658	15.5
435.84	15.5
436.022	15.6
436.205	15.6
436.388	15.6
436.57	15.6
436.753	15.6
436.935	15.6
437.118	15.6
437.301	15.6
437.483	15.6
437.666	15.6
437.849	15.6
438.031	15.6
438.214	15.6
438.397	15.6
438.58	15.7
438.762	15.7
438.945	15.7
439.128	15.7
439.311	15.7
439.494	15.7
439.677	15.7
439.859	15.7
440.042	15.7
440.225	15.7
440.408	15.8
440.591	15.8
440.774	15.8
440.957	15.8
441.14	15.8
441.323	15.8
441.507	15.8
441.69	15.8
441.873	15.8
442.056	15.8
442.239	15.8
442.422	15.8
442.605	15.8
442.789	15.8
442.972	15.8
443.155	15.8
443.338	15.9
443.522	15.9
443.705	15.9
443.888	15.9
444.072	15.9
444.255	15.9
444.438	15.9
444.622	15.9
444.805	15.9
444.989	15.9
445.172	15.9
445.356	15.9
445.539	15.9
445.723	15.9
445.906	16
446.09	16
446.273	16
446.457	16
446.64	16
446.824	16
447.008	16
447.191	16
447.375	16
447.559	16
447.742	16
447.926	16
448.11	16
448.293	16.1
448.477	16.1
448.661	16.1
448.845	16.1
449.029	16.1
449.212	16.1
449.396	16.1
449.58	16.1
449.764	16.1
449.948	16.2
450.132	16.2
450.316	16.2
450.5	16.2
450.684	16.2
450.868	16.2
451.052	16.2
451.236	16.2
451.42	16.3
451.604	16.3
451.788	16.3
451.972	16.3
452.156	16.3
452.34	16.3
452.525	16.3
452.709	16.3
452.893	16.3
453.077	16.4
453.261	16.4
453.446	16.4
453.63	16.4
453.814	16.4
453.998	16.4
454.183	16.4
454.367	16.5
454.551	16.5
454.736	16.5
454.92	16.5
455.104	16.5
455.289	16.5
455.473	16.5
455.658	16.5
455.842	16.6
456.026	16.6
456.211	16.6
456.395	16.6
456.58	16.6
456.764	16.7
456.949	16.7
457.134	16.7
457.318	16.7
457.503	16.7
457.687	16.7
457.872	16.7
458.057	16.8
458.241	16.8
458.426	16.8
458.611	16.8
458.795	16.8
458.98	16.8
459.165	16.9
459.349	16.9
459.534	16.9
459.719	16.9
459.904	16.9
460.088	17
460.273	17
460.458	17
460.643	17
460.828	17
461.013	17
461.198	17.1
461.382	17.1
461.567	17.1
461.752	17.1
461.937	17.1
462.122	17.2
462.307	17.2
462.492	17.2
462.677	17.2
462.862	17.2
463.047	17.2
463.232	17.2
463.417	17.3
463.602	17.3
463.788	17.3
463.973	17.3
464.158	17.3
464.343	17.3
464.528	17.4
464.713	17.4
464.898	17.4
465.084	17.4
465.269	17.4
465.454	17.4
465.639	17.5
465.824	17.5
466.01	17.5
466.195	17.5
466.38	17.5
466.566	17.6
466.751	17.6
466.936	17.6
467.122	17.6
467.307	17.6
467.492	17.6
467.678	17.7
467.863	17.7
468.048	17.7
468.234	17.7
468.419	17.7
468.605	17.7
468.79	17.8
468.976	17.8
469.161	17.8
469.347	17.8
469.532	17.8
469.718	17.8
469.903	17.8
470.089	17.9
470.274	17.9
470.46	17.9
470.646	17.9
470.831	17.9
471.017	17.9
471.202	18
471.388	18
471.574	18
471.759	18
471.945	18
472.131	18
472.317	18.1
472.502	18.1
472.688	18.1
472.874	18.1
473.059	18.1
473.245	18.2
473.431	18.2
473.617	18.2
473.803	18.2
473.988	18.2
474.174	18.2
474.36	18.3
474.546	18.3
474.732	18.3
474.918	18.3
475.104	18.3
475.29	18.4
475.475	18.4
475.661	18.4
475.847	18.4
476.033	18.4
476.219	18.4
476.405	18.5
476.591	18.5
476.777	18.5
476.963	18.5
477.149	18.5
477.335	18.6
477.521	18.6
477.707	18.6
477.893	18.6
478.08	18.6
478.266	18.7
478.452	18.7
478.638	18.7
478.824	18.7
479.01	18.7
479.196	18.8
479.382	18.8
479.569	18.8
479.755	18.8
479.941	18.8
480.127	18.8
480.313	18.9
480.5	18.9
480.686	18.9
480.872	18.9
481.058	18.9
481.245	19
481.431	19
481.617	19
481.803	19
481.99	19
482.176	19.1
482.362	19.1
482.549	19.1
482.735	19.1
482.921	19.1
483.108	19.1
483.294	19.2
483.481	19.2
483.667	19.2
483.853	19.2
484.04	19.3
484.226	19.3
484.413	19.3
484.599	19.3
484.786	19.4
484.972	19.4
485.159	19.4
485.345	19.4
485.532	19.5
485.718	19.5
485.905	19.5
486.091	19.5
486.278	19.6
486.464	19.6
486.651	19.6
486.837	19.6
487.024	19.7
487.211	19.7
487.397	19.7
487.584	19.7
487.77	19.8
487.957	19.8
488.144	19.8
488.33	19.8
488.517	19.9
488.704	19.9
488.89	19.9
489.077	19.9
489.264	20
489.45	20
489.637	20
489.824	20
490.01	20.1
490.197	20.1
490.384	20.1
490.571	20.1
490.757	20.2
490.944	20.2
491.131	20.2
491.318	20.2
491.505	20.3
491.691	20.3
491.878	20.3
492.065	20.3
492.252	20.4
492.439	20.4
492.626	20.4
492.812	20.5
492.999	20.5
493.186	20.5
493.373	20.5
493.56	20.6
493.747	20.6
493.934	20.6
494.121	20.6
494.308	20.7
494.494	20.7
494.681	20.7
494.868	20.8
495.055	20.8
495.242	20.8
495.429	20.8
495.616	20.9
495.803	20.9
495.99	20.9
496.177	20.9
496.364	21
496.551	21
496.738	21
496.925	21.1
497.112	21.1
497.299	21.1
497.486	21.2
497.673	21.2
497.861	21.2
498.048	21.3
498.235	21.3
498.422	21.3
498.609	21.3
498.796	21.4
498.983	21.4
499.17	21.4
499.357	21.5
499.544	21.5
499.732	21.5
499.919	21.6
500.106	21.6
500.293	21.6
500.48	21.6
500.667	21.7
500.855	21.7
501.042	21.7
501.229	21.8
501.416	21.8
501.603	21.8
501.791	21.9
501.978	21.9
502.165	21.9
502.352	21.9
502.54	22
502.727	22
502.914	22
503.101	22.1
503.289	22.1
503.476	22.1
503.663	22.2
503.85	22.2
504.038	22.2
504.225	22.2
504.412	22.3
504.6	22.3
504.787	22.3
504.974	22.3
505.161	22.4
505.349	22.4
505.536	22.4
505.723	22.4
505.911	22.4
506.098	22.5
506.286	22.5
506.473	22.5
506.66	22.5
506.848	22.5
507.035	22.6
507.222	22.6
507.41	22.6
507.597	22.6
507.785	22.6
507.972	22.6
508.159	22.7
508.347	22.7
508.534	22.7
508.722	22.7
508.909	22.7
509.097	22.7
509.284	22.7
509.471	22.7
509.659	22.8
509.846	22.8
510.034	22.8
510.221	22.8
510.409	22.8
510.596	22.8
510.784	22.8
510.971	22.8
511.159	22.8
511.346	22.8
511.534	22.8
511.721	22.8
511.909	22.8
512.096	22.8
512.284	22.8
512.471	22.8
512.659	22.8
512.846	22.8
513.034	22.8
513.221	22.8
513.409	22.8
513.596	22.8
513.784	22.8
513.972	22.8
514.159	22.8
514.347	22.8
514.534	22.8
514.722	22.8
514.909	22.8
515.097	22.8
515.285	22.8
515.472	22.7
515.66	22.7
515.847	22.7
516.035	22.7
516.222	22.7
516.41	22.7
516.598	22.7
516.785	22.7
516.973	22.6
517.161	22.6
517.348	22.6
517.536	22.6
517.723	22.6
517.911	22.6
518.099	22.6
518.286	22.6
518.474	22.5
518.662	22.5
518.849	22.5
519.037	22.5
519.225	22.5
519.412	22.5
519.6	22.4
519.787	22.4
519.975	22.4
520.163	22.4
520.35	22.4
520.538	22.3
520.726	22.3
520.914	22.3
521.101	22.3
521.289	22.3
521.477	22.2
521.664	22.2
521.852	22.2
522.04	22.2
522.227	22.1
522.415	22.1
522.603	22.1
522.79	22.1
522.978	22
523.166	22
523.354	22
523.541	22
523.729	21.9
523.917	21.9
524.104	21.9
524.292	21.9
524.48	21.8
524.668	21.8
524.855	21.8
525.043	21.7
525.231	21.7
525.418	21.7
525.606	21.7
525.794	21.6
525.982	21.6
526.169	21.6
526.357	21.6
526.545	21.5
526.733	21.5
526.92	21.5
527.108	21.5
527.296	21.4
527.484	21.4
527.671	21.4
527.859	21.4
528.047	21.3
528.235	21.3
528.422	21.3
528.61	21.2
528.798	21.2
528.986	21.2
529.173	21.1
529.361	21.1
529.549	21.1
529.737	21.1
529.924	21
530.112	21
530.3	21
530.488	20.9
530.675	20.9
530.863	20.9
531.051	20.8
531.239	20.8
531.426	20.8
531.614	20.7
531.802	20.7
531.99	20.7
532.177	20.7
532.365	20.6
532.553	20.6
532.741	20.6
532.928	20.5
533.116	20.5
533.304	20.5
533.492	20.4
533.679	20.4
533.867	20.3
534.055	20.3
534.243	20.3
534.431	20.2
534.618	20.2
534.806	20.2
534.994	20.1
535.182	20.1
535.369	20.1
535.557	20
535.745	20
535.933	20
536.12	19.9
536.308	19.9
536.496	19.9
536.684	19.8
536.871	19.8
537.059	19.8
537.247	19.8
537.435	19.7
537.622	19.7
537.81	19.7
537.998	19.6
538.186	19.6
538.373	19.6
538.561	19.5
538.749	19.5
538.937	19.5
539.124	19.5
539.312	19.4
539.5	19.4
539.688	19.4
539.875	19.3
540.063	19.3
540.251	19.3
540.439	19.3
540.626	19.2
540.814	19.2
541.002	19.2
541.19	19.2
541.377	19.1
541.565	19.1
541.753	19.1
541.941	19
542.128	19
542.316	19
542.504	19
542.691	18.9
542.879	18.9
543.067	18.9
543.255	18.9
543.442	18.8
543.63	18.8
543.818	18.8
544.005	18.8
544.193	18.7
544.381	18.7
544.568	18.7
544.756	18.7
544.944	18.6
545.132	18.6
545.319	18.6
545.507	18.6
545.695	18.5
545.882	18.5
546.07	18.5
546.258	18.5
546.445	18.5
546.633	18.4
546.821	18.4
547.008	18.4
547.196	18.4
547.384	18.3
547.571	18.3
547.759	18.3
547.947	18.3
548.134	18.2
548.322	18.2
548.51	18.2
548.697	18.2
548.885	18.2
549.073	18.1
549.26	18.1
549.448	18.1
549.636	18.1
549.823	18.1
550.011	18
550.199	18
550.386	18
550.574	18
550.762	18
550.949	17.9
551.137	17.9
551.325	17.9
551.512	17.9
551.7	17.9
551.888	17.8
552.075	17.8
552.263	17.8
552.451	17.8
552.639	17.8
552.826	17.7
553.014	17.7
553.202	17.7
553.389	17.7
553.577	17.7
553.765	17.6
553.953	17.6
554.14	17.6
554.328	17.6
554.516	17.6
554.704	17.6
554.891	17.5
555.079	17.5
555.267	17.5
555.455	17.5
555.643	17.5
555.83	17.5
556.018	17.5
556.206	17.4
556.394	17.4
556.582	17.4
556.77	17.4
556.957	17.4
557.145	17.4
557.333	17.3
557.521	17.3
557.709	17.3
557.897	17.3
558.085	17.3
558.273	17.3
558.461	17.3
558.649	17.2
558.837	17.2
559.025	17.2
559.213	17.2
559.4	17.2
559.588	17.2
559.777	17.1
559.965	17.1
560.153	17.1
560.341	17.1
560.529	17.1
560.717	17.1
560.905	17.1
561.093	17.1
561.281	17
561.469	17
561.657	17
561.845	17
562.034	17
562.222	17
562.41	16.9
562.598	16.9
562.786	16.9
562.975	16.9
563.163	16.9
563.351	16.9
563.539	16.9
563.728	16.8
563.916	16.8
564.104	16.8
564.293	16.8
564.481	16.8
564.67	16.8
564.858	16.8
565.046	16.8
565.235	16.7
565.423	16.7
565.612	16.7
565.8	16.7
565.989	16.7
566.177	16.7
566.366	16.7
566.554	16.7
566.743	16.6
566.932	16.6
567.12	16.6
567.309	16.6
567.497	16.6
567.686	16.6
567.875	16.6
568.064	16.6
568.252	16.5
568.441	16.5
568.63	16.5
568.819	16.5
569.007	16.5
569.196	16.5
569.385	16.5
569.574	16.5
569.763	16.4
569.952	16.4
570.141	16.4
570.33	16.4
570.519	16.4
570.708	16.4
570.897	16.4
571.086	16.4
571.275	16.3
571.464	16.3
571.653	16.3
571.843	16.3
572.032	16.3
572.221	16.3
572.41	16.3
572.599	16.3
572.789	16.2
572.978	16.2
573.167	16.2
573.357	16.2
573.546	16.2
573.736	16.2
573.925	16.2
574.115	16.2
574.304	16.2
574.494	16.1
574.683	16.1
574.873	16.1
575.062	16.1
575.252	16.1
575.442	16.1
575.631	16.1
575.821	16.1
576.011	16.1
576.201	16
576.39	16
576.58	16
576.77	16
576.96	16
577.15	16
577.34	16
577.53	16
577.72	16
577.91	15.9
578.1	15.9
578.29	15.9
578.48	15.9
578.67	15.9
578.861	15.9
579.051	15.9
579.241	15.9
579.431	15.9
579.622	15.9
579.812	15.9
580.002	15.8
580.193	15.8
580.383	15.8
580.574	15.8
580.764	15.8
580.955	15.8
581.145	15.8
581.336	15.8
581.526	15.8
581.717	15.8
581.908	15.8
582.098	15.8
582.289	15.8
582.48	15.8
582.671	15.8
582.862	15.7
583.052	15.7
583.243	15.7
583.434	15.7
583.625	15.7
583.816	15.7
584.007	15.7
584.198	15.7
584.389	15.7
584.58	15.7
584.771	15.7
584.962	15.7
585.154	15.7
585.345	15.7
585.536	15.7
585.727	15.7
585.918	15.7
586.11	15.7
586.301	15.7
586.492	15.7
586.684	15.7
586.875	15.6
587.067	15.6
587.258	15.6
587.45	15.6
587.641	15.6
587.833	15.6
588.024	15.6
588.216	15.6
588.408	15.6
588.599	15.6
588.791	15.6
588.983	15.6
589.174	15.6
589.366	15.6
589.558	15.6
589.75	15.6
589.942	15.6
590.134	15.6
590.326	15.6
590.518	15.6
590.71	15.5
590.902	15.5
591.094	15.5
591.286	15.5
591.478	15.5
591.67	15.5
591.862	15.5
592.054	15.5
592.246	15.5
592.439	15.5
592.631	15.5
592.823	15.5
593.016	15.5
593.208	15.5
593.4	15.5
593.593	15.5
593.785	15.5
593.978	15.5
594.17	15.5
594.363	15.5
594.555	15.5
594.748	15.4
594.94	15.4
595.133	15.4
595.326	15.4
595.518	15.4
595.711	15.4
595.904	15.4
596.096	15.4
596.289	15.4
596.482	15.4
596.675	15.4
596.868	15.4
597.061	15.4
597.254	15.4
597.447	15.4
597.64	15.4
597.833	15.4
598.026	15.4
598.219	15.4
598.412	15.4
598.605	15.4
598.798	15.4
598.991	15.4
599.184	15.4
599.378	15.4
599.571	15.4
599.764	15.4
599.957	15.4
600.151	15.4
600.344	15.4
600.538	15.4
600.731	15.4
600.924	15.4
601.118	15.4
601.311	15.4
601.505	15.4
601.698	15.4
601.892	15.4
602.086	15.3
602.279	15.3
602.473	15.3
602.667	15.3
602.86	15.3
603.054	15.3
603.248	15.3
603.442	15.3
603.635	15.3
603.829	15.3
604.023	15.3
604.217	15.3
604.411	15.3
604.605	15.3
604.799	15.3
604.993	15.3
605.187	15.3
605.381	15.3
605.575	15.3
605.769	15.3
605.963	15.3
606.157	15.3
606.352	15.3
606.546	15.3
606.74	15.3
606.934	15.3
607.129	15.3
607.323	15.3
607.517	15.3
607.712	15.3
607.906	15.3
608.1	15.3
608.295	15.3
608.489	15.3
608.684	15.3
608.878	15.3
609.073	15.3
609.267	15.3
609.462	15.3
609.657	15.3
609.851	15.3
610.046	15.3
610.241	15.2
610.435	15.2
610.63	15.2
610.825	15.2
611.02	15.2
611.215	15.2
611.41	15.2
611.604	15.2
611.799	15.2
611.994	15.2
612.189	15.2
612.384	15.2
612.579	15.2
612.774	15.2
612.969	15.2
613.164	15.2
613.359	15.2
613.555	15.2
613.75	15.2
613.945	15.2
614.14	15.2
614.335	15.2
614.531	15.2
614.726	15.2
614.921	15.2
615.117	15.2
615.312	15.2
615.507	15.2
615.703	15.2
615.898	15.2
616.094	15.2
616.289	15.2
616.485	15.2
616.68	15.2
616.876	15.2
617.071	15.2
617.267	15.2
617.463	15.2
617.658	15.2
617.854	15.2
618.05	15.2
618.245	15.2
618.441	15.2
618.637	15.2
618.833	15.2
619.029	15.2
619.225	15.2
619.42	15.2
619.616	15.2
619.812	15.2
620.008	15.2
620.204	15.2
620.4	15.2
620.596	15.2
620.792	15.2
620.988	15.2
621.184	15.2
621.381	15.2
621.577	15.1
621.773	15.1
621.969	15.1
622.165	15.1
622.362	15.1
622.558	15.1
622.754	15.1
622.951	15.1
623.147	15.1
623.343	15.1
623.54	15.1
623.736	15.1
623.933	15.1
624.129	15.1
624.326	15.1
624.522	15.1
624.719	15.1
624.915	15.1
625.112	15.1
625.308	15.1
625.505	15.1
625.702	15.1
625.898	15.1
626.095	15.1
626.292	15.1
626.489	15.1
626.685	15.1
626.882	15.1
627.079	15.1
627.276	15.1
627.473	15.1
627.67	15.1
627.866	15.1
628.063	15.1
628.26	15.1
628.457	15.1
628.654	15.1
628.851	15.1
629.048	15.1
629.246	15.1
629.443	15.1
629.64	15.1
629.837	15.1
630.034	15.1
630.231	15.1
630.429	15.1
630.626	15.1
630.823	15.1
631.02	15.1
631.218	15.1
631.415	15.1
631.612	15.1
631.81	15.1
632.007	15.1
632.205	15.1
632.402	15.1
632.6	15.1
632.797	15.1
632.995	15.1
633.192	15.2
633.39	15.2
633.587	15.2
633.785	15.2
633.983	15.2
634.18	15.2
634.378	15.2
634.576	15.2
634.773	15.2
634.971	15.2
635.169	15.2
635.367	15.2
635.565	15.2
635.762	15.2
635.96	15.2
636.158	15.2
636.356	15.2
636.554	15.2
636.752	15.2
636.95	15.2
637.148	15.2
637.346	15.2
637.544	15.2
637.742	15.2
637.94	15.2
638.138	15.2
638.337	15.2
638.535	15.2
638.733	15.2
638.931	15.2
639.129	15.2
639.328	15.2
639.526	15.2
639.724	15.2
639.922	15.2
640.121	15.2
640.319	15.2
640.518	15.2
640.716	15.2
640.914	15.2
641.113	15.2
641.311	15.2
641.51	15.2
641.708	15.2
641.907	15.2
642.105	15.3
642.304	15.3
642.503	15.3
642.701	15.3
642.9	15.3
643.098	15.3
643.297	15.3
643.496	15.3
643.695	15.3
643.893	15.3
644.092	15.3
644.291	15.3
644.49	15.3
644.689	15.3
644.887	15.3
645.086	15.3
645.285	15.3
645.484	15.3
645.683	15.3
645.882	15.3
646.081	15.3
646.28	15.3
646.479	15.3
646.678	15.3
646.877	15.4
647.076	15.4
647.276	15.4
647.475	15.4
647.674	15.4
647.873	15.4
648.072	15.4
648.271	15.4
648.471	15.4
648.67	15.4
648.869	15.4
649.069	15.4
649.268	15.4
649.467	15.4
649.667	15.4
649.866	15.4
650.065	15.4
650.265	15.4
650.464	15.4
650.664	15.4
650.863	15.4
651.063	15.4
651.262	15.5
651.462	15.5
651.662	15.5
651.861	15.5
652.061	15.5
652.26	15.5
652.46	15.5
652.66	15.5
652.859	15.5
653.059	15.5
653.259	15.5
653.459	15.5
653.658	15.5
653.858	15.5
654.058	15.5
654.258	15.5
654.458	15.5
654.658	15.5
654.858	15.5
655.058	15.5
655.258	15.5
655.457	15.5
655.657	15.5
655.857	15.5
656.058	15.5
656.258	15.5
656.458	15.6
656.658	15.6
656.858	15.6
657.058	15.6
657.258	15.6
657.458	15.6
657.659	15.6
657.859	15.6
658.059	15.6
658.259	15.6
658.459	15.6
658.66	15.6
658.86	15.6
659.06	15.6
659.261	15.6
659.461	15.6
659.662	15.6
659.862	15.6
660.062	15.6
660.263	15.6
660.463	15.6
660.664	15.6
660.864	15.6
661.065	15.6
661.265	15.6
661.466	15.6
661.667	15.6
661.867	15.7
662.068	15.7
662.268	15.7
662.469	15.7
662.67	15.7
662.87	15.7
663.071	15.7
663.272	15.7
663.473	15.7
663.674	15.7
663.874	15.7
664.075	15.7
664.276	15.7
664.477	15.7
664.678	15.7
664.879	15.7
665.08	15.7
665.28	15.7
665.481	15.7
665.682	15.7
665.883	15.7
666.084	15.7
666.285	15.7
666.486	15.7
666.688	15.7
666.889	15.7
667.09	15.7
667.291	15.7
667.492	15.7
667.693	15.7
667.894	15.7
668.096	15.7
668.297	15.7
668.498	15.7
668.699	15.7
668.901	15.7
669.102	15.7
669.303	15.7
669.505	15.7
669.706	15.7
669.907	15.7
670.109	15.7
670.31	15.7
670.511	15.7
670.713	15.7
670.914	15.7
671.116	15.7
671.317	15.7
671.519	15.7
671.72	15.8
671.922	15.8
672.124	15.8
672.325	15.8
672.527	15.8
672.728	15.8
672.93	15.8
673.132	15.8
673.333	15.8
673.535	15.8
673.737	15.8
673.939	15.8
674.14	15.8
674.342	15.9
674.544	15.9
674.746	15.9
674.948	15.9
675.149	15.9
675.351	15.9
675.553	15.9
675.755	15.9
675.957	15.9
676.159	15.9
676.361	15.9
676.563	16
676.765	16
676.967	16
677.169	16
677.371	16
677.573	16
677.775	16
677.977	16
678.179	16.1
678.381	16.1
678.583	16.1
678.786	16.1
678.988	16.1
679.19	16.1
679.392	16.1
679.594	16.1
679.797	16.2
679.999	16.2
680.201	16.2
680.404	16.2
680.606	16.2
680.808	16.2
681.011	16.2
681.213	16.2
681.415	16.2
681.618	16.3
681.82	16.3
682.023	16.3
682.225	16.3
682.428	16.3
682.63	16.3
682.833	16.3
683.035	16.3
683.238	16.3
683.44	16.4
683.643	16.4
683.845	16.4
684.048	16.4
684.251	16.4
684.453	16.4
684.656	16.4
684.859	16.4
685.061	16.4
685.264	16.4
685.467	16.5
685.67	16.5
685.872	16.5
686.075	16.5
686.278	16.5
686.481	16.5
686.684	16.5
686.886	16.5
687.089	16.5
687.292	16.5
687.495	16.6
687.698	16.6
687.901	16.6
688.104	16.6
688.307	16.6
688.51	16.6
688.713	16.6
688.916	16.6
689.119	16.7
689.322	16.7
689.525	16.7
689.728	16.7
689.931	16.7
690.134	16.7
690.337	16.7
690.54	16.7
690.744	16.7
690.947	16.7
691.15	16.8
691.353	16.8
691.556	16.8
691.76	16.8
691.963	16.8
692.166	16.8
692.37	16.8
692.573	16.8
692.776	16.8
692.979	16.9
693.183	16.9
693.386	16.9
693.59	16.9
693.793	16.9
693.996	16.9
694.2	16.9
694.403	16.9
694.607	16.9
694.81	16.9
695.014	16.9
695.217	17
695.421	17
695.624	17
695.828	17
696.031	17
696.235	17
696.439	17
696.642	17
696.846	17
697.049	17
697.253	17
697.457	17
697.661	17
697.864	17
698.068	17.1
698.272	17.1
698.475	17.1
698.679	17.1
698.883	17.1
699.087	17.1
699.291	17.1
699.494	17.1
699.698	17.1
699.902	17.1
700.106	17.1
700.31	17.1
700.514	17.1
700.718	17.1
700.922	17.1
701.126	17.1
701.33	17.2
701.534	17.2
701.738	17.2
701.942	17.2
702.146	17.2
702.35	17.2
702.554	17.2
702.758	17.2
702.962	17.2
703.166	17.2
703.37	17.2
703.574	17.2
703.778	17.2
703.983	17.2
704.187	17.2
704.391	17.3
704.595	17.3
704.799	17.3
705.004	17.3
705.208	17.3
705.412	17.3
705.616	17.3
705.821	17.3
706.025	17.3
706.229	17.3
706.434	17.3
706.638	17.4
706.842	17.4
707.047	17.4
707.251	17.4
707.455	17.4
707.66	17.4
707.864	17.4
708.069	17.4
708.273	17.5
708.478	17.5
708.682	17.5
708.887	17.5
709.091	17.5
709.296	17.5
709.5	17.6
709.705	17.6
709.909	17.6
710.114	17.6
710.319	17.6
710.523	17.6
710.728	17.7
710.932	17.7
711.137	17.7
711.342	17.7
711.546	17.7
711.751	17.8
711.956	17.8
712.161	17.8
712.365	17.8
712.57	17.8
712.775	17.9
712.98	17.9
713.184	17.9
713.389	17.9
713.594	18
713.799	18
714.004	18
714.209	18
714.413	18
714.618	18.1
714.823	18.1
715.028	18.1
715.233	18.2
715.438	18.2
715.643	18.2
715.848	18.2
716.053	18.3
716.258	18.3
716.463	18.3
716.668	18.4
716.873	18.4
717.078	18.4
717.283	18.4
717.488	18.5
717.693	18.5
717.898	18.5
718.103	18.5
718.308	18.6
718.514	18.6
718.719	18.6
718.924	18.7
719.129	18.7
719.334	18.7
719.539	18.8
719.745	18.8
719.95	18.8
720.155	18.9
720.36	18.9
720.566	18.9
720.771	19
720.976	19
721.182	19
721.387	19.1
721.592	19.1
721.798	19.1
722.003	19.2
722.208	19.2
722.414	19.3
722.619	19.3
722.824	19.3
723.03	19.4
723.235	19.4
723.441	19.4
723.646	19.5
723.852	19.5
724.057	19.6
724.263	19.6
724.468	19.6
724.674	19.7
724.879	19.7
725.085	19.8
725.29	19.8
725.496	19.8
725.701	19.9
725.907	19.9
726.112	20
726.318	20
726.524	20
726.729	20.1
726.935	20.1
727.141	20.2
727.346	20.2
727.552	20.3
727.758	20.3
727.963	20.3
728.169	20.4
728.375	20.4
728.581	20.5
728.786	20.5
728.992	20.5
729.198	20.6
729.404	20.6
729.609	20.7
729.815	20.7
730.021	20.8
730.227	20.8
730.433	20.9
730.639	20.9
730.844	20.9
731.05	21
731.256	21
731.462	21.1
731.668	21.1
731.874	21.2
732.08	21.2
732.286	21.2
732.492	21.3
732.698	21.3
732.904	21.4
733.11	21.4
733.316	21.5
733.522	21.5
733.728	21.6
733.934	21.6
734.14	21.6
734.346	21.7
734.552	21.7
734.758	21.8
734.964	21.8
735.17	21.9
735.376	21.9
735.583	22
735.789	22
735.995	22.1
736.201	22.1
736.407	22.2
736.613	22.2
736.819	22.3
737.026	22.3
737.232	22.4
737.438	22.4
737.644	22.5
737.851	22.5
738.057	22.6
738.263	22.6
738.469	22.6
738.676	22.7
738.882	22.7
739.088	22.8
739.295	22.8
739.501	22.9
739.707	22.9
739.914	23
740.12	23
740.326	23.1
740.533	23.1
740.739	23.2
740.946	23.2
741.152	23.3
741.358	23.3
741.565	23.4
741.771	23.4
741.978	23.5
742.184	23.6
742.391	23.6
742.597	23.7
742.804	23.7
743.01	23.8
743.217	23.8
743.423	23.9
743.63	23.9
743.836	24
744.043	24.1
744.249	24.1
744.456	24.2
744.663	24.2
744.869	24.3
745.076	24.3
745.282	24.4
745.489	24.5
745.696	24.5
745.902	24.6
746.109	24.6
746.316	24.7
746.522	24.8
746.729	24.8
746.936	24.9
747.142	25
747.349	25
747.556	25.1
747.762	25.1
747.969	25.2
748.176	25.3
748.383	25.3
748.589	25.4
748.796	25.4
749.003	25.5
749.21	25.6
749.417	25.6
749.623	25.7
749.83	25.8
750.037	25.8
750.244	25.9
750.451	25.9
750.658	26
750.865	26.1
751.071	26.1
751.278	26.2
751.485	26.2
751.692	26.3
751.899	26.4
752.106	26.4
752.313	26.5
752.52	26.6
752.727	26.6
752.934	26.7
753.141	26.7
753.348	26.8
753.555	26.9
753.762	26.9
753.969	27
754.176	27.1
754.383	27.1
754.59	27.2
754.797	27.2
755.004	27.3
755.211	27.4
755.418	27.4
755.625	27.5
755.832	27.6
756.039	27.6
756.246	27.7
756.453	27.8
756.66	27.9
756.868	27.9
757.075	28
757.282	28.1
757.489	28.1
757.696	28.2
757.903	28.3
758.111	28.3
758.318	28.4
758.525	28.5
758.732	28.5
758.939	28.6
759.147	28.7
759.354	28.8
759.561	28.8
759.768	28.9
759.976	29
760.183	29.1
760.39	29.1
760.597	29.2
760.805	29.2
761.012	29.3
761.219	29.4
761.426	29.5
761.634	29.5
761.841	29.6
762.048	29.7
762.256	29.8
762.463	29.8
762.67	29.9
762.878	30
763.085	30
763.293	30.1
763.5	30.2
763.707	30.2
763.915	30.3
764.122	30.4
764.33	30.5
764.537	30.5
764.744	30.6
764.952	30.7
765.159	30.8
765.367	30.8
765.574	30.9
765.782	31
765.989	31
766.197	31.1
766.404	31.2
766.612	31.3
766.819	31.3
767.027	31.4
767.234	31.5
767.442	31.6
767.649	31.6
767.857	31.7
768.064	31.8
768.272	31.9
768.479	31.9
768.687	32
768.895	32.1
769.102	32.2
769.31	32.2
769.517	32.3
769.725	32.4
769.933	32.5
770.14	32.5
770.348	32.6
770.555	32.7
770.763	32.8
770.971	32.8
771.178	32.9
771.386	33
771.594	33.1
771.801	33.1
772.009	33.2
772.217	33.3
772.424	33.4
772.632	33.4
772.84	33.5
773.047	33.6
773.255	33.7
773.463	33.8
773.671	33.8
773.878	33.9
774.086	34
774.294	34.1
774.502	34.1
774.709	34.2
774.917	34.3
775.125	34.4
775.333	34.4
775.54	34.5
775.748	34.6
775.956	34.7
776.164	34.8
776.371	34.8
776.579	34.9
776.787	35
776.995	35.1
777.203	35.1
777.41	35.2
777.618	35.3
777.826	35.4
778.034	35.4
778.242	35.5
778.45	35.6
778.657	35.7
778.865	35.8
779.073	35.8
779.281	35.9
779.489	36
779.697	36.1
779.905	36.2
780.112	36.2
780.32	36.3
780.528	36.4
780.736	36.4
780.944	36.5
781.152	36.6
781.36	36.6
781.568	36.7
781.776	36.8
781.984	36.9
782.191	36.9
782.399	37
782.607	37.1
782.815	37.1
783.023	37.2
783.231	37.3
783.439	37.3
783.647	37.4
783.855	37.5
784.063	37.5
784.271	37.6
784.479	37.7
784.687	37.8
784.895	37.8
785.103	37.9
785.311	38
785.519	38
785.727	38.1
785.935	38.2
786.143	38.3
786.351	38.3
786.559	38.4
786.767	38.5
786.975	38.5
787.183	38.6
787.391	38.7
787.599	38.7
787.807	38.8
788.015	38.9
788.223	38.9
788.431	39
788.639	39.1
788.847	39.1
789.055	39.2
789.263	39.3
789.471	39.3
789.679	39.4
789.887	39.5
790.095	39.6
790.303	39.6
790.511	39.7
790.719	39.8
790.927	39.8
791.135	39.9
791.343	40
791.551	40
791.76	40.1
791.968	40.2
792.176	40.2
792.384	40.3
792.592	40.4
792.8	40.4
793.008	40.5
793.216	40.6
793.424	40.6
793.632	40.7
793.84	40.8
794.048	40.8
794.256	40.9
794.465	41
794.673	41
794.881	41.1
795.089	41.1
795.297	41.2
795.505	41.3
795.713	41.3
795.921	41.4
796.129	41.5
796.337	41.5
796.546	41.6
796.754	41.7
796.962	41.7
797.17	41.8
797.378	41.9
797.586	41.9
797.794	42
798.002	42.1
798.21	42.1
798.419	42.2
798.627	42.3
798.835	42.3
799.043	42.4
799.251	42.4
799.459	42.5
799.667	42.6
799.875	42.6
800.083	42.7
800.292	42.8
800.5	42.8
800.708	42.9
800.916	42.9
801.124	43
801.332	43
801.54	43.1
801.748	43.2
801.957	43.2
802.165	43.3
802.373	43.3
802.581	43.4
802.789	43.4
802.997	43.5
803.205	43.6
803.414	43.6
803.622	43.7
803.83	43.7
804.038	43.8
804.246	43.9
804.454	43.9
804.662	44
804.87	44
805.079	44.1
805.287	44.1
805.495	44.2
805.703	44.2
805.911	44.3
806.119	44.3
806.327	44.4
806.535	44.4
806.743	44.5
806.952	44.5
807.16	44.6
807.368	44.6
807.576	44.7
807.784	44.7
807.992	44.8
808.2	44.8
808.408	44.9
808.617	44.9
808.825	45
809.033	45
809.241	45.1
809.449	45.1
809.657	45.2
809.865	45.2
810.073	45.3
810.281	45.3
810.49	45.4
810.698	45.4
810.906	45.5
811.114	45.5
811.322	45.6
811.53	45.6
811.738	45.6
811.946	45.7
812.154	45.7
812.362	45.8
812.57	45.8
812.779	45.9
812.987	45.9
813.195	46
813.403	46
813.611	46.1
813.819	46.1
814.027	46.2
814.235	46.2
814.443	46.3
814.651	46.3
814.859	46.4
815.067	46.4
815.275	46.4
815.484	46.5
815.692	46.5
815.9	46.6
816.108	46.6
816.316	46.7
816.524	46.7
816.732	46.8
816.94	46.8
817.148	46.8
817.356	46.9
817.564	46.9
817.772	47
817.98	47
818.188	47.1
818.397	47.1
818.605	47.2
818.813	47.2
819.021	47.2
819.229	47.3
819.437	47.3
819.645	47.4
819.853	47.4
820.061	47.4
820.269	47.5
820.477	47.5
820.685	47.6
820.893	47.6
821.102	47.6
821.31	47.7
821.518	47.7
821.726	47.7
821.934	47.8
822.142	47.8
822.35	47.9
822.558	47.9
822.766	47.9
822.974	48
823.182	48
823.39	48
823.599	48.1
823.807	48.1
824.015	48.2
824.223	48.2
824.431	48.2
824.639	48.3
824.847	48.3
825.055	48.3
825.263	48.4
825.472	48.4
825.68	48.5
825.888	48.5
826.096	48.5
826.304	48.6
826.512	48.6
826.72	48.6
826.928	48.7
827.137	48.7
827.345	48.7
827.553	48.8
827.761	48.8
827.969	48.8
828.177	48.9
828.385	48.9
828.594	49
828.802	49
829.01	49
829.218	49
829.426	49.1
829.634	49.1
829.843	49.1
830.051	49.2
830.259	49.2
830.467	49.2
830.675	49.3
830.883	49.3
831.092	49.3
831.3	49.4
831.508	49.4
831.716	49.4
831.924	49.5
832.133	49.5
832.341	49.5
832.549	49.6
832.757	49.6
832.966	49.6
833.174	49.6
833.382	49.7
833.59	49.7
833.799	49.7
834.007	49.7
834.215	49.7
834.423	49.8
834.632	49.8
834.84	49.8
835.048	49.9
835.256	49.9
835.465	49.9
835.673	49.9
835.881	50
836.09	50
836.298	50
836.506	50
836.715	50
836.923	50.1
837.131	50.1
837.34	50.1
837.548	50.1
837.756	50.2
837.965	50.2
838.173	50.2
838.381	50.2
838.59	50.3
838.798	50.3
839.006	50.3
839.215	50.3
839.423	50.3
839.632	50.4
839.84	50.4
840.048	50.4
840.257	50.4
840.465	50.5
840.674	50.5
840.882	50.5
841.091	50.5
841.299	50.5
841.508	50.6
841.716	50.6
841.924	50.6
842.133	50.7
842.341	50.7
842.55	50.7
842.758	50.8
842.967	50.8
843.175	50.8
843.384	50.9
843.593	50.9
843.801	50.9
844.01	50.9
844.218	51
844.427	51
844.635	51
844.844	51
845.052	51.1
845.261	51.1
845.47	51.1
845.678	51.2
845.887	51.2
846.095	51.2
846.304	51.2
846.513	51.3
846.721	51.3
846.93	51.3
847.139	51.3
847.347	51.4
847.556	51.4
847.765	51.4
847.973	51.4
848.182	51.5
848.391	51.5
848.6	51.5
848.808	51.6
849.017	51.6
849.226	51.6
849.435	51.6
849.643	51.6
849.852	51.6
850.061	51.6
850.27	51.7
850.478	51.7
850.687	51.7
850.896	51.7
851.105	51.7
851.314	51.7
851.523	51.8
851.731	51.8
851.94	51.8
852.149	51.8
852.358	51.9
852.567	51.9
852.776	51.9
852.985	52
853.194	52
853.403	52
853.612	52
853.821	52
854.03	52
854.239	52.1
854.447	52.1
854.656	52.1
854.865	52.1
855.075	52.1
855.284	52.2
855.493	52.2
855.702	52.2
855.911	52.2
856.12	52.2
856.329	52.2
856.538	52.2
856.747	52.3
856.956	52.3
857.165	52.3
857.374	52.3
857.584	52.3
857.793	52.3
858.002	52.4
858.211	52.4
858.42	52.4
858.629	52.5
858.839	52.5
859.048	52.5
859.257	52.5
859.466	52.5
859.676	52.5
859.885	52.5
860.094	52.6
860.304	52.6
860.513	52.6
860.722	52.6
860.932	52.6
861.141	52.6
861.35	52.6
861.56	52.6
861.769	52.7
861.978	52.7
862.188	52.7
862.397	52.7
862.607	52.8
862.816	52.8
863.026	52.8
863.235	52.8
863.445	52.8
863.654	52.8
863.864	52.8
864.073	52.8
864.283	52.8
864.492	52.9
864.702	52.9
864.911	52.9
865.121	52.9
865.33	52.9
865.54	52.9
865.75	53
865.959	53
866.169	53
866.379	53
866.588	53.1
866.798	53.1
867.008	53.1
867.218	53.1
867.427	53.1
867.637	53.1
867.847	53.1
868.057	53.1
868.266	53.1
868.476	53.1
868.686	53.1
868.896	53.1
869.106	53.1
869.316	53.2
869.525	53.2
869.735	53.2
869.945	53.2
870.155	53.2
870.365	53.2
870.575	53.2
870.785	53.2
870.995	53.2
871.205	53.2
871.415	53.3
871.625	53.3
871.835	53.3
872.045	53.3
872.255	53.3
872.465	53.3
872.675	53.3
872.886	53.3
873.096	53.3
873.306	53.3
873.516	53.3
873.726	53.3
873.936	53.3
874.147	53.3
874.357	53.3
874.567	53.3
874.777	53.3
874.988	53.3
875.198	53.3
875.408	53.4
875.619	53.4
875.829	53.3
876.039	53.3
876.25	53.3
876.46	53.4
876.67	53.4
876.881	53.4
877.091	53.4
877.302	53.4
877.512	53.4
877.723	53.4
877.933	53.3
878.144	53.3
878.354	53.3
878.565	53.3
878.775	53.3
878.986	53.3
879.197	53.3
879.407	53.3
879.618	53.3
879.829	53.2
880.039	53.2
880.25	53.2
880.461	53.2
880.671	53.3
880.882	53.3
881.093	53.3
881.304	53.3
881.515	53.3
881.725	53.2
881.936	53.2
882.147	53.2
882.358	53.2
882.569	53.2
882.78	53.2
882.991	53.2
883.202	53.2
883.413	53.3
883.624	53.3
883.835	53.2
884.046	53.2
884.257	53.2
884.468	53.2
884.679	53.3
884.89	53.3
885.101	53.3
885.312	53.3
885.523	53.3
885.735	53.3
885.946	53.3
886.157	53.3
886.368	53.4
886.579	53.4
886.791	53.4
887.002	53.4
887.213	53.5
887.425	53.5
887.636	53.5
887.847	53.6
888.059	53.6
888.27	53.6
888.481	53.7
888.693	53.7
888.904	53.7
889.116	53.7
889.327	53.7
889.539	53.7
889.75	53.7
889.962	53.7
890.174	53.8
890.385	53.8
890.597	53.8
890.808	53.8
891.02	53.9
891.232	53.9
891.444	53.9
891.655	53.9
891.867	53.9
892.079	54
892.291	54
892.502	54
892.714	54
892.926	54.1
893.138	54.1
893.35	54.1
893.562	54.1
893.774	54.1
893.986	54
894.198	54
894.41	54.1
894.622	54.1
894.834	54.1
895.046	54.1
895.258	54.1
895.47	54.1
895.682	54.1
895.894	54.1
896.106	54.1
896.319	54.1
896.531	54.1
896.743	54
896.955	54.1
897.168	54.1
897.38	54.1
897.592	54.1
897.805	54.1
898.017	54.2
898.229	54.2
898.442	54.2
898.654	54.2
898.867	54.2
899.079	54.2
899.292	54.2
899.504	54.1
899.717	54.1
899.929	54.1
900.142	54.1
900.355	54.1
900.567	54.1
900.78	54.1
900.993	54.1
901.205	54.1
901.418	54.1
901.631	54.1
901.844	54.1
902.056	54.1
902.269	54.1
902.482	54.1
902.695	54.1
902.908	54.1
903.121	54.1
903.334	54.1
903.547	54.1
903.76	54.2
903.973	54.2
904.186	54.2
904.399	54.2
904.612	54.2
904.825	54.2
905.038	54.2
905.251	54.2
905.465	54.2
905.678	54.2
905.891	54.2
906.104	54.2
906.318	54.2
906.531	54.1
906.744	54.1
906.958	54.1
907.171	54.1
907.384	54.1
907.598	54.1
907.811	54.1
908.025	54.1
908.238	54.1
908.452	54.1
908.665	54.1
908.879	54.1
909.093	54.1
909.306	54.1
909.52	54
909.734	54
909.947	54
910.161	54
910.375	54
910.589	54
910.803	54
911.016	53.9
911.23	53.9
911.444	53.9
911.658	53.9
911.872	53.9
912.086	53.9
912.3	53.9
912.514	53.9
912.728	53.9
912.942	53.8
913.156	53.8
913.37	53.8
913.585	53.8
913.799	53.8
914.013	53.8
914.227	53.8
914.442	53.8
914.656	53.8
914.87	53.8
915.084	53.8
915.299	53.9
915.513	53.8
915.728	53.8
915.942	53.8
916.157	53.8
916.371	53.8
916.586	53.8
916.8	53.8
917.015	53.8
917.229	53.8
917.444	53.8
917.659	53.8
917.874	53.8
918.088	53.8
918.303	53.8
918.518	53.8
918.733	53.8
918.947	53.9
919.162	53.9
919.377	53.9
919.592	53.9
919.807	53.9
920.022	53.9
920.237	53.9
920.452	53.9
920.667	53.9
920.882	53.9
921.097	53.8
921.313	53.9
921.528	53.9
921.743	53.9
921.958	53.9
922.174	53.9
922.389	53.9
922.604	53.9
922.82	53.9
923.035	53.9
923.25	53.9
923.466	53.8
923.681	53.8
923.897	53.8
924.112	53.9
924.328	53.9
924.544	53.9
924.759	53.9
924.975	53.9
925.19	53.9
925.406	53.9
925.622	53.9
925.838	53.9
926.054	53.9
926.269	54
926.485	54
926.701	54
926.917	54
927.133	54
927.349	54
927.565	54
927.781	54
927.997	54
928.213	54
928.429	54.1
928.646	54.1
928.862	54.1
929.078	54.2
929.294	54.2
929.511	54.3
929.727	54.4
929.943	54.4
930.16	54.4
930.376	54.3
930.592	54.3
930.809	54.4
931.025	54.4
931.242	54.4
931.459	54.4
931.675	54.4
931.892	54.4
932.108	54.5
932.325	54.5
932.542	54.5
932.759	54.6
932.975	54.5
933.192	54.5
933.409	54.5
933.626	54.5
933.843	54.5
934.06	54.4
934.277	54.4
934.494	54.4
934.711	54.4
934.928	54.4
935.145	54.4
935.362	54.4
935.58	54.3
935.797	54.2
936.014	54.1
936.231	54
936.449	54
936.666	53.8
936.883	53.8
937.101	53.7
937.318	53.6
937.536	53.4
937.753	53.4
937.971	53.3
938.188	53.2
938.406	53.1
938.624	53.1
938.841	53.1
939.059	53
939.277	52.9
939.494	52.9
939.712	52.8
939.93	52.8
