360.161	9
360.333	8.9
360.504	8.8
360.676	8.8
360.847	8.7
361.019	8.8
361.19	8.7
361.361	8.7
361.533	8.7
361.704	8.7
361.876	8.6
362.047	8.6
362.219	8.6
362.391	8.6
362.562	8.6
362.734	8.6
362.905	8.6
363.077	8.6
363.248	8.5
363.42	8.5
363.592	8.5
363.763	8.5
363.935	8.4
364.106	8.4
364.278	8.4
364.45	8.3
364.621	8.3
364.793	8.3
364.965	8.3
365.137	8.3
365.308	8.2
365.48	8.2
365.652	8.2
365.824	8.2
365.995	8.1
366.167	8.1
366.339	8
366.511	8
366.683	8
366.854	7.9
367.026	7.8
367.198	7.8
367.37	7.8
367.542	7.8
367.714	7.7
367.886	7.6
368.058	7.6
368.23	7.6
368.402	7.5
368.574	7.5
368.746	7.5
368.918	7.5
369.09	7.5
369.262	7.4
369.434	7.4
369.606	7.4
369.778	7.4
369.95	7.4
370.122	7.3
370.294	7.3
370.467	7.3
370.639	7.2
370.811	7.3
370.983	7.3
371.155	7.2
371.328	7.2
371.5	7.2
371.672	7.2
371.844	7.2
372.017	7.2
372.189	7.1
372.361	7.1
372.534	7.1
372.706	7
372.878	7
373.051	7
373.223	6.9
373.396	6.9
373.568	6.8
373.741	6.8
373.913	6.8
374.086	6.8
374.258	6.8
374.431	6.8
374.603	6.8
374.776	6.8
374.949	6.8
375.121	6.8
375.294	6.8
375.467	6.8
375.639	6.8
375.812	6.7
375.985	6.7
376.157	6.7
376.33	6.7
376.503	6.6
376.676	6.6
376.849	6.6
377.021	6.6
377.194	6.6
377.367	6.6
377.54	6.5
377.713	6.5
377.886	6.5
378.059	6.5
378.232	6.5
378.405	6.4
378.578	6.4
378.751	6.4
378.924	6.4
379.097	6.4
379.27	6.3
379.444	6.3
379.617	6.4
379.79	6.4
379.963	6.4
380.136	6.4
380.31	6.4
380.483	6.4
380.656	6.4
380.829	6.4
381.003	6.3
381.176	6.3
381.35	6.3
381.523	6.3
381.696	6.3
381.87	6.3
382.043	6.3
382.217	6.2
382.39	6.2
382.564	6.2
382.738	6.2
382.911	6.2
383.085	6.2
383.258	6.2
383.432	6.2
383.606	6.2
383.779	6.2
383.953	6.2
384.127	6.2
384.301	6.1
384.475	6.1
384.648	6.1
384.822	6.1
384.996	6.1
385.17	6.1
385.344	6.1
385.518	6.1
385.692	6.1
385.866	6.1
386.04	6.1
386.214	6.1
386.388	6.1
386.562	6.1
386.737	6
386.911	6
387.085	6
387.259	6
387.434	6
387.608	6
387.782	6
387.956	6
388.131	6
388.305	6
388.48	6
388.654	6
388.829	6
389.003	6
389.178	6
389.352	6
389.527	6
389.701	6
389.876	6.1
390.051	6
390.226	6
390.4	6
390.575	6
390.75	6
390.925	6
391.099	6
391.274	6.1
391.449	6.1
391.624	6.1
391.799	6.1
391.974	6
392.149	6
392.324	6
392.499	6
392.675	6.1
392.85	6.1
393.025	6.1
393.2	6.1
393.375	6.1
393.551	6.1
393.726	6.1
393.901	6.1
394.077	6.1
394.252	6.1
394.427	6.1
394.603	6.1
394.778	6.1
394.954	6.1
395.129	6.1
395.305	6.1
395.481	6.1
395.656	6.1
395.832	6.1
396.008	6.1
396.184	6.1
396.359	6.1
396.535	6.1
396.711	6.1
396.887	6.1
397.063	6.1
397.239	6.1
397.415	6.1
397.591	6.1
397.767	6.1
397.943	6.1
398.119	6.1
398.295	6.1
398.471	6.1
398.648	6.1
398.824	6.1
399	6.1
399.176	6.2
399.353	6.2
399.529	6.2
399.706	6.2
399.882	6.2
400.058	6.2
400.235	6.2
400.412	6.3
400.588	6.3
400.765	6.3
400.942	6.3
401.118	6.3
401.295	6.3
401.472	6.3
401.649	6.3
401.825	6.3
402.002	6.3
402.179	6.3
402.356	6.3
402.533	6.3
402.71	6.4
402.887	6.4
403.064	6.4
403.242	6.4
403.419	6.4
403.596	6.4
403.773	6.4
403.95	6.4
404.128	6.4
404.305	6.4
404.483	6.4
404.66	6.5
404.837	6.5
405.015	6.5
405.193	6.5
405.37	6.5
405.548	6.5
405.725	6.5
405.903	6.5
406.081	6.5
406.259	6.5
406.437	6.5
406.614	6.5
406.792	6.5
406.97	6.5
407.148	6.5
407.326	6.5
407.504	6.5
407.682	6.5
407.86	6.5
408.039	6.5
408.217	6.6
408.395	6.6
408.573	6.6
408.751	6.6
408.93	6.6
409.108	6.6
409.287	6.6
409.465	6.6
409.643	6.6
409.822	6.6
410	6.6
410.179	6.7
410.358	6.7
410.536	6.7
410.715	6.7
410.894	6.7
411.072	6.7
411.251	6.7
411.43	6.7
411.609	6.7
411.788	6.7
411.967	6.7
412.146	6.7
412.325	6.8
412.504	6.8
412.683	6.8
412.862	6.8
413.041	6.8
413.22	6.8
413.399	6.8
413.578	6.8
413.758	6.8
413.937	6.8
414.116	6.8
414.296	6.9
414.475	6.9
414.654	6.9
414.834	6.9
415.013	6.9
415.193	6.9
415.372	6.9
415.552	6.9
415.732	6.9
415.911	7
416.091	7
416.271	7
416.45	7
416.63	7
416.81	7
416.99	7
417.169	7
417.349	7
417.529	7
417.709	7
417.889	7.1
418.069	7.1
418.249	7.1
418.429	7.1
418.609	7.1
418.789	7.1
418.97	7.1
419.15	7.1
419.33	7.1
419.51	7.1
419.691	7.1
419.871	7.1
420.051	7.1
420.232	7.1
420.412	7.1
420.592	7.1
420.773	7.1
420.953	7.1
421.134	7.1
421.314	7.1
421.495	7.1
421.675	7.1
421.856	7.1
422.037	7.1
422.217	7.1
422.398	7.1
422.579	7.1
422.76	7.1
422.94	7.1
423.121	7.1
423.302	7.1
423.483	7.1
423.664	7.1
423.845	7.1
424.026	7.1
424.207	7.1
424.388	7.1
424.569	7.1
424.75	7.1
424.931	7.1
425.112	7.1
425.293	7.1
425.474	7.1
425.655	7.2
425.837	7.2
426.018	7.2
426.199	7.2
426.38	7.2
426.562	7.2
426.743	7.2
426.924	7.2
427.106	7.2
427.287	7.2
427.469	7.2
427.65	7.2
427.832	7.2
428.013	7.2
428.195	7.2
428.376	7.2
428.558	7.2
428.739	7.2
428.921	7.2
429.103	7.2
429.284	7.2
429.466	7.2
429.648	7.2
429.83	7.2
430.011	7.2
430.193	7.2
430.375	7.2
430.557	7.2
430.739	7.2
430.921	7.2
431.102	7.2
431.284	7.2
431.466	7.2
431.648	7.2
431.83	7.2
432.012	7.2
432.194	7.2
432.377	7.2
432.559	7.2
432.741	7.2
432.923	7.2
433.105	7.2
433.287	7.2
433.469	7.2
433.652	7.2
433.834	7.2
434.016	7.2
434.198	7.2
434.381	7.2
434.563	7.2
434.745	7.2
434.928	7.2
435.11	7.2
435.293	7.2
435.475	7.2
435.658	7.2
435.84	7.2
436.022	7.2
436.205	7.2
436.388	7.2
436.57	7.2
436.753	7.2
436.935	7.2
437.118	7.2
437.301	7.2
437.483	7.2
437.666	7.3
437.849	7.3
438.031	7.3
438.214	7.3
438.397	7.3
438.58	7.3
438.762	7.3
438.945	7.3
439.128	7.3
439.311	7.3
439.494	7.3
439.677	7.3
439.859	7.3
440.042	7.3
440.225	7.3
440.408	7.3
440.591	7.3
440.774	7.3
440.957	7.3
441.14	7.3
441.323	7.3
441.507	7.3
441.69	7.3
441.873	7.3
442.056	7.3
442.239	7.3
442.422	7.3
442.605	7.3
442.789	7.3
442.972	7.4
443.155	7.4
443.338	7.4
443.522	7.4
443.705	7.4
443.888	7.4
444.072	7.4
444.255	7.4
444.438	7.4
444.622	7.4
444.805	7.4
444.989	7.4
445.172	7.4
445.356	7.4
445.539	7.4
445.723	7.4
445.906	7.4
446.09	7.5
446.273	7.5
446.457	7.5
446.64	7.5
446.824	7.5
447.008	7.5
447.191	7.5
447.375	7.5
447.559	7.5
447.742	7.5
447.926	7.5
448.11	7.5
448.293	7.5
448.477	7.5
448.661	7.5
448.845	7.5
449.029	7.5
449.212	7.5
449.396	7.5
449.58	7.5
449.764	7.5
449.948	7.6
450.132	7.6
450.316	7.6
450.5	7.6
450.684	7.6
450.868	7.6
451.052	7.6
451.236	7.6
451.42	7.6
451.604	7.6
451.788	7.6
451.972	7.6
452.156	7.6
452.34	7.6
452.525	7.6
452.709	7.6
452.893	7.6
453.077	7.6
453.261	7.6
453.446	7.6
453.63	7.6
453.814	7.6
453.998	7.6
454.183	7.6
454.367	7.6
454.551	7.6
454.736	7.6
454.92	7.7
455.104	7.7
455.289	7.7
455.473	7.7
455.658	7.7
455.842	7.7
456.026	7.7
456.211	7.7
456.395	7.7
456.58	7.7
456.764	7.7
456.949	7.7
457.134	7.7
457.318	7.7
457.503	7.7
457.687	7.7
457.872	7.7
458.057	7.7
458.241	7.7
458.426	7.7
458.611	7.7
458.795	7.7
458.98	7.7
459.165	7.7
459.349	7.8
459.534	7.8
459.719	7.8
459.904	7.8
460.088	7.8
460.273	7.8
460.458	7.8
460.643	7.8
460.828	7.8
461.013	7.8
461.198	7.8
461.382	7.8
461.567	7.8
461.752	7.8
461.937	7.8
462.122	7.8
462.307	7.8
462.492	7.8
462.677	7.8
462.862	7.8
463.047	7.8
463.232	7.8
463.417	7.8
463.602	7.8
463.788	7.8
463.973	7.8
464.158	7.8
464.343	7.8
464.528	7.8
464.713	7.8
464.898	7.8
465.084	7.8
465.269	7.8
465.454	7.8
465.639	7.8
465.824	7.8
466.01	7.8
466.195	7.8
466.38	7.8
466.566	7.8
466.751	7.8
466.936	7.8
467.122	7.8
467.307	7.8
467.492	7.8
467.678	7.8
467.863	7.8
468.048	7.8
468.234	7.8
468.419	7.8
468.605	7.8
468.79	7.8
468.976	7.8
469.161	7.8
469.347	7.8
469.532	7.8
469.718	7.8
469.903	7.8
470.089	7.8
470.274	7.9
470.46	7.9
470.646	7.9
470.831	7.8
471.017	7.8
471.202	7.8
471.388	7.8
471.574	7.8
471.759	7.8
471.945	7.8
472.131	7.8
472.317	7.8
472.502	7.8
472.688	7.8
472.874	7.8
473.059	7.8
473.245	7.8
473.431	7.8
473.617	7.8
473.803	7.8
473.988	7.8
474.174	7.9
474.36	7.9
474.546	7.9
474.732	7.9
474.918	7.9
475.104	7.9
475.29	7.9
475.475	7.9
475.661	7.9
475.847	7.9
476.033	7.9
476.219	7.9
476.405	7.9
476.591	7.9
476.777	7.9
476.963	7.9
477.149	7.9
477.335	7.9
477.521	7.9
477.707	7.9
477.893	7.9
478.08	7.9
478.266	7.9
478.452	7.9
478.638	7.9
478.824	7.9
479.01	7.9
479.196	7.9
479.382	7.9
479.569	7.9
479.755	7.9
479.941	7.9
480.127	7.9
480.313	7.9
480.5	7.9
480.686	7.9
480.872	7.9
481.058	7.9
481.245	7.9
481.431	7.9
481.617	7.9
481.803	7.8
481.99	7.8
482.176	7.8
482.362	7.8
482.549	7.8
482.735	7.8
482.921	7.8
483.108	7.8
483.294	7.8
483.481	7.8
483.667	7.8
483.853	7.8
484.04	7.8
484.226	7.8
484.413	7.8
484.599	7.8
484.786	7.8
484.972	7.8
485.159	7.8
485.345	7.8
485.532	7.8
485.718	7.8
485.905	7.8
486.091	7.8
486.278	7.8
486.464	7.8
486.651	7.8
486.837	7.8
487.024	7.8
487.211	7.8
487.397	7.8
487.584	7.8
487.77	7.8
487.957	7.8
488.144	7.8
488.33	7.8
488.517	7.8
488.704	7.8
488.89	7.8
489.077	7.8
489.264	7.8
489.45	7.8
489.637	7.8
489.824	7.8
490.01	7.8
490.197	7.8
490.384	7.8
490.571	7.8
490.757	7.7
490.944	7.7
491.131	7.7
491.318	7.7
491.505	7.7
491.691	7.7
491.878	7.7
492.065	7.7
492.252	7.7
492.439	7.7
492.626	7.7
492.812	7.7
492.999	7.7
493.186	7.7
493.373	7.7
493.56	7.7
493.747	7.7
493.934	7.7
494.121	7.7
494.308	7.7
494.494	7.7
494.681	7.7
494.868	7.6
495.055	7.6
495.242	7.6
495.429	7.6
495.616	7.6
495.803	7.6
495.99	7.6
496.177	7.6
496.364	7.6
496.551	7.6
496.738	7.6
496.925	7.6
497.112	7.6
497.299	7.6
497.486	7.6
497.673	7.6
497.861	7.6
498.048	7.6
498.235	7.6
498.422	7.6
498.609	7.6
498.796	7.6
498.983	7.5
499.17	7.5
499.357	7.5
499.544	7.5
499.732	7.5
499.919	7.5
500.106	7.5
500.293	7.5
500.48	7.5
500.667	7.5
500.855	7.5
501.042	7.5
501.229	7.5
501.416	7.5
501.603	7.5
501.791	7.5
501.978	7.5
502.165	7.5
502.352	7.5
502.54	7.5
502.727	7.5
502.914	7.4
503.101	7.4
503.289	7.4
503.476	7.4
503.663	7.4
503.85	7.4
504.038	7.4
504.225	7.4
504.412	7.4
504.6	7.4
504.787	7.4
504.974	7.4
505.161	7.4
505.349	7.4
505.536	7.4
505.723	7.4
505.911	7.4
506.098	7.4
506.286	7.3
506.473	7.3
506.66	7.3
506.848	7.3
507.035	7.3
507.222	7.3
507.41	7.3
507.597	7.3
507.785	7.3
507.972	7.3
508.159	7.3
508.347	7.3
508.534	7.3
508.722	7.3
508.909	7.3
509.097	7.3
509.284	7.3
509.471	7.3
509.659	7.2
509.846	7.2
510.034	7.2
510.221	7.2
510.409	7.2
510.596	7.2
510.784	7.2
510.971	7.2
511.159	7.2
511.346	7.2
511.534	7.2
511.721	7.2
511.909	7.2
512.096	7.2
512.284	7.2
512.471	7.2
512.659	7.2
512.846	7.2
513.034	7.2
513.221	7.1
513.409	7.1
513.596	7.1
513.784	7.1
513.972	7.1
514.159	7.1
514.347	7.1
514.534	7.1
514.722	7.1
514.909	7.1
515.097	7.1
515.285	7.1
515.472	7.1
515.66	7.1
515.847	7.1
516.035	7
516.222	7
516.41	7
516.598	7
516.785	7
516.973	7
517.161	7
517.348	7
517.536	7
517.723	7
517.911	7
518.099	7
518.286	7
518.474	7
518.662	7
518.849	7
519.037	7
519.225	7
519.412	6.9
519.6	6.9
519.787	6.9
519.975	6.9
520.163	6.9
520.35	6.9
520.538	6.9
520.726	6.9
520.914	6.9
521.101	6.9
521.289	6.9
521.477	6.9
521.664	6.9
521.852	6.9
522.04	6.9
522.227	6.8
522.415	6.8
522.603	6.8
522.79	6.8
522.978	6.8
523.166	6.8
523.354	6.8
523.541	6.8
523.729	6.8
523.917	6.8
524.104	6.8
524.292	6.8
524.48	6.8
524.668	6.8
524.855	6.8
525.043	6.7
525.231	6.7
525.418	6.7
525.606	6.7
525.794	6.7
525.982	6.7
526.169	6.7
526.357	6.7
526.545	6.7
526.733	6.7
526.92	6.7
527.108	6.7
527.296	6.7
527.484	6.7
527.671	6.7
527.859	6.7
528.047	6.6
528.235	6.6
528.422	6.6
528.61	6.6
528.798	6.6
528.986	6.6
529.173	6.6
529.361	6.6
529.549	6.6
529.737	6.6
529.924	6.6
530.112	6.6
530.3	6.6
530.488	6.6
530.675	6.6
530.863	6.6
531.051	6.6
531.239	6.6
531.426	6.6
531.614	6.6
531.802	6.5
531.99	6.5
532.177	6.5
532.365	6.5
532.553	6.5
532.741	6.5
532.928	6.5
533.116	6.5
533.304	6.5
533.492	6.5
533.679	6.5
533.867	6.5
534.055	6.5
534.243	6.5
534.431	6.5
534.618	6.5
534.806	6.5
534.994	6.5
535.182	6.5
535.369	6.5
535.557	6.5
535.745	6.5
535.933	6.5
536.12	6.5
536.308	6.5
536.496	6.5
536.684	6.5
536.871	6.5
537.059	6.5
537.247	6.5
537.435	6.5
537.622	6.5
537.81	6.5
537.998	6.5
538.186	6.5
538.373	6.5
538.561	6.5
538.749	6.5
538.937	6.5
539.124	6.5
539.312	6.5
539.5	6.5
539.688	6.5
539.875	6.5
540.063	6.5
540.251	6.5
540.439	6.5
540.626	6.5
540.814	6.5
541.002	6.4
541.19	6.4
541.377	6.4
541.565	6.4
541.753	6.4
541.941	6.4
542.128	6.4
542.316	6.4
542.504	6.4
542.691	6.4
542.879	6.4
543.067	6.4
543.255	6.4
543.442	6.4
543.63	6.4
543.818	6.4
544.005	6.4
544.193	6.4
544.381	6.4
544.568	6.4
544.756	6.4
544.944	6.4
545.132	6.4
545.319	6.4
545.507	6.3
545.695	6.3
545.882	6.3
546.07	6.3
546.258	6.3
546.445	6.3
546.633	6.3
546.821	6.3
547.008	6.3
547.196	6.3
547.384	6.3
547.571	6.3
547.759	6.3
547.947	6.3
548.134	6.3
548.322	6.3
548.51	6.3
548.697	6.3
548.885	6.3
549.073	6.3
549.26	6.3
549.448	6.3
549.636	6.2
549.823	6.2
550.011	6.2
550.199	6.2
550.386	6.2
550.574	6.2
550.762	6.2
550.949	6.2
551.137	6.2
551.325	6.2
551.512	6.2
551.7	6.2
551.888	6.2
552.075	6.2
552.263	6.2
552.451	6.2
552.639	6.2
552.826	6.2
553.014	6.2
553.202	6.2
553.389	6.2
553.577	6.2
553.765	6.2
553.953	6.2
554.14	6.2
554.328	6.2
554.516	6.2
554.704	6.2
554.891	6.2
555.079	6.1
555.267	6.1
555.455	6.1
555.643	6.1
555.83	6.1
556.018	6.1
556.206	6.1
556.394	6.1
556.582	6.1
556.77	6.1
556.957	6.1
557.145	6.1
557.333	6.1
557.521	6.1
557.709	6.1
557.897	6.1
558.085	6.1
558.273	6.1
558.461	6.1
558.649	6.1
558.837	6.1
559.025	6.1
559.213	6.1
559.4	6.1
559.588	6.1
559.777	6.1
559.965	6.1
560.153	6.1
560.341	6.1
560.529	6.1
560.717	6.1
560.905	6.1
561.093	6.1
561.281	6
561.469	6
561.657	6
561.845	6
562.034	6
562.222	6
562.41	6
562.598	6
562.786	6
562.975	6
563.163	6
563.351	6
563.539	6
563.728	6
563.916	6
564.104	6
564.293	6
564.481	6
564.67	6
564.858	6
565.046	6
565.235	6
565.423	6
565.612	6
565.8	6
565.989	6
566.177	6
566.366	6
566.554	6
566.743	6
566.932	6
567.12	6
567.309	5.9
567.497	5.9
567.686	5.9
567.875	5.9
568.064	5.9
568.252	5.9
568.441	5.9
568.63	5.9
568.819	5.9
569.007	5.9
569.196	5.9
569.385	5.9
569.574	5.9
569.763	5.9
569.952	5.9
570.141	5.9
570.33	5.9
570.519	5.9
570.708	5.9
570.897	5.9
571.086	5.9
571.275	5.9
571.464	5.9
571.653	5.9
571.843	5.9
572.032	5.9
572.221	5.9
572.41	5.9
572.599	5.9
572.789	5.9
572.978	5.8
573.167	5.8
573.357	5.8
573.546	5.8
573.736	5.8
573.925	5.8
574.115	5.8
574.304	5.8
574.494	5.8
574.683	5.8
574.873	5.8
575.062	5.8
575.252	5.8
575.442	5.8
575.631	5.8
575.821	5.8
576.011	5.8
576.201	5.8
576.39	5.8
576.58	5.8
576.77	5.8
576.96	5.8
577.15	5.8
577.34	5.8
577.53	5.7
577.72	5.7
577.91	5.7
578.1	5.7
578.29	5.7
578.48	5.7
578.67	5.7
578.861	5.7
579.051	5.7
579.241	5.7
579.431	5.7
579.622	5.7
579.812	5.7
580.002	5.7
580.193	5.7
580.383	5.7
580.574	5.7
580.764	5.7
580.955	5.7
581.145	5.7
581.336	5.7
581.526	5.7
581.717	5.7
581.908	5.7
582.098	5.7
582.289	5.7
582.48	5.7
582.671	5.6
582.862	5.6
583.052	5.6
583.243	5.6
583.434	5.6
583.625	5.6
583.816	5.6
584.007	5.6
584.198	5.6
584.389	5.6
584.58	5.6
584.771	5.6
584.962	5.6
585.154	5.6
585.345	5.6
585.536	5.6
585.727	5.6
585.918	5.6
586.11	5.6
586.301	5.6
586.492	5.6
586.684	5.6
586.875	5.6
587.067	5.6
587.258	5.6
587.45	5.6
587.641	5.6
587.833	5.6
588.024	5.6
588.216	5.6
588.408	5.6
588.599	5.6
588.791	5.6
588.983	5.6
589.174	5.5
589.366	5.5
589.558	5.5
589.75	5.5
589.942	5.5
590.134	5.5
590.326	5.5
590.518	5.5
590.71	5.5
590.902	5.5
591.094	5.5
591.286	5.5
591.478	5.5
591.67	5.5
591.862	5.5
592.054	5.5
592.246	5.5
592.439	5.5
592.631	5.5
592.823	5.5
593.016	5.5
593.208	5.5
593.4	5.5
593.593	5.5
593.785	5.5
593.978	5.5
594.17	5.5
594.363	5.5
594.555	5.5
594.748	5.5
594.94	5.5
595.133	5.5
595.326	5.5
595.518	5.5
595.711	5.5
595.904	5.4
596.096	5.4
596.289	5.4
596.482	5.4
596.675	5.4
596.868	5.4
597.061	5.4
597.254	5.4
597.447	5.4
597.64	5.4
597.833	5.4
598.026	5.4
598.219	5.4
598.412	5.4
598.605	5.4
598.798	5.4
598.991	5.4
599.184	5.4
599.378	5.4
599.571	5.4
599.764	5.4
599.957	5.4
600.151	5.4
600.344	5.4
600.538	5.4
600.731	5.4
600.924	5.4
601.118	5.4
601.311	5.4
601.505	5.4
601.698	5.4
601.892	5.4
602.086	5.4
602.279	5.4
602.473	5.4
602.667	5.4
602.86	5.4
603.054	5.4
603.248	5.4
603.442	5.4
603.635	5.4
603.829	5.4
604.023	5.4
604.217	5.4
604.411	5.4
604.605	5.4
604.799	5.3
604.993	5.3
605.187	5.3
605.381	5.3
605.575	5.3
605.769	5.3
605.963	5.3
606.157	5.3
606.352	5.3
606.546	5.3
606.74	5.3
606.934	5.3
607.129	5.3
607.323	5.3
607.517	5.3
607.712	5.3
607.906	5.3
608.1	5.3
608.295	5.3
608.489	5.3
608.684	5.3
608.878	5.3
609.073	5.3
609.267	5.3
609.462	5.3
609.657	5.3
609.851	5.3
610.046	5.3
610.241	5.3
610.435	5.3
610.63	5.3
610.825	5.3
611.02	5.3
611.215	5.3
611.41	5.3
611.604	5.3
611.799	5.3
611.994	5.3
612.189	5.3
612.384	5.3
612.579	5.3
612.774	5.3
612.969	5.3
613.164	5.3
613.359	5.3
613.555	5.3
613.75	5.3
613.945	5.3
614.14	5.3
614.335	5.3
614.531	5.3
614.726	5.3
614.921	5.3
615.117	5.3
615.312	5.3
615.507	5.3
615.703	5.3
615.898	5.3
616.094	5.2
616.289	5.2
616.485	5.2
616.68	5.2
616.876	5.2
617.071	5.2
617.267	5.2
617.463	5.2
617.658	5.2
617.854	5.2
618.05	5.2
618.245	5.2
618.441	5.2
618.637	5.2
618.833	5.2
619.029	5.2
619.225	5.2
619.42	5.2
619.616	5.2
619.812	5.2
620.008	5.2
620.204	5.2
620.4	5.2
620.596	5.2
620.792	5.2
620.988	5.2
621.184	5.2
621.381	5.2
621.577	5.2
621.773	5.2
621.969	5.2
622.165	5.2
622.362	5.2
622.558	5.2
622.754	5.2
622.951	5.1
623.147	5.1
623.343	5.1
623.54	5.1
623.736	5.1
623.933	5.1
624.129	5.1
624.326	5.1
624.522	5.1
624.719	5.1
624.915	5.1
625.112	5.1
625.308	5.1
625.505	5.1
625.702	5.1
625.898	5.1
626.095	5.1
626.292	5.1
626.489	5.1
626.685	5.1
626.882	5.1
627.079	5.1
627.276	5.1
627.473	5.1
627.67	5.1
627.866	5.1
628.063	5.1
628.26	5.1
628.457	5.1
628.654	5.1
628.851	5.1
629.048	5.1
629.246	5.1
629.443	5.1
629.64	5.1
629.837	5.1
630.034	5.1
630.231	5.1
630.429	5.1
630.626	5.1
630.823	5.1
631.02	5.1
631.218	5.1
631.415	5.1
631.612	5.1
631.81	5.1
632.007	5.1
632.205	5.1
632.402	5.1
632.6	5.1
632.797	5.1
632.995	5.1
633.192	5.1
633.39	5.1
633.587	5.1
633.785	5.1
633.983	5.1
634.18	5.1
634.378	5.1
634.576	5.1
634.773	5.1
634.971	5.1
635.169	5
635.367	5
635.565	5
635.762	5
635.96	5
636.158	5
636.356	5
636.554	5
636.752	5
636.95	5
637.148	5
637.346	5
637.544	5
637.742	5
637.94	5
638.138	5
638.337	5
638.535	5
638.733	5
638.931	5
639.129	5
639.328	5
639.526	5
639.724	5
639.922	5
640.121	5
640.319	5
640.518	5
640.716	5
640.914	5
641.113	5
641.311	5
641.51	5
641.708	5
641.907	5
642.105	5
642.304	5
642.503	5
642.701	5
642.9	5
643.098	5
643.297	5
643.496	5
643.695	5
643.893	5
644.092	5
644.291	5
644.49	5
644.689	5
644.887	5
645.086	5
645.285	5
645.484	5
645.683	5
645.882	5
646.081	5
646.28	5
646.479	5
646.678	5
646.877	5
647.076	5
647.276	5
647.475	5
647.674	5
647.873	5
648.072	5
648.271	5
648.471	5
648.67	5
648.869	5
649.069	5
649.268	5
649.467	5
649.667	5
649.866	5
650.065	5
650.265	5
650.464	5
650.664	5
650.863	5
651.063	5
651.262	5
651.462	5
651.662	5
651.861	5
652.061	5
652.26	5
652.46	5
652.66	5
652.859	5
653.059	5
653.259	5
653.459	5
653.658	5
653.858	5
654.058	5
654.258	5
654.458	5
654.658	5
654.858	5
655.058	4.9
655.258	4.9
655.457	4.9
655.657	4.9
655.857	4.9
656.058	4.9
656.258	4.9
656.458	4.9
656.658	4.9
656.858	4.9
657.058	4.9
657.258	4.9
657.458	4.9
657.659	4.9
657.859	4.9
658.059	4.9
658.259	4.9
658.459	4.9
658.66	4.9
658.86	4.9
659.06	4.9
659.261	4.9
659.461	4.9
659.662	4.9
659.862	4.9
660.062	4.9
660.263	4.9
660.463	4.9
660.664	4.9
660.864	4.9
661.065	4.9
661.265	4.9
661.466	4.9
661.667	4.9
661.867	4.9
662.068	4.9
662.268	4.9
662.469	4.9
662.67	4.9
662.87	4.9
663.071	4.9
663.272	4.9
663.473	4.9
663.674	4.9
663.874	4.9
664.075	4.9
664.276	4.9
664.477	4.9
664.678	4.9
664.879	4.9
665.08	4.9
665.28	4.9
665.481	4.9
665.682	4.9
665.883	4.9
666.084	4.9
666.285	4.9
666.486	4.9
666.688	4.9
666.889	4.9
667.09	4.9
667.291	4.9
667.492	4.9
667.693	4.9
667.894	4.9
668.096	4.9
668.297	4.9
668.498	4.9
668.699	4.9
668.901	4.9
669.102	4.9
669.303	4.9
669.505	4.9
669.706	4.9
669.907	4.9
670.109	4.9
670.31	4.9
670.511	4.9
670.713	4.9
670.914	4.9
671.116	4.9
671.317	4.9
671.519	4.9
671.72	4.9
671.922	4.9
672.124	4.9
672.325	4.9
672.527	4.9
672.728	4.9
672.93	4.9
673.132	4.9
673.333	4.9
673.535	4.9
673.737	4.9
673.939	4.9
674.14	4.9
674.342	4.9
674.544	4.9
674.746	4.9
674.948	4.9
675.149	4.9
675.351	4.9
675.553	4.9
675.755	4.9
675.957	4.9
676.159	4.9
676.361	4.9
676.563	4.9
676.765	4.9
676.967	4.9
677.169	4.9
677.371	4.9
677.573	4.9
677.775	4.9
677.977	4.9
678.179	4.9
678.381	4.9
678.583	4.9
678.786	4.9
678.988	4.9
679.19	4.9
679.392	4.9
679.594	4.9
679.797	4.9
679.999	4.9
680.201	4.9
680.404	4.9
680.606	4.9
680.808	4.9
681.011	4.9
681.213	4.9
681.415	4.9
681.618	4.9
681.82	4.9
682.023	4.9
682.225	4.9
682.428	4.9
682.63	4.9
682.833	4.9
683.035	4.9
683.238	4.9
683.44	4.9
683.643	4.9
683.845	4.9
684.048	4.9
684.251	4.9
684.453	4.9
684.656	4.9
684.859	4.9
685.061	4.9
685.264	4.9
685.467	4.9
685.67	4.9
685.872	4.9
686.075	4.9
686.278	4.9
686.481	4.9
686.684	4.9
686.886	4.9
687.089	4.9
687.292	4.9
687.495	4.9
687.698	4.9
687.901	4.9
688.104	4.9
688.307	4.9
688.51	4.9
688.713	4.9
688.916	4.9
689.119	4.9
689.322	4.9
689.525	4.9
689.728	4.9
689.931	4.9
690.134	4.9
690.337	4.9
690.54	4.9
690.744	4.9
690.947	4.9
691.15	4.9
691.353	4.9
691.556	4.9
691.76	4.9
691.963	4.9
692.166	4.9
692.37	4.9
692.573	4.9
692.776	4.9
692.979	4.9
693.183	4.9
693.386	4.9
693.59	4.9
693.793	4.9
693.996	4.9
694.2	4.9
694.403	4.9
694.607	4.9
694.81	4.9
695.014	4.9
695.217	4.9
695.421	4.9
695.624	4.9
695.828	4.9
696.031	4.9
696.235	4.9
696.439	4.9
696.642	4.9
696.846	4.9
697.049	4.9
697.253	4.9
697.457	4.9
697.661	4.9
697.864	4.9
698.068	4.9
698.272	4.9
698.475	4.9
698.679	4.9
698.883	4.9
699.087	4.9
699.291	4.9
699.494	4.9
699.698	4.9
699.902	4.9
700.106	5
700.31	5
700.514	5
700.718	5
700.922	5
701.126	5
701.33	5
701.534	5
701.738	5
701.942	5
702.146	5
702.35	5
702.554	5
702.758	5
702.962	5
703.166	5
703.37	5
703.574	5
703.778	5
703.983	5
704.187	5
704.391	5
704.595	5
704.799	5
705.004	5
705.208	5
705.412	5
705.616	5
705.821	5
706.025	5
706.229	5
706.434	5
706.638	5
706.842	5
707.047	5
707.251	5
707.455	5
707.66	5
707.864	5
708.069	5
708.273	5
708.478	5
708.682	5
708.887	5
709.091	5
709.296	5
709.5	5
709.705	5
709.909	5
710.114	5
710.319	5
710.523	5
710.728	5
710.932	5
711.137	5
711.342	5
711.546	5
711.751	5
711.956	5
712.161	5
712.365	5
712.57	5
712.775	5
712.98	5
713.184	5
713.389	5
713.594	5
713.799	5
714.004	5
714.209	5
714.413	5
714.618	5.1
714.823	5.1
715.028	5.1
715.233	5.1
715.438	5.1
715.643	5.1
715.848	5.1
716.053	5.1
716.258	5.1
716.463	5.1
716.668	5.1
716.873	5.1
717.078	5.1
717.283	5.1
717.488	5.1
717.693	5.1
717.898	5.1
718.103	5.1
718.308	5.1
718.514	5.1
718.719	5.1
718.924	5.1
719.129	5.1
719.334	5.1
719.539	5.1
719.745	5.1
719.95	5.1
720.155	5.1
720.36	5.1
720.566	5.1
720.771	5.1
720.976	5.1
721.182	5.1
721.387	5.1
721.592	5.1
721.798	5.1
722.003	5.1
722.208	5.1
722.414	5.1
722.619	5.1
722.824	5.1
723.03	5.1
723.235	5.1
723.441	5.1
723.646	5.1
723.852	5.2
724.057	5.2
724.263	5.2
724.468	5.2
724.674	5.2
724.879	5.2
725.085	5.2
725.29	5.2
725.496	5.2
725.701	5.2
725.907	5.2
726.112	5.2
726.318	5.2
726.524	5.2
726.729	5.2
726.935	5.2
727.141	5.2
727.346	5.2
727.552	5.2
727.758	5.2
727.963	5.2
728.169	5.2
728.375	5.2
728.581	5.2
728.786	5.2
728.992	5.2
729.198	5.2
729.404	5.2
729.609	5.2
729.815	5.2
730.021	5.2
730.227	5.2
730.433	5.2
730.639	5.2
730.844	5.2
731.05	5.2
731.256	5.2
731.462	5.2
731.668	5.2
731.874	5.2
732.08	5.2
732.286	5.2
732.492	5.2
732.698	5.2
732.904	5.2
733.11	5.2
733.316	5.2
733.522	5.2
733.728	5.2
733.934	5.2
734.14	5.2
734.346	5.2
734.552	5.2
734.758	5.2
734.964	5.2
735.17	5.2
735.376	5.2
735.583	5.2
735.789	5.2
735.995	5.2
736.201	5.2
736.407	5.2
736.613	5.2
736.819	5.2
737.026	5.2
737.232	5.2
737.438	5.2
737.644	5.2
737.851	5.2
738.057	5.2
738.263	5.2
738.469	5.2
738.676	5.2
738.882	5.3
739.088	5.3
739.295	5.3
739.501	5.3
739.707	5.3
739.914	5.3
740.12	5.3
740.326	5.3
740.533	5.3
740.739	5.3
740.946	5.3
741.152	5.3
741.358	5.3
741.565	5.3
741.771	5.3
741.978	5.3
742.184	5.3
742.391	5.3
742.597	5.3
742.804	5.3
743.01	5.3
743.217	5.3
743.423	5.3
743.63	5.3
743.836	5.3
744.043	5.3
744.249	5.4
744.456	5.4
744.663	5.4
744.869	5.4
745.076	5.4
745.282	5.4
745.489	5.4
745.696	5.4
745.902	5.4
746.109	5.4
746.316	5.4
746.522	5.4
746.729	5.4
746.936	5.4
747.142	5.4
747.349	5.4
747.556	5.4
747.762	5.4
747.969	5.4
748.176	5.4
748.383	5.4
748.589	5.4
748.796	5.4
749.003	5.4
749.21	5.4
749.417	5.4
749.623	5.4
749.83	5.4
750.037	5.4
750.244	5.4
750.451	5.4
750.658	5.4
750.865	5.4
751.071	5.4
751.278	5.4
751.485	5.4
751.692	5.4
751.899	5.4
752.106	5.4
752.313	5.4
752.52	5.4
752.727	5.4
752.934	5.4
753.141	5.4
753.348	5.4
753.555	5.4
753.762	5.4
753.969	5.4
754.176	5.4
754.383	5.4
754.59	5.4
754.797	5.4
755.004	5.4
755.211	5.4
755.418	5.4
755.625	5.4
755.832	5.5
756.039	5.5
756.246	5.5
756.453	5.5
756.66	5.5
756.868	5.5
757.075	5.5
757.282	5.5
757.489	5.5
757.696	5.5
757.903	5.5
758.111	5.5
758.318	5.5
758.525	5.5
758.732	5.5
758.939	5.5
759.147	5.5
759.354	5.5
759.561	5.5
759.768	5.5
759.976	5.5
760.183	5.5
760.39	5.5
760.597	5.5
760.805	5.5
761.012	5.5
761.219	5.5
761.426	5.5
761.634	5.5
761.841	5.5
762.048	5.5
762.256	5.5
762.463	5.5
762.67	5.5
762.878	5.5
763.085	5.5
763.293	5.5
763.5	5.5
763.707	5.6
763.915	5.6
764.122	5.6
764.33	5.6
764.537	5.6
764.744	5.6
764.952	5.6
765.159	5.6
765.367	5.6
765.574	5.6
765.782	5.6
765.989	5.6
766.197	5.6
766.404	5.6
766.612	5.6
766.819	5.6
767.027	5.6
767.234	5.6
767.442	5.6
767.649	5.6
767.857	5.6
768.064	5.6
768.272	5.6
768.479	5.6
768.687	5.6
768.895	5.6
769.102	5.6
769.31	5.6
769.517	5.6
769.725	5.6
769.933	5.6
770.14	5.6
770.348	5.6
770.555	5.6
770.763	5.6
770.971	5.6
771.178	5.6
771.386	5.6
771.594	5.7
771.801	5.7
772.009	5.7
772.217	5.7
772.424	5.7
772.632	5.7
772.84	5.7
773.047	5.7
773.255	5.7
773.463	5.7
773.671	5.7
773.878	5.7
774.086	5.7
774.294	5.7
774.502	5.7
774.709	5.7
774.917	5.7
775.125	5.7
775.333	5.7
775.54	5.7
775.748	5.7
775.956	5.7
776.164	5.7
776.371	5.7
776.579	5.7
776.787	5.7
776.995	5.7
777.203	5.7
777.41	5.7
777.618	5.7
777.826	5.7
778.034	5.8
778.242	5.8
778.45	5.8
778.657	5.8
778.865	5.8
779.073	5.8
779.281	5.8
779.489	5.8
779.697	5.8
779.905	5.8
780.112	5.8
780.32	5.8
780.528	5.8
780.736	5.8
780.944	5.8
781.152	5.8
781.36	5.8
781.568	5.8
781.776	5.8
781.984	5.8
782.191	5.8
782.399	5.8
782.607	5.8
782.815	5.8
783.023	5.8
783.231	5.8
783.439	5.8
783.647	5.8
783.855	5.8
784.063	5.8
784.271	5.8
784.479	5.8
784.687	5.8
784.895	5.8
785.103	5.8
785.311	5.9
785.519	5.9
785.727	5.9
785.935	5.9
786.143	5.9
786.351	5.9
786.559	5.9
786.767	5.9
786.975	5.9
787.183	5.9
787.391	5.9
787.599	5.9
787.807	5.9
788.015	5.9
788.223	5.9
788.431	5.9
788.639	5.9
788.847	5.9
789.055	5.9
789.263	5.9
789.471	5.9
789.679	5.9
789.887	5.9
790.095	5.9
790.303	5.9
790.511	5.9
790.719	5.9
790.927	5.9
791.135	5.9
791.343	6
791.551	6
791.76	6
791.968	6
792.176	6
792.384	6
792.592	6
792.8	6
793.008	6
793.216	6
793.424	6
793.632	6
793.84	6
794.048	6
794.256	6
794.465	6
794.673	6
794.881	6
795.089	6
795.297	6
795.505	6
795.713	6
795.921	6
796.129	6
796.337	6
796.546	6
796.754	6
796.962	6
797.17	6
797.378	6
797.586	6
797.794	6
798.002	6
798.21	6
798.419	6
798.627	6
798.835	6
799.043	6
799.251	6
799.459	6
799.667	6
799.875	6
800.083	6
800.292	6.1
800.5	6.1
800.708	6.1
800.916	6.1
801.124	6.1
801.332	6.1
801.54	6.1
801.748	6.1
801.957	6.1
802.165	6.1
802.373	6.1
802.581	6.1
802.789	6.1
802.997	6.1
803.205	6.1
803.414	6.1
803.622	6.1
803.83	6.1
804.038	6.1
804.246	6.1
804.454	6.1
804.662	6.1
804.87	6.1
805.079	6.1
805.287	6.1
805.495	6.1
805.703	6.1
805.911	6.1
806.119	6.1
806.327	6.1
806.535	6.1
806.743	6.1
806.952	6.1
807.16	6.1
807.368	6.1
807.576	6.1
807.784	6.1
807.992	6.2
808.2	6.2
808.408	6.2
808.617	6.2
808.825	6.2
809.033	6.2
809.241	6.2
809.449	6.2
809.657	6.2
809.865	6.2
810.073	6.2
810.281	6.2
810.49	6.2
810.698	6.2
810.906	6.2
811.114	6.2
811.322	6.2
811.53	6.2
811.738	6.2
811.946	6.3
812.154	6.2
812.362	6.2
812.57	6.2
812.779	6.2
812.987	6.3
813.195	6.3
813.403	6.3
813.611	6.3
813.819	6.3
814.027	6.3
814.235	6.3
814.443	6.3
814.651	6.3
814.859	6.3
815.067	6.3
815.275	6.3
815.484	6.3
815.692	6.3
815.9	6.3
816.108	6.3
816.316	6.3
816.524	6.3
816.732	6.3
816.94	6.3
817.148	6.3
817.356	6.3
817.564	6.3
817.772	6.3
817.98	6.3
818.188	6.3
818.397	6.3
818.605	6.3
818.813	6.3
819.021	6.3
819.229	6.3
819.437	6.3
819.645	6.3
819.853	6.3
820.061	6.3
820.269	6.4
820.477	6.4
820.685	6.4
820.893	6.4
821.102	6.4
821.31	6.4
821.518	6.4
821.726	6.4
821.934	6.4
822.142	6.4
822.35	6.4
822.558	6.4
822.766	6.4
822.974	6.4
823.182	6.4
823.39	6.4
823.599	6.4
823.807	6.4
824.015	6.4
824.223	6.4
824.431	6.4
824.639	6.5
824.847	6.5
825.055	6.5
825.263	6.5
825.472	6.5
825.68	6.5
825.888	6.5
826.096	6.5
826.304	6.5
826.512	6.5
826.72	6.5
826.928	6.5
827.137	6.5
827.345	6.5
827.553	6.5
827.761	6.5
827.969	6.5
828.177	6.5
828.385	6.5
828.594	6.6
828.802	6.6
829.01	6.6
829.218	6.6
829.426	6.6
829.634	6.6
829.843	6.6
830.051	6.6
830.259	6.6
830.467	6.6
830.675	6.6
830.883	6.6
831.092	6.6
831.3	6.6
831.508	6.6
831.716	6.6
831.924	6.6
832.133	6.6
832.341	6.6
832.549	6.6
832.757	6.6
832.966	6.6
833.174	6.6
833.382	6.6
833.59	6.6
833.799	6.6
834.007	6.6
834.215	6.6
834.423	6.6
834.632	6.6
834.84	6.6
835.048	6.6
835.256	6.6
835.465	6.6
835.673	6.6
835.881	6.6
836.09	6.6
836.298	6.7
836.506	6.7
836.715	6.7
836.923	6.7
837.131	6.7
837.34	6.7
837.548	6.7
837.756	6.7
837.965	6.7
838.173	6.7
838.381	6.7
838.59	6.7
838.798	6.7
839.006	6.7
839.215	6.7
839.423	6.7
839.632	6.7
839.84	6.7
840.048	6.7
840.257	6.7
840.465	6.7
840.674	6.7
840.882	6.7
841.091	6.7
841.299	6.7
841.508	6.8
841.716	6.8
841.924	6.8
842.133	6.8
842.341	6.8
842.55	6.8
842.758	6.8
842.967	6.8
843.175	6.8
843.384	6.8
843.593	6.8
843.801	6.8
844.01	6.8
844.218	6.8
844.427	6.8
844.635	6.8
844.844	6.8
845.052	6.8
845.261	6.8
845.47	6.9
845.678	6.9
845.887	6.9
846.095	6.9
846.304	6.9
846.513	6.9
846.721	6.9
846.93	6.9
847.139	6.9
847.347	6.9
847.556	6.9
847.765	6.9
847.973	6.9
848.182	6.9
848.391	6.9
848.6	6.9
848.808	6.9
849.017	6.9
849.226	6.9
849.435	6.9
849.643	6.9
849.852	6.9
850.061	6.9
850.27	6.9
850.478	6.9
850.687	6.9
850.896	6.9
851.105	6.9
851.314	6.9
851.523	6.9
851.731	6.9
851.94	6.9
852.149	6.9
852.358	7
852.567	7
852.776	7
852.985	7
853.194	7
853.403	7
853.612	7
853.821	7
854.03	7
854.239	7
854.447	7
854.656	7
854.865	7
855.075	7
855.284	7
855.493	7
855.702	7
855.911	7
856.12	7
856.329	7.1
856.538	7.1
856.747	7.1
856.956	7.1
857.165	7.1
857.374	7.1
857.584	7.1
857.793	7.1
858.002	7.1
858.211	7.1
858.42	7.1
858.629	7.1
858.839	7.1
859.048	7.1
859.257	7.1
859.466	7.1
859.676	7.1
859.885	7.1
860.094	7.1
860.304	7.1
860.513	7.1
860.722	7.1
860.932	7.1
861.141	7.1
861.35	7.1
861.56	7.1
861.769	7.1
861.978	7.1
862.188	7.1
862.397	7.2
862.607	7.2
862.816	7.2
863.026	7.2
863.235	7.2
863.445	7.2
863.654	7.2
863.864	7.2
864.073	7.2
864.283	7.2
864.492	7.2
864.702	7.2
864.911	7.2
865.121	7.2
865.33	7.2
865.54	7.2
865.75	7.2
865.959	7.2
866.169	7.2
866.379	7.2
866.588	7.3
866.798	7.3
867.008	7.3
867.218	7.3
867.427	7.3
867.637	7.3
867.847	7.3
868.057	7.3
868.266	7.3
868.476	7.3
868.686	7.3
868.896	7.3
869.106	7.4
869.316	7.4
869.525	7.4
869.735	7.4
869.945	7.4
870.155	7.4
870.365	7.4
870.575	7.4
870.785	7.4
870.995	7.4
871.205	7.4
871.415	7.4
871.625	7.4
871.835	7.4
872.045	7.4
872.255	7.4
872.465	7.4
872.675	7.5
872.886	7.5
873.096	7.5
873.306	7.5
873.516	7.5
873.726	7.5
873.936	7.5
874.147	7.5
874.357	7.5
874.567	7.5
874.777	7.5
874.988	7.5
875.198	7.5
875.408	7.5
875.619	7.5
875.829	7.5
876.039	7.5
876.25	7.5
876.46	7.5
876.67	7.5
876.881	7.5
877.091	7.6
877.302	7.6
877.512	7.6
877.723	7.5
877.933	7.5
878.144	7.5
878.354	7.5
878.565	7.5
878.775	7.5
878.986	7.5
879.197	7.5
879.407	7.5
879.618	7.5
879.829	7.5
880.039	7.5
880.25	7.5
880.461	7.5
880.671	7.5
880.882	7.5
881.093	7.5
881.304	7.5
881.515	7.5
881.725	7.5
881.936	7.5
882.147	7.5
882.358	7.5
882.569	7.5
882.78	7.5
882.991	7.6
883.202	7.6
883.413	7.6
883.624	7.6
883.835	7.6
884.046	7.6
884.257	7.6
884.468	7.6
884.679	7.6
884.89	7.6
885.101	7.6
885.312	7.6
885.523	7.6
885.735	7.7
885.946	7.6
886.157	7.6
886.368	7.7
886.579	7.7
886.791	7.7
887.002	7.7
887.213	7.7
887.425	7.7
887.636	7.7
887.847	7.7
888.059	7.7
888.27	7.8
888.481	7.8
888.693	7.8
888.904	7.8
889.116	7.8
889.327	7.8
889.539	7.8
889.75	7.8
889.962	7.8
890.174	7.8
890.385	7.8
890.597	7.9
890.808	7.9
891.02	7.9
891.232	7.8
891.444	7.9
891.655	7.9
891.867	7.9
892.079	7.9
892.291	7.9
892.502	7.9
892.714	7.9
892.926	7.9
893.138	7.9
893.35	7.9
893.562	7.9
893.774	7.9
893.986	7.9
894.198	7.9
894.41	7.9
894.622	7.9
894.834	7.9
895.046	7.9
895.258	8
895.47	8
895.682	7.9
895.894	7.9
896.106	7.9
896.319	7.9
896.531	7.9
896.743	8
896.955	8
897.168	8
897.38	8
897.592	8
897.805	8
898.017	8
898.229	8
898.442	8
898.654	8
898.867	8
899.079	8.1
899.292	8.1
899.504	8.1
899.717	8.1
899.929	8.1
900.142	8.1
900.355	8.1
900.567	8.1
900.78	8.1
900.993	8.1
901.205	8.1
901.418	8.1
901.631	8.1
901.844	8.1
902.056	8.1
902.269	8.1
902.482	8.1
902.695	8.1
902.908	8.1
903.121	8.1
903.334	8.1
903.547	8.1
903.76	8.1
903.973	8.1
904.186	8.1
904.399	8.1
904.612	8.1
904.825	8.1
905.038	8.1
905.251	8.1
905.465	8.1
905.678	8.1
905.891	8.1
906.104	8.1
906.318	8.1
906.531	8
906.744	8.1
906.958	8.1
907.171	8.1
907.384	8.1
907.598	8.1
907.811	8.1
908.025	8.1
908.238	8.1
908.452	8.1
908.665	8.1
908.879	8.1
909.093	8.1
909.306	8.1
909.52	8.1
909.734	8.1
909.947	8.2
910.161	8.2
910.375	8.2
910.589	8.2
910.803	8.2
911.016	8.2
911.23	8.2
911.444	8.3
911.658	8.3
911.872	8.3
912.086	8.3
912.3	8.3
912.514	8.3
912.728	8.3
912.942	8.3
913.156	8.3
913.37	8.3
913.585	8.3
913.799	8.3
914.013	8.4
914.227	8.4
914.442	8.4
914.656	8.4
914.87	8.5
915.084	8.5
915.299	8.5
915.513	8.5
915.728	8.5
915.942	8.5
916.157	8.5
916.371	8.5
916.586	8.5
916.8	8.5
917.015	8.5
917.229	8.5
917.444	8.5
917.659	8.5
917.874	8.5
918.088	8.5
918.303	8.5
918.518	8.4
918.733	8.4
918.947	8.5
919.162	8.5
919.377	8.5
919.592	8.5
919.807	8.5
920.022	8.5
920.237	8.4
920.452	8.5
920.667	8.5
920.882	8.5
921.097	8.5
921.313	8.5
921.528	8.5
921.743	8.5
921.958	8.5
922.174	8.5
922.389	8.5
922.604	8.6
922.82	8.6
923.035	8.5
923.25	8.5
923.466	8.5
923.681	8.5
923.897	8.6
924.112	8.6
924.328	8.6
924.544	8.6
924.759	8.6
924.975	8.7
925.19	8.7
925.406	8.7
925.622	8.8
925.838	8.8
926.054	8.8
926.269	8.9
926.485	8.9
926.701	8.9
926.917	8.9
927.133	8.9
927.349	9
927.565	9
927.781	9
927.997	9
928.213	9.1
928.429	9.1
928.646	9
928.862	9.1
929.078	9.1
929.294	9.2
929.511	9.2
929.727	9.2
929.943	9.3
930.16	9.3
930.376	9.3
930.592	9.3
930.809	9.3
931.025	9.4
931.242	9.4
931.459	9.4
931.675	9.4
931.892	9.4
932.108	9.5
932.325	9.5
932.542	9.5
932.759	9.5
932.975	9.5
933.192	9.5
933.409	9.5
933.626	9.6
933.843	9.6
934.06	9.6
934.277	9.6
934.494	9.6
934.711	9.6
934.928	9.6
935.145	9.6
935.362	9.6
935.58	9.7
935.797	9.7
936.014	9.7
936.231	9.7
936.449	9.7
936.666	9.7
936.883	9.7
937.101	9.7
937.318	9.7
937.536	9.7
937.753	9.8
937.971	9.8
938.188	9.7
938.406	9.7
938.624	9.8
938.841	9.8
939.059	9.8
939.277	9.9
939.494	9.9
939.712	9.9
939.93	9.9
