360.161	10.6
360.333	10.5
360.504	10.4
360.676	10.3
360.847	10.3
361.019	10.3
361.19	10.3
361.361	10.4
361.533	10.4
361.704	10.3
361.876	10.3
362.047	10.3
362.219	10.2
362.391	10.2
362.562	10.2
362.734	10.2
362.905	10.2
363.077	10.2
363.248	10.1
363.42	10
363.592	10
363.763	10
363.935	9.9
364.106	9.9
364.278	9.9
364.45	9.8
364.621	9.8
364.793	9.8
364.965	9.8
365.137	9.7
365.308	9.7
365.48	9.7
365.652	9.7
365.824	9.7
365.995	9.6
366.167	9.6
366.339	9.5
366.511	9.5
366.683	9.5
366.854	9.5
367.026	9.4
367.198	9.4
367.37	9.4
367.542	9.4
367.714	9.3
367.886	9.2
368.058	9.2
368.23	9.1
368.402	9
368.574	8.9
368.746	8.9
368.918	8.9
369.09	8.8
369.262	8.7
369.434	8.7
369.606	8.6
369.778	8.6
369.95	8.6
370.122	8.5
370.294	8.5
370.467	8.5
370.639	8.5
370.811	8.5
370.983	8.4
371.155	8.3
371.328	8.3
371.5	8.3
371.672	8.2
371.844	8.2
372.017	8.2
372.189	8.2
372.361	8.2
372.534	8.1
372.706	8.1
372.878	8
373.051	8
373.223	7.9
373.396	7.8
373.568	7.7
373.741	7.7
373.913	7.6
374.086	7.6
374.258	7.6
374.431	7.7
374.603	7.7
374.776	7.7
374.949	7.6
375.121	7.6
375.294	7.6
375.467	7.5
375.639	7.5
375.812	7.4
375.985	7.4
376.157	7.4
376.33	7.3
376.503	7.3
376.676	7.3
376.849	7.3
377.021	7.2
377.194	7.2
377.367	7.2
377.54	7.2
377.713	7.2
377.886	7.1
378.059	7.1
378.232	7.1
378.405	7.1
378.578	7.1
378.751	7.1
378.924	7
379.097	7
379.27	6.9
379.444	6.9
379.617	6.9
379.79	6.9
379.963	6.9
380.136	6.8
380.31	6.8
380.483	6.8
380.656	6.8
380.829	6.8
381.003	6.7
381.176	6.7
381.35	6.6
381.523	6.6
381.696	6.6
381.87	6.6
382.043	6.5
382.217	6.5
382.39	6.4
382.564	6.4
382.738	6.4
382.911	6.4
383.085	6.4
383.258	6.4
383.432	6.4
383.606	6.4
383.779	6.4
383.953	6.3
384.127	6.3
384.301	6.3
384.475	6.2
384.648	6.2
384.822	6.2
384.996	6.2
385.17	6.2
385.344	6.1
385.518	6.1
385.692	6.1
385.866	6
386.04	6
386.214	6
386.388	6
386.562	5.9
386.737	5.9
386.911	5.8
387.085	5.8
387.259	5.9
387.434	5.9
387.608	5.9
387.782	5.8
387.956	5.8
388.131	5.8
388.305	5.8
388.48	5.8
388.654	5.8
388.829	5.8
389.003	5.8
389.178	5.8
389.352	5.8
389.527	5.8
389.701	5.8
389.876	5.8
390.051	5.8
390.226	5.8
390.4	5.8
390.575	5.8
390.75	5.8
390.925	5.8
391.099	5.8
391.274	5.8
391.449	5.7
391.624	5.7
391.799	5.7
391.974	5.7
392.149	5.7
392.324	5.7
392.499	5.7
392.675	5.7
392.85	5.7
393.025	5.7
393.2	5.7
393.375	5.7
393.551	5.7
393.726	5.7
393.901	5.7
394.077	5.7
394.252	5.7
394.427	5.6
394.603	5.6
394.778	5.6
394.954	5.6
395.129	5.6
395.305	5.6
395.481	5.6
395.656	5.6
395.832	5.6
396.008	5.6
396.184	5.6
396.359	5.5
396.535	5.5
396.711	5.5
396.887	5.5
397.063	5.5
397.239	5.5
397.415	5.5
397.591	5.5
397.767	5.5
397.943	5.5
398.119	5.5
398.295	5.4
398.471	5.4
398.648	5.4
398.824	5.4
399	5.4
399.176	5.4
399.353	5.4
399.529	5.4
399.706	5.4
399.882	5.4
400.058	5.4
400.235	5.4
400.412	5.4
400.588	5.4
400.765	5.4
400.942	5.4
401.118	5.4
401.295	5.4
401.472	5.4
401.649	5.4
401.825	5.4
402.002	5.4
402.179	5.4
402.356	5.4
402.533	5.4
402.71	5.3
402.887	5.3
403.064	5.3
403.242	5.3
403.419	5.3
403.596	5.3
403.773	5.3
403.95	5.3
404.128	5.3
404.305	5.3
404.483	5.3
404.66	5.3
404.837	5.3
405.015	5.3
405.193	5.3
405.37	5.3
405.548	5.3
405.725	5.3
405.903	5.3
406.081	5.3
406.259	5.3
406.437	5.3
406.614	5.3
406.792	5.3
406.97	5.2
407.148	5.2
407.326	5.2
407.504	5.2
407.682	5.2
407.86	5.2
408.039	5.2
408.217	5.2
408.395	5.2
408.573	5.1
408.751	5.1
408.93	5.1
409.108	5.1
409.287	5.1
409.465	5.1
409.643	5.1
409.822	5.1
410	5.1
410.179	5.1
410.358	5.1
410.536	5.1
410.715	5.1
410.894	5.1
411.072	5.1
411.251	5.1
411.43	5.1
411.609	5.1
411.788	5.1
411.967	5.1
412.146	5.1
412.325	5.1
412.504	5.1
412.683	5.1
412.862	5.1
413.041	5
413.22	5
413.399	5
413.578	5
413.758	5
413.937	5
414.116	5
414.296	5
414.475	5
414.654	5
414.834	5.1
415.013	5.1
415.193	5.1
415.372	5.1
415.552	5.1
415.732	5.1
415.911	5.1
416.091	5.1
416.271	5.1
416.45	5.1
416.63	5.1
416.81	5.1
416.99	5.1
417.169	5.1
417.349	5.1
417.529	5.1
417.709	5.1
417.889	5.1
418.069	5.1
418.249	5.1
418.429	5.1
418.609	5.1
418.789	5.1
418.97	5.1
419.15	5.1
419.33	5.1
419.51	5.1
419.691	5.1
419.871	5.1
420.051	5.1
420.232	5
420.412	5
420.592	5
420.773	5
420.953	5
421.134	5
421.314	5
421.495	5
421.675	5
421.856	5
422.037	5
422.217	5
422.398	5
422.579	5
422.76	5
422.94	5
423.121	5
423.302	5
423.483	5
423.664	5
423.845	5
424.026	5
424.207	5
424.388	5
424.569	5
424.75	5
424.931	5
425.112	5
425.293	5
425.474	5
425.655	5
425.837	5
426.018	5
426.199	5
426.38	5
426.562	5
426.743	5
426.924	5
427.106	5
427.287	5
427.469	5
427.65	5
427.832	5.1
428.013	5
428.195	5
428.376	5
428.558	5.1
428.739	5.1
428.921	5.1
429.103	5.1
429.284	5
429.466	5
429.648	5
429.83	5
430.011	5
430.193	5
430.375	5
430.557	5
430.739	5
430.921	5.1
431.102	5.1
431.284	5
431.466	5
431.648	5
431.83	5
432.012	5
432.194	5.1
432.377	5.1
432.559	5.1
432.741	5.1
432.923	5
433.105	5
433.287	5
433.469	5.1
433.652	5.1
433.834	5.1
434.016	5.1
434.198	5.1
434.381	5.1
434.563	5.1
434.745	5.1
434.928	5.1
435.11	5.1
435.293	5.1
435.475	5.1
435.658	5.1
435.84	5.1
436.022	5.1
436.205	5.1
436.388	5.1
436.57	5.1
436.753	5.1
436.935	5.1
437.118	5.1
437.301	5.1
437.483	5.1
437.666	5.2
437.849	5.2
438.031	5.2
438.214	5.2
438.397	5.2
438.58	5.2
438.762	5.2
438.945	5.2
439.128	5.2
439.311	5.2
439.494	5.2
439.677	5.2
439.859	5.3
440.042	5.3
440.225	5.3
440.408	5.3
440.591	5.3
440.774	5.3
440.957	5.3
441.14	5.3
441.323	5.3
441.507	5.3
441.69	5.3
441.873	5.3
442.056	5.3
442.239	5.3
442.422	5.3
442.605	5.3
442.789	5.4
442.972	5.4
443.155	5.4
443.338	5.4
443.522	5.4
443.705	5.4
443.888	5.4
444.072	5.4
444.255	5.4
444.438	5.4
444.622	5.4
444.805	5.5
444.989	5.5
445.172	5.5
445.356	5.5
445.539	5.5
445.723	5.5
445.906	5.5
446.09	5.5
446.273	5.5
446.457	5.5
446.64	5.5
446.824	5.5
447.008	5.5
447.191	5.6
447.375	5.6
447.559	5.6
447.742	5.6
447.926	5.6
448.11	5.6
448.293	5.6
448.477	5.6
448.661	5.6
448.845	5.7
449.029	5.7
449.212	5.7
449.396	5.7
449.58	5.7
449.764	5.7
449.948	5.7
450.132	5.7
450.316	5.8
450.5	5.8
450.684	5.8
450.868	5.8
451.052	5.8
451.236	5.8
451.42	5.8
451.604	5.9
451.788	5.9
451.972	5.9
452.156	5.9
452.34	5.9
452.525	5.9
452.709	5.9
452.893	6
453.077	6
453.261	6
453.446	6
453.63	6
453.814	6
453.998	6
454.183	6.1
454.367	6.1
454.551	6.1
454.736	6.1
454.92	6.1
455.104	6.1
455.289	6.1
455.473	6.1
455.658	6.2
455.842	6.2
456.026	6.2
456.211	6.2
456.395	6.2
456.58	6.3
456.764	6.3
456.949	6.3
457.134	6.3
457.318	6.3
457.503	6.3
457.687	6.4
457.872	6.4
458.057	6.4
458.241	6.4
458.426	6.4
458.611	6.4
458.795	6.4
458.98	6.5
459.165	6.5
459.349	6.5
459.534	6.5
459.719	6.5
459.904	6.5
460.088	6.6
460.273	6.6
460.458	6.6
460.643	6.6
460.828	6.6
461.013	6.7
461.198	6.7
461.382	6.7
461.567	6.7
461.752	6.7
461.937	6.8
462.122	6.8
462.307	6.8
462.492	6.8
462.677	6.9
462.862	6.9
463.047	6.9
463.232	6.9
463.417	7
463.602	7
463.788	7
463.973	7
464.158	7
464.343	7.1
464.528	7.1
464.713	7.1
464.898	7.1
465.084	7.2
465.269	7.2
465.454	7.2
465.639	7.2
465.824	7.3
466.01	7.3
466.195	7.3
466.38	7.3
466.566	7.4
466.751	7.4
466.936	7.4
467.122	7.4
467.307	7.5
467.492	7.5
467.678	7.5
467.863	7.5
468.048	7.6
468.234	7.6
468.419	7.6
468.605	7.6
468.79	7.7
468.976	7.7
469.161	7.7
469.347	7.7
469.532	7.8
469.718	7.8
469.903	7.8
470.089	7.9
470.274	7.9
470.46	7.9
470.646	7.9
470.831	8
471.017	8
471.202	8
471.388	8
471.574	8.1
471.759	8.1
471.945	8.1
472.131	8.2
472.317	8.2
472.502	8.2
472.688	8.3
472.874	8.3
473.059	8.3
473.245	8.3
473.431	8.4
473.617	8.4
473.803	8.4
473.988	8.5
474.174	8.5
474.36	8.5
474.546	8.6
474.732	8.6
474.918	8.6
475.104	8.7
475.29	8.7
475.475	8.7
475.661	8.8
475.847	8.8
476.033	8.8
476.219	8.9
476.405	8.9
476.591	8.9
476.777	9
476.963	9
477.149	9
477.335	9.1
477.521	9.1
477.707	9.1
477.893	9.2
478.08	9.2
478.266	9.2
478.452	9.3
478.638	9.3
478.824	9.3
479.01	9.4
479.196	9.4
479.382	9.5
479.569	9.5
479.755	9.5
479.941	9.6
480.127	9.6
480.313	9.6
480.5	9.7
480.686	9.7
480.872	9.7
481.058	9.8
481.245	9.8
481.431	9.9
481.617	9.9
481.803	9.9
481.99	10
482.176	10
482.362	10
482.549	10.1
482.735	10.1
482.921	10.1
483.108	10.2
483.294	10.2
483.481	10.3
483.667	10.3
483.853	10.3
484.04	10.4
484.226	10.4
484.413	10.4
484.599	10.5
484.786	10.5
484.972	10.5
485.159	10.6
485.345	10.6
485.532	10.6
485.718	10.7
485.905	10.7
486.091	10.8
486.278	10.8
486.464	10.8
486.651	10.9
486.837	10.9
487.024	10.9
487.211	11
487.397	11
487.584	11.1
487.77	11.1
487.957	11.1
488.144	11.2
488.33	11.2
488.517	11.2
488.704	11.3
488.89	11.3
489.077	11.3
489.264	11.4
489.45	11.4
489.637	11.4
489.824	11.5
490.01	11.5
490.197	11.5
490.384	11.6
490.571	11.6
490.757	11.6
490.944	11.7
491.131	11.7
491.318	11.7
491.505	11.8
491.691	11.8
491.878	11.9
492.065	11.9
492.252	11.9
492.439	12
492.626	12
492.812	12
492.999	12.1
493.186	12.1
493.373	12.1
493.56	12.2
493.747	12.2
493.934	12.2
494.121	12.3
494.308	12.3
494.494	12.3
494.681	12.4
494.868	12.4
495.055	12.4
495.242	12.5
495.429	12.5
495.616	12.5
495.803	12.6
495.99	12.6
496.177	12.6
496.364	12.7
496.551	12.7
496.738	12.7
496.925	12.8
497.112	12.8
497.299	12.8
497.486	12.9
497.673	12.9
497.861	13
498.048	13
498.235	13
498.422	13.1
498.609	13.1
498.796	13.1
498.983	13.2
499.17	13.2
499.357	13.2
499.544	13.3
499.732	13.3
499.919	13.3
500.106	13.4
500.293	13.4
500.48	13.4
500.667	13.5
500.855	13.5
501.042	13.5
501.229	13.6
501.416	13.6
501.603	13.6
501.791	13.7
501.978	13.7
502.165	13.7
502.352	13.8
502.54	13.8
502.727	13.8
502.914	13.9
503.101	13.9
503.289	13.9
503.476	14
503.663	14
503.85	14
504.038	14.1
504.225	14.1
504.412	14.1
504.6	14.2
504.787	14.2
504.974	14.2
505.161	14.3
505.349	14.3
505.536	14.3
505.723	14.4
505.911	14.4
506.098	14.4
506.286	14.5
506.473	14.5
506.66	14.5
506.848	14.6
507.035	14.6
507.222	14.6
507.41	14.7
507.597	14.7
507.785	14.7
507.972	14.8
508.159	14.8
508.347	14.8
508.534	14.9
508.722	14.9
508.909	14.9
509.097	15
509.284	15
509.471	15
509.659	15.1
509.846	15.1
510.034	15.1
510.221	15.2
510.409	15.2
510.596	15.2
510.784	15.3
510.971	15.3
511.159	15.3
511.346	15.4
511.534	15.4
511.721	15.4
511.909	15.5
512.096	15.5
512.284	15.6
512.471	15.6
512.659	15.6
512.846	15.6
513.034	15.7
513.221	15.7
513.409	15.7
513.596	15.8
513.784	15.8
513.972	15.8
514.159	15.9
514.347	15.9
514.534	15.9
514.722	16
514.909	16
515.097	16
515.285	16.1
515.472	16.1
515.66	16.1
515.847	16.2
516.035	16.2
516.222	16.2
516.41	16.2
516.598	16.3
516.785	16.3
516.973	16.3
517.161	16.4
517.348	16.4
517.536	16.4
517.723	16.5
517.911	16.5
518.099	16.5
518.286	16.6
518.474	16.6
518.662	16.6
518.849	16.7
519.037	16.7
519.225	16.7
519.412	16.8
519.6	16.8
519.787	16.8
519.975	16.9
520.163	16.9
520.35	16.9
520.538	17
520.726	17
520.914	17
521.101	17.1
521.289	17.1
521.477	17.1
521.664	17.1
521.852	17.2
522.04	17.2
522.227	17.2
522.415	17.3
522.603	17.3
522.79	17.3
522.978	17.4
523.166	17.4
523.354	17.4
523.541	17.5
523.729	17.5
523.917	17.5
524.104	17.6
524.292	17.6
524.48	17.6
524.668	17.6
524.855	17.7
525.043	17.7
525.231	17.7
525.418	17.8
525.606	17.8
525.794	17.8
525.982	17.9
526.169	17.9
526.357	17.9
526.545	17.9
526.733	18
526.92	18
527.108	18
527.296	18.1
527.484	18.1
527.671	18.1
527.859	18.2
528.047	18.2
528.235	18.2
528.422	18.3
528.61	18.3
528.798	18.3
528.986	18.4
529.173	18.4
529.361	18.4
529.549	18.5
529.737	18.5
529.924	18.5
530.112	18.6
530.3	18.6
530.488	18.6
530.675	18.7
530.863	18.7
531.051	18.7
531.239	18.7
531.426	18.8
531.614	18.8
531.802	18.8
531.99	18.9
532.177	18.9
532.365	18.9
532.553	18.9
532.741	19
532.928	19
533.116	19
533.304	19.1
533.492	19.1
533.679	19.1
533.867	19.1
534.055	19.2
534.243	19.2
534.431	19.2
534.618	19.3
534.806	19.3
534.994	19.3
535.182	19.3
535.369	19.4
535.557	19.4
535.745	19.4
535.933	19.5
536.12	19.5
536.308	19.5
536.496	19.5
536.684	19.6
536.871	19.6
537.059	19.6
537.247	19.6
537.435	19.7
537.622	19.7
537.81	19.7
537.998	19.8
538.186	19.8
538.373	19.8
538.561	19.8
538.749	19.9
538.937	19.9
539.124	19.9
539.312	20
539.5	20
539.688	20
539.875	20.1
540.063	20.1
540.251	20.1
540.439	20.2
540.626	20.2
540.814	20.2
541.002	20.2
541.19	20.3
541.377	20.3
541.565	20.3
541.753	20.4
541.941	20.4
542.128	20.4
542.316	20.4
542.504	20.5
542.691	20.5
542.879	20.5
543.067	20.6
543.255	20.6
543.442	20.6
543.63	20.6
543.818	20.7
544.005	20.7
544.193	20.7
544.381	20.8
544.568	20.8
544.756	20.8
544.944	20.8
545.132	20.9
545.319	20.9
545.507	20.9
545.695	21
545.882	21
546.07	21
546.258	21
546.445	21.1
546.633	21.1
546.821	21.1
547.008	21.2
547.196	21.2
547.384	21.2
547.571	21.2
547.759	21.3
547.947	21.3
548.134	21.3
548.322	21.4
548.51	21.4
548.697	21.4
548.885	21.4
549.073	21.5
549.26	21.5
549.448	21.5
549.636	21.6
549.823	21.6
550.011	21.6
550.199	21.6
550.386	21.7
550.574	21.7
550.762	21.7
550.949	21.8
551.137	21.8
551.325	21.8
551.512	21.8
551.7	21.9
551.888	21.9
552.075	21.9
552.263	22
552.451	22
552.639	22
552.826	22
553.014	22.1
553.202	22.1
553.389	22.1
553.577	22.2
553.765	22.2
553.953	22.2
554.14	22.3
554.328	22.3
554.516	22.3
554.704	22.3
554.891	22.4
555.079	22.4
555.267	22.4
555.455	22.5
555.643	22.5
555.83	22.5
556.018	22.6
556.206	22.6
556.394	22.6
556.582	22.7
556.77	22.7
556.957	22.7
557.145	22.8
557.333	22.8
557.521	22.8
557.709	22.9
557.897	22.9
558.085	22.9
558.273	23
558.461	23
558.649	23
558.837	23.1
559.025	23.1
559.213	23.1
559.4	23.2
559.588	23.2
559.777	23.2
559.965	23.3
560.153	23.3
560.341	23.3
560.529	23.3
560.717	23.4
560.905	23.4
561.093	23.4
561.281	23.5
561.469	23.5
561.657	23.5
561.845	23.5
562.034	23.6
562.222	23.6
562.41	23.6
562.598	23.7
562.786	23.7
562.975	23.7
563.163	23.8
563.351	23.8
563.539	23.8
563.728	23.8
563.916	23.9
564.104	23.9
564.293	23.9
564.481	23.9
564.67	24
564.858	24
565.046	24
565.235	24
565.423	24.1
565.612	24.1
565.8	24.1
565.989	24.2
566.177	24.2
566.366	24.2
566.554	24.2
566.743	24.3
566.932	24.3
567.12	24.3
567.309	24.3
567.497	24.4
567.686	24.4
567.875	24.4
568.064	24.4
568.252	24.5
568.441	24.5
568.63	24.5
568.819	24.5
569.007	24.6
569.196	24.6
569.385	24.6
569.574	24.7
569.763	24.7
569.952	24.7
570.141	24.7
570.33	24.7
570.519	24.8
570.708	24.8
570.897	24.8
571.086	24.9
571.275	24.9
571.464	24.9
571.653	24.9
571.843	25
572.032	25
572.221	25
572.41	25
572.599	25.1
572.789	25.1
572.978	25.1
573.167	25.1
573.357	25.2
573.546	25.2
573.736	25.2
573.925	25.3
574.115	25.3
574.304	25.3
574.494	25.3
574.683	25.4
574.873	25.4
575.062	25.4
575.252	25.4
575.442	25.5
575.631	25.5
575.821	25.5
576.011	25.5
576.201	25.6
576.39	25.6
576.58	25.6
576.77	25.6
576.96	25.7
577.15	25.7
577.34	25.7
577.53	25.8
577.72	25.8
577.91	25.8
578.1	25.8
578.29	25.8
578.48	25.9
578.67	25.9
578.861	25.9
579.051	25.9
579.241	26
579.431	26
579.622	26
579.812	26
580.002	26.1
580.193	26.1
580.383	26.1
580.574	26.1
580.764	26.2
580.955	26.2
581.145	26.2
581.336	26.2
581.526	26.3
581.717	26.3
581.908	26.3
582.098	26.3
582.289	26.4
582.48	26.4
582.671	26.4
582.862	26.4
583.052	26.5
583.243	26.5
583.434	26.5
583.625	26.5
583.816	26.6
584.007	26.6
584.198	26.6
584.389	26.6
584.58	26.7
584.771	26.7
584.962	26.7
585.154	26.7
585.345	26.7
585.536	26.8
585.727	26.8
585.918	26.8
586.11	26.9
586.301	26.9
586.492	26.9
586.684	26.9
586.875	27
587.067	27
587.258	27
587.45	27
587.641	27.1
587.833	27.1
588.024	27.1
588.216	27.1
588.408	27.2
588.599	27.2
588.791	27.2
588.983	27.2
589.174	27.3
589.366	27.3
589.558	27.3
589.75	27.4
589.942	27.4
590.134	27.4
590.326	27.4
590.518	27.5
590.71	27.5
590.902	27.5
591.094	27.5
591.286	27.6
591.478	27.6
591.67	27.6
591.862	27.6
592.054	27.7
592.246	27.7
592.439	27.7
592.631	27.7
592.823	27.8
593.016	27.8
593.208	27.8
593.4	27.8
593.593	27.9
593.785	27.9
593.978	27.9
594.17	27.9
594.363	28
594.555	28
594.748	28
594.94	28
595.133	28.1
595.326	28.1
595.518	28.1
595.711	28.1
595.904	28.2
596.096	28.2
596.289	28.2
596.482	28.2
596.675	28.3
596.868	28.3
597.061	28.3
597.254	28.3
597.447	28.4
597.64	28.4
597.833	28.4
598.026	28.4
598.219	28.5
598.412	28.5
598.605	28.5
598.798	28.5
598.991	28.6
599.184	28.6
599.378	28.6
599.571	28.6
599.764	28.6
599.957	28.7
600.151	28.7
600.344	28.7
600.538	28.7
600.731	28.8
600.924	28.8
601.118	28.8
601.311	28.8
601.505	28.9
601.698	28.9
601.892	28.9
602.086	28.9
602.279	29
602.473	29
602.667	29
602.86	29
603.054	29
603.248	29.1
603.442	29.1
603.635	29.1
603.829	29.1
604.023	29.1
604.217	29.2
604.411	29.2
604.605	29.2
604.799	29.2
604.993	29.3
605.187	29.3
605.381	29.3
605.575	29.3
605.769	29.4
605.963	29.4
606.157	29.4
606.352	29.4
606.546	29.5
606.74	29.5
606.934	29.5
607.129	29.5
607.323	29.5
607.517	29.6
607.712	29.6
607.906	29.6
608.1	29.6
608.295	29.7
608.489	29.7
608.684	29.7
608.878	29.7
609.073	29.7
609.267	29.8
609.462	29.8
609.657	29.8
609.851	29.8
610.046	29.8
610.241	29.9
610.435	29.9
610.63	29.9
610.825	29.9
611.02	30
611.215	30
611.41	30
611.604	30
611.799	30.1
611.994	30.1
612.189	30.1
612.384	30.1
612.579	30.1
612.774	30.2
612.969	30.2
613.164	30.2
613.359	30.2
613.555	30.3
613.75	30.3
613.945	30.3
614.14	30.3
614.335	30.3
614.531	30.4
614.726	30.4
614.921	30.4
615.117	30.4
615.312	30.5
615.507	30.5
615.703	30.5
615.898	30.5
616.094	30.5
616.289	30.6
616.485	30.6
616.68	30.6
616.876	30.6
617.071	30.6
617.267	30.7
617.463	30.7
617.658	30.7
617.854	30.7
618.05	30.8
618.245	30.8
618.441	30.8
618.637	30.8
618.833	30.8
619.029	30.9
619.225	30.9
619.42	30.9
619.616	30.9
619.812	30.9
620.008	31
620.204	31
620.4	31
620.596	31
620.792	31
620.988	31.1
621.184	31.1
621.381	31.1
621.577	31.1
621.773	31.1
621.969	31.2
622.165	31.2
622.362	31.2
622.558	31.2
622.754	31.2
622.951	31.2
623.147	31.3
623.343	31.3
623.54	31.3
623.736	31.3
623.933	31.3
624.129	31.4
624.326	31.4
624.522	31.4
624.719	31.4
624.915	31.5
625.112	31.5
625.308	31.5
625.505	31.5
625.702	31.6
625.898	31.6
626.095	31.6
626.292	31.6
626.489	31.6
626.685	31.7
626.882	31.7
627.079	31.7
627.276	31.7
627.473	31.7
627.67	31.7
627.866	31.8
628.063	31.8
628.26	31.8
628.457	31.8
628.654	31.9
628.851	31.9
629.048	31.9
629.246	31.9
629.443	31.9
629.64	32
629.837	32
630.034	32
630.231	32
630.429	32
630.626	32.1
630.823	32.1
631.02	32.1
631.218	32.1
631.415	32.2
631.612	32.2
631.81	32.2
632.007	32.2
632.205	32.2
632.402	32.3
632.6	32.3
632.797	32.3
632.995	32.3
633.192	32.3
633.39	32.4
633.587	32.4
633.785	32.4
633.983	32.4
634.18	32.4
634.378	32.5
634.576	32.5
634.773	32.5
634.971	32.5
635.169	32.5
635.367	32.6
635.565	32.6
635.762	32.6
635.96	32.6
636.158	32.7
636.356	32.7
636.554	32.7
636.752	32.7
636.95	32.8
637.148	32.8
637.346	32.8
637.544	32.8
637.742	32.8
637.94	32.9
638.138	32.9
638.337	32.9
638.535	32.9
638.733	32.9
638.931	33
639.129	33
639.328	33
639.526	33
639.724	33.1
639.922	33.1
640.121	33.1
640.319	33.1
640.518	33.1
640.716	33.2
640.914	33.2
641.113	33.2
641.311	33.2
641.51	33.3
641.708	33.3
641.907	33.3
642.105	33.3
642.304	33.3
642.503	33.4
642.701	33.4
642.9	33.4
643.098	33.4
643.297	33.5
643.496	33.5
643.695	33.5
643.893	33.5
644.092	33.6
644.291	33.6
644.49	33.6
644.689	33.6
644.887	33.7
645.086	33.7
645.285	33.7
645.484	33.7
645.683	33.8
645.882	33.8
646.081	33.8
646.28	33.8
646.479	33.9
646.678	33.9
646.877	33.9
647.076	33.9
647.276	33.9
647.475	34
647.674	34
647.873	34
648.072	34
648.271	34.1
648.471	34.1
648.67	34.1
648.869	34.1
649.069	34.2
649.268	34.2
649.467	34.2
649.667	34.2
649.866	34.2
650.065	34.3
650.265	34.3
650.464	34.3
650.664	34.3
650.863	34.4
651.063	34.4
651.262	34.4
651.462	34.4
651.662	34.4
651.861	34.4
652.061	34.5
652.26	34.5
652.46	34.5
652.66	34.5
652.859	34.5
653.059	34.5
653.259	34.6
653.459	34.6
653.658	34.6
653.858	34.6
654.058	34.6
654.258	34.7
654.458	34.7
654.658	34.7
654.858	34.7
655.058	34.7
655.258	34.8
655.457	34.8
655.657	34.8
655.857	34.8
656.058	34.8
656.258	34.9
656.458	34.9
656.658	34.9
656.858	34.9
657.058	34.9
657.258	35
657.458	35
657.659	35
657.859	35
658.059	35
658.259	35.1
658.459	35.1
658.66	35.1
658.86	35.1
659.06	35.1
659.261	35.2
659.461	35.2
659.662	35.2
659.862	35.2
660.062	35.2
660.263	35.3
660.463	35.3
660.664	35.3
660.864	35.3
661.065	35.4
661.265	35.4
661.466	35.4
661.667	35.4
661.867	35.4
662.068	35.5
662.268	35.5
662.469	35.5
662.67	35.5
662.87	35.5
663.071	35.6
663.272	35.6
663.473	35.6
663.674	35.6
663.874	35.6
664.075	35.6
664.276	35.7
664.477	35.7
664.678	35.7
664.879	35.7
665.08	35.7
665.28	35.8
665.481	35.8
665.682	35.8
665.883	35.8
666.084	35.8
666.285	35.9
666.486	35.9
666.688	35.9
666.889	35.9
667.09	35.9
667.291	36
667.492	36
667.693	36
667.894	36
668.096	36
668.297	36.1
668.498	36.1
668.699	36.1
668.901	36.1
669.102	36.1
669.303	36.2
669.505	36.2
669.706	36.2
669.907	36.2
670.109	36.2
670.31	36.3
670.511	36.3
670.713	36.3
670.914	36.3
671.116	36.3
671.317	36.4
671.519	36.4
671.72	36.4
671.922	36.4
672.124	36.5
672.325	36.5
672.527	36.5
672.728	36.5
672.93	36.5
673.132	36.6
673.333	36.6
673.535	36.6
673.737	36.6
673.939	36.6
674.14	36.6
674.342	36.7
674.544	36.7
674.746	36.7
674.948	36.7
675.149	36.7
675.351	36.8
675.553	36.8
675.755	36.8
675.957	36.8
676.159	36.9
676.361	36.9
676.563	36.9
676.765	36.9
676.967	36.9
677.169	37
677.371	37
677.573	37
677.775	37
677.977	37.1
678.179	37.1
678.381	37.1
678.583	37.1
678.786	37.1
678.988	37.2
679.19	37.2
679.392	37.2
679.594	37.2
679.797	37.2
679.999	37.3
680.201	37.3
680.404	37.3
680.606	37.3
680.808	37.4
681.011	37.4
681.213	37.4
681.415	37.4
681.618	37.4
681.82	37.5
682.023	37.5
682.225	37.5
682.428	37.5
682.63	37.6
682.833	37.6
683.035	37.6
683.238	37.7
683.44	37.7
683.643	37.7
683.845	37.7
684.048	37.8
684.251	37.8
684.453	37.8
684.656	37.8
684.859	37.9
685.061	37.9
685.264	37.9
685.467	37.9
685.67	38
685.872	38
686.075	38
686.278	38
686.481	38.1
686.684	38.1
686.886	38.1
687.089	38.1
687.292	38.1
687.495	38.2
687.698	38.2
687.901	38.2
688.104	38.2
688.307	38.3
688.51	38.3
688.713	38.3
688.916	38.3
689.119	38.4
689.322	38.4
689.525	38.4
689.728	38.5
689.931	38.5
690.134	38.5
690.337	38.5
690.54	38.6
690.744	38.6
690.947	38.6
691.15	38.6
691.353	38.6
691.556	38.7
691.76	38.7
691.963	38.7
692.166	38.7
692.37	38.7
692.573	38.8
692.776	38.8
692.979	38.8
693.183	38.8
693.386	38.9
693.59	38.9
693.793	38.9
693.996	38.9
694.2	39
694.403	39
694.607	39
694.81	39
695.014	39
695.217	39.1
695.421	39.1
695.624	39.1
695.828	39.2
696.031	39.2
696.235	39.2
696.439	39.2
696.642	39.2
696.846	39.3
697.049	39.3
697.253	39.3
697.457	39.3
697.661	39.4
697.864	39.4
698.068	39.4
698.272	39.4
698.475	39.5
698.679	39.5
698.883	39.5
699.087	39.5
699.291	39.6
699.494	39.6
699.698	39.6
699.902	39.6
700.106	39.6
700.31	39.7
700.514	39.7
700.718	39.7
700.922	39.7
701.126	39.7
701.33	39.8
701.534	39.8
701.738	39.8
701.942	39.8
702.146	39.9
702.35	39.9
702.554	39.9
702.758	39.9
702.962	39.9
703.166	40
703.37	40
703.574	40
703.778	40
703.983	40
704.187	40.1
704.391	40.1
704.595	40.1
704.799	40.1
705.004	40.1
705.208	40.2
705.412	40.2
705.616	40.2
705.821	40.2
706.025	40.2
706.229	40.3
706.434	40.3
706.638	40.3
706.842	40.3
707.047	40.4
707.251	40.4
707.455	40.4
707.66	40.4
707.864	40.5
708.069	40.5
708.273	40.5
708.478	40.5
708.682	40.6
708.887	40.6
709.091	40.6
709.296	40.6
709.5	40.7
709.705	40.7
709.909	40.7
710.114	40.7
710.319	40.7
710.523	40.8
710.728	40.8
710.932	40.8
711.137	40.9
711.342	40.9
711.546	40.9
711.751	40.9
711.956	40.9
712.161	41
712.365	41
712.57	41
712.775	41
712.98	41.1
713.184	41.1
713.389	41.1
713.594	41.1
713.799	41.2
714.004	41.2
714.209	41.2
714.413	41.2
714.618	41.2
714.823	41.3
715.028	41.3
715.233	41.3
715.438	41.3
715.643	41.3
715.848	41.4
716.053	41.4
716.258	41.4
716.463	41.4
716.668	41.5
716.873	41.5
717.078	41.5
717.283	41.5
717.488	41.5
717.693	41.6
717.898	41.6
718.103	41.6
718.308	41.6
718.514	41.7
718.719	41.7
718.924	41.7
719.129	41.7
719.334	41.8
719.539	41.8
719.745	41.8
719.95	41.8
720.155	41.8
720.36	41.9
720.566	41.9
720.771	41.9
720.976	41.9
721.182	41.9
721.387	42
721.592	42
721.798	42
722.003	42.1
722.208	42.1
722.414	42.1
722.619	42.1
722.824	42.2
723.03	42.2
723.235	42.2
723.441	42.2
723.646	42.3
723.852	42.3
724.057	42.3
724.263	42.3
724.468	42.3
724.674	42.4
724.879	42.4
725.085	42.4
725.29	42.4
725.496	42.5
725.701	42.5
725.907	42.5
726.112	42.5
726.318	42.6
726.524	42.6
726.729	42.6
726.935	42.6
727.141	42.7
727.346	42.7
727.552	42.7
727.758	42.7
727.963	42.7
728.169	42.8
728.375	42.8
728.581	42.8
728.786	42.8
728.992	42.8
729.198	42.9
729.404	42.9
729.609	42.9
729.815	42.9
730.021	43
730.227	43
730.433	43
730.639	43
730.844	43
731.05	43.1
731.256	43.1
731.462	43.1
731.668	43.1
731.874	43.2
732.08	43.2
732.286	43.2
732.492	43.2
732.698	43.2
732.904	43.3
733.11	43.3
733.316	43.3
733.522	43.3
733.728	43.4
733.934	43.4
734.14	43.4
734.346	43.4
734.552	43.4
734.758	43.4
734.964	43.5
735.17	43.5
735.376	43.5
735.583	43.5
735.789	43.6
735.995	43.6
736.201	43.6
736.407	43.6
736.613	43.6
736.819	43.7
737.026	43.7
737.232	43.7
737.438	43.7
737.644	43.8
737.851	43.8
738.057	43.8
738.263	43.8
738.469	43.8
738.676	43.9
738.882	43.9
739.088	43.9
739.295	43.9
739.501	43.9
739.707	44
739.914	44
740.12	44
740.326	44
740.533	44
740.739	44
740.946	44.1
741.152	44.1
741.358	44.1
741.565	44.1
741.771	44.2
741.978	44.2
742.184	44.2
742.391	44.2
742.597	44.2
742.804	44.3
743.01	44.3
743.217	44.3
743.423	44.3
743.63	44.4
743.836	44.4
744.043	44.4
744.249	44.4
744.456	44.5
744.663	44.5
744.869	44.5
745.076	44.5
745.282	44.5
745.489	44.5
745.696	44.5
745.902	44.6
746.109	44.6
746.316	44.6
746.522	44.6
746.729	44.7
746.936	44.7
747.142	44.7
747.349	44.7
747.556	44.7
747.762	44.8
747.969	44.8
748.176	44.8
748.383	44.8
748.589	44.8
748.796	44.8
749.003	44.9
749.21	44.9
749.417	44.9
749.623	44.9
749.83	45
750.037	45
750.244	45
750.451	45
750.658	45
750.865	45
751.071	45.1
751.278	45.1
751.485	45.1
751.692	45.1
751.899	45.1
752.106	45.1
752.313	45.2
752.52	45.2
752.727	45.2
752.934	45.2
753.141	45.2
753.348	45.3
753.555	45.3
753.762	45.3
753.969	45.3
754.176	45.3
754.383	45.3
754.59	45.4
754.797	45.4
755.004	45.4
755.211	45.4
755.418	45.5
755.625	45.5
755.832	45.5
756.039	45.5
756.246	45.5
756.453	45.5
756.66	45.6
756.868	45.6
757.075	45.6
757.282	45.6
757.489	45.6
757.696	45.6
757.903	45.7
758.111	45.7
758.318	45.7
758.525	45.7
758.732	45.7
758.939	45.8
759.147	45.8
759.354	45.8
759.561	45.8
759.768	45.8
759.976	45.9
760.183	45.9
760.39	45.9
760.597	45.9
760.805	45.9
761.012	45.9
761.219	46
761.426	46
761.634	46
761.841	46
762.048	46
762.256	46.1
762.463	46.1
762.67	46.1
762.878	46.1
763.085	46.1
763.293	46.2
763.5	46.2
763.707	46.2
763.915	46.2
764.122	46.2
764.33	46.2
764.537	46.3
764.744	46.3
764.952	46.3
765.159	46.4
765.367	46.4
765.574	46.4
765.782	46.4
765.989	46.5
766.197	46.5
766.404	46.5
766.612	46.5
766.819	46.6
767.027	46.6
767.234	46.6
767.442	46.6
767.649	46.6
767.857	46.7
768.064	46.7
768.272	46.7
768.479	46.7
768.687	46.7
768.895	46.7
769.102	46.8
769.31	46.8
769.517	46.8
769.725	46.8
769.933	46.8
770.14	46.9
770.348	46.9
770.555	46.9
770.763	46.9
770.971	47
771.178	47
771.386	47
771.594	47
771.801	47
772.009	47.1
772.217	47.1
772.424	47.1
772.632	47.1
772.84	47.1
773.047	47.1
773.255	47.1
773.463	47.2
773.671	47.2
773.878	47.2
774.086	47.2
774.294	47.2
774.502	47.3
774.709	47.3
774.917	47.3
775.125	47.3
775.333	47.3
775.54	47.4
775.748	47.4
775.956	47.4
776.164	47.4
776.371	47.4
776.579	47.4
776.787	47.4
776.995	47.5
777.203	47.5
777.41	47.5
777.618	47.6
777.826	47.6
778.034	47.6
778.242	47.6
778.45	47.7
778.657	47.7
778.865	47.7
779.073	47.7
779.281	47.7
779.489	47.7
779.697	47.8
779.905	47.8
780.112	47.8
780.32	47.8
780.528	47.8
780.736	47.9
780.944	47.9
781.152	47.9
781.36	47.9
781.568	47.9
781.776	47.9
781.984	48
782.191	48
782.399	48
782.607	48
782.815	48
783.023	48.1
783.231	48.1
783.439	48.1
783.647	48.1
783.855	48.2
784.063	48.2
784.271	48.2
784.479	48.2
784.687	48.2
784.895	48.3
785.103	48.3
785.311	48.3
785.519	48.3
785.727	48.3
785.935	48.4
786.143	48.4
786.351	48.4
786.559	48.4
786.767	48.4
786.975	48.4
787.183	48.4
787.391	48.5
787.599	48.5
787.807	48.5
788.015	48.5
788.223	48.5
788.431	48.5
788.639	48.6
788.847	48.6
789.055	48.6
789.263	48.6
789.471	48.6
789.679	48.6
789.887	48.6
790.095	48.7
790.303	48.7
790.511	48.7
790.719	48.7
790.927	48.7
791.135	48.8
791.343	48.8
791.551	48.8
791.76	48.8
791.968	48.8
792.176	48.8
792.384	48.9
792.592	48.9
792.8	48.9
793.008	48.9
793.216	48.9
793.424	48.9
793.632	49
793.84	49
794.048	49
794.256	49
794.465	49
794.673	49.1
794.881	49.1
795.089	49.1
795.297	49.1
795.505	49.1
795.713	49.1
795.921	49.2
796.129	49.2
796.337	49.2
796.546	49.3
796.754	49.3
796.962	49.3
797.17	49.3
797.378	49.3
797.586	49.4
797.794	49.4
798.002	49.4
798.21	49.4
798.419	49.5
798.627	49.5
798.835	49.5
799.043	49.5
799.251	49.6
799.459	49.6
799.667	49.6
799.875	49.6
800.083	49.6
800.292	49.6
800.5	49.7
800.708	49.7
800.916	49.7
801.124	49.7
801.332	49.7
801.54	49.8
801.748	49.8
801.957	49.8
802.165	49.8
802.373	49.8
802.581	49.9
802.789	49.9
802.997	49.9
803.205	49.9
803.414	49.9
803.622	50
803.83	50
804.038	50
804.246	50
804.454	50.1
804.662	50.1
804.87	50.1
805.079	50.1
805.287	50.1
805.495	50.1
805.703	50.1
805.911	50.1
806.119	50.2
806.327	50.2
806.535	50.2
806.743	50.2
806.952	50.2
807.16	50.2
807.368	50.2
807.576	50.2
807.784	50.2
807.992	50.2
808.2	50.3
808.408	50.3
808.617	50.3
808.825	50.3
809.033	50.4
809.241	50.4
809.449	50.4
809.657	50.4
809.865	50.4
810.073	50.4
810.281	50.5
810.49	50.5
810.698	50.5
810.906	50.5
811.114	50.5
811.322	50.5
811.53	50.5
811.738	50.6
811.946	50.6
812.154	50.6
812.362	50.6
812.57	50.6
812.779	50.6
812.987	50.6
813.195	50.6
813.403	50.7
813.611	50.7
813.819	50.7
814.027	50.7
814.235	50.7
814.443	50.7
814.651	50.8
814.859	50.8
815.067	50.8
815.275	50.8
815.484	50.8
815.692	50.8
815.9	50.9
816.108	50.9
816.316	50.9
816.524	50.9
816.732	50.9
816.94	50.9
817.148	51
817.356	51
817.564	51
817.772	51
817.98	51
818.188	51
818.397	51.1
818.605	51.1
818.813	51.1
819.021	51.1
819.229	51.1
819.437	51.1
819.645	51.1
819.853	51.2
820.061	51.2
820.269	51.2
820.477	51.2
820.685	51.2
820.893	51.3
821.102	51.3
821.31	51.3
821.518	51.3
821.726	51.3
821.934	51.4
822.142	51.4
822.35	51.4
822.558	51.4
822.766	51.5
822.974	51.5
823.182	51.5
823.39	51.5
823.599	51.5
823.807	51.5
824.015	51.6
824.223	51.6
824.431	51.6
824.639	51.6
824.847	51.6
825.055	51.7
825.263	51.7
825.472	51.7
825.68	51.7
825.888	51.7
826.096	51.8
826.304	51.8
826.512	51.8
826.72	51.8
826.928	51.8
827.137	51.8
827.345	51.9
827.553	51.9
827.761	51.9
827.969	51.9
828.177	51.9
828.385	51.9
828.594	51.9
828.802	52
829.01	52
829.218	52
829.426	52
829.634	52
829.843	52
830.051	52
830.259	52.1
830.467	52.1
830.675	52.1
830.883	52.1
831.092	52.1
831.3	52.1
831.508	52.1
831.716	52.2
831.924	52.2
832.133	52.2
832.341	52.2
832.549	52.2
832.757	52.2
832.966	52.2
833.174	52.2
833.382	52.2
833.59	52.2
833.799	52.3
834.007	52.3
834.215	52.3
834.423	52.3
834.632	52.3
834.84	52.3
835.048	52.3
835.256	52.3
835.465	52.4
835.673	52.4
835.881	52.4
836.09	52.4
836.298	52.4
836.506	52.5
836.715	52.5
836.923	52.5
837.131	52.5
837.34	52.5
837.548	52.5
837.756	52.5
837.965	52.5
838.173	52.6
838.381	52.6
838.59	52.6
838.798	52.6
839.006	52.7
839.215	52.7
839.423	52.7
839.632	52.7
839.84	52.7
840.048	52.8
840.257	52.8
840.465	52.8
840.674	52.8
840.882	52.8
841.091	52.8
841.299	52.9
841.508	52.9
841.716	52.9
841.924	53
842.133	53
842.341	53
842.55	53
842.758	53
842.967	53
843.175	53
843.384	53.1
843.593	53.1
843.801	53.1
844.01	53.1
844.218	53.1
844.427	53.1
844.635	53.1
844.844	53.1
845.052	53.2
845.261	53.2
845.47	53.2
845.678	53.2
845.887	53.3
846.095	53.3
846.304	53.3
846.513	53.3
846.721	53.3
846.93	53.3
847.139	53.3
847.347	53.3
847.556	53.3
847.765	53.3
847.973	53.3
848.182	53.3
848.391	53.4
848.6	53.4
848.808	53.4
849.017	53.4
849.226	53.5
849.435	53.5
849.643	53.5
849.852	53.5
850.061	53.5
850.27	53.5
850.478	53.5
850.687	53.5
850.896	53.6
851.105	53.6
851.314	53.6
851.523	53.6
851.731	53.6
851.94	53.6
852.149	53.7
852.358	53.7
852.567	53.7
852.776	53.7
852.985	53.8
853.194	53.8
853.403	53.8
853.612	53.8
853.821	53.8
854.03	53.9
854.239	53.9
854.447	53.9
854.656	53.9
854.865	53.9
855.075	53.9
855.284	53.9
855.493	53.9
855.702	54
855.911	54
856.12	54
856.329	54
856.538	54
856.747	54.1
856.956	54.1
857.165	54.1
857.374	54.1
857.584	54.1
857.793	54.1
858.002	54.1
858.211	54.1
858.42	54.1
858.629	54.2
858.839	54.2
859.048	54.2
859.257	54.2
859.466	54.2
859.676	54.3
859.885	54.3
860.094	54.3
860.304	54.3
860.513	54.3
860.722	54.3
860.932	54.3
861.141	54.3
861.35	54.4
861.56	54.4
861.769	54.4
861.978	54.4
862.188	54.4
862.397	54.4
862.607	54.4
862.816	54.5
863.026	54.5
863.235	54.5
863.445	54.5
863.654	54.5
863.864	54.6
864.073	54.6
864.283	54.6
864.492	54.6
864.702	54.6
864.911	54.6
865.121	54.6
865.33	54.6
865.54	54.7
865.75	54.7
865.959	54.7
866.169	54.7
866.379	54.7
866.588	54.8
866.798	54.8
867.008	54.8
867.218	54.8
867.427	54.8
867.637	54.8
867.847	54.9
868.057	54.9
868.266	54.9
868.476	54.9
868.686	54.9
868.896	55
869.106	55
869.316	55
869.525	55.1
869.735	55.1
869.945	55.1
870.155	55.1
870.365	55.1
870.575	55.1
870.785	55.1
870.995	55.1
871.205	55.1
871.415	55.1
871.625	55.1
871.835	55.1
872.045	55.1
872.255	55.2
872.465	55.2
872.675	55.2
872.886	55.2
873.096	55.3
873.306	55.3
873.516	55.3
873.726	55.3
873.936	55.3
874.147	55.3
874.357	55.3
874.567	55.3
874.777	55.3
874.988	55.3
875.198	55.3
875.408	55.3
875.619	55.3
875.829	55.3
876.039	55.3
876.25	55.3
876.46	55.3
876.67	55.3
876.881	55.3
877.091	55.3
877.302	55.3
877.512	55.3
877.723	55.3
877.933	55.3
878.144	55.3
878.354	55.3
878.565	55.3
878.775	55.3
878.986	55.3
879.197	55.3
879.407	55.3
879.618	55.3
879.829	55.2
880.039	55.2
880.25	55.2
880.461	55.2
880.671	55.2
880.882	55.2
881.093	55.2
881.304	55.2
881.515	55.2
881.725	55.2
881.936	55.2
882.147	55.2
882.358	55.2
882.569	55.2
882.78	55.3
882.991	55.3
883.202	55.3
883.413	55.3
883.624	55.3
883.835	55.3
884.046	55.3
884.257	55.4
884.468	55.4
884.679	55.4
884.89	55.5
885.101	55.5
885.312	55.5
885.523	55.5
885.735	55.5
885.946	55.5
886.157	55.5
886.368	55.5
886.579	55.6
886.791	55.6
887.002	55.6
887.213	55.7
887.425	55.7
887.636	55.7
887.847	55.8
888.059	55.8
888.27	55.8
888.481	55.9
888.693	55.9
888.904	55.9
889.116	56
889.327	56
889.539	56
889.75	56
889.962	56
890.174	56
890.385	56.1
890.597	56.1
890.808	56.1
891.02	56.1
891.232	56.1
891.444	56.1
891.655	56.1
891.867	56.2
892.079	56.2
892.291	56.2
892.502	56.2
892.714	56.2
892.926	56.2
893.138	56.2
893.35	56.2
893.562	56.2
893.774	56.2
893.986	56.2
894.198	56.2
894.41	56.3
894.622	56.3
894.834	56.3
895.046	56.3
895.258	56.3
895.47	56.3
895.682	56.3
895.894	56.4
896.106	56.4
896.319	56.4
896.531	56.4
896.743	56.4
896.955	56.4
897.168	56.4
897.38	56.5
897.592	56.5
897.805	56.5
898.017	56.5
898.229	56.6
898.442	56.6
898.654	56.6
898.867	56.6
899.079	56.6
899.292	56.6
899.504	56.6
899.717	56.6
899.929	56.6
900.142	56.6
900.355	56.6
900.567	56.6
900.78	56.6
900.993	56.6
901.205	56.6
901.418	56.7
901.631	56.7
901.844	56.7
902.056	56.7
902.269	56.7
902.482	56.7
902.695	56.7
902.908	56.7
903.121	56.7
903.334	56.7
903.547	56.7
903.76	56.7
903.973	56.7
904.186	56.7
904.399	56.7
904.612	56.8
904.825	56.8
905.038	56.8
905.251	56.8
905.465	56.8
905.678	56.8
905.891	56.8
906.104	56.8
906.318	56.7
906.531	56.7
906.744	56.7
906.958	56.7
907.171	56.7
907.384	56.8
907.598	56.8
907.811	56.8
908.025	56.8
908.238	56.8
908.452	56.8
908.665	56.8
908.879	56.8
909.093	56.8
909.306	56.8
909.52	56.8
909.734	56.8
909.947	56.8
910.161	56.8
910.375	56.8
910.589	56.8
910.803	56.8
911.016	56.8
911.23	56.8
911.444	56.8
911.658	56.8
911.872	56.8
912.086	56.9
912.3	56.9
912.514	56.9
912.728	56.9
912.942	56.9
913.156	56.9
913.37	56.9
913.585	56.9
913.799	57
914.013	57
914.227	57
914.442	57
914.656	57
914.87	57
915.084	57.1
915.299	57.1
915.513	57.1
915.728	57.1
915.942	57.1
916.157	57.1
916.371	57.1
916.586	57.1
916.8	57.1
917.015	57.1
917.229	57.1
917.444	57.1
917.659	57.1
917.874	57.1
918.088	57.1
918.303	57.1
918.518	57.1
918.733	57.1
918.947	57.2
919.162	57.2
919.377	57.2
919.592	57.2
919.807	57.2
920.022	57.2
920.237	57.2
920.452	57.2
920.667	57.2
920.882	57.2
921.097	57.2
921.313	57.2
921.528	57.2
921.743	57.2
921.958	57.2
922.174	57.2
922.389	57.2
922.604	57.2
922.82	57.2
923.035	57.2
923.25	57.1
923.466	57.1
923.681	57.2
923.897	57.2
924.112	57.2
924.328	57.2
924.544	57.2
924.759	57.2
924.975	57.2
925.19	57.3
925.406	57.3
925.622	57.3
925.838	57.3
926.054	57.3
926.269	57.4
926.485	57.4
926.701	57.4
926.917	57.4
927.133	57.4
927.349	57.3
927.565	57.3
927.781	57.4
927.997	57.4
928.213	57.4
928.429	57.5
928.646	57.4
928.862	57.5
929.078	57.5
929.294	57.5
929.511	57.6
929.727	57.7
929.943	57.7
930.16	57.8
930.376	57.8
930.592	57.8
930.809	57.8
931.025	57.8
931.242	57.9
931.459	57.9
931.675	57.8
931.892	57.9
932.108	57.9
932.325	57.9
932.542	57.9
932.759	57.9
932.975	57.9
933.192	57.9
933.409	57.8
933.626	57.8
933.843	57.8
934.06	57.8
934.277	57.8
934.494	57.8
934.711	57.8
934.928	57.8
935.145	57.8
935.362	57.8
935.58	57.8
935.797	57.8
936.014	57.7
936.231	57.6
936.449	57.6
936.666	57.5
936.883	57.5
937.101	57.4
937.318	57.3
937.536	57.3
937.753	57.2
937.971	57.1
938.188	57
938.406	57
938.624	56.9
938.841	56.9
939.059	56.8
939.277	56.7
939.494	56.7
939.712	56.6
939.93	56.6
