360.161	12.3
360.333	12.3
360.504	12.2
360.676	12.2
360.847	12.1
361.019	12.1
361.19	12
361.361	12
361.533	12
361.704	11.9
361.876	11.8
362.047	11.8
362.219	11.7
362.391	11.7
362.562	11.7
362.734	11.6
362.905	11.6
363.077	11.5
363.248	11.5
363.42	11.4
363.592	11.4
363.763	11.4
363.935	11.3
364.106	11.3
364.278	11.3
364.45	11.2
364.621	11.2
364.793	11.2
364.965	11.2
365.137	11.2
365.308	11.1
365.48	11
365.652	11.1
365.824	11.1
365.995	11
366.167	10.9
366.339	10.9
366.511	10.8
366.683	10.8
366.854	10.7
367.026	10.6
367.198	10.5
367.37	10.5
367.542	10.5
367.714	10.5
367.886	10.4
368.058	10.4
368.23	10.4
368.402	10.4
368.574	10.3
368.746	10.3
368.918	10.2
369.09	10.1
369.262	10.1
369.434	10
369.606	10
369.778	10
369.95	10
370.122	10
370.294	10
370.467	10
370.639	9.9
370.811	9.9
370.983	9.9
371.155	9.9
371.328	9.9
371.5	9.9
371.672	9.9
371.844	9.9
372.017	9.8
372.189	9.8
372.361	9.8
372.534	9.8
372.706	9.7
372.878	9.7
373.051	9.7
373.223	9.7
373.396	9.6
373.568	9.6
373.741	9.6
373.913	9.6
374.086	9.6
374.258	9.6
374.431	9.6
374.603	9.6
374.776	9.6
374.949	9.5
375.121	9.5
375.294	9.5
375.467	9.4
375.639	9.4
375.812	9.4
375.985	9.4
376.157	9.4
376.33	9.4
376.503	9.4
376.676	9.4
376.849	9.3
377.021	9.3
377.194	9.2
377.367	9.2
377.54	9.1
377.713	9.1
377.886	9
378.059	9
378.232	9
378.405	9
378.578	9
378.751	9
378.924	9
379.097	8.9
379.27	8.9
379.444	8.9
379.617	8.9
379.79	8.8
379.963	8.8
380.136	8.8
380.31	8.7
380.483	8.7
380.656	8.7
380.829	8.7
381.003	8.6
381.176	8.6
381.35	8.6
381.523	8.5
381.696	8.5
381.87	8.5
382.043	8.5
382.217	8.4
382.39	8.4
382.564	8.4
382.738	8.4
382.911	8.4
383.085	8.4
383.258	8.4
383.432	8.4
383.606	8.4
383.779	8.3
383.953	8.3
384.127	8.3
384.301	8.3
384.475	8.3
384.648	8.3
384.822	8.3
384.996	8.3
385.17	8.3
385.344	8.3
385.518	8.3
385.692	8.2
385.866	8.2
386.04	8.2
386.214	8.1
386.388	8.1
386.562	8.1
386.737	8.1
386.911	8.1
387.085	8.1
387.259	8.1
387.434	8.1
387.608	8
387.782	8
387.956	8
388.131	8
388.305	8
388.48	8
388.654	8
388.829	8
389.003	8
389.178	8
389.352	8
389.527	8
389.701	8
389.876	8
390.051	8
390.226	8
390.4	8
390.575	8
390.75	8
390.925	8
391.099	8
391.274	8
391.449	8
391.624	8
391.799	8
391.974	8
392.149	7.9
392.324	7.9
392.499	8
392.675	8
392.85	8
393.025	8
393.2	8
393.375	8
393.551	8
393.726	8
393.901	8
394.077	8
394.252	8
394.427	8
394.603	8
394.778	8
394.954	8
395.129	8.1
395.305	8.1
395.481	8.1
395.656	8
395.832	8
396.008	8
396.184	8
396.359	8
396.535	7.9
396.711	7.9
396.887	7.9
397.063	7.9
397.239	7.9
397.415	7.9
397.591	7.9
397.767	7.9
397.943	7.9
398.119	7.9
398.295	7.9
398.471	7.9
398.648	7.9
398.824	7.9
399	7.9
399.176	7.9
399.353	7.9
399.529	7.9
399.706	7.9
399.882	7.8
400.058	7.8
400.235	7.9
400.412	7.9
400.588	7.9
400.765	7.9
400.942	7.9
401.118	7.8
401.295	7.8
401.472	7.9
401.649	7.9
401.825	7.9
402.002	7.9
402.179	7.8
402.356	7.8
402.533	7.8
402.71	7.8
402.887	7.8
403.064	7.8
403.242	7.8
403.419	7.8
403.596	7.8
403.773	7.8
403.95	7.8
404.128	7.8
404.305	7.8
404.483	7.8
404.66	7.8
404.837	7.8
405.015	7.8
405.193	7.8
405.37	7.9
405.548	7.8
405.725	7.8
405.903	7.8
406.081	7.8
406.259	7.8
406.437	7.8
406.614	7.8
406.792	7.8
406.97	7.8
407.148	7.8
407.326	7.8
407.504	7.8
407.682	7.8
407.86	7.8
408.039	7.8
408.217	7.8
408.395	7.8
408.573	7.8
408.751	7.8
408.93	7.8
409.108	7.8
409.287	7.8
409.465	7.8
409.643	7.8
409.822	7.8
410	7.8
410.179	7.8
410.358	7.8
410.536	7.9
410.715	7.9
410.894	7.9
411.072	7.9
411.251	7.9
411.43	7.9
411.609	7.9
411.788	7.9
411.967	7.9
412.146	7.9
412.325	7.9
412.504	7.9
412.683	7.9
412.862	7.9
413.041	7.9
413.22	7.9
413.399	7.9
413.578	7.9
413.758	7.9
413.937	7.9
414.116	8
414.296	8
414.475	8
414.654	8
414.834	8
415.013	8
415.193	8
415.372	8
415.552	8
415.732	8
415.911	8
416.091	8
416.271	8
416.45	8
416.63	8
416.81	8
416.99	8.1
417.169	8.1
417.349	8.1
417.529	8.1
417.709	8.1
417.889	8.1
418.069	8.1
418.249	8.1
418.429	8.1
418.609	8.1
418.789	8.1
418.97	8.1
419.15	8.1
419.33	8.1
419.51	8.1
419.691	8.1
419.871	8.2
420.051	8.2
420.232	8.2
420.412	8.2
420.592	8.2
420.773	8.2
420.953	8.2
421.134	8.2
421.314	8.2
421.495	8.2
421.675	8.2
421.856	8.2
422.037	8.2
422.217	8.2
422.398	8.3
422.579	8.3
422.76	8.3
422.94	8.3
423.121	8.3
423.302	8.3
423.483	8.3
423.664	8.3
423.845	8.3
424.026	8.3
424.207	8.3
424.388	8.3
424.569	8.3
424.75	8.4
424.931	8.4
425.112	8.4
425.293	8.4
425.474	8.4
425.655	8.4
425.837	8.4
426.018	8.4
426.199	8.5
426.38	8.5
426.562	8.5
426.743	8.5
426.924	8.5
427.106	8.5
427.287	8.5
427.469	8.6
427.65	8.6
427.832	8.6
428.013	8.6
428.195	8.6
428.376	8.6
428.558	8.6
428.739	8.6
428.921	8.6
429.103	8.7
429.284	8.7
429.466	8.7
429.648	8.7
429.83	8.7
430.011	8.7
430.193	8.8
430.375	8.8
430.557	8.8
430.739	8.8
430.921	8.8
431.102	8.9
431.284	8.9
431.466	8.9
431.648	8.9
431.83	8.9
432.012	8.9
432.194	8.9
432.377	9
432.559	9
432.741	9
432.923	9
433.105	9
433.287	9.1
433.469	9.1
433.652	9.1
433.834	9.1
434.016	9.1
434.198	9.2
434.381	9.2
434.563	9.2
434.745	9.2
434.928	9.2
435.11	9.3
435.293	9.3
435.475	9.3
435.658	9.3
435.84	9.3
436.022	9.4
436.205	9.4
436.388	9.4
436.57	9.4
436.753	9.5
436.935	9.5
437.118	9.5
437.301	9.5
437.483	9.5
437.666	9.6
437.849	9.6
438.031	9.6
438.214	9.6
438.397	9.7
438.58	9.7
438.762	9.7
438.945	9.7
439.128	9.8
439.311	9.8
439.494	9.8
439.677	9.8
439.859	9.9
440.042	9.9
440.225	9.9
440.408	9.9
440.591	9.9
440.774	10
440.957	10
441.14	10
441.323	10
441.507	10.1
441.69	10.1
441.873	10.1
442.056	10.1
442.239	10.1
442.422	10.1
442.605	10.2
442.789	10.2
442.972	10.2
443.155	10.2
443.338	10.3
443.522	10.3
443.705	10.3
443.888	10.3
444.072	10.3
444.255	10.3
444.438	10.4
444.622	10.4
444.805	10.4
444.989	10.4
445.172	10.4
445.356	10.5
445.539	10.5
445.723	10.5
445.906	10.5
446.09	10.5
446.273	10.5
446.457	10.6
446.64	10.6
446.824	10.6
447.008	10.6
447.191	10.6
447.375	10.6
447.559	10.6
447.742	10.6
447.926	10.6
448.11	10.7
448.293	10.7
448.477	10.7
448.661	10.7
448.845	10.7
449.029	10.7
449.212	10.7
449.396	10.7
449.58	10.7
449.764	10.7
449.948	10.8
450.132	10.8
450.316	10.8
450.5	10.8
450.684	10.8
450.868	10.8
451.052	10.8
451.236	10.8
451.42	10.8
451.604	10.8
451.788	10.8
451.972	10.8
452.156	10.9
452.34	10.9
452.525	10.9
452.709	10.9
452.893	10.9
453.077	10.9
453.261	10.9
453.446	10.9
453.63	10.9
453.814	10.9
453.998	10.9
454.183	10.9
454.367	10.9
454.551	10.9
454.736	10.9
454.92	10.9
455.104	10.9
455.289	10.9
455.473	10.9
455.658	10.9
455.842	10.9
456.026	10.9
456.211	10.9
456.395	10.9
456.58	10.9
456.764	10.9
456.949	10.9
457.134	10.9
457.318	10.9
457.503	10.9
457.687	10.9
457.872	10.9
458.057	10.9
458.241	10.9
458.426	10.9
458.611	10.9
458.795	10.9
458.98	10.9
459.165	10.9
459.349	10.9
459.534	10.9
459.719	10.9
459.904	10.9
460.088	10.9
460.273	10.9
460.458	10.9
460.643	10.9
460.828	10.9
461.013	10.9
461.198	10.9
461.382	10.9
461.567	10.9
461.752	10.9
461.937	10.9
462.122	10.9
462.307	10.9
462.492	10.9
462.677	10.9
462.862	10.9
463.047	10.9
463.232	10.9
463.417	10.9
463.602	10.9
463.788	10.9
463.973	10.9
464.158	10.9
464.343	10.9
464.528	10.9
464.713	10.9
464.898	10.9
465.084	10.9
465.269	10.9
465.454	10.9
465.639	10.9
465.824	10.9
466.01	10.9
466.195	10.9
466.38	10.9
466.566	10.9
466.751	10.9
466.936	10.9
467.122	10.9
467.307	10.9
467.492	10.9
467.678	10.9
467.863	10.9
468.048	10.9
468.234	10.9
468.419	10.9
468.605	11
468.79	11
468.976	11
469.161	11
469.347	11
469.532	11
469.718	11
469.903	11
470.089	11
470.274	11
470.46	11
470.646	11
470.831	11
471.017	11
471.202	11
471.388	11
471.574	11
471.759	11
471.945	11
472.131	11
472.317	11
472.502	11
472.688	11
472.874	11
473.059	11
473.245	11
473.431	11
473.617	11.1
473.803	11.1
473.988	11.1
474.174	11.1
474.36	11.1
474.546	11.1
474.732	11.1
474.918	11.1
475.104	11.1
475.29	11.1
475.475	11.1
475.661	11.1
475.847	11.1
476.033	11.1
476.219	11.1
476.405	11.1
476.591	11.1
476.777	11.2
476.963	11.2
477.149	11.2
477.335	11.2
477.521	11.2
477.707	11.2
477.893	11.2
478.08	11.2
478.266	11.2
478.452	11.2
478.638	11.2
478.824	11.2
479.01	11.2
479.196	11.3
479.382	11.3
479.569	11.3
479.755	11.3
479.941	11.3
480.127	11.3
480.313	11.3
480.5	11.3
480.686	11.3
480.872	11.4
481.058	11.4
481.245	11.4
481.431	11.4
481.617	11.4
481.803	11.4
481.99	11.4
482.176	11.4
482.362	11.5
482.549	11.5
482.735	11.5
482.921	11.5
483.108	11.5
483.294	11.5
483.481	11.5
483.667	11.6
483.853	11.6
484.04	11.6
484.226	11.6
484.413	11.6
484.599	11.6
484.786	11.7
484.972	11.7
485.159	11.7
485.345	11.7
485.532	11.7
485.718	11.7
485.905	11.8
486.091	11.8
486.278	11.8
486.464	11.8
486.651	11.8
486.837	11.8
487.024	11.9
487.211	11.9
487.397	11.9
487.584	11.9
487.77	11.9
487.957	12
488.144	12
488.33	12
488.517	12
488.704	12
488.89	12.1
489.077	12.1
489.264	12.1
489.45	12.1
489.637	12.2
489.824	12.2
490.01	12.2
490.197	12.2
490.384	12.2
490.571	12.3
490.757	12.3
490.944	12.3
491.131	12.3
491.318	12.3
491.505	12.4
491.691	12.4
491.878	12.4
492.065	12.4
492.252	12.5
492.439	12.5
492.626	12.5
492.812	12.5
492.999	12.6
493.186	12.6
493.373	12.6
493.56	12.6
493.747	12.7
493.934	12.7
494.121	12.7
494.308	12.7
494.494	12.8
494.681	12.8
494.868	12.8
495.055	12.9
495.242	12.9
495.429	12.9
495.616	12.9
495.803	13
495.99	13
496.177	13
496.364	13.1
496.551	13.1
496.738	13.1
496.925	13.1
497.112	13.2
497.299	13.2
497.486	13.2
497.673	13.3
497.861	13.3
498.048	13.3
498.235	13.4
498.422	13.4
498.609	13.4
498.796	13.5
498.983	13.5
499.17	13.5
499.357	13.6
499.544	13.6
499.732	13.6
499.919	13.7
500.106	13.7
500.293	13.7
500.48	13.8
500.667	13.8
500.855	13.8
501.042	13.9
501.229	13.9
501.416	13.9
501.603	14
501.791	14
501.978	14
502.165	14.1
502.352	14.1
502.54	14.1
502.727	14.2
502.914	14.2
503.101	14.3
503.289	14.3
503.476	14.3
503.663	14.4
503.85	14.4
504.038	14.4
504.225	14.5
504.412	14.5
504.6	14.6
504.787	14.6
504.974	14.6
505.161	14.7
505.349	14.7
505.536	14.7
505.723	14.8
505.911	14.8
506.098	14.9
506.286	14.9
506.473	14.9
506.66	15
506.848	15
507.035	15.1
507.222	15.1
507.41	15.1
507.597	15.2
507.785	15.2
507.972	15.3
508.159	15.3
508.347	15.3
508.534	15.4
508.722	15.4
508.909	15.5
509.097	15.5
509.284	15.6
509.471	15.6
509.659	15.6
509.846	15.7
510.034	15.7
510.221	15.8
510.409	15.8
510.596	15.9
510.784	15.9
510.971	16
511.159	16
511.346	16.1
511.534	16.1
511.721	16.1
511.909	16.2
512.096	16.2
512.284	16.3
512.471	16.3
512.659	16.4
512.846	16.4
513.034	16.5
513.221	16.5
513.409	16.6
513.596	16.6
513.784	16.7
513.972	16.7
514.159	16.8
514.347	16.8
514.534	16.9
514.722	16.9
514.909	16.9
515.097	17
515.285	17
515.472	17.1
515.66	17.1
515.847	17.2
516.035	17.3
516.222	17.3
516.41	17.3
516.598	17.4
516.785	17.5
516.973	17.5
517.161	17.6
517.348	17.6
517.536	17.7
517.723	17.7
517.911	17.8
518.099	17.8
518.286	17.9
518.474	17.9
518.662	18
518.849	18
519.037	18.1
519.225	18.1
519.412	18.2
519.6	18.2
519.787	18.3
519.975	18.4
520.163	18.4
520.35	18.5
520.538	18.5
520.726	18.6
520.914	18.6
521.101	18.7
521.289	18.8
521.477	18.8
521.664	18.9
521.852	18.9
522.04	19
522.227	19
522.415	19.1
522.603	19.2
522.79	19.2
522.978	19.3
523.166	19.4
523.354	19.4
523.541	19.5
523.729	19.5
523.917	19.6
524.104	19.7
524.292	19.7
524.48	19.8
524.668	19.9
524.855	19.9
525.043	20
525.231	20.1
525.418	20.1
525.606	20.2
525.794	20.3
525.982	20.3
526.169	20.4
526.357	20.5
526.545	20.5
526.733	20.6
526.92	20.7
527.108	20.8
527.296	20.8
527.484	20.9
527.671	21
527.859	21
528.047	21.1
528.235	21.2
528.422	21.2
528.61	21.3
528.798	21.4
528.986	21.5
529.173	21.5
529.361	21.6
529.549	21.7
529.737	21.7
529.924	21.8
530.112	21.9
530.3	22
530.488	22
530.675	22.1
530.863	22.2
531.051	22.2
531.239	22.3
531.426	22.4
531.614	22.4
531.802	22.5
531.99	22.6
532.177	22.7
532.365	22.7
532.553	22.8
532.741	22.9
532.928	22.9
533.116	23
533.304	23.1
533.492	23.2
533.679	23.2
533.867	23.3
534.055	23.4
534.243	23.4
534.431	23.5
534.618	23.6
534.806	23.7
534.994	23.7
535.182	23.8
535.369	23.9
535.557	23.9
535.745	24
535.933	24.1
536.12	24.2
536.308	24.3
536.496	24.3
536.684	24.4
536.871	24.5
537.059	24.6
537.247	24.7
537.435	24.7
537.622	24.8
537.81	24.9
537.998	25
538.186	25
538.373	25.1
538.561	25.2
538.749	25.3
538.937	25.4
539.124	25.5
539.312	25.6
539.5	25.7
539.688	25.7
539.875	25.8
540.063	25.9
540.251	26
540.439	26.1
540.626	26.2
540.814	26.3
541.002	26.4
541.19	26.5
541.377	26.5
541.565	26.6
541.753	26.7
541.941	26.8
542.128	26.9
542.316	27
542.504	27.1
542.691	27.2
542.879	27.3
543.067	27.3
543.255	27.4
543.442	27.5
543.63	27.6
543.818	27.7
544.005	27.8
544.193	27.9
544.381	28
544.568	28.1
544.756	28.1
544.944	28.2
545.132	28.3
545.319	28.4
545.507	28.5
545.695	28.6
545.882	28.7
546.07	28.8
546.258	28.9
546.445	29
546.633	29.1
546.821	29.2
547.008	29.3
547.196	29.4
547.384	29.5
547.571	29.6
547.759	29.6
547.947	29.7
548.134	29.8
548.322	29.9
548.51	30
548.697	30.1
548.885	30.2
549.073	30.3
549.26	30.4
549.448	30.5
549.636	30.6
549.823	30.7
550.011	30.8
550.199	30.8
550.386	30.9
550.574	31
550.762	31.1
550.949	31.2
551.137	31.3
551.325	31.4
551.512	31.5
551.7	31.6
551.888	31.7
552.075	31.8
552.263	31.9
552.451	32
552.639	32.1
552.826	32.2
553.014	32.3
553.202	32.3
553.389	32.4
553.577	32.5
553.765	32.6
553.953	32.7
554.14	32.8
554.328	32.9
554.516	33
554.704	33.1
554.891	33.2
555.079	33.3
555.267	33.4
555.455	33.4
555.643	33.5
555.83	33.6
556.018	33.7
556.206	33.8
556.394	33.9
556.582	34
556.77	34.1
556.957	34.2
557.145	34.3
557.333	34.4
557.521	34.5
557.709	34.6
557.897	34.7
558.085	34.8
558.273	34.9
558.461	35
558.649	35
558.837	35.1
559.025	35.2
559.213	35.3
559.4	35.4
559.588	35.5
559.777	35.6
559.965	35.7
560.153	35.8
560.341	35.8
560.529	35.9
560.717	36
560.905	36.1
561.093	36.2
561.281	36.3
561.469	36.4
561.657	36.5
561.845	36.6
562.034	36.6
562.222	36.7
562.41	36.8
562.598	36.9
562.786	37
562.975	37.1
563.163	37.1
563.351	37.2
563.539	37.3
563.728	37.4
563.916	37.5
564.104	37.6
564.293	37.6
564.481	37.7
564.67	37.8
564.858	37.9
565.046	37.9
565.235	38
565.423	38.1
565.612	38.2
565.8	38.3
565.989	38.3
566.177	38.4
566.366	38.5
566.554	38.5
566.743	38.6
566.932	38.7
567.12	38.8
567.309	38.8
567.497	38.9
567.686	39
567.875	39
568.064	39.1
568.252	39.2
568.441	39.2
568.63	39.3
568.819	39.4
569.007	39.4
569.196	39.5
569.385	39.6
569.574	39.6
569.763	39.7
569.952	39.8
570.141	39.8
570.33	39.9
570.519	40
570.708	40
570.897	40.1
571.086	40.1
571.275	40.2
571.464	40.2
571.653	40.3
571.843	40.4
572.032	40.4
572.221	40.5
572.41	40.5
572.599	40.6
572.789	40.7
572.978	40.7
573.167	40.8
573.357	40.8
573.546	40.9
573.736	40.9
573.925	41
574.115	41.1
574.304	41.1
574.494	41.2
574.683	41.2
574.873	41.3
575.062	41.3
575.252	41.4
575.442	41.4
575.631	41.5
575.821	41.5
576.011	41.6
576.201	41.6
576.39	41.7
576.58	41.7
576.77	41.8
576.96	41.8
577.15	41.9
577.34	42
577.53	42
577.72	42.1
577.91	42.1
578.1	42.2
578.29	42.2
578.48	42.3
578.67	42.3
578.861	42.3
579.051	42.4
579.241	42.4
579.431	42.5
579.622	42.5
579.812	42.6
580.002	42.6
580.193	42.7
580.383	42.7
580.574	42.7
580.764	42.8
580.955	42.8
581.145	42.9
581.336	42.9
581.526	43
581.717	43
581.908	43
582.098	43.1
582.289	43.1
582.48	43.1
582.671	43.2
582.862	43.2
583.052	43.3
583.243	43.3
583.434	43.3
583.625	43.4
583.816	43.4
584.007	43.4
584.198	43.5
584.389	43.5
584.58	43.5
584.771	43.6
584.962	43.6
585.154	43.6
585.345	43.7
585.536	43.7
585.727	43.7
585.918	43.8
586.11	43.8
586.301	43.8
586.492	43.8
586.684	43.9
586.875	43.9
587.067	43.9
587.258	44
587.45	44
587.641	44
587.833	44.1
588.024	44.1
588.216	44.1
588.408	44.1
588.599	44.1
588.791	44.2
588.983	44.2
589.174	44.2
589.366	44.2
589.558	44.3
589.75	44.3
589.942	44.3
590.134	44.3
590.326	44.4
590.518	44.4
590.71	44.4
590.902	44.4
591.094	44.4
591.286	44.5
591.478	44.5
591.67	44.5
591.862	44.5
592.054	44.5
592.246	44.6
592.439	44.6
592.631	44.6
592.823	44.6
593.016	44.6
593.208	44.6
593.4	44.7
593.593	44.7
593.785	44.7
593.978	44.7
594.17	44.7
594.363	44.7
594.555	44.8
594.748	44.8
594.94	44.8
595.133	44.8
595.326	44.8
595.518	44.8
595.711	44.8
595.904	44.8
596.096	44.9
596.289	44.9
596.482	44.9
596.675	44.9
596.868	44.9
597.061	44.9
597.254	44.9
597.447	44.9
597.64	44.9
597.833	45
598.026	45
598.219	45
598.412	45
598.605	45
598.798	45
598.991	45
599.184	45
599.378	45
599.571	45
599.764	45
599.957	45
600.151	45.1
600.344	45.1
600.538	45.1
600.731	45.1
600.924	45.1
601.118	45.1
601.311	45.1
601.505	45.1
601.698	45.1
601.892	45.1
602.086	45.1
602.279	45.1
602.473	45.1
602.667	45.1
602.86	45.1
603.054	45.1
603.248	45.1
603.442	45.1
603.635	45.1
603.829	45.1
604.023	45.1
604.217	45.1
604.411	45.1
604.605	45.1
604.799	45.1
604.993	45.1
605.187	45.1
605.381	45.1
605.575	45.1
605.769	45.1
605.963	45.1
606.157	45.1
606.352	45.1
606.546	45.1
606.74	45.1
606.934	45.1
607.129	45.1
607.323	45.1
607.517	45.1
607.712	45.1
607.906	45.1
608.1	45.1
608.295	45.1
608.489	45.1
608.684	45.1
608.878	45.1
609.073	45.1
609.267	45.1
609.462	45.1
609.657	45.1
609.851	45.1
610.046	45.1
610.241	45.1
610.435	45.1
610.63	45.1
610.825	45.1
611.02	45.1
611.215	45.1
611.41	45.1
611.604	45.1
611.799	45.1
611.994	45.1
612.189	45.1
612.384	45.1
612.579	45.1
612.774	45.1
612.969	45.1
613.164	45.1
613.359	45.1
613.555	45.1
613.75	45.1
613.945	45
614.14	45
614.335	45
614.531	45
614.726	45
614.921	45
615.117	45
615.312	45
615.507	45
615.703	45
615.898	45
616.094	45
616.289	45
616.485	45
616.68	45
616.876	45
617.071	44.9
617.267	44.9
617.463	44.9
617.658	44.9
617.854	44.9
618.05	44.9
618.245	44.9
618.441	44.9
618.637	44.9
618.833	44.9
619.029	44.9
619.225	44.9
619.42	44.9
619.616	44.9
619.812	44.9
620.008	44.9
620.204	44.9
620.4	44.8
620.596	44.8
620.792	44.8
620.988	44.8
621.184	44.8
621.381	44.8
621.577	44.8
621.773	44.8
621.969	44.8
622.165	44.8
622.362	44.8
622.558	44.8
622.754	44.8
622.951	44.8
623.147	44.7
623.343	44.7
623.54	44.7
623.736	44.7
623.933	44.7
624.129	44.7
624.326	44.7
624.522	44.7
624.719	44.7
624.915	44.7
625.112	44.7
625.308	44.7
625.505	44.7
625.702	44.7
625.898	44.7
626.095	44.7
626.292	44.7
626.489	44.7
626.685	44.7
626.882	44.7
627.079	44.7
627.276	44.7
627.473	44.7
627.67	44.6
627.866	44.6
628.063	44.6
628.26	44.6
628.457	44.6
628.654	44.6
628.851	44.6
629.048	44.6
629.246	44.6
629.443	44.6
629.64	44.6
629.837	44.6
630.034	44.6
630.231	44.6
630.429	44.6
630.626	44.6
630.823	44.6
631.02	44.6
631.218	44.6
631.415	44.6
631.612	44.6
631.81	44.6
632.007	44.6
632.205	44.6
632.402	44.6
632.6	44.5
632.797	44.5
632.995	44.5
633.192	44.5
633.39	44.5
633.587	44.5
633.785	44.5
633.983	44.5
634.18	44.5
634.378	44.5
634.576	44.5
634.773	44.5
634.971	44.5
635.169	44.5
635.367	44.5
635.565	44.5
635.762	44.5
635.96	44.5
636.158	44.5
636.356	44.5
636.554	44.5
636.752	44.5
636.95	44.5
637.148	44.5
637.346	44.5
637.544	44.5
637.742	44.4
637.94	44.4
638.138	44.4
638.337	44.4
638.535	44.4
638.733	44.4
638.931	44.4
639.129	44.4
639.328	44.4
639.526	44.4
639.724	44.4
639.922	44.4
640.121	44.4
640.319	44.4
640.518	44.4
640.716	44.4
640.914	44.4
641.113	44.4
641.311	44.4
641.51	44.4
641.708	44.4
641.907	44.4
642.105	44.4
642.304	44.4
642.503	44.4
642.701	44.5
642.9	44.4
643.098	44.4
643.297	44.5
643.496	44.5
643.695	44.5
643.893	44.5
644.092	44.5
644.291	44.5
644.49	44.5
644.689	44.5
644.887	44.5
645.086	44.5
645.285	44.5
645.484	44.5
645.683	44.5
645.882	44.5
646.081	44.5
646.28	44.5
646.479	44.5
646.678	44.5
646.877	44.5
647.076	44.5
647.276	44.5
647.475	44.5
647.674	44.5
647.873	44.5
648.072	44.5
648.271	44.5
648.471	44.5
648.67	44.5
648.869	44.5
649.069	44.5
649.268	44.5
649.467	44.5
649.667	44.5
649.866	44.5
650.065	44.5
650.265	44.5
650.464	44.5
650.664	44.5
650.863	44.5
651.063	44.5
651.262	44.5
651.462	44.5
651.662	44.5
651.861	44.5
652.061	44.5
652.26	44.5
652.46	44.5
652.66	44.5
652.859	44.5
653.059	44.5
653.259	44.5
653.459	44.5
653.658	44.5
653.858	44.5
654.058	44.5
654.258	44.5
654.458	44.5
654.658	44.6
654.858	44.6
655.058	44.6
655.258	44.6
655.457	44.6
655.657	44.6
655.857	44.6
656.058	44.6
656.258	44.6
656.458	44.6
656.658	44.6
656.858	44.6
657.058	44.6
657.258	44.6
657.458	44.6
657.659	44.6
657.859	44.6
658.059	44.6
658.259	44.6
658.459	44.6
658.66	44.6
658.86	44.6
659.06	44.6
659.261	44.6
659.461	44.6
659.662	44.6
659.862	44.6
660.062	44.6
660.263	44.6
660.463	44.6
660.664	44.6
660.864	44.6
661.065	44.6
661.265	44.6
661.466	44.6
661.667	44.7
661.867	44.7
662.068	44.6
662.268	44.6
662.469	44.7
662.67	44.6
662.87	44.6
663.071	44.6
663.272	44.7
663.473	44.7
663.674	44.7
663.874	44.7
664.075	44.7
664.276	44.7
664.477	44.7
664.678	44.7
664.879	44.7
665.08	44.7
665.28	44.7
665.481	44.7
665.682	44.7
665.883	44.7
666.084	44.7
666.285	44.7
666.486	44.7
666.688	44.7
666.889	44.7
667.09	44.7
667.291	44.7
667.492	44.7
667.693	44.7
667.894	44.7
668.096	44.7
668.297	44.8
668.498	44.8
668.699	44.8
668.901	44.8
669.102	44.8
669.303	44.8
669.505	44.8
669.706	44.8
669.907	44.8
670.109	44.8
670.31	44.8
670.511	44.8
670.713	44.8
670.914	44.8
671.116	44.8
671.317	44.8
671.519	44.8
671.72	44.9
671.922	44.9
672.124	44.9
672.325	44.9
672.527	44.9
672.728	44.9
672.93	44.9
673.132	44.9
673.333	44.9
673.535	44.9
673.737	44.9
673.939	44.9
674.14	45
674.342	45
674.544	45
674.746	45
674.948	45
675.149	45
675.351	45
675.553	45
675.755	45
675.957	45
676.159	45
676.361	45
676.563	45
676.765	45.1
676.967	45.1
677.169	45.1
677.371	45.1
677.573	45.1
677.775	45.1
677.977	45.1
678.179	45.1
678.381	45.1
678.583	45.2
678.786	45.2
678.988	45.2
679.19	45.2
679.392	45.2
679.594	45.2
679.797	45.2
679.999	45.2
680.201	45.2
680.404	45.3
680.606	45.3
680.808	45.3
681.011	45.3
681.213	45.3
681.415	45.3
681.618	45.4
681.82	45.4
682.023	45.4
682.225	45.4
682.428	45.4
682.63	45.4
682.833	45.4
683.035	45.5
683.238	45.5
683.44	45.5
683.643	45.5
683.845	45.5
684.048	45.6
684.251	45.6
684.453	45.6
684.656	45.6
684.859	45.6
685.061	45.6
685.264	45.7
685.467	45.7
685.67	45.7
685.872	45.7
686.075	45.7
686.278	45.7
686.481	45.8
686.684	45.8
686.886	45.8
687.089	45.8
687.292	45.8
687.495	45.8
687.698	45.9
687.901	45.9
688.104	45.9
688.307	45.9
688.51	45.9
688.713	45.9
688.916	46
689.119	46
689.322	46
689.525	46
689.728	46
689.931	46
690.134	46.1
690.337	46.1
690.54	46.1
690.744	46.1
690.947	46.1
691.15	46.2
691.353	46.2
691.556	46.2
691.76	46.2
691.963	46.2
692.166	46.2
692.37	46.3
692.573	46.3
692.776	46.3
692.979	46.3
693.183	46.3
693.386	46.3
693.59	46.4
693.793	46.4
693.996	46.4
694.2	46.4
694.403	46.4
694.607	46.5
694.81	46.5
695.014	46.5
695.217	46.5
695.421	46.5
695.624	46.6
695.828	46.6
696.031	46.6
696.235	46.6
696.439	46.6
696.642	46.7
696.846	46.7
697.049	46.7
697.253	46.7
697.457	46.8
697.661	46.8
697.864	46.8
698.068	46.8
698.272	46.9
698.475	46.9
698.679	46.9
698.883	46.9
699.087	46.9
699.291	47
699.494	47
699.698	47
699.902	47
700.106	47
700.31	47.1
700.514	47.1
700.718	47.1
700.922	47.1
701.126	47.1
701.33	47.2
701.534	47.2
701.738	47.2
701.942	47.2
702.146	47.2
702.35	47.3
702.554	47.3
702.758	47.3
702.962	47.3
703.166	47.4
703.37	47.4
703.574	47.4
703.778	47.4
703.983	47.5
704.187	47.5
704.391	47.5
704.595	47.5
704.799	47.5
705.004	47.6
705.208	47.6
705.412	47.6
705.616	47.6
705.821	47.6
706.025	47.7
706.229	47.7
706.434	47.7
706.638	47.7
706.842	47.8
707.047	47.8
707.251	47.8
707.455	47.8
707.66	47.8
707.864	47.9
708.069	47.9
708.273	47.9
708.478	48
708.682	48
708.887	48
709.091	48
709.296	48.1
709.5	48.1
709.705	48.1
709.909	48.1
710.114	48.2
710.319	48.2
710.523	48.2
710.728	48.3
710.932	48.3
711.137	48.3
711.342	48.3
711.546	48.3
711.751	48.4
711.956	48.4
712.161	48.4
712.365	48.4
712.57	48.5
712.775	48.5
712.98	48.5
713.184	48.6
713.389	48.6
713.594	48.6
713.799	48.6
714.004	48.7
714.209	48.7
714.413	48.7
714.618	48.8
714.823	48.8
715.028	48.8
715.233	48.8
715.438	48.9
715.643	48.9
715.848	48.9
716.053	48.9
716.258	49
716.463	49
716.668	49
716.873	49
717.078	49.1
717.283	49.1
717.488	49.1
717.693	49.1
717.898	49.2
718.103	49.2
718.308	49.2
718.514	49.2
718.719	49.2
718.924	49.3
719.129	49.3
719.334	49.3
719.539	49.3
719.745	49.4
719.95	49.4
720.155	49.4
720.36	49.4
720.566	49.5
720.771	49.5
720.976	49.5
721.182	49.5
721.387	49.5
721.592	49.6
721.798	49.6
722.003	49.6
722.208	49.6
722.414	49.7
722.619	49.7
722.824	49.7
723.03	49.7
723.235	49.8
723.441	49.8
723.646	49.8
723.852	49.8
724.057	49.8
724.263	49.9
724.468	49.9
724.674	49.9
724.879	49.9
725.085	49.9
725.29	50
725.496	50
725.701	50
725.907	50.1
726.112	50.1
726.318	50.1
726.524	50.1
726.729	50.2
726.935	50.2
727.141	50.2
727.346	50.2
727.552	50.3
727.758	50.3
727.963	50.3
728.169	50.3
728.375	50.4
728.581	50.4
728.786	50.4
728.992	50.4
729.198	50.5
729.404	50.5
729.609	50.5
729.815	50.6
730.021	50.6
730.227	50.6
730.433	50.6
730.639	50.7
730.844	50.7
731.05	50.7
731.256	50.7
731.462	50.8
731.668	50.8
731.874	50.8
732.08	50.9
732.286	50.9
732.492	50.9
732.698	50.9
732.904	51
733.11	51
733.316	51
733.522	51.1
733.728	51.1
733.934	51.1
734.14	51.2
734.346	51.2
734.552	51.2
734.758	51.2
734.964	51.2
735.17	51.3
735.376	51.3
735.583	51.3
735.789	51.3
735.995	51.4
736.201	51.4
736.407	51.4
736.613	51.4
736.819	51.5
737.026	51.5
737.232	51.5
737.438	51.6
737.644	51.6
737.851	51.6
738.057	51.6
738.263	51.7
738.469	51.7
738.676	51.7
738.882	51.7
739.088	51.8
739.295	51.8
739.501	51.8
739.707	51.8
739.914	51.8
740.12	51.9
740.326	51.9
740.533	51.9
740.739	51.9
740.946	51.9
741.152	52
741.358	52
741.565	52
741.771	52
741.978	52
742.184	52
742.391	52
742.597	52.1
742.804	52.1
743.01	52.1
743.217	52.1
743.423	52.2
743.63	52.2
743.836	52.2
744.043	52.2
744.249	52.3
744.456	52.3
744.663	52.3
744.869	52.3
745.076	52.3
745.282	52.4
745.489	52.4
745.696	52.4
745.902	52.4
746.109	52.5
746.316	52.5
746.522	52.5
746.729	52.5
746.936	52.5
747.142	52.5
747.349	52.6
747.556	52.6
747.762	52.6
747.969	52.6
748.176	52.6
748.383	52.6
748.589	52.7
748.796	52.7
749.003	52.7
749.21	52.7
749.417	52.8
749.623	52.8
749.83	52.8
750.037	52.8
750.244	52.8
750.451	52.8
750.658	52.9
750.865	52.9
751.071	52.9
751.278	52.9
751.485	52.9
751.692	52.9
751.899	52.9
752.106	53
752.313	53
752.52	53
752.727	53
752.934	53
753.141	53
753.348	53.1
753.555	53.1
753.762	53.1
753.969	53.1
754.176	53.1
754.383	53.1
754.59	53.2
754.797	53.2
755.004	53.2
755.211	53.2
755.418	53.2
755.625	53.3
755.832	53.3
756.039	53.3
756.246	53.3
756.453	53.3
756.66	53.3
756.868	53.4
757.075	53.4
757.282	53.4
757.489	53.4
757.696	53.4
757.903	53.4
758.111	53.4
758.318	53.5
758.525	53.5
758.732	53.5
758.939	53.5
759.147	53.5
759.354	53.5
759.561	53.5
759.768	53.6
759.976	53.6
760.183	53.6
760.39	53.6
760.597	53.6
760.805	53.6
761.012	53.6
761.219	53.6
761.426	53.7
761.634	53.7
761.841	53.7
762.048	53.7
762.256	53.7
762.463	53.7
762.67	53.7
762.878	53.7
763.085	53.7
763.293	53.7
763.5	53.7
763.707	53.7
763.915	53.7
764.122	53.8
764.33	53.8
764.537	53.8
764.744	53.8
764.952	53.8
765.159	53.8
765.367	53.8
765.574	53.8
765.782	53.8
765.989	53.9
766.197	53.9
766.404	53.9
766.612	53.9
766.819	53.9
767.027	53.9
767.234	53.9
767.442	53.9
767.649	53.9
767.857	53.9
768.064	54
768.272	54
768.479	54
768.687	54
768.895	54
769.102	54
769.31	54
769.517	54
769.725	54
769.933	54
770.14	54
770.348	54
770.555	54
770.763	54
770.971	54
771.178	54
771.386	54
771.594	54.1
771.801	54.1
772.009	54.1
772.217	54.1
772.424	54.1
772.632	54.1
772.84	54.1
773.047	54.1
773.255	54.1
773.463	54.1
773.671	54.1
773.878	54.1
774.086	54.1
774.294	54.1
774.502	54.1
774.709	54.1
774.917	54.1
775.125	54.1
775.333	54.1
775.54	54.1
775.748	54.1
775.956	54.1
776.164	54.1
776.371	54.2
776.579	54.2
776.787	54.2
776.995	54.2
777.203	54.2
777.41	54.2
777.618	54.2
777.826	54.2
778.034	54.2
778.242	54.2
778.45	54.2
778.657	54.2
778.865	54.2
779.073	54.2
779.281	54.2
779.489	54.2
779.697	54.2
779.905	54.2
780.112	54.2
780.32	54.2
780.528	54.3
780.736	54.3
780.944	54.3
781.152	54.3
781.36	54.3
781.568	54.3
781.776	54.3
781.984	54.3
782.191	54.2
782.399	54.3
782.607	54.3
782.815	54.3
783.023	54.3
783.231	54.3
783.439	54.3
783.647	54.3
783.855	54.3
784.063	54.2
784.271	54.3
784.479	54.3
784.687	54.3
784.895	54.2
785.103	54.2
785.311	54.2
785.519	54.2
785.727	54.2
785.935	54.2
786.143	54.2
786.351	54.2
786.559	54.2
786.767	54.2
786.975	54.2
787.183	54.2
787.391	54.2
787.599	54.2
787.807	54.2
788.015	54.2
788.223	54.2
788.431	54.2
788.639	54.2
788.847	54.2
789.055	54.2
789.263	54.2
789.471	54.1
789.679	54.1
789.887	54.1
790.095	54.1
790.303	54.1
790.511	54.1
790.719	54.1
790.927	54.1
791.135	54.1
791.343	54.1
791.551	54.1
791.76	54.1
791.968	54.1
792.176	54.1
792.384	54.1
792.592	54.1
792.8	54.1
793.008	54.1
793.216	54.1
793.424	54.1
793.632	54.1
793.84	54.1
794.048	54.1
794.256	54.1
794.465	54.1
794.673	54.1
794.881	54.1
795.089	54
795.297	54
795.505	54
795.713	54
795.921	54
796.129	54
796.337	54
796.546	54
796.754	54
796.962	54
797.17	53.9
797.378	54
797.586	53.9
797.794	53.9
798.002	53.9
798.21	53.9
798.419	53.9
798.627	53.9
798.835	53.9
799.043	53.9
799.251	53.9
799.459	53.9
799.667	53.9
799.875	53.9
800.083	53.9
800.292	53.9
800.5	53.9
800.708	53.9
800.916	53.9
801.124	53.9
801.332	53.9
801.54	53.9
801.748	53.8
801.957	53.8
802.165	53.8
802.373	53.8
802.581	53.8
802.789	53.8
802.997	53.8
803.205	53.8
803.414	53.8
803.622	53.8
803.83	53.8
804.038	53.8
804.246	53.7
804.454	53.7
804.662	53.7
804.87	53.7
805.079	53.7
805.287	53.7
805.495	53.7
805.703	53.7
805.911	53.7
806.119	53.7
806.327	53.6
806.535	53.6
806.743	53.6
806.952	53.6
807.16	53.6
807.368	53.6
807.576	53.6
807.784	53.6
807.992	53.6
808.2	53.5
808.408	53.5
808.617	53.5
808.825	53.5
809.033	53.5
809.241	53.5
809.449	53.5
809.657	53.5
809.865	53.5
810.073	53.5
810.281	53.4
810.49	53.4
810.698	53.4
810.906	53.4
811.114	53.4
811.322	53.4
811.53	53.4
811.738	53.4
811.946	53.4
812.154	53.4
812.362	53.3
812.57	53.3
812.779	53.3
812.987	53.3
813.195	53.3
813.403	53.3
813.611	53.3
813.819	53.3
814.027	53.3
814.235	53.2
814.443	53.2
814.651	53.2
814.859	53.2
815.067	53.2
815.275	53.2
815.484	53.2
815.692	53.2
815.9	53.1
816.108	53.1
816.316	53.1
816.524	53.1
816.732	53.1
816.94	53.1
817.148	53.1
817.356	53
817.564	53
817.772	53
817.98	53
818.188	53
818.397	53
818.605	53
818.813	53
819.021	52.9
819.229	52.9
819.437	52.9
819.645	52.9
819.853	52.9
820.061	52.9
820.269	52.9
820.477	52.9
820.685	52.9
820.893	52.9
821.102	52.9
821.31	52.9
821.518	52.9
821.726	52.9
821.934	52.8
822.142	52.8
822.35	52.8
822.558	52.8
822.766	52.8
822.974	52.8
823.182	52.8
823.39	52.8
823.599	52.8
823.807	52.7
824.015	52.7
824.223	52.7
824.431	52.7
824.639	52.7
824.847	52.7
825.055	52.7
825.263	52.7
825.472	52.7
825.68	52.7
825.888	52.7
826.096	52.7
826.304	52.7
826.512	52.7
826.72	52.7
826.928	52.7
827.137	52.7
827.345	52.7
827.553	52.6
827.761	52.6
827.969	52.6
828.177	52.6
828.385	52.6
828.594	52.6
828.802	52.5
829.01	52.5
829.218	52.5
829.426	52.5
829.634	52.5
829.843	52.5
830.051	52.5
830.259	52.5
830.467	52.4
830.675	52.4
830.883	52.4
831.092	52.4
831.3	52.4
831.508	52.4
831.716	52.4
831.924	52.4
832.133	52.4
832.341	52.4
832.549	52.4
832.757	52.4
832.966	52.4
833.174	52.3
833.382	52.3
833.59	52.3
833.799	52.3
834.007	52.3
834.215	52.3
834.423	52.2
834.632	52.2
834.84	52.2
835.048	52.2
835.256	52.2
835.465	52.2
835.673	52.2
835.881	52.2
836.09	52.1
836.298	52.1
836.506	52.1
836.715	52.1
836.923	52.1
837.131	52.1
837.34	52
837.548	52
837.756	52
837.965	52
838.173	52
838.381	52
838.59	51.9
838.798	51.9
839.006	51.9
839.215	51.9
839.423	51.9
839.632	51.9
839.84	51.9
840.048	51.9
840.257	51.8
840.465	51.8
840.674	51.8
840.882	51.8
841.091	51.7
841.299	51.7
841.508	51.7
841.716	51.7
841.924	51.7
842.133	51.7
842.341	51.7
842.55	51.7
842.758	51.7
842.967	51.7
843.175	51.7
843.384	51.6
843.593	51.6
843.801	51.6
844.01	51.6
844.218	51.6
844.427	51.6
844.635	51.5
844.844	51.5
845.052	51.5
845.261	51.5
845.47	51.5
845.678	51.5
845.887	51.5
846.095	51.5
846.304	51.5
846.513	51.5
846.721	51.5
846.93	51.5
847.139	51.5
847.347	51.5
847.556	51.5
847.765	51.5
847.973	51.5
848.182	51.5
848.391	51.5
848.6	51.5
848.808	51.5
849.017	51.5
849.226	51.5
849.435	51.5
849.643	51.5
849.852	51.5
850.061	51.5
850.27	51.5
850.478	51.5
850.687	51.4
850.896	51.4
851.105	51.4
851.314	51.4
851.523	51.4
851.731	51.4
851.94	51.4
852.149	51.5
852.358	51.5
852.567	51.5
852.776	51.5
852.985	51.5
853.194	51.5
853.403	51.5
853.612	51.5
853.821	51.4
854.03	51.4
854.239	51.4
854.447	51.4
854.656	51.4
854.865	51.4
855.075	51.4
855.284	51.4
855.493	51.4
855.702	51.4
855.911	51.3
856.12	51.3
856.329	51.3
856.538	51.3
856.747	51.3
856.956	51.3
857.165	51.3
857.374	51.3
857.584	51.3
857.793	51.2
858.002	51.2
858.211	51.2
858.42	51.2
858.629	51.2
858.839	51.2
859.048	51.2
859.257	51.1
859.466	51.1
859.676	51.1
859.885	51.1
860.094	51.1
860.304	51.1
860.513	51.1
860.722	51
860.932	51
861.141	51
861.35	51
861.56	51
861.769	51
861.978	51
862.188	51
862.397	51
862.607	51
862.816	51
863.026	51
863.235	51
863.445	50.9
863.654	50.9
863.864	50.9
864.073	50.9
864.283	50.9
864.492	50.9
864.702	50.9
864.911	50.9
865.121	50.9
865.33	50.9
865.54	50.9
865.75	50.8
865.959	50.8
866.169	50.8
866.379	50.8
866.588	50.8
866.798	50.8
867.008	50.8
867.218	50.8
867.427	50.8
867.637	50.8
867.847	50.8
868.057	50.8
868.266	50.8
868.476	50.8
868.686	50.8
868.896	50.8
869.106	50.8
869.316	50.8
869.525	50.8
869.735	50.7
869.945	50.7
870.155	50.7
870.365	50.7
870.575	50.7
870.785	50.7
870.995	50.7
871.205	50.7
871.415	50.6
871.625	50.6
871.835	50.6
872.045	50.6
872.255	50.6
872.465	50.6
872.675	50.6
872.886	50.6
873.096	50.6
873.306	50.6
873.516	50.6
873.726	50.6
873.936	50.6
874.147	50.6
874.357	50.6
874.567	50.6
874.777	50.5
874.988	50.5
875.198	50.5
875.408	50.5
875.619	50.5
875.829	50.6
876.039	50.5
876.25	50.5
876.46	50.5
876.67	50.5
876.881	50.5
877.091	50.5
877.302	50.5
877.512	50.5
877.723	50.5
877.933	50.4
878.144	50.4
878.354	50.4
878.565	50.4
878.775	50.4
878.986	50.4
879.197	50.4
879.407	50.3
879.618	50.3
879.829	50.3
880.039	50.3
880.25	50.3
880.461	50.3
880.671	50.3
880.882	50.3
881.093	50.3
881.304	50.3
881.515	50.3
881.725	50.2
881.936	50.2
882.147	50.2
882.358	50.2
882.569	50.2
882.78	50.2
882.991	50.2
883.202	50.2
883.413	50.2
883.624	50.2
883.835	50.2
884.046	50.2
884.257	50.2
884.468	50.2
884.679	50.2
884.89	50.2
885.101	50.2
885.312	50.2
885.523	50.3
885.735	50.3
885.946	50.2
886.157	50.2
886.368	50.3
886.579	50.3
886.791	50.3
887.002	50.3
887.213	50.3
887.425	50.3
887.636	50.3
887.847	50.4
888.059	50.4
888.27	50.4
888.481	50.4
888.693	50.4
888.904	50.4
889.116	50.4
889.327	50.4
889.539	50.4
889.75	50.4
889.962	50.4
890.174	50.4
890.385	50.5
890.597	50.5
890.808	50.5
891.02	50.5
891.232	50.5
891.444	50.5
891.655	50.5
891.867	50.5
892.079	50.5
892.291	50.5
892.502	50.5
892.714	50.5
892.926	50.5
893.138	50.4
893.35	50.4
893.562	50.4
893.774	50.4
893.986	50.4
894.198	50.3
894.41	50.3
894.622	50.3
894.834	50.3
895.046	50.3
895.258	50.4
895.47	50.3
895.682	50.3
895.894	50.4
896.106	50.4
896.319	50.4
896.531	50.3
896.743	50.3
896.955	50.3
897.168	50.3
897.38	50.4
897.592	50.4
897.805	50.4
898.017	50.4
898.229	50.4
898.442	50.4
898.654	50.4
898.867	50.4
899.079	50.4
899.292	50.4
899.504	50.4
899.717	50.4
899.929	50.4
900.142	50.4
900.355	50.4
900.567	50.4
900.78	50.4
900.993	50.4
901.205	50.4
901.418	50.4
901.631	50.4
901.844	50.4
902.056	50.3
902.269	50.4
902.482	50.4
902.695	50.3
902.908	50.3
903.121	50.4
903.334	50.4
903.547	50.4
903.76	50.4
903.973	50.3
904.186	50.4
904.399	50.4
904.612	50.3
904.825	50.3
905.038	50.3
905.251	50.3
905.465	50.3
905.678	50.3
905.891	50.3
906.104	50.3
906.318	50.3
906.531	50.2
906.744	50.2
906.958	50.2
907.171	50.2
907.384	50.2
907.598	50.2
907.811	50.2
908.025	50.2
908.238	50.2
908.452	50.2
908.665	50.2
908.879	50.2
909.093	50.2
909.306	50.2
909.52	50.2
909.734	50.2
909.947	50.2
910.161	50.2
910.375	50.2
910.589	50.2
910.803	50.2
911.016	50.2
911.23	50.2
911.444	50.2
911.658	50.2
911.872	50.1
912.086	50.1
912.3	50.1
912.514	50.1
912.728	50.1
912.942	50.1
913.156	50.1
913.37	50.1
913.585	50.1
913.799	50.2
914.013	50.2
914.227	50.2
914.442	50.2
914.656	50.2
914.87	50.2
915.084	50.2
915.299	50.2
915.513	50.2
915.728	50.2
915.942	50.2
916.157	50.2
916.371	50.2
916.586	50.2
916.8	50.2
917.015	50.2
917.229	50.2
917.444	50.2
917.659	50.2
917.874	50.2
918.088	50.2
918.303	50.2
918.518	50.2
918.733	50.1
918.947	50.1
919.162	50.2
919.377	50.2
919.592	50.2
919.807	50.2
920.022	50.2
920.237	50.2
920.452	50.2
920.667	50.2
920.882	50.2
921.097	50.2
921.313	50.2
921.528	50.2
921.743	50.2
921.958	50.2
922.174	50.2
922.389	50.2
922.604	50.2
922.82	50.2
923.035	50.2
923.25	50.3
923.466	50.3
923.681	50.3
923.897	50.3
924.112	50.3
924.328	50.3
924.544	50.4
924.759	50.3
924.975	50.3
925.19	50.3
925.406	50.4
925.622	50.4
925.838	50.4
926.054	50.4
926.269	50.5
926.485	50.5
926.701	50.5
926.917	50.5
927.133	50.5
927.349	50.5
927.565	50.6
927.781	50.6
927.997	50.6
928.213	50.6
928.429	50.6
928.646	50.6
928.862	50.6
929.078	50.7
929.294	50.7
929.511	50.8
929.727	50.8
929.943	50.9
930.16	50.9
930.376	50.9
930.592	50.9
930.809	51
931.025	51
931.242	51
931.459	51
931.675	51
931.892	51
932.108	51
932.325	51
932.542	51
932.759	51
932.975	51
933.192	51
933.409	51
933.626	51
933.843	51
934.06	50.9
934.277	50.9
934.494	50.9
934.711	50.9
934.928	50.8
935.145	50.7
935.362	50.8
935.58	50.8
935.797	50.8
936.014	50.8
936.231	50.7
936.449	50.6
936.666	50.5
936.883	50.4
937.101	50.4
937.318	50.4
937.536	50.3
937.753	50.2
937.971	50.2
938.188	50.1
938.406	50.1
938.624	50
938.841	50
939.059	49.9
939.277	49.9
939.494	49.8
939.712	49.8
939.93	49.7
