360.161	23
360.333	22.9
360.504	22.9
360.676	22.8
360.847	22.7
361.019	22.7
361.19	22.7
361.361	22.7
361.533	22.7
361.704	22.6
361.876	22.6
362.047	22.6
362.219	22.6
362.391	22.6
362.562	22.6
362.734	22.5
362.905	22.5
363.077	22.4
363.248	22.3
363.42	22.3
363.592	22.3
363.763	22.3
363.935	22.2
364.106	22.3
364.278	22.3
364.45	22.2
364.621	22.2
364.793	22.2
364.965	22.2
365.137	22.2
365.308	22.1
365.48	22.1
365.652	22.1
365.824	22.1
365.995	22
366.167	21.9
366.339	21.9
366.511	21.9
366.683	21.9
366.854	21.9
367.026	21.9
367.198	21.9
367.37	21.9
367.542	21.8
367.714	21.9
367.886	21.8
368.058	21.8
368.23	21.8
368.402	21.7
368.574	21.7
368.746	21.7
368.918	21.7
369.09	21.6
369.262	21.5
369.434	21.5
369.606	21.5
369.778	21.5
369.95	21.4
370.122	21.4
370.294	21.5
370.467	21.5
370.639	21.4
370.811	21.4
370.983	21.4
371.155	21.3
371.328	21.3
371.5	21.3
371.672	21.3
371.844	21.3
372.017	21.3
372.189	21.3
372.361	21.3
372.534	21.3
372.706	21.3
372.878	21.4
373.051	21.4
373.223	21.4
373.396	21.4
373.568	21.3
373.741	21.3
373.913	21.4
374.086	21.4
374.258	21.4
374.431	21.5
374.603	21.5
374.776	21.5
374.949	21.6
375.121	21.6
375.294	21.6
375.467	21.7
375.639	21.7
375.812	21.8
375.985	21.9
376.157	22
376.33	22.1
376.503	22.2
376.676	22.3
376.849	22.4
377.021	22.5
377.194	22.6
377.367	22.8
377.54	22.9
377.713	23
377.886	23.2
378.059	23.3
378.232	23.5
378.405	23.7
378.578	23.9
378.751	24.1
378.924	24.3
379.097	24.6
379.27	24.8
379.444	25
379.617	25.3
379.79	25.5
379.963	25.8
380.136	26.1
380.31	26.4
380.483	26.7
380.656	27.1
380.829	27.4
381.003	27.7
381.176	28
381.35	28.4
381.523	28.8
381.696	29.1
381.87	29.5
382.043	30
382.217	30.4
382.39	30.8
382.564	31.2
382.738	31.6
382.911	32.1
383.085	32.6
383.258	33
383.432	33.4
383.606	33.8
383.779	34.3
383.953	34.7
384.127	35.1
384.301	35.6
384.475	36
384.648	36.5
384.822	36.9
384.996	37.4
385.17	37.8
385.344	38.3
385.518	38.7
385.692	39.2
385.866	39.6
386.04	40
386.214	40.4
386.388	40.8
386.562	41.2
386.737	41.6
386.911	42
387.085	42.4
387.259	42.8
387.434	43.2
387.608	43.6
387.782	44
387.956	44.3
388.131	44.7
388.305	45
388.48	45.3
388.654	45.7
388.829	46
389.003	46.3
389.178	46.5
389.352	46.8
389.527	47.1
389.701	47.4
389.876	47.7
390.051	47.9
390.226	48.2
390.4	48.4
390.575	48.7
390.75	48.9
390.925	49.2
391.099	49.4
391.274	49.6
391.449	49.8
391.624	50
391.799	50.2
391.974	50.4
392.149	50.6
392.324	50.8
392.499	51
392.675	51.1
392.85	51.3
393.025	51.4
393.2	51.6
393.375	51.7
393.551	51.9
393.726	52
393.901	52.1
394.077	52.2
394.252	52.3
394.427	52.5
394.603	52.6
394.778	52.7
394.954	52.8
395.129	52.9
395.305	53
395.481	53.1
395.656	53.2
395.832	53.3
396.008	53.3
396.184	53.4
396.359	53.5
396.535	53.6
396.711	53.7
396.887	53.7
397.063	53.8
397.239	53.8
397.415	53.9
397.591	53.9
397.767	54
397.943	54
398.119	54.1
398.295	54.1
398.471	54.2
398.648	54.2
398.824	54.3
399	54.4
399.176	54.4
399.353	54.4
399.529	54.5
399.706	54.5
399.882	54.6
400.058	54.6
400.235	54.6
400.412	54.7
400.588	54.7
400.765	54.8
400.942	54.8
401.118	54.9
401.295	54.9
401.472	54.9
401.649	55
401.825	55
402.002	55
402.179	55.1
402.356	55.1
402.533	55.1
402.71	55.1
402.887	55.2
403.064	55.2
403.242	55.3
403.419	55.3
403.596	55.3
403.773	55.4
403.95	55.4
404.128	55.4
404.305	55.5
404.483	55.5
404.66	55.6
404.837	55.6
405.015	55.6
405.193	55.6
405.37	55.7
405.548	55.7
405.725	55.7
405.903	55.7
406.081	55.7
406.259	55.8
406.437	55.8
406.614	55.8
406.792	55.9
406.97	55.9
407.148	55.9
407.326	56
407.504	56
407.682	56
407.86	56
408.039	56.1
408.217	56.1
408.395	56.1
408.573	56.1
408.751	56.1
408.93	56.1
409.108	56.2
409.287	56.2
409.465	56.2
409.643	56.3
409.822	56.3
410	56.3
410.179	56.3
410.358	56.3
410.536	56.3
410.715	56.4
410.894	56.4
411.072	56.4
411.251	56.5
411.43	56.5
411.609	56.5
411.788	56.5
411.967	56.5
412.146	56.5
412.325	56.6
412.504	56.6
412.683	56.6
412.862	56.6
413.041	56.7
413.22	56.7
413.399	56.7
413.578	56.7
413.758	56.7
413.937	56.7
414.116	56.7
414.296	56.8
414.475	56.8
414.654	56.8
414.834	56.8
415.013	56.8
415.193	56.9
415.372	56.9
415.552	56.9
415.732	56.9
415.911	56.9
416.091	57
416.271	57
416.45	57
416.63	57
416.81	57.1
416.99	57.1
417.169	57.1
417.349	57.1
417.529	57.1
417.709	57.2
417.889	57.2
418.069	57.2
418.249	57.2
418.429	57.3
418.609	57.3
418.789	57.3
418.97	57.3
419.15	57.3
419.33	57.3
419.51	57.3
419.691	57.3
419.871	57.4
420.051	57.4
420.232	57.4
420.412	57.4
420.592	57.4
420.773	57.4
420.953	57.5
421.134	57.5
421.314	57.5
421.495	57.5
421.675	57.5
421.856	57.5
422.037	57.5
422.217	57.5
422.398	57.5
422.579	57.5
422.76	57.5
422.94	57.6
423.121	57.6
423.302	57.6
423.483	57.6
423.664	57.6
423.845	57.6
424.026	57.6
424.207	57.6
424.388	57.6
424.569	57.6
424.75	57.6
424.931	57.6
425.112	57.6
425.293	57.6
425.474	57.6
425.655	57.7
425.837	57.7
426.018	57.7
426.199	57.7
426.38	57.7
426.562	57.7
426.743	57.7
426.924	57.7
427.106	57.7
427.287	57.7
427.469	57.7
427.65	57.7
427.832	57.7
428.013	57.7
428.195	57.7
428.376	57.7
428.558	57.7
428.739	57.7
428.921	57.7
429.103	57.7
429.284	57.7
429.466	57.7
429.648	57.8
429.83	57.8
430.011	57.8
430.193	57.8
430.375	57.8
430.557	57.8
430.739	57.8
430.921	57.8
431.102	57.8
431.284	57.8
431.466	57.8
431.648	57.8
431.83	57.8
432.012	57.8
432.194	57.8
432.377	57.8
432.559	57.8
432.741	57.9
432.923	57.9
433.105	57.9
433.287	57.9
433.469	57.9
433.652	57.9
433.834	57.9
434.016	58
434.198	58
434.381	58
434.563	58
434.745	58
434.928	58.1
435.11	58.1
435.293	58.1
435.475	58.1
435.658	58.1
435.84	58.1
436.022	58.2
436.205	58.2
436.388	58.2
436.57	58.2
436.753	58.2
436.935	58.2
437.118	58.2
437.301	58.2
437.483	58.3
437.666	58.3
437.849	58.3
438.031	58.3
438.214	58.3
438.397	58.3
438.58	58.4
438.762	58.4
438.945	58.4
439.128	58.4
439.311	58.4
439.494	58.5
439.677	58.5
439.859	58.5
440.042	58.5
440.225	58.5
440.408	58.5
440.591	58.5
440.774	58.5
440.957	58.5
441.14	58.5
441.323	58.5
441.507	58.5
441.69	58.5
441.873	58.5
442.056	58.5
442.239	58.5
442.422	58.5
442.605	58.5
442.789	58.6
442.972	58.6
443.155	58.6
443.338	58.6
443.522	58.6
443.705	58.6
443.888	58.6
444.072	58.6
444.255	58.6
444.438	58.6
444.622	58.6
444.805	58.6
444.989	58.6
445.172	58.6
445.356	58.6
445.539	58.6
445.723	58.6
445.906	58.6
446.09	58.6
446.273	58.6
446.457	58.6
446.64	58.6
446.824	58.6
447.008	58.6
447.191	58.6
447.375	58.6
447.559	58.7
447.742	58.7
447.926	58.7
448.11	58.7
448.293	58.7
448.477	58.7
448.661	58.7
448.845	58.7
449.029	58.7
449.212	58.7
449.396	58.7
449.58	58.7
449.764	58.7
449.948	58.7
450.132	58.7
450.316	58.8
450.5	58.8
450.684	58.8
450.868	58.8
451.052	58.8
451.236	58.8
451.42	58.8
451.604	58.8
451.788	58.8
451.972	58.8
452.156	58.8
452.34	58.8
452.525	58.8
452.709	58.8
452.893	58.8
453.077	58.8
453.261	58.8
453.446	58.9
453.63	58.9
453.814	58.9
453.998	58.9
454.183	58.9
454.367	58.9
454.551	58.9
454.736	58.9
454.92	58.9
455.104	58.9
455.289	58.9
455.473	58.9
455.658	59
455.842	59
456.026	59
456.211	59
456.395	59
456.58	59
456.764	59
456.949	59
457.134	59
457.318	59
457.503	59
457.687	59.1
457.872	59.1
458.057	59.1
458.241	59.1
458.426	59.1
458.611	59.1
458.795	59.1
458.98	59.1
459.165	59.1
459.349	59.1
459.534	59.2
459.719	59.2
459.904	59.2
460.088	59.2
460.273	59.2
460.458	59.2
460.643	59.2
460.828	59.2
461.013	59.2
461.198	59.2
461.382	59.2
461.567	59.2
461.752	59.2
461.937	59.2
462.122	59.2
462.307	59.2
462.492	59.2
462.677	59.2
462.862	59.3
463.047	59.3
463.232	59.2
463.417	59.2
463.602	59.3
463.788	59.3
463.973	59.3
464.158	59.3
464.343	59.3
464.528	59.3
464.713	59.3
464.898	59.3
465.084	59.3
465.269	59.3
465.454	59.3
465.639	59.3
465.824	59.3
466.01	59.3
466.195	59.3
466.38	59.3
466.566	59.3
466.751	59.3
466.936	59.3
467.122	59.3
467.307	59.3
467.492	59.3
467.678	59.3
467.863	59.3
468.048	59.3
468.234	59.3
468.419	59.3
468.605	59.3
468.79	59.3
468.976	59.3
469.161	59.4
469.347	59.4
469.532	59.4
469.718	59.4
469.903	59.4
470.089	59.4
470.274	59.4
470.46	59.4
470.646	59.4
470.831	59.4
471.017	59.4
471.202	59.4
471.388	59.4
471.574	59.4
471.759	59.5
471.945	59.4
472.131	59.5
472.317	59.5
472.502	59.5
472.688	59.5
472.874	59.5
473.059	59.5
473.245	59.5
473.431	59.5
473.617	59.5
473.803	59.5
473.988	59.5
474.174	59.5
474.36	59.5
474.546	59.5
474.732	59.6
474.918	59.6
475.104	59.6
475.29	59.6
475.475	59.6
475.661	59.6
475.847	59.6
476.033	59.6
476.219	59.6
476.405	59.6
476.591	59.6
476.777	59.6
476.963	59.6
477.149	59.6
477.335	59.6
477.521	59.6
477.707	59.6
477.893	59.6
478.08	59.6
478.266	59.6
478.452	59.6
478.638	59.6
478.824	59.6
479.01	59.6
479.196	59.6
479.382	59.6
479.569	59.6
479.755	59.6
479.941	59.6
480.127	59.6
480.313	59.6
480.5	59.6
480.686	59.5
480.872	59.5
481.058	59.6
481.245	59.6
481.431	59.5
481.617	59.5
481.803	59.5
481.99	59.5
482.176	59.5
482.362	59.5
482.549	59.5
482.735	59.5
482.921	59.5
483.108	59.5
483.294	59.5
483.481	59.5
483.667	59.5
483.853	59.5
484.04	59.5
484.226	59.5
484.413	59.5
484.599	59.5
484.786	59.5
484.972	59.5
485.159	59.5
485.345	59.5
485.532	59.5
485.718	59.5
485.905	59.5
486.091	59.5
486.278	59.5
486.464	59.5
486.651	59.6
486.837	59.6
487.024	59.6
487.211	59.6
487.397	59.6
487.584	59.6
487.77	59.6
487.957	59.6
488.144	59.6
488.33	59.6
488.517	59.6
488.704	59.6
488.89	59.6
489.077	59.7
489.264	59.7
489.45	59.7
489.637	59.7
489.824	59.7
490.01	59.7
490.197	59.7
490.384	59.7
490.571	59.7
490.757	59.7
490.944	59.7
491.131	59.8
491.318	59.8
491.505	59.8
491.691	59.8
491.878	59.8
492.065	59.8
492.252	59.8
492.439	59.8
492.626	59.8
492.812	59.8
492.999	59.8
493.186	59.9
493.373	59.9
493.56	59.9
493.747	59.9
493.934	59.9
494.121	59.9
494.308	59.9
494.494	59.9
494.681	59.9
494.868	59.9
495.055	59.9
495.242	59.9
495.429	60
495.616	60
495.803	60
495.99	60
496.177	60
496.364	60
496.551	60
496.738	60
496.925	60
497.112	60
497.299	60
497.486	60
497.673	60
497.861	60
498.048	60
498.235	60
498.422	60
498.609	60
498.796	60
498.983	60
499.17	60
499.357	60
499.544	60.1
499.732	60.1
499.919	60.1
500.106	60.1
500.293	60.1
500.48	60.1
500.667	60.1
500.855	60.1
501.042	60.1
501.229	60.2
501.416	60.2
501.603	60.2
501.791	60.2
501.978	60.2
502.165	60.2
502.352	60.2
502.54	60.2
502.727	60.2
502.914	60.2
503.101	60.2
503.289	60.2
503.476	60.3
503.663	60.3
503.85	60.3
504.038	60.3
504.225	60.3
504.412	60.3
504.6	60.3
504.787	60.3
504.974	60.3
505.161	60.4
505.349	60.4
505.536	60.4
505.723	60.4
505.911	60.4
506.098	60.4
506.286	60.4
506.473	60.4
506.66	60.5
506.848	60.5
507.035	60.5
507.222	60.5
507.41	60.5
507.597	60.5
507.785	60.5
507.972	60.5
508.159	60.6
508.347	60.6
508.534	60.6
508.722	60.6
508.909	60.6
509.097	60.6
509.284	60.6
509.471	60.6
509.659	60.7
509.846	60.7
510.034	60.7
510.221	60.7
510.409	60.7
510.596	60.7
510.784	60.8
510.971	60.8
511.159	60.8
511.346	60.8
511.534	60.8
511.721	60.8
511.909	60.9
512.096	60.9
512.284	60.9
512.471	60.9
512.659	60.9
512.846	60.9
513.034	61
513.221	61
513.409	61
513.596	61
513.784	61
513.972	61
514.159	61.1
514.347	61.1
514.534	61.1
514.722	61.1
514.909	61.1
515.097	61.1
515.285	61.1
515.472	61.2
515.66	61.2
515.847	61.2
516.035	61.2
516.222	61.2
516.41	61.2
516.598	61.2
516.785	61.3
516.973	61.3
517.161	61.3
517.348	61.3
517.536	61.3
517.723	61.3
517.911	61.4
518.099	61.4
518.286	61.4
518.474	61.4
518.662	61.4
518.849	61.4
519.037	61.4
519.225	61.5
519.412	61.5
519.6	61.5
519.787	61.5
519.975	61.5
520.163	61.5
520.35	61.6
520.538	61.6
520.726	61.6
520.914	61.6
521.101	61.6
521.289	61.7
521.477	61.7
521.664	61.7
521.852	61.7
522.04	61.7
522.227	61.7
522.415	61.8
522.603	61.8
522.79	61.8
522.978	61.8
523.166	61.8
523.354	61.8
523.541	61.9
523.729	61.9
523.917	61.9
524.104	61.9
524.292	61.9
524.48	61.9
524.668	62
524.855	62
525.043	62
525.231	62
525.418	62
525.606	62.1
525.794	62.1
525.982	62.1
526.169	62.1
526.357	62.1
526.545	62.2
526.733	62.2
526.92	62.2
527.108	62.2
527.296	62.3
527.484	62.3
527.671	62.3
527.859	62.3
528.047	62.3
528.235	62.3
528.422	62.4
528.61	62.4
528.798	62.4
528.986	62.4
529.173	62.4
529.361	62.4
529.549	62.5
529.737	62.5
529.924	62.5
530.112	62.5
530.3	62.5
530.488	62.5
530.675	62.5
530.863	62.5
531.051	62.5
531.239	62.5
531.426	62.5
531.614	62.5
531.802	62.5
531.99	62.6
532.177	62.6
532.365	62.6
532.553	62.6
532.741	62.6
532.928	62.6
533.116	62.6
533.304	62.6
533.492	62.6
533.679	62.6
533.867	62.6
534.055	62.6
534.243	62.6
534.431	62.5
534.618	62.5
534.806	62.5
534.994	62.5
535.182	62.5
535.369	62.5
535.557	62.5
535.745	62.5
535.933	62.5
536.12	62.5
536.308	62.5
536.496	62.5
536.684	62.6
536.871	62.6
537.059	62.6
537.247	62.6
537.435	62.6
537.622	62.6
537.81	62.6
537.998	62.6
538.186	62.6
538.373	62.6
538.561	62.6
538.749	62.6
538.937	62.7
539.124	62.7
539.312	62.7
539.5	62.7
539.688	62.7
539.875	62.7
540.063	62.7
540.251	62.8
540.439	62.8
540.626	62.8
540.814	62.8
541.002	62.8
541.19	62.8
541.377	62.9
541.565	62.9
541.753	62.9
541.941	62.9
542.128	62.9
542.316	62.9
542.504	62.9
542.691	62.9
542.879	62.9
543.067	62.9
543.255	63
543.442	63
543.63	63
543.818	63
544.005	63
544.193	63
544.381	63
544.568	63
544.756	63
544.944	63
545.132	63
545.319	63.1
545.507	63.1
545.695	63.1
545.882	63.1
546.07	63.1
546.258	63.1
546.445	63.1
546.633	63.1
546.821	63.2
547.008	63.2
547.196	63.2
547.384	63.2
547.571	63.2
547.759	63.2
547.947	63.2
548.134	63.2
548.322	63.2
548.51	63.2
548.697	63.3
548.885	63.3
549.073	63.3
549.26	63.3
549.448	63.3
549.636	63.3
549.823	63.3
550.011	63.3
550.199	63.4
550.386	63.4
550.574	63.4
550.762	63.4
550.949	63.4
551.137	63.5
551.325	63.5
551.512	63.5
551.7	63.5
551.888	63.5
552.075	63.5
552.263	63.5
552.451	63.5
552.639	63.6
552.826	63.6
553.014	63.6
553.202	63.6
553.389	63.6
553.577	63.6
553.765	63.6
553.953	63.7
554.14	63.7
554.328	63.7
554.516	63.7
554.704	63.7
554.891	63.7
555.079	63.7
555.267	63.8
555.455	63.8
555.643	63.8
555.83	63.8
556.018	63.8
556.206	63.8
556.394	63.8
556.582	63.9
556.77	63.9
556.957	63.9
557.145	63.9
557.333	63.9
557.521	63.9
557.709	64
557.897	64
558.085	64
558.273	64
558.461	64
558.649	64
558.837	64
559.025	64
559.213	64
559.4	64.1
559.588	64.1
559.777	64.1
559.965	64.1
560.153	64.1
560.341	64.1
560.529	64.1
560.717	64.1
560.905	64.1
561.093	64.2
561.281	64.2
561.469	64.2
561.657	64.2
561.845	64.2
562.034	64.2
562.222	64.2
562.41	64.2
562.598	64.2
562.786	64.2
562.975	64.2
563.163	64.2
563.351	64.2
563.539	64.2
563.728	64.2
563.916	64.2
564.104	64.3
564.293	64.3
564.481	64.3
564.67	64.3
564.858	64.3
565.046	64.3
565.235	64.3
565.423	64.3
565.612	64.3
565.8	64.3
565.989	64.3
566.177	64.3
566.366	64.3
566.554	64.3
566.743	64.3
566.932	64.4
567.12	64.4
567.309	64.4
567.497	64.4
567.686	64.4
567.875	64.4
568.064	64.4
568.252	64.4
568.441	64.4
568.63	64.4
568.819	64.4
569.007	64.4
569.196	64.4
569.385	64.4
569.574	64.4
569.763	64.4
569.952	64.4
570.141	64.4
570.33	64.5
570.519	64.5
570.708	64.5
570.897	64.5
571.086	64.5
571.275	64.5
571.464	64.5
571.653	64.5
571.843	64.5
572.032	64.5
572.221	64.5
572.41	64.5
572.599	64.5
572.789	64.5
572.978	64.5
573.167	64.5
573.357	64.5
573.546	64.5
573.736	64.5
573.925	64.5
574.115	64.5
574.304	64.5
574.494	64.5
574.683	64.5
574.873	64.5
575.062	64.5
575.252	64.6
575.442	64.6
575.631	64.6
575.821	64.6
576.011	64.6
576.201	64.6
576.39	64.6
576.58	64.6
576.77	64.6
576.96	64.6
577.15	64.6
577.34	64.6
577.53	64.6
577.72	64.6
577.91	64.6
578.1	64.6
578.29	64.6
578.48	64.6
578.67	64.6
578.861	64.6
579.051	64.7
579.241	64.7
579.431	64.7
579.622	64.7
579.812	64.7
580.002	64.7
580.193	64.7
580.383	64.7
580.574	64.7
580.764	64.7
580.955	64.7
581.145	64.7
581.336	64.7
581.526	64.7
581.717	64.7
581.908	64.7
582.098	64.7
582.289	64.7
582.48	64.7
582.671	64.7
582.862	64.7
583.052	64.7
583.243	64.7
583.434	64.7
583.625	64.7
583.816	64.8
584.007	64.8
584.198	64.8
584.389	64.8
584.58	64.8
584.771	64.8
584.962	64.8
585.154	64.8
585.345	64.8
585.536	64.8
585.727	64.8
585.918	64.8
586.11	64.8
586.301	64.8
586.492	64.8
586.684	64.8
586.875	64.8
587.067	64.8
587.258	64.8
587.45	64.8
587.641	64.8
587.833	64.8
588.024	64.8
588.216	64.9
588.408	64.9
588.599	64.9
588.791	64.9
588.983	64.9
589.174	64.9
589.366	64.9
589.558	64.9
589.75	64.9
589.942	64.9
590.134	64.9
590.326	64.9
590.518	64.9
590.71	64.9
590.902	64.9
591.094	64.9
591.286	64.9
591.478	64.9
591.67	64.9
591.862	65
592.054	65
592.246	65
592.439	65
592.631	65
592.823	65
593.016	65
593.208	65
593.4	65
593.593	65
593.785	65
593.978	65
594.17	65
594.363	65
594.555	65
594.748	65
594.94	65
595.133	65
595.326	65
595.518	65
595.711	65
595.904	65
596.096	65
596.289	65
596.482	65
596.675	65
596.868	65
597.061	65
597.254	65
597.447	65
597.64	65
597.833	65
598.026	65
598.219	65
598.412	65
598.605	65
598.798	65
598.991	65
599.184	65
599.378	65
599.571	65
599.764	65
599.957	65
600.151	65
600.344	65
600.538	65.1
600.731	65.1
600.924	65.1
601.118	65.1
601.311	65.1
601.505	65.1
601.698	65.1
601.892	65.1
602.086	65.1
602.279	65.1
602.473	65.1
602.667	65.1
602.86	65.1
603.054	65.1
603.248	65.1
603.442	65.1
603.635	65.1
603.829	65.1
604.023	65.1
604.217	65.1
604.411	65.1
604.605	65.1
604.799	65.1
604.993	65.1
605.187	65.1
605.381	65.1
605.575	65.1
605.769	65.1
605.963	65.1
606.157	65.1
606.352	65.1
606.546	65.2
606.74	65.2
606.934	65.2
607.129	65.2
607.323	65.2
607.517	65.2
607.712	65.2
607.906	65.2
608.1	65.2
608.295	65.2
608.489	65.2
608.684	65.2
608.878	65.2
609.073	65.2
609.267	65.2
609.462	65.2
609.657	65.2
609.851	65.2
610.046	65.1
610.241	65.1
610.435	65.1
610.63	65.1
610.825	65.1
611.02	65.1
611.215	65.1
611.41	65.1
611.604	65.1
611.799	65.1
611.994	65.1
612.189	65.1
612.384	65.1
612.579	65.1
612.774	65.1
612.969	65.1
613.164	65.1
613.359	65.2
613.555	65.2
613.75	65.2
613.945	65.2
614.14	65.2
614.335	65.2
614.531	65.2
614.726	65.2
614.921	65.2
615.117	65.2
615.312	65.1
615.507	65.1
615.703	65.1
615.898	65.1
616.094	65.1
616.289	65.1
616.485	65.1
616.68	65.1
616.876	65.1
617.071	65.1
617.267	65.1
617.463	65.1
617.658	65.1
617.854	65.1
618.05	65.2
618.245	65.2
618.441	65.2
618.637	65.2
618.833	65.2
619.029	65.2
619.225	65.2
619.42	65.2
619.616	65.2
619.812	65.2
620.008	65.2
620.204	65.2
620.4	65.2
620.596	65.2
620.792	65.2
620.988	65.2
621.184	65.2
621.381	65.2
621.577	65.2
621.773	65.2
621.969	65.1
622.165	65.1
622.362	65.1
622.558	65.1
622.754	65.1
622.951	65.1
623.147	65.1
623.343	65.2
623.54	65.2
623.736	65.2
623.933	65.2
624.129	65.2
624.326	65.2
624.522	65.2
624.719	65.2
624.915	65.2
625.112	65.2
625.308	65.2
625.505	65.2
625.702	65.2
625.898	65.2
626.095	65.2
626.292	65.2
626.489	65.2
626.685	65.2
626.882	65.2
627.079	65.2
627.276	65.1
627.473	65.1
627.67	65.1
627.866	65.1
628.063	65.1
628.26	65.1
628.457	65.1
628.654	65.1
628.851	65.1
629.048	65.1
629.246	65.1
629.443	65.1
629.64	65.1
629.837	65.1
630.034	65.1
630.231	65.1
630.429	65.1
630.626	65.1
630.823	65.1
631.02	65.1
631.218	65.1
631.415	65.1
631.612	65.1
631.81	65.1
632.007	65.1
632.205	65.1
632.402	65.1
632.6	65.1
632.797	65.1
632.995	65.1
633.192	65.1
633.39	65.1
633.587	65.1
633.785	65.1
633.983	65.1
634.18	65.1
634.378	65.1
634.576	65.1
634.773	65.1
634.971	65.1
635.169	65.1
635.367	65.1
635.565	65.1
635.762	65.1
635.96	65.1
636.158	65.1
636.356	65.1
636.554	65.1
636.752	65.2
636.95	65.2
637.148	65.2
637.346	65.2
637.544	65.2
637.742	65.2
637.94	65.2
638.138	65.2
638.337	65.2
638.535	65.2
638.733	65.2
638.931	65.2
639.129	65.2
639.328	65.2
639.526	65.2
639.724	65.2
639.922	65.2
640.121	65.2
640.319	65.2
640.518	65.2
640.716	65.2
640.914	65.2
641.113	65.2
641.311	65.2
641.51	65.2
641.708	65.2
641.907	65.2
642.105	65.2
642.304	65.2
642.503	65.2
642.701	65.2
642.9	65.2
643.098	65.2
643.297	65.2
643.496	65.2
643.695	65.2
643.893	65.3
644.092	65.3
644.291	65.2
644.49	65.3
644.689	65.3
644.887	65.3
645.086	65.3
645.285	65.3
645.484	65.3
645.683	65.3
645.882	65.3
646.081	65.3
646.28	65.3
646.479	65.3
646.678	65.3
646.877	65.3
647.076	65.3
647.276	65.3
647.475	65.3
647.674	65.3
647.873	65.3
648.072	65.4
648.271	65.4
648.471	65.3
648.67	65.4
648.869	65.4
649.069	65.4
649.268	65.4
649.467	65.4
649.667	65.4
649.866	65.4
650.065	65.4
650.265	65.4
650.464	65.4
650.664	65.4
650.863	65.4
651.063	65.4
651.262	65.4
651.462	65.4
651.662	65.4
651.861	65.4
652.061	65.4
652.26	65.4
652.46	65.4
652.66	65.4
652.859	65.4
653.059	65.4
653.259	65.4
653.459	65.4
653.658	65.4
653.858	65.4
654.058	65.4
654.258	65.4
654.458	65.4
654.658	65.4
654.858	65.4
655.058	65.4
655.258	65.4
655.457	65.4
655.657	65.4
655.857	65.4
656.058	65.4
656.258	65.4
656.458	65.4
656.658	65.4
656.858	65.4
657.058	65.4
657.258	65.4
657.458	65.4
657.659	65.4
657.859	65.4
658.059	65.4
658.259	65.4
658.459	65.4
658.66	65.4
658.86	65.4
659.06	65.3
659.261	65.3
659.461	65.3
659.662	65.3
659.862	65.3
660.062	65.3
660.263	65.3
660.463	65.3
660.664	65.3
660.864	65.3
661.065	65.3
661.265	65.3
661.466	65.3
661.667	65.3
661.867	65.3
662.068	65.3
662.268	65.3
662.469	65.3
662.67	65.3
662.87	65.3
663.071	65.3
663.272	65.3
663.473	65.3
663.674	65.3
663.874	65.3
664.075	65.3
664.276	65.3
664.477	65.3
664.678	65.3
664.879	65.3
665.08	65.3
665.28	65.3
665.481	65.3
665.682	65.3
665.883	65.3
666.084	65.2
666.285	65.2
666.486	65.2
666.688	65.2
666.889	65.2
667.09	65.2
667.291	65.2
667.492	65.2
667.693	65.2
667.894	65.2
668.096	65.3
668.297	65.2
668.498	65.2
668.699	65.2
668.901	65.2
669.102	65.2
669.303	65.2
669.505	65.2
669.706	65.2
669.907	65.2
670.109	65.2
670.31	65.2
670.511	65.2
670.713	65.2
670.914	65.2
671.116	65.2
671.317	65.2
671.519	65.2
671.72	65.2
671.922	65.2
672.124	65.2
672.325	65.2
672.527	65.2
672.728	65.2
672.93	65.2
673.132	65.2
673.333	65.2
673.535	65.2
673.737	65.2
673.939	65.2
674.14	65.2
674.342	65.2
674.544	65.2
674.746	65.2
674.948	65.2
675.149	65.2
675.351	65.2
675.553	65.2
675.755	65.2
675.957	65.2
676.159	65.2
676.361	65.2
676.563	65.2
676.765	65.2
676.967	65.2
677.169	65.2
677.371	65.2
677.573	65.2
677.775	65.2
677.977	65.2
678.179	65.2
678.381	65.1
678.583	65.1
678.786	65.1
678.988	65.2
679.19	65.2
679.392	65.2
679.594	65.2
679.797	65.2
679.999	65.2
680.201	65.2
680.404	65.1
680.606	65.1
680.808	65.1
681.011	65.1
681.213	65.1
681.415	65.1
681.618	65.2
681.82	65.2
682.023	65.2
682.225	65.2
682.428	65.2
682.63	65.2
682.833	65.2
683.035	65.2
683.238	65.2
683.44	65.2
683.643	65.2
683.845	65.2
684.048	65.2
684.251	65.2
684.453	65.2
684.656	65.2
684.859	65.2
685.061	65.2
685.264	65.2
685.467	65.2
685.67	65.2
685.872	65.2
686.075	65.2
686.278	65.2
686.481	65.2
686.684	65.2
686.886	65.2
687.089	65.2
687.292	65.2
687.495	65.2
687.698	65.2
687.901	65.3
688.104	65.3
688.307	65.3
688.51	65.3
688.713	65.3
688.916	65.3
689.119	65.3
689.322	65.3
689.525	65.3
689.728	65.3
689.931	65.3
690.134	65.3
690.337	65.3
690.54	65.3
690.744	65.3
690.947	65.3
691.15	65.3
691.353	65.4
691.556	65.3
691.76	65.3
691.963	65.3
692.166	65.3
692.37	65.3
692.573	65.3
692.776	65.3
692.979	65.3
693.183	65.4
693.386	65.4
693.59	65.4
693.793	65.4
693.996	65.4
694.2	65.4
694.403	65.4
694.607	65.4
694.81	65.4
695.014	65.4
695.217	65.4
695.421	65.4
695.624	65.4
695.828	65.4
696.031	65.4
696.235	65.4
696.439	65.4
696.642	65.4
696.846	65.4
697.049	65.5
697.253	65.5
697.457	65.5
697.661	65.5
697.864	65.5
698.068	65.5
698.272	65.5
698.475	65.5
698.679	65.5
698.883	65.5
699.087	65.5
699.291	65.5
699.494	65.5
699.698	65.5
699.902	65.5
700.106	65.5
700.31	65.5
700.514	65.5
700.718	65.5
700.922	65.5
701.126	65.5
701.33	65.5
701.534	65.5
701.738	65.5
701.942	65.5
702.146	65.5
702.35	65.5
702.554	65.5
702.758	65.5
702.962	65.5
703.166	65.5
703.37	65.5
703.574	65.5
703.778	65.5
703.983	65.5
704.187	65.5
704.391	65.5
704.595	65.5
704.799	65.5
705.004	65.5
705.208	65.5
705.412	65.5
705.616	65.5
705.821	65.5
706.025	65.5
706.229	65.5
706.434	65.5
706.638	65.5
706.842	65.5
707.047	65.5
707.251	65.5
707.455	65.5
707.66	65.6
707.864	65.6
708.069	65.6
708.273	65.6
708.478	65.6
708.682	65.6
708.887	65.6
709.091	65.6
709.296	65.6
709.5	65.6
709.705	65.6
709.909	65.6
710.114	65.6
710.319	65.6
710.523	65.6
710.728	65.7
710.932	65.7
711.137	65.7
711.342	65.7
711.546	65.7
711.751	65.7
711.956	65.7
712.161	65.7
712.365	65.7
712.57	65.7
712.775	65.7
712.98	65.7
713.184	65.7
713.389	65.7
713.594	65.7
713.799	65.7
714.004	65.7
714.209	65.7
714.413	65.7
714.618	65.7
714.823	65.8
715.028	65.8
715.233	65.8
715.438	65.8
715.643	65.8
715.848	65.8
716.053	65.8
716.258	65.8
716.463	65.8
716.668	65.8
716.873	65.8
717.078	65.8
717.283	65.8
717.488	65.8
717.693	65.8
717.898	65.8
718.103	65.8
718.308	65.8
718.514	65.8
718.719	65.8
718.924	65.8
719.129	65.8
719.334	65.8
719.539	65.8
719.745	65.8
719.95	65.8
720.155	65.8
720.36	65.8
720.566	65.8
720.771	65.8
720.976	65.8
721.182	65.8
721.387	65.8
721.592	65.8
721.798	65.8
722.003	65.8
722.208	65.8
722.414	65.8
722.619	65.8
722.824	65.8
723.03	65.8
723.235	65.8
723.441	65.8
723.646	65.8
723.852	65.8
724.057	65.8
724.263	65.8
724.468	65.8
724.674	65.8
724.879	65.8
725.085	65.8
725.29	65.8
725.496	65.8
725.701	65.8
725.907	65.8
726.112	65.8
726.318	65.8
726.524	65.9
726.729	65.9
726.935	65.9
727.141	65.9
727.346	65.9
727.552	65.9
727.758	65.9
727.963	65.9
728.169	65.9
728.375	65.9
728.581	65.9
728.786	65.9
728.992	65.9
729.198	66
729.404	66
729.609	66
729.815	66
730.021	66
730.227	66
730.433	66
730.639	66
730.844	66
731.05	66.1
731.256	66.1
731.462	66.1
731.668	66.1
731.874	66.1
732.08	66.1
732.286	66.1
732.492	66.1
732.698	66.1
732.904	66.1
733.11	66.1
733.316	66.1
733.522	66.1
733.728	66.1
733.934	66.2
734.14	66.2
734.346	66.2
734.552	66.2
734.758	66.2
734.964	66.2
735.17	66.2
735.376	66.2
735.583	66.2
735.789	66.2
735.995	66.2
736.201	66.2
736.407	66.2
736.613	66.2
736.819	66.2
737.026	66.2
737.232	66.2
737.438	66.2
737.644	66.2
737.851	66.2
738.057	66.2
738.263	66.2
738.469	66.2
738.676	66.2
738.882	66.2
739.088	66.3
739.295	66.3
739.501	66.3
739.707	66.3
739.914	66.3
740.12	66.3
740.326	66.3
740.533	66.3
740.739	66.3
740.946	66.3
741.152	66.3
741.358	66.3
741.565	66.3
741.771	66.3
741.978	66.3
742.184	66.3
742.391	66.3
742.597	66.3
742.804	66.3
743.01	66.3
743.217	66.3
743.423	66.3
743.63	66.3
743.836	66.3
744.043	66.3
744.249	66.3
744.456	66.3
744.663	66.3
744.869	66.3
745.076	66.3
745.282	66.3
745.489	66.2
745.696	66.2
745.902	66.2
746.109	66.2
746.316	66.2
746.522	66.2
746.729	66.2
746.936	66.3
747.142	66.3
747.349	66.2
747.556	66.2
747.762	66.2
747.969	66.2
748.176	66.2
748.383	66.2
748.589	66.3
748.796	66.3
749.003	66.3
749.21	66.3
749.417	66.3
749.623	66.3
749.83	66.3
750.037	66.3
750.244	66.3
750.451	66.3
750.658	66.3
750.865	66.4
751.071	66.4
751.278	66.4
751.485	66.4
751.692	66.4
751.899	66.4
752.106	66.4
752.313	66.4
752.52	66.4
752.727	66.4
752.934	66.4
753.141	66.4
753.348	66.4
753.555	66.4
753.762	66.4
753.969	66.5
754.176	66.5
754.383	66.5
754.59	66.5
754.797	66.5
755.004	66.5
755.211	66.5
755.418	66.5
755.625	66.6
755.832	66.6
756.039	66.6
756.246	66.6
756.453	66.6
756.66	66.6
756.868	66.6
757.075	66.6
757.282	66.6
757.489	66.6
757.696	66.6
757.903	66.6
758.111	66.6
758.318	66.6
758.525	66.6
758.732	66.6
758.939	66.6
759.147	66.6
759.354	66.6
759.561	66.6
759.768	66.6
759.976	66.6
760.183	66.6
760.39	66.6
760.597	66.6
760.805	66.6
761.012	66.6
761.219	66.6
761.426	66.6
761.634	66.6
761.841	66.6
762.048	66.6
762.256	66.6
762.463	66.6
762.67	66.6
762.878	66.6
763.085	66.6
763.293	66.6
763.5	66.6
763.707	66.6
763.915	66.6
764.122	66.6
764.33	66.7
764.537	66.7
764.744	66.7
764.952	66.7
765.159	66.7
765.367	66.7
765.574	66.7
765.782	66.7
765.989	66.7
766.197	66.7
766.404	66.8
766.612	66.8
766.819	66.8
767.027	66.8
767.234	66.8
767.442	66.8
767.649	66.9
767.857	66.9
768.064	66.9
768.272	66.9
768.479	66.9
768.687	66.9
768.895	66.8
769.102	66.9
769.31	66.9
769.517	66.9
769.725	66.9
769.933	66.9
770.14	66.9
770.348	67
770.555	67
770.763	67
770.971	67
771.178	67
771.386	67
771.594	67
771.801	67
772.009	67
772.217	67
772.424	67
772.632	67
772.84	67
773.047	67
773.255	67.1
773.463	67.1
773.671	67.1
773.878	67.1
774.086	67.1
774.294	67.1
774.502	67.1
774.709	67.1
774.917	67.1
775.125	67.1
775.333	67.1
775.54	67.1
775.748	67.1
775.956	67.1
776.164	67.1
776.371	67.1
776.579	67.1
776.787	67.1
776.995	67.2
777.203	67.2
777.41	67.2
777.618	67.2
777.826	67.2
778.034	67.2
778.242	67.2
778.45	67.2
778.657	67.2
778.865	67.2
779.073	67.2
779.281	67.2
779.489	67.2
779.697	67.2
779.905	67.2
780.112	67.2
780.32	67.2
780.528	67.2
780.736	67.2
780.944	67.2
781.152	67.2
781.36	67.2
781.568	67.2
781.776	67.2
781.984	67.3
782.191	67.3
782.399	67.3
782.607	67.3
782.815	67.3
783.023	67.2
783.231	67.3
783.439	67.3
783.647	67.3
783.855	67.3
784.063	67.3
784.271	67.3
784.479	67.3
784.687	67.3
784.895	67.3
785.103	67.3
785.311	67.3
785.519	67.3
785.727	67.4
785.935	67.4
786.143	67.4
786.351	67.4
786.559	67.4
786.767	67.4
786.975	67.4
787.183	67.4
787.391	67.4
787.599	67.4
787.807	67.4
788.015	67.4
788.223	67.4
788.431	67.4
788.639	67.4
788.847	67.4
789.055	67.5
789.263	67.5
789.471	67.5
789.679	67.5
789.887	67.5
790.095	67.5
790.303	67.5
790.511	67.5
790.719	67.5
790.927	67.5
791.135	67.5
791.343	67.5
791.551	67.5
791.76	67.6
791.968	67.6
792.176	67.6
792.384	67.6
792.592	67.6
792.8	67.6
793.008	67.6
793.216	67.6
793.424	67.6
793.632	67.6
793.84	67.6
794.048	67.6
794.256	67.6
794.465	67.6
794.673	67.6
794.881	67.6
795.089	67.6
795.297	67.6
795.505	67.7
795.713	67.7
795.921	67.7
796.129	67.7
796.337	67.7
796.546	67.7
796.754	67.7
796.962	67.7
797.17	67.7
797.378	67.7
797.586	67.7
797.794	67.7
798.002	67.7
798.21	67.7
798.419	67.7
798.627	67.7
798.835	67.7
799.043	67.7
799.251	67.7
799.459	67.7
799.667	67.8
799.875	67.8
800.083	67.8
800.292	67.8
800.5	67.8
800.708	67.8
800.916	67.8
801.124	67.9
801.332	67.9
801.54	67.9
801.748	67.9
801.957	67.9
802.165	67.9
802.373	67.9
802.581	67.9
802.789	67.9
802.997	67.9
803.205	67.9
803.414	67.9
803.622	67.9
803.83	68
804.038	68
804.246	68
804.454	68
804.662	68
804.87	68
805.079	68
805.287	68
805.495	68
805.703	68
805.911	68
806.119	68
806.327	68
806.535	68
806.743	68
806.952	68
807.16	68
807.368	68
807.576	68
807.784	68
807.992	68
808.2	68.1
808.408	68.1
808.617	68.1
808.825	68.1
809.033	68.1
809.241	68.1
809.449	68
809.657	68
809.865	68
810.073	68
810.281	68
810.49	68
810.698	68
810.906	68.1
811.114	68.1
811.322	68.1
811.53	68
811.738	68
811.946	68
812.154	68
812.362	68.1
812.57	68.1
812.779	68.1
812.987	68.1
813.195	68.1
813.403	68.1
813.611	68.1
813.819	68.1
814.027	68.1
814.235	68.1
814.443	68.1
814.651	68.1
814.859	68.1
815.067	68.1
815.275	68.1
815.484	68.1
815.692	68.1
815.9	68.1
816.108	68.1
816.316	68.1
816.524	68.1
816.732	68.1
816.94	68.2
817.148	68.2
817.356	68.2
817.564	68.2
817.772	68.2
817.98	68.2
818.188	68.2
818.397	68.3
818.605	68.3
818.813	68.3
819.021	68.3
819.229	68.3
819.437	68.3
819.645	68.3
819.853	68.3
820.061	68.3
820.269	68.3
820.477	68.3
820.685	68.4
820.893	68.3
821.102	68.4
821.31	68.4
821.518	68.4
821.726	68.4
821.934	68.4
822.142	68.4
822.35	68.5
822.558	68.5
822.766	68.5
822.974	68.5
823.182	68.5
823.39	68.5
823.599	68.5
823.807	68.5
824.015	68.5
824.223	68.5
824.431	68.5
824.639	68.5
824.847	68.6
825.055	68.6
825.263	68.6
825.472	68.6
825.68	68.6
825.888	68.6
826.096	68.6
826.304	68.6
826.512	68.7
826.72	68.7
826.928	68.7
827.137	68.7
827.345	68.7
827.553	68.7
827.761	68.7
827.969	68.7
828.177	68.7
828.385	68.8
828.594	68.8
828.802	68.8
829.01	68.8
829.218	68.8
829.426	68.8
829.634	68.8
829.843	68.8
830.051	68.8
830.259	68.8
830.467	68.8
830.675	68.9
830.883	68.9
831.092	68.9
831.3	68.9
831.508	68.9
831.716	68.9
831.924	68.9
832.133	68.9
832.341	68.9
832.549	68.9
832.757	69
832.966	69
833.174	69
833.382	69
833.59	69
833.799	69
834.007	69
834.215	69
834.423	69
834.632	69
834.84	69
835.048	69
835.256	69
835.465	69
835.673	69
835.881	69
836.09	69
836.298	69
836.506	69
836.715	69
836.923	69
837.131	69
837.34	69
837.548	69
837.756	69
837.965	69
838.173	69
838.381	69
838.59	69
838.798	69
839.006	69
839.215	69
839.423	69
839.632	69
839.84	69
840.048	69
840.257	69
840.465	69
840.674	69
840.882	69
841.091	69
841.299	69
841.508	69
841.716	69
841.924	69
842.133	69.1
842.341	69.1
842.55	69.1
842.758	69.1
842.967	69.1
843.175	69.1
843.384	69.1
843.593	69.1
843.801	69.1
844.01	69.1
844.218	69.2
844.427	69.2
844.635	69.2
844.844	69.2
845.052	69.2
845.261	69.2
845.47	69.2
845.678	69.2
845.887	69.2
846.095	69.2
846.304	69.2
846.513	69.3
846.721	69.3
846.93	69.3
847.139	69.3
847.347	69.3
847.556	69.4
847.765	69.4
847.973	69.4
848.182	69.4
848.391	69.4
848.6	69.4
848.808	69.4
849.017	69.4
849.226	69.4
849.435	69.4
849.643	69.4
849.852	69.4
850.061	69.5
850.27	69.5
850.478	69.5
850.687	69.5
850.896	69.5
851.105	69.5
851.314	69.5
851.523	69.5
851.731	69.6
851.94	69.6
852.149	69.6
852.358	69.7
852.567	69.7
852.776	69.7
852.985	69.7
853.194	69.7
853.403	69.7
853.612	69.7
853.821	69.7
854.03	69.7
854.239	69.7
854.447	69.8
854.656	69.8
854.865	69.8
855.075	69.8
855.284	69.8
855.493	69.8
855.702	69.8
855.911	69.8
856.12	69.8
856.329	69.8
856.538	69.8
856.747	69.8
856.956	69.9
857.165	69.9
857.374	69.9
857.584	69.9
857.793	69.9
858.002	69.9
858.211	69.9
858.42	69.9
858.629	69.9
858.839	69.9
859.048	69.9
859.257	69.9
859.466	69.9
859.676	69.9
859.885	69.9
860.094	69.9
860.304	69.9
860.513	69.9
860.722	69.9
860.932	69.9
861.141	69.9
861.35	69.9
861.56	69.9
861.769	70
861.978	70
862.188	70
862.397	70
862.607	70
862.816	70
863.026	70.1
863.235	70
863.445	70
863.654	70
863.864	70
864.073	70.1
864.283	70
864.492	70.1
864.702	70.1
864.911	70.1
865.121	70.1
865.33	70.1
865.54	70.1
865.75	70.2
865.959	70.2
866.169	70.2
866.379	70.2
866.588	70.2
866.798	70.2
867.008	70.2
867.218	70.2
867.427	70.2
867.637	70.2
867.847	70.2
868.057	70.3
868.266	70.3
868.476	70.3
868.686	70.3
868.896	70.3
869.106	70.3
869.316	70.3
869.525	70.3
869.735	70.3
869.945	70.3
870.155	70.3
870.365	70.3
870.575	70.3
870.785	70.3
870.995	70.3
871.205	70.3
871.415	70.2
871.625	70.2
871.835	70.3
872.045	70.3
872.255	70.3
872.465	70.3
872.675	70.3
872.886	70.3
873.096	70.3
873.306	70.3
873.516	70.3
873.726	70.3
873.936	70.3
874.147	70.3
874.357	70.3
874.567	70.3
874.777	70.3
874.988	70.3
875.198	70.3
875.408	70.3
875.619	70.3
875.829	70.3
876.039	70.3
876.25	70.3
876.46	70.3
876.67	70.3
876.881	70.3
877.091	70.3
877.302	70.2
877.512	70.2
877.723	70.2
877.933	70.2
878.144	70.2
878.354	70.2
878.565	70.2
878.775	70.2
878.986	70.2
879.197	70.1
879.407	70.1
879.618	70
879.829	70
880.039	70
880.25	70
880.461	70
880.671	70
880.882	70
881.093	70
881.304	70
881.515	70
881.725	69.9
881.936	69.9
882.147	69.9
882.358	69.9
882.569	69.9
882.78	69.9
882.991	70
883.202	70
883.413	70
883.624	70
883.835	70
884.046	70
884.257	70
884.468	70
884.679	70
884.89	70
885.101	70
885.312	70.1
885.523	70.1
885.735	70.1
885.946	70.1
886.157	70.2
886.368	70.2
886.579	70.2
886.791	70.3
887.002	70.3
887.213	70.3
887.425	70.3
887.636	70.4
887.847	70.5
888.059	70.5
888.27	70.6
888.481	70.6
888.693	70.6
888.904	70.6
889.116	70.7
889.327	70.7
889.539	70.7
889.75	70.7
889.962	70.8
890.174	70.8
890.385	70.9
890.597	70.9
890.808	71
891.02	71
891.232	70.9
891.444	70.9
891.655	71
891.867	71
892.079	71
892.291	71
892.502	71
892.714	71
892.926	71
893.138	71.1
893.35	71.1
893.562	71
893.774	71
893.986	71
894.198	71
894.41	71
894.622	71
894.834	71
895.046	71
895.258	71
895.47	71
895.682	71
895.894	71
896.106	71
896.319	71
896.531	71
896.743	71
896.955	71
897.168	71.1
897.38	71.1
897.592	71.1
897.805	71.1
898.017	71.1
898.229	71.2
898.442	71.1
898.654	71.1
898.867	71.1
899.079	71.1
899.292	71.1
899.504	71.1
899.717	71.1
899.929	71.1
900.142	71.1
900.355	71.1
900.567	71.1
900.78	71.1
900.993	71.2
901.205	71.2
901.418	71.2
901.631	71.2
901.844	71.2
902.056	71.2
902.269	71.2
902.482	71.2
902.695	71.2
902.908	71.2
903.121	71.2
903.334	71.2
903.547	71.2
903.76	71.2
903.973	71.2
904.186	71.2
904.399	71.2
904.612	71.2
904.825	71.2
905.038	71.3
905.251	71.3
905.465	71.2
905.678	71.2
905.891	71.2
906.104	71.2
906.318	71.2
906.531	71.2
906.744	71.2
906.958	71.2
907.171	71.2
907.384	71.2
907.598	71.1
907.811	71.1
908.025	71.2
908.238	71.2
908.452	71.2
908.665	71.2
908.879	71.2
909.093	71.1
909.306	71.1
909.52	71.1
909.734	71.1
909.947	71.1
910.161	71.1
910.375	71.1
910.589	71.1
910.803	71.1
911.016	71
911.23	71
911.444	71
911.658	71.1
911.872	71.1
912.086	71.1
912.3	71.1
912.514	71.1
912.728	71.1
912.942	71.1
913.156	71.1
913.37	71.1
913.585	71.1
913.799	71.1
914.013	71.2
914.227	71.2
914.442	71.2
914.656	71.2
914.87	71.2
915.084	71.2
915.299	71.2
915.513	71.2
915.728	71.3
915.942	71.3
916.157	71.3
916.371	71.3
916.586	71.3
916.8	71.3
917.015	71.3
917.229	71.3
917.444	71.3
917.659	71.3
917.874	71.3
918.088	71.4
918.303	71.4
918.518	71.4
918.733	71.4
918.947	71.4
919.162	71.5
919.377	71.5
919.592	71.5
919.807	71.6
920.022	71.6
920.237	71.6
920.452	71.6
920.667	71.6
920.882	71.6
921.097	71.6
921.313	71.7
921.528	71.7
921.743	71.7
921.958	71.7
922.174	71.7
922.389	71.7
922.604	71.7
922.82	71.7
923.035	71.7
923.25	71.7
923.466	71.7
923.681	71.7
923.897	71.7
924.112	71.8
924.328	71.7
924.544	71.7
924.759	71.7
924.975	71.8
925.19	71.8
925.406	71.8
925.622	71.8
925.838	71.9
926.054	71.9
926.269	71.9
926.485	72
926.701	72
926.917	72
927.133	72
927.349	72
927.565	72.1
927.781	72.1
927.997	72.1
928.213	72.1
928.429	72.1
928.646	72.1
928.862	72.1
929.078	72.1
929.294	72.2
929.511	72.2
929.727	72.2
929.943	72.2
930.16	72.2
930.376	72.3
930.592	72.3
930.809	72.4
931.025	72.4
931.242	72.4
931.459	72.5
931.675	72.5
931.892	72.6
932.108	72.6
932.325	72.6
932.542	72.6
932.759	72.6
932.975	72.7
933.192	72.7
933.409	72.7
933.626	72.7
933.843	72.7
934.06	72.6
934.277	72.5
934.494	72.5
934.711	72.5
934.928	72.4
935.145	72.4
935.362	72.3
935.58	72.2
935.797	72.1
936.014	72.1
936.231	72
936.449	71.8
936.666	71.7
936.883	71.6
937.101	71.6
937.318	71.5
937.536	71.4
937.753	71.3
937.971	71.3
938.188	71.2
938.406	71.2
938.624	71.1
938.841	71.1
939.059	71
939.277	70.9
939.494	70.9
939.712	70.8
939.93	70.8
